AF3,F7,F3,FC5,T7,P7,O1,O2,P8,T8,FC6,F4,F8,AF4
9.98107703707441,8.104644175191568,8.466851756248445,9.4943463584077,3.767056365233806,3.035271047702216,-2.464570377185492,-4.991215714811016,0.1377422969992281,2.5294186999389883,13.18500459012074,7.839360487149147,4.059836353280641,11.238164651629752
8.246742182863603,5.935728423394747,7.970372512296823,7.855466719403239,2.965964095345779,2.605290470048826,-0.6956528037318037,-3.609871959473427,-2.70400223964079,-0.2100195790820116,12.585570826979996,6.625087843661799,1.6911841674349404,9.46153237612667
3.97461601446072,1.7088175625206077,6.326126026833059,6.964616342501387,1.978007391925754,1.9759948711286728,1.5465630180738437,-0.276263908167774,-3.725735839080759,-2.8553182231938337,10.873052261559806,5.035275360083659,0.3698879413777796,7.006179532772791
2.465687619155004,-0.0475350905930407,4.451472557519562,6.996788135648853,1.0704018380051004,1.5361057200650938,5.308640779471464,3.818468455584632,-1.735124676045185,-3.226562285753808,9.27222526953663,4.208124616810462,1.1495224757979656,4.987542729517195
3.354247750445825,0.6853569499618102,3.366538629434636,7.176355381384543,0.5754613353454694,1.4501675078217549,10.491492587041613,7.2278672405872015,2.5876214733812475,-0.3322257508128956,8.586633341688223,4.592368702791006,3.4350419562880283,4.111403370059993
5.125880132832362,0.953702658246482,3.5647471274705502,6.693724565353346,0.8118128833780425,0.6151208464154424,15.608566805020232,9.13489557624737,6.939548850099261,4.485108211486022,8.88765645452537,5.917310218480328,5.571590512691934,4.572670719373409
8.910811787719283,1.70889358209376,4.7547472887602105,5.466200394322176,1.7927974412054013,-0.8933830982706266,18.71169407655932,9.684645405368771,8.986943078471448,8.190093234269167,9.717243930521793,7.529541994116677,6.276488606975608,5.960141140897814
8.321229737085565,0.3192795319525749,6.046925394630566,4.033206426205453,2.9885915108717143,-1.0424760028033777,18.676005306798285,9.554769153769788,7.958208013875918,8.201112467104206,10.354442432400482,8.707005506371601,5.564694418963235,7.240367092441783
2.902259658747829,-3.771783429730737,6.395126018454054,2.8304498559738107,3.467066086721047,0.1181358432233014,15.868142070615509,9.226245842560347,4.936082450027239,4.3668048708184735,9.906052849723864,8.797020664592466,4.338782067609532,7.088106454869461
-2.400932433092554,-6.738249852910912,5.081754130278938,1.690065229424043,2.4375945268559427,0.9804923130721872,11.827750873927954,8.622855574088117,1.7559495619010086,-0.9070035791148464,7.462192795601037,7.301858040615887,3.139328179863085,4.598071707275569
-9.080058019643245,-9.198804961052584,2.095170768650128,0.0802422513843161,-0.1482960518545404,1.9249126919769133,8.310645683207863,7.357047733392388,-0.4035948309184931,-4.5505525899843775,2.589165912905948,4.0487988204377,1.394083054646078,-0.0611017577252113
-11.32104532002346,-9.590675012813684,-1.7527179463337357,-2.225099698619058,-3.3796870260061773,2.2818568801962784,6.3563077296717125,5.23680606233394,-1.558523297079233,-5.165364181246293,-4.067617897773026,-0.6051282634072521,-1.9791598540345312,-5.623732727568935
-8.00885643660352,-7.057357088082723,-5.108693563057283,-4.771389107232732,-5.745007690761007,1.7456188607476684,5.903317002966276,2.5382956518412456,-2.351666915853599,-3.827758231497146,-10.709397723973176,-5.706752364340094,-7.122035645012293,-10.43507101667116
-6.657701831316118,-5.217632976715733,-6.72324478636796,-6.6921427555691935,-5.89996617042474,2.4799064110670503,6.091220903866986,-0.1160721980515653,-3.1364218126331807,-2.761061272858065,-15.192772697037302,-9.903825700073233,-12.381244452045069,-13.328566832433768
-5.841490336743053,-3.5452310106949003,-6.136064194684483,-7.300113365173962,-3.454793906487456,4.362610054001816,5.967696648347161,-2.0639093405504134,-3.6205738792871074,-3.19383620596291,-16.279185275855667,-11.901382741319813,-15.06451071324601,-13.96933604634592
-5.9068304145846495,-3.0519236401729937,-3.952921761497645,-6.453404349068906,0.6377044033367163,4.272722101471155,5.076606144762643,-2.856021340851441,-3.2896798371227067,-4.39157204887448,-14.371500446469163,-11.046067827941618,-13.367009551547426,-12.537780319292548
-8.13426550562616,-4.518225104398182,-1.4893590086807222,-4.524042100829542,4.377883355102277,2.4127164840296644,3.531606389220567,-2.4229988490928456,-2.0605844845895334,-4.642337981560388,-11.13094264384933,-7.778642011365836,-7.884465116789272,-9.306866462920931
-6.675621466382113,-4.842564470977615,0.0081363479535134,-2.220034181150254,5.699785609490085,-0.436628771563627,1.640085591985521,-1.1845729061543544,-0.4801166802737704,-3.0893995289404934,-8.296718823168472,-3.614270177897538,-1.3770201888694515,-4.688479617087218
-1.6909781415512497,-4.410677281510831,0.050507882838275,-0.466021060302566,3.7175740843490095,-4.961263981098588,-0.4544367180747954,0.0136156236021776,0.6891342821707944,-0.5849918607991604,-6.666969629019848,-0.4569729532755673,3.098592989076991,0.3647202825390856
0.9726655750339992,-3.900962796415918,-0.9359583893929262,-0.1753206511382856,-0.5257172169651092,-6.538004934915128,-2.719742619172818,0.2983745668674764,1.0452624778176975,1.15740939082567,-5.968507350813855,0.4996014367499448,4.2018014763888445,4.3089594891469005
2.205055210093035,-2.768430206177007,-2.0386265396582,-1.6902325950997117,-4.480609631846953,-4.853694613903229,-4.890152426689086,-0.6236523116320747,0.7237222178994323,1.1198352963953724,-5.508583724227529,-0.4385757880548659,2.9034637621289896,5.760117497583305
1.900772725734968,-1.8109480410175716,-2.5228734274270987,-4.160188903453868,-5.654916046032312,-3.320415938905967,-6.329810252511317,-2.1346066684320952,0.0637461347571228,-0.3124606143432018,-4.8731982733058885,-1.6836079021777532,1.346199265742289,4.568503142563342
-1.092405000697395,-1.0080104518907798,-2.238408529356766,-5.606452959381615,-3.3578585957565217,-0.8444380231625279,-6.402182303267592,-3.0701043409464788,-0.8120015158661982,-1.9971437225387396,-4.068809482855155,-1.5690117254681777,1.0760169255432075,2.165787098300367
-1.3601259378288797,0.4927504647415077,-1.500925461774587,-4.098114147151359,0.7067588227687818,0.5669438585028819,-5.053521007032662,-2.610367135983587,-2.0047421254215045,-3.1182383515437646,-3.1688734932831686,0.3737657826774612,2.1143844576756834,0.6494017274137356
1.0091001724200894,2.591845022027486,-0.6241295136965821,0.6143608161594596,3.625321699888056,0.3874192622611058,-3.005232543375447,-0.9607239816248256,-3.401349321864169,-3.53306435666258,-2.008815870426659,3.15272275724182,3.4311326830248365,1.257489725524433
3.172299562380968,4.216752310579691,0.4161297412083105,6.4420595714887,3.4681218359272616,1.0309899383498842,-1.3012674818649703,0.8172609405140534,-4.31218393868409,-3.2519743358552238,-0.3154351747692505,5.29147459994233,4.124529810061301,3.533990693432939
6.253358823318139,5.440567060788934,1.8296868358080367,10.167163648043667,0.7762983182079033,1.9327532747322795,-0.5972248261343776,1.7065724286540114,-3.750771834201611,-1.968816217806589,1.9011676550769303,6.104588165158672,4.154540931074759,5.878053827991993
6.618829144319971,5.363654120304187,3.5171108073440207,9.793381517965818,-1.928626249023221,2.6894716151138534,-0.8203387936481494,1.5478031973508832,-1.318115266575508,0.5959156148052918,4.18308663965936,6.049450232377103,4.096372847021545,6.904038990794858
3.733508873687496,3.6294298755401,4.796803426457652,6.1131830666465925,-2.2696351315272354,3.590942034964548,-1.428312748159601,1.0143807357794836,2.0697916627209105,3.899523261631087,5.925617824974347,5.905510017759221,4.361287541022012,6.377318686934698
1.2890542130311182,2.576030319871306,4.789737428829411,2.074618026174841,0.0069225841857436,4.160890297096255,-1.9174598035527168,0.8078224714455491,4.460169989397222,6.413822776793584,6.859866686387791,5.787511702987793,4.729817157698056,5.047579412278951
-1.60812929246877,1.9915547650678136,3.2407595060543244,0.4246041072277711,2.908372751613096,4.376384938817749,-2.089925545212976,0.885201486187964,4.197948200697287,6.606546790881445,7.226110819720211,5.152764695730296,4.593278709986377,3.803777801535871
-2.1816488337493936,1.7392197609912965,0.9962990836308984,1.631289285919954,4.012503089209435,3.3940284775077054,-1.962700591913876,0.4915967311634337,1.312867311993612,4.28734011304531,7.458653619508551,3.7782301361947033,3.5726493089516134,3.0627955243728597
0.3563868454197422,2.3240867921680723,-0.4713188345938577,3.797287200270818,2.558563832901277,0.9935538233611128,-1.6090857787120467,-1.0282820094255305,-2.324751484795188,0.9612360636057264,7.6859259111830145,2.456487188427653,1.8990023826413145,2.8078029646468194
2.3933442326534644,1.5448921428183355,-0.2392787117012467,4.45445936563424,-0.0843102528254995,-0.7869223785619909,-1.203351701225248,-3.444054306952153,-4.420046653669138,-1.3173767024718308,7.516035636771617,2.3635982266176647,0.2595762049384287,2.91911023250826
4.745056385728873,-0.5850377269168343,1.1968183173534517,2.540638177143121,-1.9147161548255165,-2.101065752295246,-1.1722386074690547,-5.6823130498872025,-4.145895331560817,-1.6187921863803314,6.303986749060076,3.5977270124122143,-0.690032339854118,3.279773029162221
4.723479874095189,-1.7512802313457672,2.214847309774546,-1.0673015856340848,-2.2334158795634083,-3.025505019539171,-2.1179020814071525,-6.711767974043118,-2.8291643533712065,-0.7825191506691043,3.69285639143904,4.559817252414884,-0.741020682865206,3.629893236851846
1.539275701187789,-2.30274775794114,1.3641814183140006,-4.604645246002147,-2.118028481615887,-3.093728993450877,-4.38538989364265,-6.456614683726707,-2.717845350213548,-0.4247077483758603,0.0262639204254249,3.1799753292602397,-0.218508824113325,3.554493552623185
-2.193595017712075,-2.303062646296286,-1.4298988471875371,-6.843616285540068,-3.0577780418691693,-5.2439564406075805,-7.588237038162802,-5.858636763772189,-4.868282264602146,-1.292238707646289,-3.668693779322666,-0.9816003213876592,0.262208683040146,2.7965540156905697
-7.37336009820106,-1.3074164149007073,-4.807455571765356,-7.660358231316263,-5.232301983088334,-9.54113690241523,-10.585155217664576,-5.989075676173913,-8.083269265620363,-2.592521569298649,-6.164789756579489,-5.892287411280114,0.2160408048882161,1.5814212445140192
-8.376366930549686,-0.8334187530265018,-7.087299929213213,-7.577089255271798,-7.236144972454418,-10.628073433416938,-12.069107684284065,-7.018697071811326,-9.924409956502585,-2.947866085178303,-6.7385369787824345,-8.527047685129409,-0.3397396862364616,0.5215351847430334
-4.438531683038091,-0.8175015851509795,-7.532481612582343,-7.045165743521178,-7.503156896968754,-8.793787238742132,-11.372835312986725,-8.015872653850755,-8.888142285063747,-1.9640635827036776,-5.6456860089718885,-7.4039409028881,-0.8039655748461021,0.1176169664583079
-0.0702093356939921,-0.4104919597410372,-6.67338750111087,-6.202756298788748,-5.9103187504405215,-5.799895496049939,-8.86196628178667,-7.78147399587365,-5.716988554329136,-0.7389768201299138,-3.954942272229483,-3.754416735593613,-0.3277731342161019,0.35487818347345
6.237564806273449,0.105686134446816,-5.531911604052872,-5.125143438341811,-3.894952387396833,-0.4915950410192053,-5.629191045159467,-5.949290356592883,-2.633488792240194,-0.6962332284163102,-2.728981791578209,-0.2162706355626791,1.5896146423267306,0.8186174301121607
8.17385824755407,0.0219326059209936,-4.607021026107997,-4.070815140083301,-3.019536723719736,1.0934826699011888,-2.805104786144838,-3.3285701460103274,-1.2743015352382328,-1.9003515614092503,-2.138297400879733,1.5898344359047405,4.664590136763849,1.1958611492062283
4.718621090489513,-0.654214738155446,-3.6078341402553056,-3.3801565621160563,-3.526764172584428,-1.515345793356643,-1.0752872791382178,-1.2008365018137326,-1.3263466826356405,-2.686390880215164,-1.3460741203744409,2.1633313715622906,7.89645522631468,1.6016293193315922
2.9859826469995463,-1.7039036277923931,-2.0876286964628825,-3.183899471185473,-4.350441250548473,-2.6693441332887407,-0.6806999237374551,-0.2888922654965622,-1.1369851053852758,-1.2203795393314385,0.5314674840388127,2.907657405209417,10.070501611497,2.34469255084234
1.4241528288591865,-3.3123462714490177,-0.2163818971921633,-3.3048799217982188,-4.439822769038141,-3.6973818831456273,-1.627294642913788,-0.3844215582960526,0.3864093755881779,2.395967214257512,3.1322686779711706,4.042724591696444,10.282322590013784,3.3427550318747343
0.2620428984195389,-4.503592812639377,1.1643011913459285,-3.4816146739979725,-3.8871692936595776,-2.99572720831705,-3.655836701256813,-0.8819581888173307,2.5208725365232354,5.638390452884438,4.557240627277843,3.999323601706719,8.169219123075328,3.821320437633117
0.5884438083992938,-5.221033584189954,1.284020414436612,-3.6510485476199968,-3.656387650858688,0.4069452683854436,-5.938148515505198,-1.498209908622817,3.3867993836145827,5.48853355053194,2.74955636660483,1.0762068167099486,3.936091415174899,2.744875875818419
-1.6354231900588354,-5.705062009103417,0.2397426713878605,-3.953635858402533,-4.268379222536726,2.494289013458515,-7.00668873846702,-2.3125569187814765,1.897136840721969,1.2453741032273395,-2.3725893803058677,-4.294584507982512,-1.5657982047060042,-0.2318589562051496
-6.211421200743586,-5.682671845837219,-0.9557257258272268,-4.439457771478567,-4.907350315633158,3.7959706399607054,-5.402705049749243,-3.123667264428633,-0.898805527841879,-4.375049696044812,-8.001555001718074,-9.119093324472155,-6.755933419077927,-4.0869747719153295
-7.503407027475271,-4.6688541049768935,-1.1420222338700228,-4.806565312607516,-3.945627081614716,4.548809632043249,-0.8178329446853159,-3.0265999388229723,-2.419619370201932,-7.089625737529502,-9.996968593269123,-9.984637369670024,-9.648920359642014,-6.770398307117437
-5.901983914750294,-2.5228645318265657,0.100383544465239,-4.508268189446016,-0.418464276015662,3.996418753091974,5.219457707787179,-0.9890601287012704,-0.6378719448122254,-4.455549062117516,-6.024876117575497,-5.958106949041581,-8.805347584212893,-6.536053407255816
-3.896339255168861,-0.8443296485880293,2.208440167660081,-3.1973742792861577,4.946652909832758,3.752178008266561,9.956093325623876,2.9341603729770256,4.163605643235676,2.054569740141919,2.284631103458011,0.447130815134555,-4.412090991415149,-3.3258976527606814
-0.3740832541036684,0.4310872258434831,4.172464925314788,-1.0946215944580544,10.077710968349894,3.641610752984133,11.132581853452113,7.03810775084215,9.454645093635046,8.123326407474572,10.187723883345305,5.206673841000644,1.4610780502165186,0.9671742437836156
0.774107036932855,1.3360871983091211,5.299676169690933,1.111476915481556,12.940575802115614,3.187944104942678,8.54455730415832,8.926928972703209,12.231670736691282,9.910548862404395,13.20258829544134,5.921776457162807,5.90813443530606,3.713432157526923
-0.93457987742345,1.4681319653221752,5.552985471308143,2.7886544554477712,12.781200514735367,2.6607323999633943,4.150915202083009,7.382227650341843,11.018975336039402,6.832447701029267,10.271421190432658,3.394919321058567,6.915959216747074,3.3387066779905243
-1.1451692253272836,3.25219603464503,5.29751488708485,3.824560042205956,10.332171210006658,2.078859685433341,0.5918662905012342,3.4748897027882224,6.615272976830296,1.5944024652683542,4.1310614505435295,0.4249302894381195,4.493512272877189,0.2622808231003528
-0.7258411991395189,6.720444620099019,4.831940907374038,4.574285917424341,7.043277745663309,1.456132462981342,-0.6686645981125174,-0.1836931790385927,1.2830392514290967,-2.2765148794992305,-1.189782259245311,-0.8054913936270074,0.3876059536095653,-3.691899213848993
-1.1066405406381197,7.481323772944433,4.181431431010245,5.342218008149605,4.104985427144657,0.7493542892193843,-0.0707255509222317,-1.4482287347955245,-2.7403543661579324,-3.114701561466511,-3.3600010913047784,-0.2664091421487908,-3.2624711385960925,-6.732873834561135
-1.7295292851759796,5.763408689120114,3.2704068141461,5.931220917915625,1.9773829215427117,-0.0203458597937362,0.8958377177411583,-0.142029642525908,-4.311809896280882,-1.8529396338965116,-2.722873191555709,0.6058446706715994,-5.222120102329711,-8.092595794493
-2.783252767428885,2.487535620381675,2.187570796240103,5.742174739806845,0.549219977992562,-1.6076580367643123,1.1832162837201023,2.1749649612393718,-3.5889883284486297,-0.5993578052630157,-0.9506317168325517,0.6966426028056194,-5.555009831215736,-7.945184571852586
-4.41037198645636,-3.352533649558564,1.1999848538559377,4.355882538512945,-0.4513453949631794,-4.089704730532316,0.9271372006503356,3.752711502924869,-1.6331383452564348,-0.6710856084465737,0.774941965093495,0.1211386958822826,-5.122184108933948,-6.776274324488712
-4.133088445567198,-5.322295156255987,0.4853815158533336,2.0386578695096884,-1.2055048728301658,-4.971656499411929,0.9163424573247992,3.98891825992892,0.1759904958210723,-1.8176700010501772,2.212513518626279,-0.4572617417353406,-4.802475362319636,-5.073525571354704
-1.8049836069731469,-3.0643008300974395,-0.1107464502522499,-0.3144839545895275,-1.8006572191267,-4.2515986504905685,1.5375232586975502,3.475700522589049,0.72492119816234,-2.953348779590114,3.1885848330826256,-0.9705499298861326,-5.000082053178165,-3.4955154967243884
-1.185840903801522,-1.1484411824387022,-0.9752881417112724,-1.7439800642905992,-2.2860672892246754,-3.141924062471472,2.360088713965608,3.0423131296054677,-0.3257116597847478,-3.3292091878523227,2.96565601099953,-2.051792427840688,-5.590635448838233,-2.889302805081149
-1.8901050768786871,1.9188688402017933,-2.3023264884167,-1.7993009426993387,-2.6246534317737344,-1.0694947216403168,2.7493724852793724,2.930062310571948,-2.326652210523425,-2.9748250354899204,0.9067518544651274,-3.981409250377717,-6.148493869840859,-3.7026292959597713
-1.778501911254348,3.3600430453484305,-3.729090676445306,-0.6927932833320347,-2.608357042006134,0.6151338107733996,2.76835046885754,2.8315246224201123,-3.969041771348512,-2.247875425625368,-2.3016660007401004,-5.812334149102673,-6.248516654443941,-5.274349948671963
-1.4597070483042662,2.474533585457527,-4.443147690262462,0.9614011087291215,-1.931709769074264,1.759552779752198,3.316995736428934,2.50451386769844,-4.066017859740152,-1.2452712167438564,-4.501763718559715,-5.877149323869837,-5.690102480424265,-5.972278978871763
1.2105901132239842,2.8026199641584304,-3.77495147378712,2.505230928107736,-0.4693136454830775,4.179847790487143,5.259647390612068,2.160333272430012,-2.25063933226702,0.2302957621754813,-3.5380949919032623,-3.320445751060537,-4.540105746020381,-4.420121016110981
6.724264529193177,3.598101045046974,-1.812426181839212,3.45339347398941,1.4639267171858954,7.623243087070953,8.37598649600136,2.2471095112828845,0.9410349601884072,2.230919571797217,0.9378792676086476,0.914542845237354,-2.975843288509777,-0.7980264622515074
8.76481111129378,4.223659062171957,0.5352325020223718,3.591519996994284,3.1714087755336102,9.10748902944815,11.22612945385534,2.968293117729003,4.589460992663522,4.380481927207072,7.109287709712392,4.7357503630937146,-1.0616899140433298,3.139198132453032
7.536579956669852,5.149767494886492,2.169317057176833,3.0663279449752583,4.00987945161617,8.684280657700475,12.171389089699812,4.085481430272895,7.950559869456559,6.131038428027879,12.43279895660722,6.616040523396183,1.3114033912954175,5.54057466849928
6.222667896649103,5.722049713330796,2.6474529232796247,2.4192766782553847,3.896655175336977,7.3463165580853,10.668297018556476,5.138364229795964,10.550246952587484,7.256810485396158,15.450127808572844,6.728328151197832,4.2036092201658,6.094892793580669
3.5166228706999814,5.928233289483319,2.509196425763487,2.3934449182315567,3.446259687801194,4.376409179850403,7.671221798011302,5.7623742418043085,11.911543658668483,7.975657589358014,16.315557961247094,6.471805171629953,7.280957655704966,6.186786268639182
4.401108993417481,6.490140088974968,2.758072308188104,3.4996948647773167,3.548562165321272,3.5376243102467377,4.815758493750845,5.801675990073677,11.469020032310336,8.519680753809336,15.84717725773054,6.974825716451824,9.707874779470655,7.346808961279274
9.546894810876214,7.31300405250162,3.9378692569041407,5.630878568356824,4.66787057925945,5.089327844125704,3.1897807416495856,5.26392717198765,9.001479226958262,8.667346251116925,14.404985865351922,8.106448215937618,10.525849249523496,9.539896056524658
12.897441559451238,7.922253489805469,5.650797961157586,8.087060924699331,6.427481418738214,6.429716145131424,2.8155223242248826,4.331085147176546,5.234026061919334,7.8899022988245395,11.849740152559914,8.89646244315652,9.362307933791303,11.103847019487564
15.550615612363954,8.417068269955765,6.977742621021276,10.043918096243267,7.866684524296415,8.462341858239903,3.1679380425704307,3.429296755877492,1.8763517071788964,6.100634227439853,8.439075844802028,8.775299779191947,6.923333913092128,10.5075619734498
14.61122119567459,7.459321102941354,7.387520751960695,11.062837405654424,8.205786412509939,8.088812718295856,3.98838676445254,3.113643290661896,0.7458972540580939,4.187349602658714,5.394542404696345,8.239964006822259,4.736987935739582,8.146642005151527
8.737971239880709,4.830253767765208,7.201437365791588,11.171240459356946,7.474733730679021,4.787044839803002,5.415765908751768,3.650960544805383,2.4671282485155084,3.5143724468378497,4.23742903129107,8.219069787370131,4.146653541648617,6.202110850458031
4.618284508587808,2.5256383641607183,7.092434435346698,10.47724718118035,6.4195411501372925,1.973775422650812,7.2972977939859,4.602747361537312,5.765417328415186,4.591721856570851,5.390717644712858,8.822297581905001,5.247745909178147,6.499807524608441
1.4132446027747585,0.2550401812175877,7.108468874802468,8.7914369341397,5.724676277807241,-1.1253323622526854,8.553863586295147,4.894931115759195,8.061974618591584,6.168943252753396,7.442287460033574,8.84903862652397,6.678984499465603,8.452734581013702
-0.6371659385533243,-1.5991336673093297,6.303025596286151,5.748427984080114,5.258469861330189,-2.6965581347162435,7.550172629181375,3.4916214882860808,7.116175773982471,5.898636269920184,7.925070144075638,6.686394723534906,6.578762909993735,9.270814225546172
-0.1710109220985608,-2.6129448808271505,3.5329324246830867,1.3787273081772138,4.10138162681598,-2.05965947406118,3.408146916864373,0.190156773112557,2.59664099468958,2.2883317757795307,5.065012198655759,1.8146315695360875,4.014350108203512,6.434897873153207
-2.6229855652516627,-5.508701646630128,-1.221547860195769,-3.4640243803103274,1.4159488891611434,-3.517555192892843,-2.887750940370375,-4.132317170242979,-3.597257326683592,-3.7594083731434496,-0.914585567344556,-4.498178504793472,-0.2923732326765437,0.1317354809396431
-7.746952631387428,-10.230833993869997,-6.338169710118033,-7.358791984499954,-2.612745386280469,-6.651630412297628,-8.758536634698233,-8.027647577007208,-8.573726783211406,-9.3903406900189,-7.911407604899762,-9.963149078483951,-4.539713927929658,-6.69450817051698
-9.018718636404673,-11.956578782174594,-9.517820182324265,-9.144882406622806,-6.674332367513283,-8.468201451510737,-11.67135823800052,-10.296858290064442,-10.373408917782015,-12.021410873482516,-13.266841686307652,-12.78715961426899,-7.167112348145419,-10.718440742964248
-7.089420830010966,-10.902575635419703,-9.5068474330328,-8.638410573240131,-9.234159844702258,-9.597064724611942,-10.889739380288198,-10.485463198134632,-9.147332703044434,-11.37951886000912,-15.261521149885024,-12.64312241724387,-7.7475530905237315,-10.788909073845534
-3.109697224994097,-8.663780192601653,-7.060080476501627,-6.654904903612852,-9.671967351900058,-8.653052905693663,-7.90943528602963,-8.822133455123058,-6.731431836864833,-9.456090740506522,-13.886228412883767,-10.46941953732748,-6.800461129282554,-8.412662182304974
4.27354492480003,-4.171443567650237,-4.284835103289586,-4.413949806129448,-8.674292283557001,-4.993092893413182,-5.253392186773646,-5.883384644774999,-5.053670336746015,-8.426841267072467,-10.668092581170765,-7.573422632244132,-4.973486306215178,-6.043389788877294
5.595757711007105,-2.665061006498725,-2.984856693789343,-2.90677939245123,-7.588689673257709,-3.9254176246747794,-4.642466208458959,-2.3751557620866404,-4.730267922047097,-8.550012183806503,-7.83961842029953,-4.920954738015017,-2.569997355950528,-5.035832061750155
0.3014773207608822,-4.532124825460887,-3.4746862962419773,-2.666729323657313,-7.35944567833491,-5.269750743189343,-5.978509324679865,0.8855075165009358,-4.956390685107211,-8.0826561014779,-7.249821198752906,-2.9991882765038405,0.1426607295931914,-5.060819017790497
-4.352265340430753,-4.88581641471547,-4.771473345377338,-3.841427376438318,-7.940020788065476,-6.423079470402092,-7.7952199564187215,3.0081964057102613,-4.605618039181035,-5.29169725196126,-9.420275913379076,-1.993565254611564,2.3734445228949235,-5.072340339499711
-10.530084261663788,-4.865877375797976,-5.73925199649975,-6.190648107108409,-8.548948609958783,-8.475281972093487,-8.619405784379767,3.2781227796913783,-3.418900236781539,-0.586433520783781,-13.215435478127697,-1.9155136944227331,2.85876972454931,-4.523268822365445
-12.74219346127599,-3.875786188891832,-6.004085793498582,-8.917615263069424,-8.391373913839157,-8.023110343233103,-8.069302474568762,1.539215866147234,-2.201799182126244,3.3573246621335464,-16.471158237790398,-2.629923189928146,0.7462090269665023,-3.700771866220382
-9.64631746717066,-1.150095733674831,-5.9158766685789725,-10.68555732220226,-7.199777335624567,-4.5988060078228505,-6.89862633124085,-1.5618142061919804,-1.9559432859982897,3.740691655787189,-17.357408200188235,-3.896757638395925,-3.400953612484789,-3.2111845135234995
-7.851581773888345,0.5430444245190512,-5.872579750378411,-10.174232982385265,-5.270753745167313,-2.594393679365917,-6.129333047428721,-4.69780287613998,-2.8398567691586285,0.1808343189178094,-15.572562508303829,-5.399788418977221,-7.477961449581759,-3.371917056273585
-5.831124488976462,1.4703007796480998,-5.83515465562822,-6.995315246724791,-3.156358070980004,-1.2898950466400387,-6.103338391563273,-6.371503467154282,-3.9280091427126567,-4.653577535774115,-12.419340963333372,-6.65951422872485,-8.951445216808409,-4.0149364352211725
-4.418191846579184,1.9338573902432912,-5.454544393115693,-2.2555080650443977,-1.3556565437211932,-0.9787283208478584,-6.238321848936073,-5.622108733510848,-3.944928920501696,-6.97276861842411,-9.667502177203366,-6.955750737964472,-6.551049959406024,-4.618249939852888
-4.621402390974053,1.3750001583676488,-4.509210073923225,1.865307316459769,-0.1829026376636413,-2.4919481565472035,-5.617244960428799,-2.592144757167043,-2.302810937601008,-4.799790352952464,-8.17488644715276,-5.573925134060668,-1.315946688275797,-4.525833043104631
-4.144064953845704,1.1165893083365095,-3.123671665271908,3.4230225502121736,0.2492172707384559,-1.2468172119227727,-3.859054861378908,1.3988949857847333,0.4089090853042507,0.5156390295976228,-7.45284119897712,-2.4037925351663354,3.880521594178803,-3.2379928496441157
-3.488712070476216,1.0732361939208244,-1.626542170893999,2.0228215830202547,0.046491082319132,2.7051407837206414,-1.5307630615042689,4.44401373978808,2.8055361572449,5.412267412793702,-6.458795051682133,1.6266648224832476,6.146180058203566,-0.7945331225231973
-3.685487358510075,0.7955465545397514,-0.3338707457541257,-0.8818724538287777,-0.4595122436101881,4.362178688351933,0.2194478135181903,5.078950382731429,3.604685257489554,6.866814473682258,-4.755528674117807,4.8763789269186,4.502717312549509,1.99735062302044
-4.528669850476728,0.5342364562313956,0.4896711959008093,-3.024340461854041,-0.8221236956835392,4.428381748972313,0.4865982159643724,3.1498069539038083,2.392836604653626,4.50024301552435,-2.92419815211427,5.996861369408088,0.5005349475525667,3.8555086948213546
-4.996121341349846,-0.6705860896942355,0.5896194614422037,-2.982705764475916,-0.7378667086886619,2.093437363966061,-0.7637775047874289,-0.1027544478210555,-0.1828049708650732,0.454962248222694,-1.947551573013011,4.784340753183552,-3.0087163606695366,3.818476061702613
-5.177616543599392,-2.9048213337459248,-0.1620926641362696,-1.2095812355167137,-0.2877110763773274,-3.731035898812838,-2.7099741573999943,-2.880936908203304,-2.830128528954544,-2.58049296260357,-2.284045331172723,2.110303706912137,-4.027115050187399,1.969235479700908
-5.463635944365394,-4.170476414464663,-1.522370676122368,0.3836236170636056,0.0803683823907337,-5.605399000953484,-4.248318737775254,-4.042685134748751,-4.351961322940639,-3.365005047971463,-3.532992715183929,-0.933030202151556,-2.7887058793291413,-0.5618841310297524
-5.649160155051542,-4.5688294408537615,-2.8297366909426245,-0.0158203987785467,-0.106876314331743,-3.5797141392872835,-4.663265411424584,-3.81018844788248,-4.309518330365158,-2.551921893736032,-4.88399828450472,-3.7762678939123,-1.2850012654290044,-2.384010244110252
-6.505734106110897,-4.639673223179961,-3.358067201035328,-2.651305405722878,-0.9274952904793928,-1.6620536892132056,-3.9521224454220567,-3.440394910742698,-3.2506948500836383,-1.584550326080782,-5.774716671516565,-6.334462585950588,-1.435915417840862,-2.802215045151276
-8.10959610283972,-3.9393756954941375,-2.819973136596229,-5.984353668781712,-1.9416085025709529,1.7449780776019317,-2.680754303540483,-4.120903551924499,-2.3260787762263453,-1.331214226653063,-6.111373687815309,-8.440809550682893,-3.5316136446967024,-2.185726437136182
-8.07040168063395,-3.500090418669887,-1.536382236865108,-7.878234835844824,-2.5092164507123957,3.018013004083134,-1.5532319841095064,-5.965897611996238,-2.447405011389112,-1.660150320909665,-5.980864415354336,-9.558378935797773,-6.213452755391141,-1.5125814253505503
-6.392759446189802,-3.3312382714013946,-0.1057122582507517,-7.179786108386887,-2.283940518173267,1.567629049857158,-0.989162293294314,-7.89780277832428,-3.51226728800063,-2.0111265890697707,-5.311505721879399,-9.16445077780135,-7.805082593039218,-1.5325716750510443
-4.603230261512624,-2.6205350463814243,1.0599650336042448,-4.432750137094672,-1.4451030534574747,1.5385501157786434,-0.9386414504200822,-8.478628346985472,-4.330613218713895,-2.111618232168938,-3.90066948072144,-7.360935917834822,-7.665356928294634,-2.2424822577239545
-2.194026306681973,-1.5590991280207145,1.8510770998777493,-1.265265640892944,-0.4894797526158239,2.077504465948969,-1.0133284925064443,-7.002157974890827,-3.4857450623648965,-2.12363903251086,-1.7543013397236438,-4.985118481316709,-6.438816291914758,-3.040945435756365
-0.7064777475654668,-1.0026158798826434,2.203238175908906,0.8772994389008777,0.1665135778517841,1.9507127481402828,-0.8290530326122649,-4.003719414576921,-0.6120600466679278,-2.3069792055618272,0.6769742156602256,-3.053389842371941,-5.256577481136441,-3.3448154859836903
-0.4383995829695774,-0.9205597809541028,1.919315182216156,1.5512470491163914,0.3831338282383612,1.6809886330876396,-0.3049230993636778,-0.8765597228242554,2.94106816104646,-2.751447673944499,2.673454427808868,-2.084034870047926,-4.8247870479778205,-3.0937592909262364
0.5389756274271428,-1.759169067685043,0.9177825154765636,1.162095406026146,0.1861980728442718,0.1935058762779957,0.3243159467472774,1.0079139064302574,4.784148896420058,-3.45107952440252,3.719992103285434,-1.916057876149248,-5.1608543227075,-2.7097370930388305
1.8449773526493551,-3.795978665706696,-0.3425583338329288,0.2644875366976773,-0.3987474507724382,-2.709807281200235,0.7878881979736327,1.007410551455206,3.1863455001392373,-4.46024187500093,3.867711898106177,-2.0571625139070893,-5.909614939178077,-2.5870769729771403
3.308677654933991,-4.205200908941171,-0.8712738732677705,-0.8683347076241681,-1.302578828878603,-3.3282737304489336,1.0694983198250885,-0.6216166827085465,-1.469186351565762,-5.790604465512518,3.675322844557383,-2.0777267641477604,-6.675250674151666,-2.621314622231571
5.223147569989472,-2.978131305547103,0.1794398712982232,-2.05143958077117,-2.2234246122962484,-1.6716364739527425,1.3943227820624782,-2.981606406315381,-6.704159391070328,-7.128169452286363,3.805342094615954,-1.682812412869472,-7.057366871090782,-2.2485834232648267
6.600720214851673,-0.093080005631669,2.7009267692164656,-2.776875027105077,-2.606745202996409,0.704066674778588,1.9161947639833987,-4.929160218661711,-9.555487643080514,-7.796491400270766,4.635539225197656,-0.6138435940670561,-6.594858502052621,-0.973882346467856
7.44138523435021,5.237682131172066,5.485774526784774,-2.2287146312544093,-1.9504785399350528,4.662913576109144,2.4646111378800253,-5.471191580994026,-8.594427216666999,-7.1939186914626445,6.173686948377025,1.2416299632912935,-4.928973289899277,1.1140427850673515
7.951120477867739,8.120986641885551,7.015235645462985,0.1340714745745601,-0.1998911991185714,6.386180365738968,2.68816748938366,-4.167257935157723,-4.807461277826006,-5.381849124696798,8.232556921552902,3.522926151397208,-2.12659670238838,3.345723121964149
7.887329843721405,8.508929848172029,6.570533473532321,3.9649782064707546,2.157890817506256,5.536329079071423,2.4942991022392684,-1.433680639638687,-0.693649016967215,-3.215884118817251,10.57896337054978,5.327370309538991,1.206088870267539,5.004158091495638
9.119877515206568,8.134203974617666,4.750499278837978,8.039586222124996,4.40945691453922,4.234371673786141,2.292748213747662,1.5340047035952988,1.656435543843363,-1.7544568043800028,12.866289575777992,5.775078029043343,4.234834567661975,5.894536860176074
11.760695640414294,5.810386369440124,2.989407107204835,10.95171137763559,6.030000973202879,1.473814567566126,2.683084880591512,3.3838053119989384,1.9790248439149536,-1.3716368381565918,14.487893341265602,4.859399451602751,6.400288010644448,6.425081294972151
13.003764830694369,4.803690589828622,2.4889345984823943,11.892189095943046,6.807108021304265,-0.2850517083652095,3.803111250593395,3.476703287178334,1.7039364466366085,-1.3778364514830097,14.675240816728918,3.686290942676341,7.663074611693578,7.12882043710521
13.13787363815946,5.257881430422129,3.3859757776621544,10.863387117001142,6.640167839833513,-0.783105826000122,4.983036634151853,2.3440294769954786,2.486888650771577,-0.5960244962382397,12.963000040207014,3.622316921043216,8.298487509621355,8.065906941495495
10.867038154833391,4.898561802075904,4.72820609180661,8.306841916444691,5.378367744946911,-0.8475021288676218,5.149405410710133,1.2851782365286917,4.665773795632279,1.5187404836340554,9.717927395372854,5.008799410877165,8.498600259361858,8.663397348247639
5.439966264905019,4.435984782476423,5.216319490447218,4.720651480910215,3.032534837338064,0.228796540403481,3.7357687976602376,1.3691217840562186,6.925618959274204,4.234277934750108,6.215870022562774,6.757395874621372,8.212642453332517,8.186766006292277
2.3043054788236166,3.689978091904304,4.165146276538206,0.7429457693862589,0.2199955214180697,1.202006887398971,1.3391244388930474,2.668409845498565,7.465854093682469,6.097634997822759,4.038330418854251,7.415654529052755,7.387304075542377,6.480957365349624
1.241759268314968,2.4151864060567854,2.011339520188825,-2.522436614598925,-1.7286056259685634,2.12705912252508,-0.4981288897606409,4.381654237234702,5.709511509901587,6.337141047070478,4.131440964381016,6.745773127858273,6.33300993372855,4.309248154014092
0.4920804143848207,1.9191870895188532,0.0029549299590989,-3.633791570446613,-1.426443699573411,2.7493626380590395,-0.3100667400479612,5.688301971495804,3.067865107091436,5.8099743540774735,6.205987661726795,6.129648891538061,5.764573570067414,2.861422568304929
1.2443705628430644,2.1787277571122856,-0.719163544363933,-1.70001371978063,1.4392715341455318,2.7573902810472086,2.2001323494608185,6.48869239622881,1.969430574233487,6.397315529820899,8.928491560693889,7.175202190816642,6.335931843495571,2.71196371942464
1.4455337607266956,2.990253077460731,0.0478212029154763,2.609839676702555,5.45300228738336,3.0263292505556656,5.841439934279556,7.310157844236878,3.828973184594085,9.15051490044831,10.761825273013256,9.81636268521862,7.993030828253539,3.1395429048584056
1.0582202306597157,4.675346135196757,1.5059552260105715,7.035339404529285,8.105720805150966,3.3996438455788853,8.69072797245499,8.507596862749397,7.670265991551028,12.876558996581837,10.872867804078128,11.947441332168456,9.75536362521306,2.605562753888332
1.7230209571573842,5.516739119840811,2.6286816232999213,9.08104901860403,7.522556699990162,3.696857352477044,9.417840138237455,9.628361806625408,10.727412411573816,14.748151320420968,9.560657109932835,11.233399733767971,10.286221653262986,0.2073169245288868
3.065824591570561,5.462865734087069,3.0804831276431024,7.846086848277085,4.006170754653343,4.04148134776965,8.191428605636183,9.67133975083818,10.689507324569073,12.73710945125712,8.025883080767,7.478442037825851,8.93504865476778,-3.148279035285099
4.081477986838276,5.296414030809619,3.4190294324769184,4.761359470273849,0.0270761627972913,3.860929588515496,6.435970170062641,8.057316650632348,7.708646375551106,7.766834145370188,7.650219018241867,3.159286231606467,6.402610633622917,-5.124502960811249
4.912005137401458,4.601232211414137,4.366283647657959,2.4666301274950264,-1.5367316244057818,3.1088407797262483,5.602110870963479,5.349342077042349,4.338680332091693,3.4164371674787173,9.12164180717975,1.3776571940831823,4.344728015205353,-3.845163618818095
5.562921642454061,5.047841075077673,5.858014867214274,2.6860328787564054,0.4029642406469786,2.650323946822705,5.959256903324524,2.941865699767419,3.3414371585430818,3.108803829678539,11.82125547049521,3.022047406728245,4.090710909628045,0.2875390035579244
5.816404927824385,6.788200937024123,6.859066896795358,4.8987206741832665,4.304338001229263,2.392920964929921,6.455521050848242,1.9398090954483909,5.253483683448067,7.117363772641143,13.914529311728693,5.830087494814832,5.4980786580824965,4.598768953008548
5.074925745293348,6.5498429973633,6.222440741091239,6.92233297107081,7.223717856062549,1.8579442592335036,5.772978165712299,2.26447263554409,7.9007785623302365,12.089824640662062,13.357678842766587,6.342826763229359,6.966356155709232,6.149946559457211
3.16082966625006,4.532426529161279,3.822068841068539,6.825053245780328,7.086943817085725,1.1841240286074048,3.604658167839208,2.817186538060188,8.30843838289358,13.628172856919676,9.392639287398204,3.032671720542538,6.677864542227038,4.038876733320379
0.8150107603375296,2.007825703470745,0.8412356111045511,4.444164715157882,4.1332733817593805,0.3807438878138364,0.9429021928884148,2.49841423602652,5.273333933611902,9.750768274984036,3.4557809338494927,-2.248579430402316,4.047435788970468,-0.0358311058352249
-2.16535932057813,-1.6908790966193727,-1.1500563292985273,1.2514136142880048,0.4408896903362738,-0.6107558298498144,-0.9031709110297524,1.0844474869233682,0.3020852607434747,2.324130640518577,-1.4776333122457943,-5.840495594168882,0.1626029999957658,-3.354596978959064
-3.8779650774926138,-3.769098844134829,-1.5289893789668216,-1.1268436376319872,-1.8877093731204584,-1.3510053550251755,-1.6011663209797469,-0.8049929378203213,-3.807220983174752,-4.582283955020461,-2.9631641944065894,-5.461743142597122,-3.109261321459625,-4.353311430608793
-4.042854942562919,-3.953304085837092,-1.1278417388985318,-2.268176054360751,-2.2554791012874134,-1.819190371203619,-2.107600863528617,-2.451054710238376,-5.300801257435381,-7.809670887783897,-1.0568589418782253,-2.181093038129916,-4.524062416059767,-3.477747782210633
-3.8191754106326528,-5.340563548103511,-1.4306153718560424,-3.011833072812092,-1.6276323274477171,-3.1103460529019804,-3.65497077658852,-3.638861681928958,-4.599450256478985,-7.0656643060303175,1.5579801250576182,0.5272644164277231,-4.214818661352695,-2.2535769385965168
-2.641856285005458,-7.339798433729996,-3.208656899853363,-4.372922270551662,-1.3263183750107554,-5.204661990971924,-6.386829271976247,-4.5678254909410185,-3.4370489605783874,-4.430179555392172,1.6107075060466975,-0.2589736674644953,-3.336990713322958,-1.7879906683776206
-2.210723335910643,-8.456613231726653,-5.862975796455235,-6.498157527759313,-1.8184481814000613,-6.253201006788548,-9.00016380666773,-5.346869358080937,-3.12754681094612,-2.3178408249640103,-2.163272309993697,-4.541083963639556,-3.118669359515957,-2.1597965068086893
-2.690999691720284,-9.056950435629892,-8.024730146968661,-8.632434163812427,-2.558080234146618,-6.360808441820371,-9.813376739159091,-5.757813652552411,-3.674842164824444,-1.830177134236313,-8.088190505467239,-9.561584822829936,-4.150940141182812,-2.937332759434751
-4.352016818251542,-9.125158064172751,-8.7439013712218,-9.9493397877595,-2.823715487277134,-5.763767061776546,-8.305918609382353,-5.546830335696266,-4.311398880150708,-2.6181604437446917,-13.041146540416849,-12.146672450933847,-6.276628041686342,-3.8729629099241647
-7.766937655325222,-8.421614642141632,-8.100065940789069,-10.27191288469658,-2.5583097667789385,-4.026221083413096,-5.687159393640325,-4.818840462745792,-4.5472600240866505,-3.817409936253753,-14.955384138994818,-11.07395679497282,-8.814881954926994,-4.88803993920483
-8.922933308300387,-7.56832030229313,-6.769554520961153,-9.955721014638424,-2.333027497999094,-2.5238966239937466,-3.90797654729945,-3.993005747210388,-4.503204741649201,-4.864128551414245,-14.094947668658708,-7.547314118498379,-10.7568928353514,-5.527475149927657
-7.817062229675455,-6.505073737776325,-5.19612404423847,-9.184212247210496,-2.5360619513704616,-1.220972133214961,-3.9466987619168457,-3.336293778036797,-4.345943011894871,-5.537415532166255,-12.178691952133915,-3.7300898848291615,-10.950659569739216,-4.8016989133599886
-4.564687294989774,-3.5907633337363896,-3.33849181206972,-7.571702230266018,-2.731855825868351,0.8301462036281733,-4.885966654720704,-2.6349893902529384,-3.737989588795026,-5.5859872368148125,-10.519621289393186,-0.9454727891676278,-8.554350359583337,-1.9194033410183275
1.9241724237172904,1.2142728867963497,-1.1909040353618874,-4.6285939196910775,-1.981430619079404,3.381260167331977,-4.637477320312957,-1.4266602635056405,-2.128963461984311,-4.670958562926138,-9.112001211836642,0.8701526741787191,-3.7484187119590366,2.670695885667641
3.995306613640474,2.54750748679661,0.6859254715583809,-0.6782453188672157,0.0957895174799965,4.520441596310935,-1.7472321091441607,0.4401210838107126,0.3790614734058692,-2.8027930700049595,-7.370338967388935,2.3307184613322605,1.8570329228241496,7.047072638650246
1.4502569646115977,0.3430755416579955,1.4132187673362466,2.779811959374868,2.5888978195266645,4.177008217366986,3.233731871476312,2.545006147707088,2.6587903040079155,-0.7019219262427363,-5.399900727227731,3.5681269887255027,5.788055889382925,8.885174533386412
-2.2447188392632547,-2.9987965537693038,0.6654596337959653,3.858524754000399,3.74703468933264,3.602093737371918,7.98005302853894,4.229717799804618,3.303405655488657,0.5397839643088158,-4.200292812644975,4.12973739642892,6.216992119252295,7.118259070166047
-8.944689942284047,-8.772241919060843,-0.8114476024302046,1.7503918548671216,2.351368329811063,2.3360036386795584,10.047837480797504,5.151175419735697,1.8958152772625567,0.3681119799502923,-4.5176292146262345,3.745828957879951,3.4054972145532005,2.8431323144549427
-10.210060484695724,-9.916105511405082,-1.7141161296465397,-2.351243877421052,-1.189867518871193,0.9993440185246673,8.600463260024302,5.45138408888816,-0.4643879582139565,-0.6254963237447555,-5.684771020966199,2.950583082999524,-0.2073766704791797,-1.3277883778099024
-5.266165152534615,-5.770860121437853,-1.2907524683441896,-5.792090310062799,-5.0236442195254,-0.258197976151391,4.842148902988551,5.409916312579394,-1.996297688279867,-1.130392575248921,-5.923967669098758,2.7774321539029128,-1.6384661631186042,-3.0130430070088465
-0.7870521707059583,-2.2978809327412955,0.072759416017643,-6.207660040001679,-7.166563602382849,-2.3151487443519025,0.9348709598972248,5.046321590453449,-1.73350316213312,-0.3130335920525109,-4.037963056311039,3.817398840443458,0.3969465297445413,-1.5859922293694488
5.2660862394236165,2.18815519145978,1.3659835279311885,-3.1885084687958667,-6.822280918959795,-5.023484663722282,-1.5767046960072104,4.170252617700658,-0.3121394993757516,1.343623526870049,-0.8148253960231475,5.629605968863261,4.449301176899692,1.6159566324891124
7.039840167002429,4.403705025019567,1.9708423810662656,1.445256037158778,-4.666592436659142,-5.68992261487901,-2.5332830025998483,2.8017051854950417,0.6645972546085162,2.448540875136855,1.4266914749284825,7.105796090889406,7.45357993283892,4.409868138850445
3.256501548490787,3.3287529694402607,2.0986907586101413,4.996106652193607,-2.0601323988233347,-4.192564084304126,-2.691914602980205,1.3931034221010383,0.0824734032811527,2.042191614723677,0.9079974600581764,7.393500913611831,7.135390869977961,5.254490193919228
1.472660464083409,3.8829127438708673,2.2772832345131526,5.821793935290398,-0.0362906938199749,-3.18638403235409,-2.718763111357987,0.4838654832496516,-1.728040095590984,0.5655578160883508,-1.8771569581133851,6.460209527304386,3.695829597679406,4.0462086916458375
0.1879346591497596,5.146537038484159,2.5922737232443893,4.366280456490941,1.0947384444937072,-2.112231109218542,-2.6761250001051167,0.1092196398156737,-3.3492453857114057,-0.545151029526771,-4.5239751873303895,4.8376612957047165,-0.6015404314103883,1.864067596507024
-0.466848428293646,4.979178095520015,2.595288906916089,2.557238225871945,1.431442015617499,-1.90674665664743,-2.3563793363474623,-0.3382318170228338,-3.5679409796242787,-0.2974627857562382,-4.919785780821581,2.954219216102881,-3.450610504445944,0.0883374583145197
0.7286879416884091,3.970200370358152,1.938469241128644,2.140587510572793,1.0218068413967956,-3.087176329200497,-1.885575837073024,-1.525893425023554,-2.444145238866682,0.7801591617098218,-3.20301831990796,0.7997627394825351,-4.272631862464813,-0.4430920113684991
-0.1792890273954809,1.9639584767327856,0.9080022041649548,3.3086642851994377,-0.1926019963158829,-2.8826843535483464,-1.795670741970067,-3.4236434362290566,-1.2553388869655997,1.0021971643653949,-1.603122393286892,-1.815130088239993,-4.260779306610573,0.1554140732580116
-2.9340219529598706,-1.3626378232570149,0.1589077122099809,4.6651510094974284,-2.040372780729161,-1.5402941438211204,-2.425773676370788,-5.20330150138971,-1.4008295970908584,-0.9663120369636607,-2.353232771994492,-4.8189764514912135,-4.905254983378278,0.9089720494123767
-4.453055175371296,-2.135807706552891,-0.0742926521593005,4.463967771528846,-3.871033555732645,-1.2687518412804064,-3.3320256062693083,-5.997310306051766,-3.20356613324616,-4.831237713995158,-5.714680084360237,-7.787420162063888,-6.524584042604758,0.5109633349840301
-5.326513296767552,-0.1576705281386242,-0.3485094704320381,2.0716546018291275,-4.795125438018481,-1.6822141145005491,-3.482773192752088,-5.791211208099437,-5.607429942174363,-8.756190109462974,-9.940302254125362,-10.243412634174495,-8.110302437231919,-1.877908962426908
-6.675242231214555,0.9495728632050804,-1.4615428300235251,-1.5129994680479903,-4.306896205706646,-2.266943203287546,-2.2495744253911703,-5.510917027327931,-7.029716579783386,-10.71159300587719,-13.020468629231695,-11.96004810935715,-8.425750950031148,-5.961959895028613
-8.074014421012357,1.9985871947909768,-3.533376302855771,-4.449129075723437,-2.75067785500093,-3.38143656428752,-0.3142456753386575,-6.145454980347875,-6.683283748819882,-9.933954441102696,-14.369329569676085,-12.975714952505587,-7.20125321397742,-10.299318540324894
-9.45582028409266,1.5063472725318332,-5.734488940155266,-5.467407587910618,-1.158017787781553,-3.7083486623529,0.4972398497073449,-7.738993945393052,-5.261937170885959,-7.35705892158634,-14.876574767612668,-13.43500948750124,-5.374486203689436,-13.126939589689623
-10.91304808715186,-1.2240850217643815,-7.001261920484417,-4.751781540755591,-0.5083756446710588,-3.1545728581502672,-1.4329730812024124,-9.248377658925769,-4.359703101845344,-4.79122536767629,-15.540862074221533,-13.507534829140363,-4.306404099078911,-13.500673706870778
-11.144827254881491,-3.2569330695692447,-7.009514116733845,-3.619985586643612,-0.9923606697574456,-3.545852251941491,-5.987459810051977,-9.414863114643698,-5.044790154898092,-3.5748304607260284,-16.27487584577836,-13.37723373536673,-4.729347496827273,-11.856101227622323
-10.0315768476626,-5.066454888066977,-6.397726386697279,-3.3548990042046736,-1.90623778332988,-4.663676845108164,-10.96488253074724,-7.8215502576037235,-6.798395645136134,-3.7150194583405702,-16.090405798009666,-13.105987805163371,-6.229795530530382,-9.548483955129104
-8.836101927284899,-6.042155364051541,-6.040769593059672,-4.223873916980972,-2.295452731164202,-4.591465982228556,-13.41337139807518,-5.187726524155913,-7.815819717606423,-4.082522526339908,-14.30668950071296,-12.409227294539654,-7.542551132429397,-7.83124674401906
-7.259233336465282,-5.59956299213477,-6.17663108834269,-5.476288982680654,-1.8140357250075367,-3.51558759092494,-11.742790938741626,-2.74076759822446,-6.524841863219312,-3.446783440042718,-11.399066238785291,-10.725926373932984,-7.393395310006818,-7.153854877037094
-5.159801405389185,-5.134114519503376,-6.300052071322799,-6.180671568414725,-1.0506300805100768,-1.708407491783127,-6.953721129376287,-1.328215969782061,-3.051891774311379,-1.5525868998664103,-8.602746815558794,-7.798691805377143,-5.361161321729059,-7.191682473734119
-2.701662695496208,-4.306529250852138,-5.87088522505247,-6.037799598741547,-1.0075840096751705,1.2438511185177032,-1.9356410835188007,-0.9951582874377748,0.6850760085791663,0.5818585164257914,-6.741317917494344,-4.3082047493295175,-2.232083453981557,-7.263957129381437
-0.6614302295644533,-3.309223213313081,-5.007542659060883,-5.447892556100912,-2.149770806096289,2.5535314894823973,0.6574851173833185,-1.167169334714167,2.4168991590383198,1.3977108615301166,-5.507645534901714,-1.737586890873528,0.4418121552250973,-6.632418468905195
0.8408983995321117,-2.333361910432418,-4.378857672213343,-4.914850908345253,-3.840409267117725,2.084650843914929,0.2627098050703083,-1.0885873903189849,1.2976143195590186,0.0294799524199191,-3.8863838605473777,-1.246208033175753,1.39259602683782,-4.654996553156522
1.9146712602097065,-0.7444797818308474,-4.398147972682159,-4.485965177131588,-4.695760484420022,2.208413508351127,-1.4667549291830646,-0.2051226509068406,-1.4837600466696743,-2.899923448477976,-1.2384772972160525,-2.4581009515848766,0.6006808237559724,-1.103917837101843
2.2771449101671486,1.375290611473364,-4.596432903425422,-3.7725093034477206,-3.6403823627021854,2.327775331175966,-2.255466749723828,1.5448058069640718,-3.7082749146715326,-5.551574259739806,2.0333505898028585,-3.458279084134686,-0.6072017388198887,3.392372675410785
2.9668066171342264,2.3024502204124446,-3.906206404064208,-2.438927379635339,-0.8455644625238365,2.6608384783723373,-1.0919453014786749,3.544462173099962,-3.8106672603073815,-6.036566313080737,4.838818309776892,-2.2884914061170605,-0.5304390219381121,7.35698869299617
3.9544694869805816,1.9820771562658173,-1.6771916622189336,-0.6207211418095673,2.2225094547844524,3.54896443355456,1.1480070394979545,4.643859351034177,-1.8385641044428465,-3.65156200172324,6.367468668021728,1.2793632152067893,1.5480604079252975,9.309453475995822
5.4969986525260985,0.7606078814189635,1.518732838614378,1.098581671055836,3.752816390053045,3.650492167792545,2.695839076528853,3.820657134152628,0.9192469906825264,0.6486850299525333,6.723702080570212,5.359988559288724,4.711140598021924,8.906430855105889
7.882721330662356,-1.8452475199846907,4.112884719433202,2.0721608066485637,2.871694958000832,3.055777147549924,2.4813404259143965,1.0595489570444876,3.058467690406461,4.812602791795156,6.671747384769896,7.423038471407548,7.040663658413266,7.250641324093852
9.48299202359377,-2.171669336614569,4.71107464125045,2.027452124544704,0.3121362608168194,3.258106776527796,0.958425000487642,-2.294771463501437,3.9047033038556673,6.895150274479489,6.812020068035746,6.350182237619443,7.061203146794272,5.889532939771655
10.365382896403489,-0.0224407569234685,3.261450562778375,1.3239075244970842,-2.036699822469544,4.1017709087813445,-0.365666198012212,-4.22192803569779,3.576394294225098,6.173548443664277,7.0257402878389055,3.2812976868025654,4.842853741908819,5.398052580077142
11.377581592960905,3.498756577954002,1.215118493030019,0.9017283797361024,-2.3905351200800027,4.763653290126705,-0.1293319828429808,-3.389399359439249,2.5649014499033704,3.52644581986187,6.7134716511224255,0.6101969293086924,1.9061984268744645,5.009345876554697
12.201425063855488,9.396560654328868,0.4826713898489458,1.8316257096016384,-0.2532953528629349,5.493597768665096,1.940900332039352,-0.1375661834414465,1.394038904489534,0.8409015316465709,5.558712497557439,0.1527639146973154,0.062272040544073,3.7431267879016943
12.850840928650983,11.599864886568428,1.990651670963521,4.55808526306822,3.290055875104727,5.915954831628095,4.928117968074277,3.756358071431072,0.5619089076410475,-0.2131592483496902,4.061647466258384,2.085203343881343,0.1531602122942104,1.8659393794119712
13.386888189801171,9.75592286585303,4.997370887702877,8.31829135295226,6.345011217902426,5.896311915475302,7.388356737072271,6.377612941438104,0.5556196999881706,0.7652859794113187,3.3537219066972668,5.324996150680569,1.6603463977817734,1.0551199879027156
11.96176104180606,6.935127904294117,7.727613387920824,11.379206976585394,7.493864966137267,6.46636820449338,8.299400764902266,6.997266676173563,1.7314048582887906,2.809000666882988,4.493702869673111,8.67362946138962,3.3768086452541706,2.912223798125556
8.409360495412237,1.5941758985605838,8.801241772163229,12.201972504013831,6.713795634813868,7.561692820908553,7.729577122469471,6.398720391537511,4.131618242799934,4.534992446927653,7.840653807768145,11.560095833758806,4.47134747848405,7.209801427266003
5.870095738520046,-0.2462451224011255,8.26427423707782,10.697972648201567,5.295299070333309,7.260557881291176,6.781211259658792,6.031557936727152,7.4231483148793425,5.344414020420769,12.871404941947498,13.886890156258657,5.019489897179897,11.639393122302565
4.056546166402373,1.9991278353182516,7.365154679008322,8.379574092895863,4.800781634095162,5.61186155950106,6.721000738922367,6.739132620918209,10.966730327040027,5.773863313900892,18.35205331594755,15.441023406053402,5.610640900133217,13.436779974328724
3.100198370962554,3.4085637398145945,7.305183940645385,7.073572957948698,5.79719197105845,3.814018295386048,7.820647949745826,8.071790771307041,13.880603835835505,6.6540180422462365,22.644827482738656,15.647411154533025,6.490924651042938,11.483065748318433
3.724644602339966,5.428484658655189,8.101481268985875,7.284841102822038,7.347551440734398,1.475809957376954,8.880900931851901,8.682139493883106,15.1188344429304,7.930354619022015,24.170124453091248,13.970161386218098,7.126379152068169,7.06261438668667
4.26912972793529,6.138054661840228,8.609036771312228,7.800885229565795,7.762326685296419,0.1509115999909829,8.088249122706635,7.450237423281738,13.808045842458888,8.44165527143884,22.138059213137627,10.59009966414786,6.676391195670097,2.74339487617615
4.999089846440384,4.809719278147584,7.696304959199625,7.0115589637999705,6.113054621787436,0.1148074308827189,4.717407830384446,4.449396646083084,9.924735221536602,7.056314689572167,17.286357069344024,6.713349677315783,4.978643155980478,0.5072439464595098
6.135986221911221,4.987947114275312,5.483000916082483,4.689119564275973,3.241439567986914,-1.5138647533767655,0.1914203474072797,1.0061574370937452,4.839303494711601,4.116220016273582,11.926332100214834,4.121834563542788,3.0719145125720564,0.7194761155091349
7.421053640612577,6.149916117221228,3.439114583234426,2.4123112086648053,1.243962765214761,-4.45639453800356,-2.7068083653762223,-1.192879488073478,0.9579463898711432,1.6265575148697362,8.826634254608674,4.117050165491396,2.6062464144336435,2.496597021912703
7.925597403130773,6.560593194271616,3.160261289470336,2.109106592360188,1.6869293121710491,-5.708421806990878,-2.0753126114869893,-1.267475822721252,0.2698003277463865,1.7191193093171735,9.437424555242028,6.49921652269073,4.491524774235597,4.695306134866405
7.480825361682497,6.704796534982055,4.87872351848724,4.091376751565612,4.073156380619832,-5.597973757947317,1.317174784260649,0.2899245158842554,2.734371125705721,4.6443790120295,12.795958079751044,9.380166526391188,7.91703203187285,6.447771993385901
6.732369236017011,5.813845134572485,7.084924670791384,6.534687029994766,6.063041323021652,-4.106239121737809,4.44068057040926,2.0433511616743925,5.973959292253841,8.192058445949437,16.160445079405147,10.225453338648714,10.680320755898675,7.025356485943046
5.377796389390959,3.57399017028293,7.687434079762427,6.994205805443128,5.449121603024999,-0.5621152859929213,4.472356749093803,2.6669561618136584,6.869219272930074,9.261440842370368,17.042934423536014,7.629146005888398,10.691601362246235,5.710563595082849
2.654577877249254,2.313570160919841,5.760890564307918,4.5816673742112055,2.1861778793115434,0.6570241441084053,1.251940857212464,1.8094719922510745,3.963193116770056,6.340268967190601,15.044512358298167,2.533703204089127,7.504550648426578,2.2373433373816844
-1.5147745930272114,1.899808832845792,2.369430019254997,0.7895153052603501,-1.424853197378333,-0.5264467435249185,-2.4678721324437607,0.1595901824540817,-1.3309121359864804,0.7655190807115595,11.976674139738137,-2.263350225996053,2.660887377070509,-2.5796035561022634
-6.106662477446985,2.090029661046794,-0.2670968498735551,-1.7722879494756274,-2.6700440901080658,-0.6886873714430636,-3.2856307472927444,-1.2454080140289427,-5.823179102333075,-4.318805411565807,10.184016029531143,-4.20476024544157,-1.419642162401054,-6.954618136729403
-11.287900215726165,3.422741567558172,-0.5698923993056209,-1.5533771160767262,-0.7604549931567259,-0.7195624834700707,-0.0427505128923542,-1.852862760818379,-7.048214086991141,-6.386754423496329,10.504617663993594,-3.070554895598919,-3.134525718156439,-9.27638609303022
-13.11290403087899,2.822780420048358,1.1398097007471684,0.7488895594043328,2.5410177929274056,-0.1522357312482427,5.096674079907649,-1.8980493661433664,-5.043183819202275,-5.2827962280959255,11.570899663133837,-1.209800275955276,-2.709744364816812,-9.376584742433849
-10.986892978423876,0.2065087785684876,2.926832019879832,2.869691141314279,4.515637634405037,1.5114484316115944,8.276823899835144,-1.982700552010748,-1.9763662976417715,-2.9504145372248285,10.971462965895888,-1.5313933715526566,-1.8478388428304893,-8.632750820619965
-9.000175627332712,-3.653974816077796,2.770547141966537,2.7458411321222886,3.760882658358048,1.857954348162212,6.940244648378481,-2.3628520806194864,-0.1475982061805325,-1.5886338109569105,7.243592877726552,-4.929375844641093,-2.367460593457377,-8.651814102452356
-6.134558608648907,-9.565434400121662,0.0646250343774745,-0.1527451969988007,1.064456181141896,1.0130913859366009,1.7654137356629072,-2.634694296621305,-0.2246431080214357,-1.9354670567917085,1.0527010159837609,-9.467158189587106,-4.874963062723545,-9.74164561086296
-6.435104202929691,-13.264194887619867,-4.043068875195594,-4.790262857133589,-1.7394271430128114,0.5948608631361382,-3.93222511758227,-2.1440266458167727,-1.1474320992664104,-3.0519902156829524,-5.333767137355778,-12.109416815370412,-8.401001138006045,-10.686291151981036
-10.85840202553802,-14.558605906606635,-7.593081673200164,-9.49458246470022,-3.6231708013662103,0.1869094969405038,-6.759353179408318,-0.7449546953825443,-1.494638117783726,-3.5344774600964755,-9.771617476530404,-11.426898489928496,-11.196422943538302,-10.085005889289905
-14.878944661021311,-15.760517793008498,-9.198371402888236,-12.940905232439604,-5.096274229118086,-0.2605107120618387,-5.686523517910196,0.8598425514376302,-0.8719638888889811,-2.88947054038724,-11.761250615751742,-8.781965622494333,-12.05405093014449,-7.938899378620711
-19.665244858600257,-15.83873472828614,-8.841656138015344,-14.62423056757078,-7.253156056199099,-0.5299628494659934,-2.5124095008278715,1.6098180186091504,-0.0950074732537693,-1.8491791695613171,-12.61426759195813,-6.954508576276435,-11.16463733514527,-5.888973541071421
-21.35647623132304,-15.75323852188027,-7.640584062210362,-14.850911575979024,-10.26807132065823,-1.304855210897958,-0.161369115343513,0.9997730020869788,-0.1988583111331792,-1.494579058054871,-14.225291361880736,-7.587304559798916,-9.877386292684704,-5.819212131918967
-18.99521243149561,-15.65491893567282,-6.911305154355965,-14.472323872153448,-12.90737288283663,-2.5646389031625656,-0.3460056518803256,-0.4705263929255103,-1.353008037766786,-2.128428094648422,-17.48035646591559,-9.86247377076358,-9.577116768674436,-8.119238647985972
-16.270455367762345,-14.285921690415526,-7.264229469022332,-14.424397107994473,-13.518156266850418,-2.7711088944288265,-2.4915227745102038,-1.786089261123598,-2.7129510622436825,-2.975952950532008,-21.554624486582597,-11.51837352966619,-10.58850792024731,-11.21686451825806
-11.98574857107557,-11.824897191988786,-8.318104292623792,-15.130713911731585,-11.50320370563558,-1.9360705539438727,-4.604679596470017,-2.3827452509007543,-3.2859817714425823,-2.9688635206947307,-24.60334376049514,-11.040349588877868,-11.989237722759675,-12.790032987043624
-8.162375297673078,-9.558646734242355,-9.133743786290117,-16.10675956537868,-7.909370062148369,-1.6117322789805195,-5.102939053844407,-2.6283025125169885,-2.9511177044619537,-1.871787417072566,-25.239282348693152,-8.874509792298056,-12.43708799107404,-11.55639970139476
-5.317602530521556,-7.375329571842797,-8.984146974163053,-16.209893325353917,-4.665361122895035,-1.5318242584807338,-3.966488375472149,-3.3415745079742862,-2.656057889988089,-0.7011993337182432,-23.591614025063823,-6.669526563381419,-11.24464364438112,-8.11197876042541
-1.7491616138834367,-5.35089959808084,-7.881250747586918,-14.519541362579302,-3.215026550066572,-3.555485744319153,-2.4011315908423967,-4.853966350690367,-3.5677049145547013,-0.9940428691155568,-21.12104004220756,-5.546640323415582,-8.769288705489407,-4.232356050803787
1.9107413438501573,-3.798857059683022,-6.482727323466069,-11.148770866852644,-3.675474108614569,-8.158521205395235,-1.6003628516260695,-6.567237371206513,-5.905987134427397,-3.474123203777605,-19.40727872679524,-5.199117743600373,-5.885646535888117,-1.3999268828315
2.983809810754407,-2.725221555533407,-5.490855774934332,-7.194054106546068,-5.031229403615571,-8.958788367955258,-1.834715487328296,-7.431571299355911,-8.519382446724695,-7.2139402397530175,-18.956905952513974,-4.559302541337917,-3.1895231551948804,0.1372053230277758
1.2878875644062653,-2.3255904851746663,-5.069448212189694,-3.8056243552033697,-5.986252229008603,-6.080408664374893,-2.5284649981212697,-6.846873461874262,-9.653335188093894,-10.050807498834075,-18.99996303273448,-3.112689848377744,-0.7576669630753043,1.1080672335573185
-0.2416364291034719,-0.6988990028531761,-4.785178449046472,-1.2764338585304469,-5.736672193283449,-0.8705938620550421,-2.957294690876454,-5.124097496987148,-8.314913724248962,-10.038262076771767,-18.338236133731726,-1.4127302009008034,1.4025469209162331,2.2214101579738514
-2.1874822229145865,2.222865717137446,-4.093603758184488,0.9327960047058212,-4.224167041092114,8.231001458284133,-2.773137494543274,-3.138613079058331,-5.069967320396981,-6.858029870109501,-16.3962342544539,-0.3674300942064077,2.888387924454385,3.4572557522831997
-2.046529542868555,4.362486261166033,-2.8698010436556087,3.299480430236152,-1.922000653467728,10.410293876979235,-1.998720207501921,-1.5823741626860262,-1.5722659929777911,-2.077296952003365,-13.537065545562369,-0.2051998402636075,3.1382767584412905,4.253174694476531
0.9222155500265404,6.0696402902674285,-1.4569285764187887,5.503508346401274,0.5516651216620918,5.060170478741119,-0.7885628938492131,-0.5109918016160151,0.7665129444602545,1.9974079207314777,-10.490817137355616,-0.2548151602900983,2.2658822950182698,4.269177099704674
3.300245107359376,6.631409667496106,-0.2305684514245758,6.715329832718388,2.739447077235539,-0.6577831062323736,0.6039913205404295,0.4806988754766115,1.786633980778416,3.981031709982582,-7.614389661437592,0.3088151341768661,1.5610356731132065,3.8936028611654168
5.834209700196649,5.593825420672644,0.7962513505287738,6.618271852081208,4.44213262601481,-9.316791181189627,1.6348609094623598,1.6932746881116976,2.389383089131912,4.227036854626649,-4.7935087453807865,1.6243981149291908,2.8333128314841254,3.98035764274846
8.248091945197388,6.440025014173432,1.866641165558078,5.991827910507125,5.593210046749094,-11.79125013468404,1.4552025071121824,2.884114839280928,3.3727500133803963,4.123711370263226,-2.023153380493876,3.072964742010071,6.855651678989178,5.096758916621972
10.01370986183254,9.085563306404724,3.026774307989059,6.104080483533681,6.045797775023394,-6.626859055469172,-0.6026574127513453,3.3307415687045765,4.433535210260816,4.540032493283701,0.1145844762431425,3.954343698099594,12.231206950598946,7.017898592902386
10.461466760307465,11.116910027867831,3.932271915073073,7.472441315143811,5.539775272088477,-3.4253845503350875,-4.253119816027298,2.3983310915461185,4.336758086888165,4.915810355808199,0.8133155458283126,4.164995485011746,15.941493584627889,8.924846668963795
9.17805859453032,13.194432588322671,4.234583127401265,9.311408539577478,4.014753846046403,0.0977968306895528,-7.889302957177042,0.2341918005621932,2.1672597150184623,3.9359999631306337,0.0461791824201647,4.2579591483158685,15.483900013573203,10.074596609409536
8.380426290493913,13.55164356555518,4.125309240835376,10.31104820625428,2.046784729388244,1.6585829616087,-9.218291016928754,-1.9799697515379049,-1.4859968673030353,1.182174009089879,-0.8698216666004317,4.928389224140436,10.979502973438068,10.308680016818233
7.848766000678607,11.70189712522355,4.311693775876467,9.971357579216376,0.8613317479322791,-0.3037942917117471,-6.764803886623234,-2.6036814908117645,-4.610880097476154,-1.9306820211966336,-0.0303337729977952,6.414880503847197,5.375433606551832,9.990550012559638
9.461178097526313,10.930660388391296,5.285647135597312,9.09550648420025,1.6069020082343075,0.0504125257286669,-1.2331727908666936,-0.7302108104794252,-5.236406129911768,-3.0643542674520763,3.357510564181745,8.237053053511097,2.323744875801867,9.53371780014059
13.88897872274397,10.833022539939844,6.638222525868768,8.921093344280921,4.321878778584951,1.896004244390172,4.50688264434033,2.8645488040887277,-3.0985548313498805,-1.0351340389547472,7.859648749562201,9.404034526622668,3.356833951017015,9.029903544693097
16.00587051402357,10.70915521077419,7.288291989356772,9.814760660589595,7.567412307566395,2.233709632907737,7.174554029469583,5.944911723215983,0.0020433389818723,2.9271394711666723,10.587880765605156,9.022442689718485,6.751627692806014,8.318206473778508
16.184208138029113,11.156051342395775,6.572199483808269,10.906144839473225,9.29750913744894,1.85179954037173,5.461388134340681,6.320618187052292,1.618093257498332,6.090995767223999,9.5452328739328,7.050061822507029,9.118579743196186,7.366510671022874
15.612034751882476,10.269887030343224,5.111236017000136,11.01367811647538,8.39348897016176,1.05155486601327,1.124128133601511,3.5809189670561983,0.7271476641314956,6.569091124836454,5.619091167010561,4.683961276012632,8.357554821873041,6.523609214250967
13.215750805023362,7.980091049706918,4.433504479084677,9.83234552118811,5.520729234721498,-0.5663972141125725,-2.319475358539941,-0.4219743107109002,-1.3652131631262905,4.882756545409727,2.301372022781642,3.841552674223476,5.376442598063293,6.335126072601366
12.642061490383108,6.553771167888246,5.53882084280447,8.111075288072339,2.486174143430203,-1.1081054523104614,-2.4087931999861603,-2.9163860902038943,-2.1796098647354016,3.241649444040349,3.055576837719352,5.770879831033227,3.0930857444997364,7.058051382945721
14.004672535621836,5.677025949027321,7.75584613942047,6.692882313730144,0.6900160608598647,-0.4855573620617657,0.2515658859655127,-2.3730558110343924,-0.3329461312805755,3.2913941472905925,8.394757267941733,9.753836854258711,3.73149409294746,8.34603468392396
13.512426512746632,4.309580266059634,9.091458535402296,5.547346236123287,0.1524305350591968,-1.8640196802923212,2.569299094209184,0.3422553286680649,3.0956093544280288,4.59722056972867,15.197101609532709,13.190359476681088,6.9248861170919005,9.463610798671562
11.814317787771133,2.798539930128092,7.881841962539822,3.915431232469036,-0.0219759656037803,-5.005773541800152,1.6993995754765976,2.8346597678332026,5.383468757000908,5.328750972898428,18.99680199689337,13.38805311453702,10.244633121419362,9.89342690469868
8.263832981864589,0.1550347030647767,4.271577442246652,1.4121836244709858,-0.3861202140767412,-6.285351395427748,-2.400851578268359,3.2730762271672877,4.495212501064776,4.31754231307769,17.429137755937766,9.762864793504155,11.421075667284722,9.764425517376369
2.1054866224940194,-3.831237000891749,0.1497308741704399,-1.20079967110589,-0.5444568268456358,-6.078553541887619,-6.801037184594312,1.806867903382612,0.8587210376746874,2.2624819830697014,11.948111795069837,4.463926446442271,10.03285518875952,9.616300240440326
-2.5987493344999266,-6.302907383953251,-2.4227174702383225,-2.5846510297794296,0.134586826711061,-3.237241356487361,-7.9555911168088835,0.0704442924427812,-3.0037555934229747,0.8110998937661158,6.37536619431339,0.6321451303287393,7.190372372408358,9.631007187286604
-6.013293772870784,-7.347449283809733,-2.884500144486001,-2.2859114288328515,1.3415016715575645,3.1711657942419382,-4.596824285695705,-0.6214996036188349,-4.658854207280658,0.5313272341184145,3.561429942592006,-0.3151975375513984,3.847317919683091,9.066700726587705
-8.05163593858521,-7.987069530906963,-2.4642796723841265,-1.5398559905132112,1.6399012958673058,6.684660036322421,1.2188153335532892,-0.5519621983837784,-3.817863112238269,0.0134431998714017,3.0713921866429885,0.0975307957327036,-0.3129609459488041,6.599301527236545
-7.6930575791193885,-7.58438352145006,-2.8770222004828856,-2.3503915708792587,-0.2812367245430609,7.475015138746496,5.713981488718503,-1.0956157845808612,-2.462835091085662,-2.782264549436091,1.9112269239821789,-1.0767148113906693,-6.190943250156801,1.5165620075786066
-9.000535372007283,-9.145406321121987,-4.6429435933816166,-5.497262795530574,-4.063217184677814,7.214784462847648,6.297631279853098,-2.984093538506821,-2.9591681513103776,-8.15112937810329,-2.3455843230164355,-5.247382032836041,-13.506273203274551,-5.170214732181478
-11.793404914845318,-12.907023513498954,-6.554243527838148,-9.370594633812168,-7.481165941172708,4.402878825396939,3.45283218910372,-5.152565566066164,-5.814420368974688,-13.639986412040132,-8.796122665214192,-10.622642979798709,-19.885959850902424,-10.799468470090044
-11.979937441268728,-13.749890136870269,-6.762523629155805,-10.976348171446324,-8.050022938175948,3.2025689504210657,0.159316580248201,-5.430031525287137,-9.019529760241584,-15.620832318426242,-13.329022285430554,-13.476271357422917,-22.033884659015666,-12.591153797849334
-10.129594774163284,-12.09674327923313,-4.504342765545925,-8.470011451985737,-5.141827835297693,3.663712433892413,-0.6176434091826266,-2.5247608932114822,-9.552661927343822,-12.2167450209111,-11.71855632754064,-11.29930801744866,-18.23957045478521,-9.669627435910432
-6.5084535636123615,-8.92821004361401,-0.9183498111137104,-3.00002350960174,-0.7095725546620013,3.870782307860068,1.6799887949001855,2.5449207235836804,-5.831638755697601,-5.005379020063094,-3.215418302887015,-5.0337823992477375,-10.086855826446694,-4.001926575141145
-0.3116804708915744,-3.1600439305027104,1.7810482242975132,1.9356091107907911,2.1361884323227383,4.754773361072521,4.855260435791998,6.962171616830279,0.8637394626256083,2.047635659849761,8.366840225571952,1.5919582419633036,-1.7225592012111708,0.6746994989343955
0.5955595775862782,-1.6557280369743872,2.0512595058579617,3.241429913087126,1.5645150391074347,4.055066776612213,5.886244933840878,8.188182694501876,7.144302515976871,5.525206448038377,17.078616131398967,4.990178715819774,2.915173987587296,1.3291416312265012
-4.238175981936488,-4.798092072720237,0.1774684204094176,0.7370873817619481,-1.570423610222095,1.5344878754021256,3.4759983149314,5.8405662407263454,9.86434611703082,4.856638768586244,18.92314879163996,4.309443937930091,2.710450876850077,-2.2970982734046475
-7.599600444643274,-5.847175249261178,-2.106583352246309,-2.8007031341782573,-4.515731144229859,-0.5708799497192185,-0.9198704280701362,1.8433618013206985,8.270329486638046,2.147257551026634,14.41817500179101,1.5677149333088405,-0.2851997773878185,-7.658499174392373
-11.174720205805531,-6.204511305806926,-3.10263347953174,-4.103291444828051,-4.868026726209653,-2.7579518231094187,-4.367004493726165,-1.1424749139547252,4.3439955790482605,-0.0133344449162837,7.733186865290464,-0.4922771146763169,-2.921486346931511,-11.459345066010345
-11.421293343241665,-4.960359197794911,-2.395905902310406,-2.158857941824923,-2.3521389611389014,-2.175784265611989,-4.809786069264522,-1.6163090783666458,1.1761578843585747,-0.6122057103846403,3.296974862997252,-0.70799395016597,-3.5044879620414955,-12.130723728604083
-6.932037855193872,-0.9458831756419211,-0.8812252626222272,1.180467084163582,1.277616526868151,1.802505288583292,-2.474446802899186,-0.0092043399231656,0.7012704263841565,-0.4065879127842473,2.685306902794327,-0.011107813229652,-2.6568941967261246,-10.724842411338436
-5.62157898836922,0.0082628078597495,0.2351676217559992,3.1135379978117834,3.9069489953976273,5.034173083522145,0.6927279338969767,2.007539043346082,2.4966345777414904,-0.5111169568833303,4.0976528005012645,-0.0674242761372241,-2.063251548905172,-9.612762929020608
-6.585085156696163,-1.8405276852107413,0.4109149380604719,2.3996802327157383,4.689923982142343,8.227834879355191,2.767271249522105,2.8539527887138,4.395174427553405,-1.142507894815894,4.42175001050676,-1.6077355030982114,-2.670411528581342,-10.280763273213656
-7.080095626774686,-1.304464529107475,-0.088601398087615,0.1574884687326498,4.283124143155996,8.620720016837303,3.137226151974177,1.9505811335774796,4.255703289425964,-1.8047881376390864,1.8710071536416464,-3.970112608280544,-4.141896654857375,-12.20290339263355
-8.465450249645247,0.7141346073381105,-0.7442890140400249,-1.5463593876285224,3.779507770218976,5.198421005868516,2.439292330392071,-0.2168758529001362,1.519293393457728,-2.382704248074861,-2.8959526937349658,-5.95884035906496,-5.748709101331542,-13.62133583270219
-7.465549635720124,3.8980836188411554,-1.2826980090310736,-1.708686570132237,3.5983477682526326,2.295125505300769,1.602464572116038,-2.572557434651559,-2.4424911699138985,-3.5300887175494786,-7.6506954438294095,-6.913864221013608,-7.291611620321273,-13.25901809085845
-3.706694384713823,9.168349224670324,-1.646533918612148,-1.0448240222452787,3.3884462734598144,-0.9646033977037916,1.075091724947948,-3.986635811247373,-5.231030495854067,-5.646243505835185,-10.306386557560607,-6.982302841245023,-8.853709908852272,-11.281733364838882
-3.540587356330873,9.507923214824352,-1.7061651955186448,-0.9068383318331464,2.796357152596073,-2.767109085672612,0.7916783518096482,-3.696950862923228,-4.898802823813193,-7.607606697771555,-10.03316436526308,-6.625675797545577,-9.840414584121628,-8.802568417190823
-6.550815598214818,4.589240116439867,-1.2918920993540015,-1.8262447869326213,2.0755975053328406,-2.254902487163941,0.568136746753257,-1.6674781970441297,-1.15760196181885,-7.056772572144485,-7.308972339233467,-6.1426453250477095,-8.838334862714037,-6.743604297609869
-10.3106539968828,0.601109253015766,-0.648236242601473,-3.200266459119441,1.8273053200474512,-1.6119929708810434,0.3386492582226568,1.1989542610920174,4.3054355382327305,-2.5176389966343287,-3.4065888300251617,-5.730383047425182,-4.953124923809442,-5.329628237925227
-16.098779987214446,-3.933825763241501,-0.7211080145450213,-4.247937977056225,2.2070538225636493,-0.1052420648141704,0.0587072578819154,3.295561853039266,8.627436492634203,4.562434819373697,0.0974159571061612,-5.820580404319866,0.5998951975894671,-4.556200203023961
-17.825711574762888,-6.21248535775134,-2.6621940578867296,-5.024215096021857,2.5261768658264083,0.3580365734741301,-0.4339515507609204,3.1350824874967964,9.361073394253006,10.116162246083498,1.7322948179269737,-7.080279328294504,4.56744672495957,-4.809991648847412
-14.8934984554861,-5.066579379006048,-6.730859360868685,-6.358850718955181,1.7328618353917655,-0.5740308909204087,-1.3185233352584662,0.3621475053060718,5.95963683515115,10.305650489309352,0.6594192491649684,-9.90944853105664,3.83638556447604,-6.7366084489161295
-13.42614718432892,-6.896497410808097,-11.594978726986056,-8.837877073025354,-0.6733589461052931,-1.9215532826609687,-2.5379336801049304,-3.8212646074648617,0.1190739096324895,4.5727447592202255,-2.834433020806882,-13.918679657420338,-2.020891162074117,-10.448510256442807
-12.062265951649849,-10.975761420643195,-14.909597582254683,-11.951324576992132,-4.151845884040234,-4.286080298487993,-3.7144017130011617,-7.292942888830084,-5.3801632308302185,-3.848890898959195,-7.383768930263315,-17.95969913858924,-10.15805145947773,-15.011980327957936
-10.476914197550052,-11.6108618772576,-14.933963913347714,-14.29526627980102,-7.455490386556375,-5.234188596807761,-4.384911418873569,-8.352339038555979,-8.524960630474027,-10.44163200898792,-11.34239071669623,-20.727637168678648,-16.440885237315324,-18.86421428929309
-9.551918574057405,-9.54449773883321,-11.867137544606376,-14.618505677538517,-9.424905038609324,-4.599581975497952,-4.342803320639362,-6.784459852042801,-9.173342052852798,-12.68062649140229,-13.776894679539978,-21.40077686397949,-18.30477915283592,-20.75198950942385
-6.1108490846416,-5.818279412681234,-7.679460251666025,-12.736500492945469,-9.581549910482702,-4.394072074255926,-3.732654489851048,-3.86053006099832,-8.582444465008766,-11.278980165160338,-14.770027239148156,-19.826302163249537,-16.107794013315278,-20.22215380209408
-0.1758394020723241,0.6687808564981756,-4.523261920790263,-9.58113037605226,-8.202744739131443,-4.074416615969031,-2.7939495981223663,-1.3507972470030278,-7.9340502746555215,-8.666345359531327,-14.785144579799354,-16.290295676803517,-12.121307655060257,-17.29443878069166
3.734402982456816,3.10318303018284,-3.107682587168677,-6.49950428516697,-6.046562525779374,-3.8267348537403993,-1.535608284446437,-0.3643955531085838,-7.288379457130329,-6.5118110374900935,-13.84565091267643,-11.282620400951156,-8.412888513283537,-11.98300480283817
5.99330959371975,1.084951867476884,-2.437485083883033,-4.457264377999692,-4.027123389989296,-3.917492520709421,0.2696426006534773,-0.8244888773570258,-5.858806360383779,-4.668233954571388,-11.505033307338312,-5.491057911299582,-5.564308836291563,-4.512778822023261
8.4239837190616,0.3054910233800019,-1.0103719317388222,-3.645039479797708,-2.921075091167425,-2.832856387790078,2.7105648638448008,-1.755942944482448,-3.1359609570038014,-2.161193145513913,-7.677299483996684,0.184393072960499,-3.0085358744134645,3.907304738570392
10.157480910029488,-0.7396393315032292,1.7592446891679128,-3.517916155001364,-3.034699532922974,-0.596240619104372,5.38589926038006,-1.9659296070701968,0.3975347516284842,1.2536577046439916,-3.327640620175824,4.911561158345212,-0.1491457989886431,10.90355904514536
11.949052432720588,0.0037858189761541,5.17800562807242,-3.079536116209855,-3.913995705919001,0.7221268477912156,7.555045432351864,-0.623326090487395,3.6670513423445534,4.759069684843386,-0.042466074922725,8.415414814920753,3.039251395612567,14.192502634844828
13.909837340654963,3.468559078028879,8.0866510039769,-1.329540378841764,-4.411861143209244,1.308529694978388,8.777221986325642,2.441873347254047,6.005425801726076,7.567140756112611,1.2991832250564137,11.179828420747302,6.3147244210849,13.539920932873676
15.61488469393314,6.63119978636098,9.840157940701566,2.153005971401217,-3.318523764295117,2.4849901321151933,9.416703294496015,6.655198813641743,7.662580968955245,9.978211514873806,1.4347609850589471,14.00991229198062,9.675693793500203,11.50590772194658
17.25589419631205,10.219988356362157,10.503307923667029,6.74900646530541,-0.2628681937138442,3.91156618943008,10.36358961930252,10.8125762055696,9.33962760788891,13.03529617946262,2.1660897164532398,17.238853203911862,13.312771317101529,11.780989768030413
17.769691563745322,12.015407761250716,10.328261400983909,10.933453023602368,3.8207174016926686,4.596552441010472,12.05767818730635,13.485723612148016,11.304998552908025,17.05255085616337,4.7497234431195565,20.29991582119718,17.106563005449782,16.16717790831711
17.041988967754605,11.398472524627564,9.343158098939774,13.182545735662597,7.17388042210164,4.623698614106448,13.71855844671657,13.678404570463083,13.013330288465738,20.659799720279786,8.730941567191689,22.09288239911026,20.40072494154285,22.837649653056367
14.64855576213778,10.441255294564272,7.565856206473645,13.095059616631753,8.393502170401351,3.05274807544428,13.668302008767338,11.381765824588552,13.541924559865016,21.57267105608163,12.295438824269288,21.8195103057581,22.40981486763948,27.62423404203787
10.190890642275797,8.414413636917473,5.451753022258437,11.729366103004288,7.397607900972138,-0.4593601798514675,10.649701653049071,7.582062895836172,12.326854294749102,18.51281374904124,13.722405805710189,19.539550466611782,22.77492386508393,27.35597659242994
8.86525325961099,7.466045402998562,3.831634294442528,10.68225177834146,5.385573541383867,-1.5698617586946302,5.0203214815724975,3.6332580818409816,9.501110012183563,12.46915023558848,12.554943251511633,16.03401096905892,21.59307335642141,22.32693114805153
10.854870077044064,7.954520292012575,3.234831892025566,10.634472827735667,3.8546939794170143,-0.2875193383977496,-1.2852025746869842,0.4578687014837062,5.682689485165426,6.09833066545686,9.598939385706974,12.25855190565379,18.991885997510785,15.78792151400365
12.520577252547085,6.709882407551658,3.342145250012412,10.768871514995782,3.5329538776776683,0.7258587225761665,-6.032916660291603,-1.780423004293047,1.6260340336713028,1.8423786408840828,6.129408321453522,8.959717981595663,15.01125590791561,11.15114562223771
15.032733484779182,4.179730911105271,3.29466730040458,9.749799589850175,4.083221267434686,2.39467792869416,-8.109089620969794,-3.324430378754089,-1.8832804095921327,0.4512396657478321,3.2625783633171324,6.661532615044143,10.167042828680286,9.581551417549315
15.136592152104187,2.697583186501181,2.639606700104858,7.366903587478237,4.665666201232757,2.1179032157241955,-7.949031223107434,-4.249290623349706,-4.00927874940593,1.0090193137831929,1.8418389525181589,5.725344139974184,5.96953413750239,9.930721769138431
12.151417677309794,1.8854782814601243,1.896162138879656,5.110022687064424,4.710245890832731,-0.5926419052212877,-6.837461124482473,-4.333090095066182,-4.107082312932149,2.071021955204841,2.340018844491058,6.173425290737384,4.326718272070865,10.495630874300709
10.584450409636146,2.9043469231342,2.052554441529701,4.893827215605727,4.22421580915926,-1.4652945732942702,-5.895238134498239,-3.5256126212269114,-2.2569069101869657,2.704230982035149,4.37951927157792,7.436562490226288,5.911534034984953,10.51010102319746
9.651495233124974,6.333812478268533,3.4729817945162376,7.079325257110213,3.542958066526394,-1.0264693159017486,-5.591130131393347,-2.4378913335478485,0.44315197082856,2.716822877518485,6.387137597411304,8.497676285137096,9.062055167572222,10.075181485720307
8.312842512525572,7.255932084045216,5.403795394845122,9.839004432056194,2.9394886700920644,-1.2429496247096776,-5.894220456410232,-2.137588566838434,2.378494938196928,2.3300489019061343,6.302481728265042,8.574716440168448,10.719444760612724,9.21038025895348
7.248249260575342,5.803601053276127,6.670305957134156,10.685845502045174,2.4672634716503152,-1.44066001960168,-6.603295880628107,-3.234892025426338,2.536940007038357,1.8733592819297016,3.293071227550551,7.815860004619426,8.9617404291285,7.540100105209544
5.659993895355441,4.009251345088431,6.847768983953476,8.76809640941961,2.0258429388130894,-3.3567915754860715,-7.483264164994534,-5.109882081821099,1.295466974051208,1.6559780133938204,-1.0182671715769036,7.250586556402276,4.809341941161752,5.027108579562007
3.525697194728848,0.8039006527617008,6.616478051263822,5.6357978170885525,1.4435750818887447,-7.362069426551564,-8.272000288961138,-6.202026497797297,0.0345155128656,1.7819499384821396,-3.4186531764774832,7.842420026153489,1.376026193593395,2.631189744174383
1.639870062173722,-0.4207934539393314,6.852796990764872,3.6571824401631607,0.5216977799987657,-8.576518141867187,-8.776347211854416,-5.324420412709767,-0.2032370959207843,1.8810952702412624,-1.8374073182763075,9.407136654971048,0.9877687203290306,1.7289054272156212
-0.1211507543861442,0.6512903974528178,7.404445605182309,3.657260799515597,-0.8388013956588987,-7.165954933597367,-9.032774162323763,-2.868371980810779,0.2134616223869718,1.1239464560113834,2.404930319335593,10.442072357396937,3.012689548279087,2.650194475442808
-3.662710898478816,0.1093729414911073,6.931758005388749,4.171545813445614,-2.4272629841299747,-6.336743436337441,-9.298688428197186,-0.6850266872797834,-0.2190917897378255,-1.2276522642827543,5.226918740618282,9.17344682869,4.535553398879006,3.950689333115323
-9.029441736298011,-1.3658085054874465,4.146159265961721,3.0559999626471974,-3.692420300323701,-5.160561784571422,-9.795007660395411,-0.5926782795740451,-2.6893190037174115,-5.098144356383938,3.1745471719515805,5.002503244785209,3.1949251586066376,3.472144034709668
-12.159388304643056,-3.1887952830768502,-0.6986454386683247,-0.2233891439551261,-4.107918766566933,-5.13834830139085,-10.43554052458985,-2.799409041826448,-6.786501983510143,-9.41559166171599,-3.35667016176426,-0.9045997500097424,-0.6322262973854862,0.363669024280747
-13.200488854830828,-5.994431049959813,-5.577143386936592,-3.968987394159851,-3.714778581611149,-6.8029117431722455,-10.8270047895839,-5.703734014950857,-10.614095355762071,-12.735344673579384,-10.178887904889743,-6.424593924805014,-4.379600953397235,-3.924552533352792
-12.644206232551614,-6.494350724346348,-8.098195491269221,-5.8971347947958295,-3.2641975465409683,-5.598010633274204,-10.53627512605161,-7.293803942038114,-12.24176452412457,-14.144115104691815,-12.852556946705947,-9.994528744704429,-5.88101635931293,-6.787204305672691
-9.487219831038368,-4.516477297692293,-7.380173048976979,-5.336915414861923,-3.6377901440465488,-1.73720635650353,-9.356130717723142,-6.864774246745926,-11.2250315379401,-13.674519562761535,-10.581478466728235,-11.550312785842154,-5.361879570237365,-6.779619402521547
-8.695019997291693,-3.698757020912734,-4.769200397460645,-3.77233099298174,-4.95467266678602,0.6914581936424058,-7.357816853566593,-5.469539188126711,-8.913878109605328,-12.022268208261227,-6.856887374921466,-12.171290660461311,-4.967177028320177,-4.94371036546712
-10.351261415696491,-3.423550163053682,-2.7810071077964684,-3.268740747798061,-6.235210149261613,2.399982793669796,-4.77896809195806,-4.724046378125559,-7.366978082670664,-10.035511021372177,-6.208024449162587,-12.88690880604113,-6.487182738861104,-3.878494597285408
-11.317600322342203,-4.626578595307942,-3.1515454132342318,-4.4453841778053125,-6.0833325647342384,2.4844163089892337,-1.916538557300788,-5.14022960022235,-7.809843102475309,-8.468224892865328,-10.024752782747417,-13.767143992599074,-9.608891748003542,-5.387085077785141
-12.66654963279982,-8.065282140411432,-5.553074494808252,-5.996194538133564,-3.877502724657372,0.1003082885823107,0.9273896372056374,-5.582445753168152,-9.798658418542034,-7.945990476954348,-15.248499326745398,-14.019141061946556,-12.296902384505335,-8.825507489602076
-10.843853383335365,-8.342184679422294,-7.911654403309742,-6.099964057274798,-0.3894943232143255,0.8060430028645296,3.525819767065073,-4.347939153117334,-11.593178832213818,-8.7618525851312,-17.047762160489057,-12.831014828678006,-12.741083449672612,-11.5990247226974
-5.218160012497683,-5.5679876885306205,-7.984412142689717,-4.198824833682135,2.774760752267456,4.471116203195857,5.83777024680127,-0.8296658871761586,-11.374648825938088,-10.465271892417666,-13.00195657840789,-10.117376336325435,-10.924282391118425,-11.31660894630672
0.7711536762581414,-2.0672243954716616,-4.972131477102778,-1.414698286956396,4.419805151454458,8.231688534559925,8.005718300024299,3.807055082356984,-8.466511586537623,-11.755670382679837,-5.128257277402298,-6.578349832065676,-8.462322117788247,-7.7278869437799
8.07861805041449,3.3381213716752947,-0.0372297797865641,0.6291697683764923,4.554234459120096,13.24014053725186,10.142179682868168,7.547111732318839,-3.791631271571452,-11.14316856970354,1.8159649759715109,-3.191570356293504,-7.111270535078553,-2.8767115997385524
10.76173746677426,4.559146988415059,4.534875458129516,1.2513321434785285,4.061606841710777,14.082262886588788,12.070634993411224,9.162057288558437,0.7114224998919383,-8.07518050555029,4.077216496685615,-0.6651456886524088,-7.438128715230249,0.5096756959917315
7.816729433803129,0.983302990148578,6.841173595228625,1.010844565321371,3.674234872980911,10.048019182777091,13.337387016270696,9.058518297956557,3.3329004966832656,-3.558156387523482,1.5418772900862052,0.7777719981255693,-8.708489513571433,0.9813345471264404
4.774763491270552,-1.537604011010995,6.454215032234558,0.7613960938925395,3.303216097732612,6.941822978209832,13.586531044893238,8.6405193264542,3.654201671131212,0.4372223756918814,-2.6036323988453987,1.3007889117882314,-9.761161133017612,-0.8345333431935842
0.0083202370106064,-4.405777930144578,4.407269609180403,0.6080025866544112,2.3357691141836376,3.489223185413974,12.957790930637085,8.89461554408108,2.6829320944319512,2.428007714983739,-4.505855432973441,1.2365251070637768,-9.869057229220676,-3.028707410754148
-2.9151577040858565,-5.493405130616853,2.214620559024535,-0.1409375290998618,0.4945725565342549,1.816034032766516,12.026112391590758,9.55578107770771,1.996336204990378,2.517750826301949,-2.3237017712912227,0.860740025023631,-8.924715273659611,-3.999299880246589
-3.050074918156364,-3.7665575499291593,0.7503068760208293,-2.0756896295469147,-1.6813636704588717,3.011050111060618,11.213982101579877,9.545074162015425,2.594034755191849,2.182419237023325,2.8901328815539777,0.2055330167705804,-7.1339311230897735,-3.5863525587396943
-4.668892288543698,-4.383482028042574,-0.165046662784345,-4.856465057536628,-3.228491785765506,1.8401885200765995,10.220485461046035,8.121056889157298,4.3383390693974455,2.9452100020435097,8.345104865605204,-0.9669241314057936,-4.777335342802665,-2.9977383787583314
-6.745434787531947,-6.752590124152262,-1.249650438633413,-7.314008539946947,-3.59908673419476,-1.0761606896587337,8.150276235682789,5.591011923983647,6.300770880263592,5.1196270170890905,11.564151217165056,-2.89340738472211,-2.245523244461605,-3.693654158392409
-7.490689142939567,-7.146425226965999,-2.866677523073012,-8.359001621092702,-3.098240770829012,-2.5674686699512046,4.408114700343521,2.9853999657244827,7.575212867322925,7.677254301859417,11.860030718577516,-5.353560615216605,-0.0687433445994258,-6.09679866981034
-7.291181812494428,-6.244454203345475,-4.577456111584372,-7.824462078712479,-2.5227425460805186,-3.3728671862237936,-0.4251568733137922,1.1364297819872284,7.854907503109793,9.242317107126748,10.405066263403626,-7.461745552772456,1.3182708942231471,-9.087919336140477
-7.280467007611659,-4.06040285866198,-5.525200464559653,-6.5230869541713545,-2.4187152100406024,-3.55833473389568,-4.694600441147266,0.0738636579521703,7.437252705251435,9.248509908272853,9.085711856593337,-8.084753507586992,1.8956768235764656,-10.708054607801074
-7.246228351591732,0.0904359306613655,-5.2587767584756335,-5.564884398606594,-2.6977622912920296,-2.6335959799253965,-6.871376182179958,-0.7952596355158157,6.84651863758225,8.279151863629501,9.098525402737527,-6.711528222488617,2.0580044473358647,-9.613058696864222
-6.630465435544458,1.882249861536996,-4.197162953284884,-5.56025651026658,-2.9078088028486846,-2.936145350099874,-6.840063747728969,-2.0326848842395044,6.4519020641165525,7.439094913330333,10.309475240496482,-4.039888203569156,2.217346065517752,-6.184166817602474
-5.590660513368197,1.2251788357972468,-3.2765245292689684,-6.291769019512305,-2.7744324173882227,-4.479487064017467,-6.013260852899929,-3.673429859909369,6.282559253784225,7.414819783616423,11.706656179280325,-1.6334413292559375,2.417055612915874,-2.353265536140384
-2.483275818329901,1.1518970193979603,-3.113386710527521,-6.989346573962845,-2.426656292526726,-4.754433387616363,-6.045962470737972,-5.227516064893088,6.029026533163222,7.973806463015407,12.340030117706718,-0.8053923978541455,2.372240987051981,-0.1920519811237007
2.937460176210932,0.7403996625380316,-3.506687869948493,-6.934793944940864,-2.146071690419681,-4.144076616543712,-7.309098009376434,-6.0545181904539405,5.176310980769312,8.138039000426879,11.79949286588814,-1.6642758974876202,1.853786900394077,-0.3893472776089837
4.883361081693614,0.9681268514778912,-3.774820489780588,-5.978787451558056,-2.010262710165918,-3.232089004937205,-8.590655891455675,-5.800028487272197,3.2575198837746697,6.770289453322533,9.916672942955335,-3.183677511585472,0.9381653821069024,-1.8946627940777887
3.352966979907982,2.257083779967756,-3.571023730408037,-4.628754101097755,-1.8534648606763824,-1.5932422444951475,-8.323184748326383,-4.662756067467495,0.1749320815613018,3.221541532093852,6.359555888995956,-4.218634789362223,-0.1510222671026824,-2.9851874396892413
0.0288792375006845,2.803090907592673,-3.2971241897832044,-3.616301135181004,-1.532647715639012,-0.5645346494487244,-6.124617983041858,-3.3750329149335627,-3.579418314755316,-2.1759413455611423,0.9813702101262364,-4.486079493713106,-1.3338462554499273,-2.73010028250129
-6.530185670742148,2.893114597267808,-3.6280237651704006,-3.222818827929867,-1.11117992502718,-0.2225434867527572,-3.145480731480476,-2.8574174808250845,-7.008139695769007,-7.975548576342565,-5.197046947163258,-4.5825784458505545,-2.6479540663289285,-1.530567237715001
-9.21177958368652,2.665786476253955,-4.614560223533601,-2.9269685849334195,-0.7002154873165587,-0.23740752600294,-0.9583885654102602,-3.669739946450079,-9.059650177148209,-12.108380473725052,-9.624448795424286,-5.103519245373501,-3.902414701195063,-0.4025359384534042
-7.633520486093884,1.8119576246346387,-5.351539589757717,-1.798228660295912,-0.1733266396331387,-0.9746304691149922,-0.1878820247177017,-5.598433712268509,-9.251686204858384,-13.01793872930848,-9.539455043428877,-5.836937676005828,-4.525224104750002,0.1007013566940955
-4.503028640118416,1.3956933026899707,-4.679189848815007,0.568709774701599,0.7996837391311615,-1.3406955842791126,-0.2297247884217554,-7.727547236143252,-8.062693514174732,-10.83254196258184,-4.352343816446961,-5.895151266130924,-3.984455515834931,0.2255120667727368
2.049498739491799,1.4023207967307336,-2.3083341278854377,3.408974025522909,2.3034492641122637,-1.342423207294386,-0.1630767211333008,-8.988271513931341,-6.711742974922778,-7.570570447929153,3.075656626310913,-4.628059363002922,-2.449853082702344,0.4661131660462985
5.648475433903218,1.7758353268630651,0.7552750544976767,5.185471900089134,3.787209985388607,-0.7927862647629869,0.2779912459591749,-8.749441495103415,-6.305527999477317,-5.867364722021943,7.952453054141863,-2.315214562731459,-0.9005471538919316,0.9478369844779202
5.961527709078169,2.786603855201491,2.977497946117847,4.88221411440734,4.30851259566704,0.6137520516479918,0.7086953765602182,-6.982118949569664,-6.881015890861214,-6.956006235298133,7.1172254149900525,0.129360658762824,-0.3381896090209757,1.4821926729441692
5.249414576867416,2.798717838558392,3.5748077148463047,3.08387505495222,3.3784223009678485,2.215160114243103,0.8916777506327662,-3.989548073299531,-7.163538846037806,-9.525279591028283,1.6988589886595875,2.125462860467568,-0.7577563222490689,2.0918252014598764
1.8514337213332528,1.7815925011858853,3.1128505516788163,1.722997393111214,1.6373571785206078,4.169743132925093,1.2479308626293193,-0.1449753078372726,-5.463570176661484,-10.590150377554798,-3.668446821646974,3.989739950062255,-0.9758890154584794,3.183945284768326
0.5011931482715478,0.7361382931335931,2.8882411787238595,2.5065563183697925,0.5576714517856924,5.4915527374773525,2.409698321797281,4.015575019262782,-1.167099216816176,-7.856442261600261,-4.672626204638856,6.413559567017913,0.3010707817453344,5.010200519780767
1.358162823113965,-0.6988836918031156,3.708260055452538,5.330128888473476,1.2358988050762267,5.997589460566515,4.329463608975125,7.562840589182,4.440043733795648,-1.6731874779088578,-0.96141576267706,9.363732810751474,3.063862660002828,7.013155646053924
2.1814924698012783,-1.685588939285616,5.1923169805569565,8.17092799222915,3.309485177596999,5.392583920790867,6.031638285428174,9.359926179918578,8.909926027366147,5.105713828036471,3.628386996059668,11.627740367147007,5.6667343619049255,7.942919837832697
4.083978083212779,-2.064175077763414,6.15653555453883,8.70837541382361,5.085280959467204,3.2722643756731755,6.404093083299729,8.823841274145797,10.486926144763306,9.284064702661215,4.487260801176491,11.662809668429327,6.109543368440086,6.837300375359493
3.7899499508449113,-2.8635072375831494,5.639292095314314,6.323802645539395,4.91173605658773,1.2343160960631092,5.256313672083444,6.637205569407702,9.50848646878286,9.713323654993957,0.2821289514351512,9.064881182996428,3.9082640124433903,3.956935785863137
0.9751523169447,-3.879740619291737,3.645276741314486,2.687910763173532,2.62006991182903,-0.8786888785116678,3.5298815440064177,4.5353794796648845,8.05400412607293,7.9431858220677425,-5.909539065496744,5.2252002085117,0.8016696637077434,0.7003829912617543
-1.3745307505296465,-4.498377028869161,1.0637494938150045,0.3513465108116724,-0.2884653593284874,-1.8313110335091831,2.407653196803412,4.043693906147649,8.105281374515346,6.695397361985625,-9.288547646049,2.4117990901429573,-0.5252959575735101,-1.4908031754645972
-4.005099375685175,-4.821393824559543,-1.0334181078769245,0.5589812130096004,-1.9050176703364343,-1.1562407615305927,2.214908969090879,5.163106517895917,9.880263754753638,7.571614177938942,-7.396973973086797,2.008891480210403,1.3002177251334324,-2.2109640725263877
-4.445992249816866,-3.9119070893531274,-2.081614811857388,2.245120061954248,-1.4708968405321066,-0.465182323140388,2.230770992831084,6.300689954394366,11.842524725611606,9.955528824315811,-2.0423935103889512,3.492580055284272,5.098365255949748,-2.1565021474947086
-2.045051613065564,-1.54975471775706,-2.224074480131855,3.108783847685162,0.1766588049715638,0.6820812020240561,1.5984855066657282,5.715064073467658,12.290821019983884,11.905481734322247,2.393245368020233,5.045691934080764,8.064655666014334,-2.2111381152969205
-0.5042574790500128,0.174060173537371,-2.0056770459213507,1.7628538106726523,1.5856493608864,0.6842084395979405,0.389959890861185,3.256140624075112,10.94606319326097,12.060425568411706,2.5822637723234223,5.162850294356,8.053473186942243,-2.551724577587306
0.8265449653622495,1.4281987869379626,-1.8973731976911736,-1.0334462682423045,2.0569398361713382,-0.8035250501869611,-0.3015995537881082,0.7174973346165174,9.02769175776585,10.77710691145264,-1.323076871186327,3.707413099547136,5.175470948435656,-2.705037797576768
-0.5685715470650184,0.5592135421613502,-2.0269492674190026,-3.1763136881360303,2.067500528472113,-1.1870274130357763,0.5889325614927259,0.3010562909839791,7.834564055752409,9.540258514601556,-6.289576829808844,1.5345423351942031,1.3575556196723824,-2.455174415395476
-5.587048090245187,-3.0837855353832926,-2.2682320420692577,-3.252618304310761,2.4401875884511988,-0.825195891527684,2.900657475651485,2.5069292266101577,7.307898250227865,9.326654013466523,-9.165703022919477,-0.6964275411849314,-1.547894407594832,-2.567769881065121
-10.725507036533488,-6.056261355006794,-2.540106550248275,-1.8580853614310728,3.2169297204283325,-0.1506647191718122,5.115983778456474,5.44340084951293,6.039249581421679,9.54670359215234,-9.104359554790337,-3.109748012929966,-3.226811179603903,-4.401315511832713
-16.811583526203528,-8.831309516218333,-2.991739390755715,-0.9563550690523428,3.4436864170386485,1.299739650179909,5.54066439488588,6.3280036473594485,2.7528985168596662,8.586392399415146,-7.759444376923177,-5.944823233676821,-4.6363667152636125,-8.565795384961902
-17.69100371225641,-8.6955061506056,-3.851747645824737,-1.9169455991110809,2.1034300372765813,0.9756272746063182,3.7834754995088353,3.9075297984976345,-2.171082413663377,5.426686067270587,-7.420894663371072,-8.46854259024046,-6.487223085894314,-13.826095727334147
-12.2600867692054,-4.702313891673062,-5.04398352337806,-4.121159560290224,-0.7399120037842621,-1.2593191954287708,1.182430186904995,-0.3856636782066047,-6.659057613811605,0.7879600264101114,-8.867793772346019,-8.911174328601156,-8.138492079134267,-17.41205676404786
-5.787643909348142,-1.002171408938074,-5.954425114179045,-5.4600057738669605,-3.736724711290705,-2.467973561707225,-0.2523659190316891,-3.593054190547498,-8.548552124855718,-3.294377594974818,-10.705387356304918,-5.855941092675735,-8.032699556343054,-16.742295166752356
3.5031153562704143,3.2575437545245216,-5.67918865309376,-4.242276388248264,-5.228769190314836,-3.120438157253163,0.5217218519149895,-3.652853448204411,-7.434720638466558,-5.075930769825419,-10.580094577161091,0.1253898045462946,-5.203554089867396,-11.30619236182961
8.592494422736104,5.900032017093431,-3.676558837212767,-0.7294904774977482,-4.539128191098492,-2.62289612929336,2.7601267049048275,-0.9561389026025466,-5.068607367801988,-4.430966738677789,-7.179274990129819,6.317269072277298,-0.3709967729361523,-3.2112586752750047
8.342935081555728,6.065876447203244,-0.3309436914406234,3.0747387225407863,-2.4498476356837315,-0.3640550822010335,4.563190609179216,2.1888065875825475,-3.902577815810688,-2.7695066491805065,-1.417281050740499,9.64070543550062,4.382223117764063,4.0805892174330864
8.913060633730424,6.878245086299612,3.082966484498584,5.09885437364094,-0.5100971898723827,0.6808098874241111,4.317143969112131,3.4904090313870384,-5.074594585840401,-1.7622712725048473,4.0852181761232345,8.94449565764333,7.0080366378372645,7.9036322392110065
8.39905528063236,7.596572370403201,5.1080508075511375,4.779387903814303,0.1616220126063439,0.6991701874367904,1.7155428777923234,2.235354212326328,-7.64052430086128,-2.108853365750562,6.810767087470978,5.778234185373066,6.757878934648183,7.889216013802681
8.975475415101226,8.221019783292599,5.022201973931438,3.229918830887861,-0.4313964452148227,0.4848117580777629,-2.3127257534119394,-0.6571852801460025,-9.6799261376376,-3.352727285595833,6.074263669850751,2.9612283264876424,4.430511665007963,5.877262448431466
11.45695846789347,9.166485679887389,3.320484573024736,2.0922072070859983,-1.4372856731460644,-0.5807843652872544,-6.414783834442396,-3.718588317558869,-10.126210978083336,-4.629580281953025,3.3843830313013896,2.284920124817482,1.6950379546798755,4.508284789692581
13.933397064648672,10.527099374837016,1.4241050703935372,2.271081328879092,-1.9877317757164332,-1.1492358225909065,-9.527418949861826,-5.940348392259011,-9.53275046976119,-5.428684858947278,1.2139306565948118,3.413708941651976,0.194579257702415,5.585565065022621
17.195694941854512,12.515159198226971,0.8075259498480776,3.5890196025064185,-1.8034563052421009,-1.2030458268924475,-11.053814561185192,-6.970907464662169,-9.128049815958905,-5.689160715285205,1.1844176603671317,4.797678562489658,0.9552039985765788,9.21501048717608
18.638808609215197,13.57553662626884,2.099688481223182,5.326265528036792,-1.1494817541163869,-1.2338953277602578,-10.746687413953836,-6.77853415577647,-9.277894659527774,-5.421390021726566,3.0738498806530146,5.44870401926854,4.111892592341576,14.017637032146304
17.94691411618286,13.714751507035931,4.710886552217893,6.845320701976455,-0.3808635986875472,-0.9323279972344684,-8.726165314359179,-5.468695361241956,-9.050480179617496,-4.517182528295308,5.305593398175432,5.7246728688189,8.783664864817908,18.02432572608602
15.53263972429516,12.096477650681685,7.208698889672384,7.7308836143565,0.3720886828223371,-0.4137506626192844,-5.649234444035386,-3.455637837227492,-7.356229697086213,-3.0293500961617,6.336827665943851,6.456365584412033,13.196329780835208,19.6488909002736
10.563386675534124,8.211535296023017,8.214516225007856,7.637064378860693,1.1159551640336716,0.349223414029093,-2.647965634904949,-1.5562943210163525,-4.39670999443134,-1.502015411837526,5.732580537558896,7.551293863451107,15.34044501176966,18.33132711827301
6.873400495016696,4.727933526473095,7.255506106139592,6.340942445627441,1.7367686018663235,0.6731189446805997,-0.8081568304930684,-0.6094669636193615,-1.7660017781328747,-0.78023058302999,4.172472013656645,7.733298770485462,14.098884716948028,14.71411461882029
4.483798688769924,1.3954059845627682,5.001950919690763,4.051546535649543,1.9679944239877611,0.4850405967430659,-0.5151119719622486,-0.8529411975382573,-0.9595399447980242,-1.3164064780920128,2.643603285966257,5.796407235728957,10.116295881569862,10.338312789712198
1.8233195065330277,-1.7949008077727548,2.71266103923854,1.4886998427375175,1.6601940672466142,-0.0746672274551932,-1.271515687219399,-1.7118515225498427,-1.7896131543652984,-2.6472262616592985,1.6529857738470568,2.045453790753726,5.51062120386473,6.893486184592852
-0.219616363444386,-4.261050920407706,1.290545563930074,-0.6037445373415267,1.024061518455092,-1.2237492258415508,-2.2136769485069365,-2.3096852641925523,-2.422161649009446,-3.665442217727104,1.029839265173749,-1.7097677005256458,2.330061606802765,5.240114359861806
-1.954037854103744,-5.320651753904807,0.675966320040871,-2.1198962475185112,0.512123489409241,-1.873816760448188,-2.876510740925504,-2.261189200551783,-1.154843931480201,-3.5542208896887857,0.2446927444890292,-3.771318374986365,0.8821394132695772,4.740389264752707
-3.345195610682328,-4.58556413501458,0.0576756085845531,-3.653870111720238,0.4093973427361987,-2.00098089788676,-3.503858114859959,-1.979021161035384,1.7452487154000167,-2.545837706228568,-1.1622456660040896,-4.217231321936396,-0.5208756574063074,3.5333502348815813
-5.266156140690836,-4.050561500020842,-1.2966575974284282,-5.730917412056151,0.5579240406180404,-1.98166310647506,-4.650124615056804,-2.20101197018488,3.9929777276371463,-1.760395260260438,-3.304698127236307,-4.879793404449657,-3.926455539892857,-0.1031579588779081
-7.832854709901153,-3.481259376166038,-3.318022529999773,-7.939837118870948,0.5228278633598116,-1.5454513737340148,-6.501741697930125,-3.220380275044473,3.2173024301458213,-2.2049067475954267,-5.845362085502984,-7.533368601183323,-9.508656390038537,-6.101915152418165
-8.225277662537971,-3.270075824099168,-5.141451445334361,-8.97156805791202,0.0376751158184411,-0.8551320235048986,-8.565495961206885,-4.570755361182847,-0.8127606640270812,-3.803548592233177,-8.069497955914859,-11.991000940141838,-14.81503337249856,-12.049593682337369
-6.462780745443048,-3.865874984707492,-5.795162959564273,-7.717180881658127,-0.738578399043508,0.1221880401932298,-9.955531299083908,-5.431926855321603,-5.675275368173235,-5.333932725981576,-9.212764491770784,-15.963623604633316,-16.423820303275253,-14.543355845360352
-3.071220929254851,-3.83706981280272,-4.929082735593443,-4.434117438455981,-1.4123561960959172,0.9400365952583998,-9.94842015305403,-5.313712618351786,-8.003300676370582,-5.3653477204259445,-8.96095050700352,-16.87555949588688,-12.771917271163538,-11.732538054709725
2.67058006987667,-3.3916908968475146,-2.962181522178252,-0.7905240863258705,-1.7664684000105666,1.5379566982273412,-8.339569198092672,-4.366106923429605,-6.013922258964524,-3.433267917046376,-7.745050932925915,-13.99823192571921,-5.729595149979421,-5.060880744017439
3.4910405477429447,-4.005069700688764,-0.6276763879716398,1.3617809701907593,-1.9409050436472164,1.5182299790838505,-5.460166076936924,-3.1014556132072237,-0.8248473076083762,-0.4856507242726735,-6.461628543267594,-9.023581196883054,0.5109358778360225,1.4154993480687672
-1.0955195027348714,-5.566461562187761,1.5470300766806009,1.379177778131739,-2.2160902758618004,0.6816106160045479,-2.038563208930176,-1.89867300522894,4.400659866427091,1.7503201961443668,-5.749180172185303,-4.7026387770015,2.361592024408962,3.827372358452701
-4.843998371323647,-5.987189693262752,3.322914967596666,0.1063644958909098,-2.679959251150338,0.3393606347551119,0.9489213856992622,-0.8033922176243822,6.692727954146196,1.964138566246402,-5.4796615232382,-2.879209436822197,-0.8057581610569633,1.2212245985650003
-9.39679420926351,-5.412849412396162,4.443812901788444,-1.1354537256482864,-3.167976853287209,0.3983790541570985,2.5376320449839462,0.2495574958033279,5.165992059657191,0.1058623242615839,-5.015601146497113,-3.5686084414947468,-6.645223887442522,-4.007742121755463
-10.365799855509838,-5.011364072419719,4.452743130582686,-1.783096596418533,-3.5103236070103803,0.0386145547785037,2.256044857923928,1.1353720162666443,1.3144450160016827,-2.681641336541105,-4.008492632307272,-5.54177118160413,-11.862943319396235,-8.24636593117972
-6.505174690026404,-4.394527706184243,2.9961276060776005,-2.282696328650605,-3.733886293217845,-0.5184881278618461,0.5968849025434713,1.56733492602403,-2.221782082168329,-4.858400154718225,-2.871359441715639,-7.503792168459881,-14.392708173872704,-9.4362142512035
-5.134307669294345,-5.358731924675641,0.3811550482678285,-3.232449219206088,-3.921576485210677,-1.3325108898522082,-1.036767667679173,1.45659883310898,-3.343996977286954,-5.354095809882713,-2.3302254024544915,-8.709911438815084,-14.058981497180149,-8.164027747465342
-5.139703660818557,-8.202050197321796,-2.2517916667684146,-4.439559353777672,-3.891987380062973,-2.517789472252188,-1.167684773277415,1.1772206754715508,-1.5355469375615032,-3.979795225665187,-2.4695430802291467,-8.760729583995388,-11.680348700347942,-6.431919334395363
-3.399513688720525,-7.647562111316689,-3.503618952259254,-4.94397166921703,-3.178900929968668,-2.3890985133301,0.6080402360808375,1.3374602581009327,2.1440128706312045,-1.3389229319123137,-2.347258051141079,-7.2504641044127744,-7.925174676679205,-5.558240015564367
-0.95484130390089,-3.8085608158341007,-2.665125931493405,-3.9688047639657,-1.5163686205645472,-0.8447249766453117,3.1342428891160115,2.177389886901228,5.816002248736455,1.5015489328478857,-0.7517873724921138,-3.930748909870719,-3.114344360951698,-5.193841945904017
4.11501856676483,0.6356848888617759,-0.2213970143673354,-1.7316438964734342,0.6082637157034902,-0.6590771967449992,4.485185080997386,3.20265444279374,7.772045318375332,3.402097910767869,2.5638590425431698,0.7550442793435757,2.1229232681314016,-4.095144902219444
12.341625797048904,6.812486236101309,2.5634774176924395,0.802345619180457,2.052210864581077,-1.5918758170668248,3.5887625530768315,3.5475322537668443,7.30026123405543,3.619700987114188,6.47798671303112,5.523886930306471,6.4667522544033,-1.5729948339461437
14.609143178803862,8.732328602194066,4.615370768255886,2.96557217691954,1.943850526627557,-1.5919910903534198,1.379560385226716,2.8465599857343413,5.068488443170708,2.29876233922805,9.4801462007016,8.942367642725321,8.603353588759004,1.8759153891941016
10.773749289693162,5.664267914001154,5.693181459792591,5.047896299020437,0.6865129041905504,-1.0854538814161565,0.3852578681845884,1.7732792357671414,2.8256658674114554,0.6362802824140736,11.126707749624549,10.48744092748855,8.476547258564636,5.160088273221206
7.060711761579924,4.328308237996342,6.16976113109164,7.752581860710887,-0.0444341057226509,2.645668519920843,2.8719656139058216,1.589040283115832,2.40210109316606,0.3318220507927663,12.439596328703036,10.972395772321292,7.689989586149405,7.534945940816378
1.4940937685416875,3.3696554657752498,6.282861777857775,10.953368083424095,1.399479606685805,10.225035202830815,8.920577334995532,2.980636380408072,4.479633775061416,2.436275975205458,14.699133479688468,11.794450957522963,8.304101303256036,8.882340590679295
-1.5695923049037257,2.214898847287796,5.706883279032464,13.131961460536951,5.040821607317312,12.398459391655429,15.986152300480374,5.243651066761828,7.980973331530876,6.388673916979467,17.76864659280523,13.550366280620864,10.922856580312246,9.266904794677792
-1.0678286416060383,1.885252413242592,3.929475196334224,12.30829652636926,8.87151237529459,9.312509812698456,20.395529218134637,6.6534871833390845,10.669653148420345,10.131546121254456,19.730842189474615,15.25008614406994,13.90875443321713,8.550870079086838
-4.128023898075858,-1.3771845679047263,1.0401558563762163,7.7765742992929745,10.20776926816216,3.787347394942815,19.73706802293466,5.786887747702107,10.666771052344952,11.418093107307971,18.43453899014697,14.946551199002418,14.666367972761702,6.64308746026969
-9.745689748984868,-7.600083745118975,-1.95253357628976,1.049292486353572,7.778816406976691,-6.372441356187192,14.40341329628085,2.6683702113156222,7.79141282626512,9.384391700710822,13.620625393496738,11.395070131204452,11.948858051136945,4.048206306315073
-11.578189243296736,-9.50994301507524,-3.730734293003884,-4.961765248743955,2.7781079716666213,-10.132252343182005,7.212577806394229,-1.2082479279978848,3.69865193739772,5.148809391727305,7.557628575583568,5.398201091382489,7.061598161846785,1.9096896409002757
-10.35181280937872,-7.381872027612983,-3.719500072629554,-7.915002963842582,-2.0292401580629797,-6.809932784902324,1.4839276755405777,-3.898972284240472,0.7370196844585237,0.9849619815417868,3.4185966291234635,-0.3578312238720436,2.8315131642627627,1.2896940990827837
-7.494654405426326,-5.1413148858900914,-2.5906967979007582,-7.533780674358283,-4.357542022337469,-4.5141101388874,-0.9711197928386994,-4.157272730346957,0.4464047459614235,-1.2070562368440534,2.7820127251987508,-2.9929896782904883,1.3308683918498223,2.3399642543057557
-1.741127703696348,-1.3085705670682033,-1.6903602408188654,-5.472836750691968,-3.88778361506516,-0.6935480376962049,-0.5697170039456374,-1.908342465721724,2.7878530409957705,-0.9199853379863504,4.535266484313475,-1.4214977026690256,2.4540420535411087,4.20977461832765
-0.4569439162984258,-0.4624695519302488,-1.8745923780788976,-3.832919177457107,-2.095130724364584,0.2758190170986883,0.8873297492208181,1.9882353827900336,6.471285640537122,1.0636740100129811,6.154831994415343,2.869829008896307,4.468087766634412,5.756768877824605
-4.112787043188347,-3.345061729376021,-2.816952606016958,-3.639869927638415,-0.8170766495247612,-2.846376195886288,1.7426012421058097,6.2081197100548415,9.868706717564752,3.488166949814051,6.066686595623178,6.843520835303004,5.689665247953748,6.287346704072505
-5.71374010332847,-4.006139103362967,-3.4213945677615563,-4.425502272304751,-0.909033430719976,-3.47411078312992,1.480701387956131,9.338081553213732,11.745459156303518,5.295970288516536,4.79541897253602,7.949033053866255,5.538504299855667,5.6274597088981295
-6.817851596691343,-3.473827049017341,-2.931354064641212,-4.9951357698516965,-1.9808914879727624,-2.748020732771434,0.6397819887860265,10.242940470882711,11.474573050352332,5.740202961070519,3.878665322529873,5.665679105749767,4.1836840563534246,3.6971328769784257
-6.4105453477180125,-2.6328794340470223,-1.6744111024584356,-4.5538799120822375,-3.108120987803126,-1.7397609145292752,0.0287762538892586,8.54746194925605,8.954704523031204,4.25500553779781,3.8037592708004055,1.5102794100780663,1.629933323374047,0.3555111042527947
-3.333926367046478,-0.5244391945576674,-0.7491370662961678,-3.273056422645777,-3.6728054835180295,0.5816923548636749,0.0621876125921758,4.987405262899795,4.571187376998218,0.6020101535946516,3.212414210496215,-2.3027691617347976,-2.4242009106108746,-4.14306111623889
-2.987399490800523,0.1609186171444875,-0.984917318227847,-1.9962229871620387,-3.6582412258721497,2.273728781563452,0.6575159704279514,1.1774377500397115,-0.7658950539639733,-4.685051366569191,0.305829866565336,-4.399575314572015,-7.72203820870476,-8.66717314808486
-5.053190678355711,-0.6025587183273846,-2.193345071026446,-1.4831130544535365,-3.3887281487102605,3.3710985385645578,1.497605107253353,-1.288363968539354,-5.766433184379528,-10.10370950455495,-4.929581973293672,-4.864500548495121,-12.70718775964208,-11.541812505690464
-5.647476450447151,-0.8747680628591175,-3.413899647444513,-1.8451790936501065,-3.1403842247427285,3.9500579434288383,2.223543579192995,-1.8361726982324529,-9.247644531546529,-13.72608980410664,-10.030207405260487,-4.7089750385294575,-15.09420068057238,-11.700819953792733
-5.651793087351242,-1.1819315987371393,-3.873702434554204,-2.5641336287453,-2.958639090111525,3.540342973779516,2.4412969096579644,-1.2106330501647733,-10.731597865626394,-14.28052801162328,-11.852918723877488,-4.870020865003585,-13.57929984831176,-9.636923111922783
-3.408056457136813,-0.8425536281648728,-3.7011903335942087,-2.994487653540766,-2.7002449616599726,2.4262241531046373,1.796969316621453,-0.7839720648029562,-10.666247552097392,-11.944885952847011,-9.364604091061116,-5.607621248522843,-9.164679589643072,-7.123436312643291
1.856577827371077,0.4568624328664494,-3.71346755637248,-2.909420421231239,-2.165302430887113,0.3917611516373716,0.2847621665619044,-1.4185084399269332,-10.003807299346944,-8.156740025778335,-4.8136749268781305,-6.608643066967359,-4.69476498439942,-5.819186488580952
3.2148571181133083,0.971054464382055,-4.529289434359301,-2.6640048069641047,-1.247575194686778,-1.3331277711224203,-1.5021048715599736,-2.8216762161180604,-9.43047978818377,-4.573394757097265,-2.0437796489530182,-7.439648302277085,-2.789411997367747,-5.990362354178272
0.8194598721832819,0.8662912067324682,-5.901482908978673,-2.8622613754012214,-0.0849696714556191,-2.686830572111238,-2.6467121679448766,-3.9146171109189822,-8.91589884813441,-2.0585396595713963,-3.327738343292813,-7.830338554993821,-3.898713629719016,-6.508812153027044
-2.194604685987556,0.5474971629856893,-6.904512000133062,-3.790850404809581,0.8851214594152861,-3.847273223076484,-2.7097268052371764,-3.867223749610172,-8.01692852519265,-0.4940468084798617,-7.504925294822083,-7.649869438560925,-6.171794332362456,-6.080012433569925
-7.326742250421056,-0.3243556982531508,-6.762708967302361,-5.066651639283471,1.1144196428054285,-4.462282159910581,-2.356515961590976,-2.8784200603939603,-6.647538075219536,0.6032785710450739,-11.065019452329102,-6.837762813461636,-7.201860326628182,-4.526684736770063
-8.388969500973744,-0.1157667152173163,-5.522064808451247,-5.808363718666619,0.3585301033594366,-4.274021751310657,-3.02331241957057,-2.0044145789914527,-5.492745601992775,1.4145118935015688,-11.17618033482866,-5.524850869050985,-6.024120553430004,-2.980559677061409
-4.712377210858519,1.2693689333655005,-3.983519247145359,-5.265601709754731,-0.9844654656611044,-3.102212361934856,-5.6580115988480095,-2.179807058340751,-5.498768567964275,1.770283100699478,-7.959591873964621,-4.20665202770145,-3.623028508398445,-2.893354743714526
-2.8170674640617284,1.9671529355422903,-3.0383560061155137,-3.455408012145967,-1.9868724376854927,-1.6311272710572002,-9.583698675720514,-3.317149896365337,-6.794668317149336,1.6229517036925616,-4.106576502356879,-3.6159205382472512,-1.7172846385660288,-4.796270476486371
-1.3244496469369729,2.283529423684468,-3.0338509903453392,-1.267990497873487,-1.7942631323880516,0.2602032947307062,-12.645650460581583,-4.3339395272033645,-8.123520602964525,1.3545189849317385,-2.404890794167204,-4.202060135573918,-1.1949820581553574,-7.8263365089276355
-0.5963769862502531,2.4513205924546138,-3.646561780852114,0.1509147181899823,-0.272792884804431,1.0523258421243458,-12.74649309628176,-4.130157594960728,-7.5726337000632515,1.4782096536372338,-3.5225951173702086,-5.620561603431538,-1.6818497460104955,-10.27601098124456
-1.6834937295745311,2.150139720273768,-4.219077073117228,0.3299160784881119,1.8696376397694496,0.474026936178792,-9.56708316600559,-2.6490562362481027,-4.2085231128176925,2.062772640793571,-5.896937947337003,-6.79366021628306,-2.361362401977414,-10.625011867994022
0.1276740440311595,3.2405539947656874,-4.184953105794817,-0.0690302435082461,3.622406771204168,-0.2670159760514441,-4.976804615396225,-1.031408494313257,0.7703907673703558,2.5918620139546213,-7.454253950252158,-6.660466780701708,-2.879827842252407,-8.324184276900931
4.684904425110469,5.810782149941276,-3.2985831509818664,0.2402132548292277,4.391941623177445,-1.6221766512665792,-1.7075700218934604,-0.679638563090974,4.530106680863234,2.492921578909824,-7.3170910991256,-5.0566565927540434,-3.3247702800101724,-3.9872651195430846
7.19032183118731,7.105093968006833,-1.6607985566105312,2.027763816926946,4.264929077768421,-2.0510014048567182,-1.350921370317165,-2.0495814811304864,4.550127548803358,1.7804026882876849,-6.05053535677957,-2.928321314695671,-3.539095001488501,0.9160223043831082
8.338166067635226,7.397741425878466,0.3505468957755201,4.778502503538805,3.6624981820245233,-1.3258003718012814,-3.2967983862717096,-4.236134266321768,0.5369521009055025,1.0913515229522217,-4.673204774444915,-1.5943144023505678,-2.855996260012736,4.650280663272465
7.738975296919344,6.816078638405357,2.2223544284779218,7.073782861976216,2.856801305680036,-1.108625002343985,-5.396134272380088,-5.69326667529399,-5.223876405432633,1.076953084561504,-3.734114095293231,-1.6138073507901416,-0.7489975724832019,5.954270196811227
4.394673547447866,4.760056232320146,3.5490280607252207,7.860660887034719,1.9023682214356348,-1.0289969755683452,-5.696069561353941,-5.431635060235742,-9.351656979258465,1.8430368910007853,-3.26223747329054,-2.2204591140440657,2.3480529852823104,4.751334385045072
4.15578665616359,4.633106829766056,4.285897367762397,7.435420846701012,0.9825249561486262,-0.5575330750629484,-3.813854879993936,-3.6901260054112512,-9.545938789726932,3.029652959981771,-3.1913816256613834,-1.8506482850128307,5.138122229490203,2.4237646092468816
6.977881658914718,6.491691293814373,4.795026483646637,7.149620406687018,0.6187305260908453,0.1154299125427369,-0.9677755147880412,-1.6214421424821714,-5.903057891202304,4.314035382391778,-3.458364604590888,0.6287235472671304,6.54429919066714,1.2131288736486097
10.718439341718938,8.265464712370163,5.565121734896218,8.053941491886684,1.316455618863321,2.7471235646144283,1.1558776547775065,-0.3675416067628418,-0.6107229481472425,5.611767826216532,-3.6937985255258425,4.988950595545457,6.654083708909532,2.8076374721241306
16.72812379323595,10.701386728254306,6.792967699551904,9.76977746066266,2.921704550990186,7.575525661864391,1.6801786907425318,-0.2817413714784091,3.5605711847137864,6.7098038001926055,-3.17705285463588,9.755037693133112,6.46208762251541,6.97503944706051
18.43090534676467,10.461865780513504,8.198877672312472,10.717933101101073,4.438141410142138,9.588647031169838,1.0228689170036858,-0.7870732777621159,4.89827948086119,6.935368993860262,-1.4422250605387623,13.2412115606527,6.650881440418376,11.411435571975083
15.316706770035958,7.050752339957225,9.26396460916223,9.539804111982985,4.688866198143256,8.89088442706706,0.4120712961474275,-0.8392956786266366,3.587383416717412,5.592618305955522,1.041261408141617,14.641344239087609,6.74081687094485,13.237196526030852
11.825000680970996,3.690524426335194,9.67064390688688,6.387724602518656,3.3211471360078733,6.150912147821466,0.9710552112494222,0.3711791534391659,1.3910808009490552,2.963800088061108,3.033425832281744,14.334798592282633,5.583916982185601,11.189675850610287
6.337840817109736,-0.4727139699849307,9.52202619505896,2.8804776225612017,1.1951701475161045,0.101002754277381,3.057887774714027,2.873594683637932,0.4174126165198633,0.7048795311937956,3.593094353282868,13.290071569503814,2.74145206229141,6.747643743007258
3.2543612502267,-3.1405526330677724,9.136656189396264,0.7839475088320338,-0.2829952952076526,-1.4298542770691516,6.178593673679832,5.800655147243268,1.670438099641208,0.7583680254754555,2.991119888281979,12.184314928054274,-0.6909076458449146,3.100110892616346
3.3274569808718337,-3.681576975184076,8.648118569165895,0.6334253778265904,-0.3115646029181782,1.8336866448543008,9.338876412716878,7.801373402157508,4.2818763507757405,3.4254883337619333,2.416866512770953,10.982418692690674,-2.745041018693451,2.641185129474985
1.818136658559704,-4.636511474854342,7.83372916655083,1.4816186216031095,0.7223364416595599,5.7663793838187845,11.512253327068946,7.824223541093183,6.052048709821996,6.454630743540111,2.693690357706716,9.20195718336507,-2.2019080744106283,5.024951312282276
-0.1714231328730661,-5.300794210547176,6.358325255707773,1.867109181244814,1.7237272797747014,12.240204124163562,11.998698685277414,5.830340668182842,5.1070588034712285,6.434991901523134,3.370150580583731,6.491595981314026,0.3083383578906602,7.459097235499938
-1.211718827771985,-5.075805844501917,4.200015330663202,1.0461016311756328,1.9194055798422405,13.909252279797435,10.62202266956276,2.917158265694691,1.5301291425161292,1.6916674682081076,3.2403919751143606,2.998056600886521,2.7573535749161806,7.058731292873619
-1.8227714326150528,-4.182320975983171,1.8486799782214411,-0.554494095432728,1.4462358718195398,9.939613725312087,7.779515316646045,0.6629018231122199,-2.4079341606702656,-5.796819830794341,1.820019276199882,-0.6780330195797859,3.3569068447955432,3.310740760553105
-1.9951767287123257,-3.7402570242408686,0.0793789846975672,-1.8942628198164335,1.010259158338804,6.413249829924039,4.327655043043787,0.0845442474723707,-3.840966569823301,-11.425176429527715,0.1951876430867649,-3.758117651875725,1.980849088546539,-1.4197235781563975
-1.5725393102365546,-3.790340206869249,-0.5196078365473591,-2.255711335766983,1.0580041804920295,1.504433854179443,1.275023468841404,0.9681019658521696,-1.5882159872994652,-11.410427419104202,0.2220524093446094,-5.54232693632064,0.1887803314429996,-3.750074654802149
-0.9986102223994292,-3.5153146688599555,0.0976961917574303,-1.7360295022406156,1.3292412565620657,-0.7825540575520662,-0.6564767855130782,2.0942355338309837,2.7908031068687364,-5.86403802154641,2.7545832841199287,-5.584037694379498,-0.1028049275542057,-1.9279646894026063
-0.2511488816983901,-3.178842719249668,1.4280522634704311,-0.978075413588793,1.2119231384481264,0.592242595484762,-1.398676372524549,2.186858829331042,6.195411361548877,1.2136190975594738,6.653495505357731,-3.8576688075641457,1.8678713369517927,2.913984931948022
2.539430602176013,-1.0729511717765523,2.7121028920276244,-0.4924676800524974,0.4896552198270081,0.4205665882075479,-1.577020756389632,0.8363261703343614,6.513386651007904,5.143303667392041,9.623220603890635,-0.9135903299337764,5.240147684048779,7.805222196793206
7.460869579450918,3.055348154923316,3.3016512568762653,-0.2079998253624131,-0.3128164444537047,-0.2003945031246718,-2.117719164826708,-1.3001083723040434,4.293229230444537,4.285051664564667,10.12681328842069,2.145228407033218,8.345706037469267,10.223651871368904
8.45510663247492,4.00663754112417,2.8984818732769284,0.3643281349256915,-0.3682883067870994,-1.423064766617127,-3.6207084829236136,-3.0927381289219538,2.0695260835666254,1.0619369372299363,8.565632097569807,4.014670359639219,9.950186916851676,9.644245160081676
5.474500372128355,1.857380811746008,1.5993703626939602,1.5120231737791308,0.6273185413517757,-4.051675473541331,-5.926644454036021,-3.7743336963896894,1.9691598408052569,-0.5474080315090708,6.656241563312898,3.785542170188752,9.84562891363529,7.248582158051955
0.986326858852466,-0.4064904384568292,-0.2057439470133988,2.816346524457436,2.0352742227341274,-5.904194376320506,-8.218543506347988,-3.366739464053076,3.800837093328576,1.263733708115674,5.716103748226953,1.4537742679444765,8.477842189717895,4.436149422894708
-6.479301404957948,-3.8820433387424393,-2.002786469409653,3.2839729850178863,2.6953116547690468,-7.207021376479134,-9.597851013954156,-2.498242288476895,5.350520922459435,4.544701553096866,5.570767053353464,-2.011261476902078,6.228448578443886,1.715796152918223
-9.6244340171661,-5.108993052211628,-3.3325663594663686,2.1190275778662784,1.8560250557464464,-7.492364824448156,-9.67611982256242,-1.9100904223485209,4.517533159945581,5.486486934336068,5.0537923317131686,-5.153391022563609,3.1663942441793047,-1.1145770948383316
-7.8457470858639615,-3.5150867134379333,-3.939001750724798,-0.4730586708184177,-0.1885726974292385,-6.2656184915095166,-8.710903874949643,-2.05602455951993,1.2552169992302558,1.9488739304538336,3.425219977919796,-6.825385534235632,-0.556850706937678,-4.043819036051916
-6.31709668020696,-3.43599449825068,-3.848206355065184,-3.212369438093904,-2.312662382675754,-5.109984323977703,-7.238316349982895,-2.942013095874877,-2.412492428881094,-4.617934851632939,1.2006504902657231,-6.805064478568879,-4.23505539721275,-6.404678536781101
-3.245761624983877,-4.070659304858952,-3.346877762679069,-4.628516147050554,-3.4495722707667875,-3.785422130575283,-5.611000807953319,-4.124676901752063,-4.135385015585252,-10.434338468574444,-0.3684538991622235,-5.802953633579604,-6.702028424993418,-7.4178024648191
-1.9901732791997933,-4.268238401078018,-2.8596579811663303,-4.265281634049862,-3.4241658842798053,-3.4815770784732663,-3.884270637747745,-4.827319161622522,-3.022807297917414,-12.439134773897557,-0.4925548681078644,-4.820418217586016,-7.0346127193682,-7.003858507110509
-3.298303777413266,-4.644257145269004,-2.7673387807946344,-3.1583386460850864,-3.0539088457360024,-4.6057072377607895,-2.0724798414223478,-4.257173546381943,0.0354242335176753,-10.312867523914434,0.5380288573489915,-4.31686804111862,-5.273490736433141,-5.841153132809042
-3.746543389214552,-4.719643231544114,-3.237037882439433,-3.047183340725628,-3.4502235652932085,-4.785293836819072,-0.3916010980060316,-2.11070131383949,3.449560576220035,-5.988767240877203,1.8199853114435327,-3.863540100550925,-2.5175978329856354,-4.58311384903826
-4.26945341221025,-4.436208398644983,-4.140814864277308,-4.8708218298475465,-5.0825643498381385,-4.331336389012144,0.8358834621069957,1.0446918667477223,6.113589949463429,-1.649962817657674,2.7398005370442,-2.6298272891106302,-0.2738209287449908,-3.201873139513582
-5.074237768525417,-4.288007551106555,-5.114456389262794,-7.8109569027015056,-7.333006951238797,-4.175974250053995,1.5027168750874695,3.93354982765948,7.641794986908745,1.6685356527736095,3.343405076838408,-0.3383565466025553,0.4533972622115034,-1.3223355135252923
-5.788513595137157,-4.186529461304345,-5.753114085758618,-9.780749415265005,-8.879762229928367,-3.945210993909067,1.860506109170096,5.335731971606597,7.843439411280326,3.866202471936503,3.910108296629504,2.1660646104158734,-0.3368404494776409,0.7816174963146127
-7.359306503196818,-3.0647509861219526,-5.85353145441045,-9.052363597709302,-8.621064422078208,-4.303845394811165,2.282735734999017,4.929793772109735,6.397452716297613,4.796176797558599,4.32062159758974,3.344641930829045,-1.885789991319449,1.7669054116209484
-9.77287241439851,-0.8983830320073779,-5.546937830801418,-5.704290335119176,-6.457340411271559,-5.382994244627305,2.899802784513158,3.501052327886846,3.238125373972685,3.927642956126866,3.932688420979996,2.1397108242290366,-3.421081960173842,0.1240797524732078
-10.834860816235397,0.0365622050812173,-5.201567397945435,-1.6729172779063202,-3.363598298684943,-5.314619127956757,3.514792809644524,2.2853084551915974,-0.8668883027903695,0.9840044309682656,2.0917075017011086,-1.0818808332943588,-4.773843320076875,-4.299914909140995
-10.560299253687456,-0.1767129832084193,-5.1375262327962,0.6535025500680001,-0.7232774355988392,-4.150649010387934,3.87326247079036,1.9823612248784408,-4.432711318229319,-3.3814594404968807,-1.199520138275429,-4.682273035137026,-6.345340222881106,-9.700720059220474
-9.358652899382983,-0.25096116374327,-5.374707348014468,0.155530317123294,0.5561993922941699,-3.0510197175889626,3.936593547616652,2.280070422928348,-6.222822371425293,-7.805113028256056,-5.031671958344936,-6.944360712162551,-8.459916828096446,-13.419405485587202
-6.663975128554135,-0.6440710219445734,-5.63958024717555,-2.340139473411928,0.4955399269788598,-1.6463487658061966,3.825231138835528,2.269954314124199,-6.2127994654025045,-11.133316745983349,-7.990375365673797,-7.319456876536208,-10.712636580417415,-13.882954015919315
-4.7327347438142215,-0.3340140733429907,-5.63040723607511,-4.853376693031489,-0.1967622979971466,-1.094462781092304,3.534574890687594,1.3302358019931848,-5.555486550274243,-13.023140163489783,-8.983956237969133,-6.671791264851652,-11.978895364960948,-11.655120108934824
-3.590058063320048,0.8884628652298001,-5.279018938558233,-5.733397424338937,-0.751237651135101,-1.6318914001905709,2.849264762720167,-0.3279128385003744,-5.485732381092502,-13.627300640802188,-7.971193408108565,-6.329646461251516,-11.18516702884072,-8.688726992829737
-3.062541185932026,0.791370113670127,-4.734980185764533,-4.619971086279913,-0.8007292231621006,-1.8990586915826435,1.6516434102468864,-1.8855147469329667,-6.167099666822108,-12.87580474549657,-6.042536927627863,-6.787954936098782,-8.221065061986648,-6.558210585784506
-3.754102923032721,-0.4698336581202054,-4.091773837970982,-2.30201267990563,-0.3964849949320466,-2.1989734745538554,0.2894619779618974,-2.618721106828522,-6.572850225247196,-10.325466063238906,-4.666899219344051,-7.199969407528112,-4.187865543971943,-5.339146186718446
-4.624769292023735,-1.355076577534834,-3.179401524503948,0.1100819441961187,0.2410228827586087,-2.2231103035337094,-0.5102377619361476,-2.4023303148211608,-5.5006376047908505,-5.83851002888791,-4.551249346827657,-6.103476696030765,-0.7314280950882308,-4.062396088641044
-5.864404231040138,-2.234146493050639,-1.7101171768400776,1.858425443626308,0.8789944155170335,-1.741727355175274,-0.2385106041045226,-1.6199952943422595,-2.739660838339336,-0.312013708280012,-5.013730998758339,-2.769879493451639,1.0093951707278703,-2.097172806509078
-6.199276038493601,-2.4632376957502826,0.3152409458934135,2.6411083321559503,1.2323368175923852,-1.5685285426472575,0.8491493864464031,-0.6986911201213655,0.6845177497006265,4.489223581284464,-4.510078582341235,1.95768682241494,1.0144984653186175,0.0159366115606394
-5.342386051978748,-1.74748064126805,2.3580492401549984,2.4068188873152807,0.9518757905558344,-1.5835646890134834,1.8521179140914743,0.2033987034504596,3.3251734759309666,7.0371896756944015,-2.0094109142879724,6.048696999878928,0.1583558704426204,1.097616075531552
-4.2483724435182575,-1.9047409268324604,3.5716378296461766,1.2914987599992538,-0.1524950263118447,-1.593458304330136,1.9770377592378856,1.088570275936699,4.343988248005142,7.118783751082805,1.9225918153269657,7.620454331668069,-0.5453329417721329,0.6111601754087372
-2.502964865940019,-2.790231531940542,3.3840073786049736,-0.2505129144771483,-1.8018720845783425,-1.7277611659206236,1.2138014120780285,1.8269765082766387,3.8492205015993535,5.88430209600654,5.342168297415197,6.216699104106521,-0.5843844759255066,-0.6667169347118813
-1.451710881031685,-3.5933800260297564,1.953724576068014,-1.474948461341573,-3.245475276679732,-1.8243420365646932,0.270650336452273,2.09910137457722,2.444611356130112,4.823278923059889,6.358975728745127,3.0828748771184507,-0.0633167713213778,-1.293001051834298
-1.2516364605019634,-4.644951444644282,0.1071611098072016,-1.771207255452553,-3.7308812137980873,-1.8805945691146204,-0.1479605673900557,1.6738595973865662,0.6388605032524834,4.606881862717021,4.601238259856648,0.2592315595119954,0.6225771158987321,-0.4815659998672723
-0.4693790409717681,-4.70088292355602,-1.2060079987071604,-1.2027032525234826,-3.10897399908072,-2.0788097388823705,0.0206403463080313,0.6918051003529877,-1.294239079303586,4.792562816850252,1.4868092788135834,-0.8261179141417339,1.1697442629585284,1.2131056882704008
0.5943560142027181,-3.587550804989689,-1.5326776650630909,-0.6037025405342198,-2.005267610212211,-2.3967079510378064,0.2569644012223628,-0.4029085358355742,-3.0745332465738717,4.535998974706239,-0.8881433565942451,-0.2492648086746314,1.51088875869591,2.510068231322156
1.7490490342190013,-2.71508027919279,-1.170764232222361,-1.0069776660791772,-1.34345060201969,-2.5236616891915253,0.0762681702362702,-1.224773492475863,-4.288880653760967,3.555745970655681,-1.2708928911029034,0.6429019669998421,1.7245824690544032,2.6663909054951427
3.198759822924401,-1.795557016658834,-0.8918124863007946,-2.8111616764041063,-1.6165025674189013,-2.466046459045116,-0.4874496464850191,-1.691903411486642,-4.628373944882148,2.4656421424960997,0.0353345779147336,0.3829577697525979,1.9091210698770664,2.1097233618867044
2.8659171384743094,-1.2628307953841753,-1.3206004759033705,-5.374381697770449,-2.5408641207482456,-1.625808508144718,-0.999375531125886,-1.8856311327138728,-4.201972811945854,2.240266630685364,1.6885615822593651,-1.4172469170653752,2.160010243625499,1.8204124434748827
0.5857374215193735,-1.3852367933247158,-2.392586301016761,-7.370689081096375,-3.3537662388798446,0.1432035800501889,-1.124170209489463,-1.7518226433180466,-3.51119844992438,3.3307857617181087,2.429664961950492,-3.724433603870578,2.583330158424227,2.1254067381113133
-1.4171663726463568,-1.32630018385589,-3.2946783737321184,-7.625839686723715,-3.4222877405944554,1.5535031087699214,-0.923171553129586,-1.102308103189059,-3.076729406798296,5.160026267484281,1.812013887608801,-4.882527482041809,3.190958587443113,2.182350084987709
-3.5816541329915483,-1.2615146924779137,-2.9961275725875725,-5.835263652096644,-2.620818701264431,2.7235237417471234,-0.6870987257696881,-0.0138745134517472,-3.118940459038114,6.344990866684902,0.0770240891807167,-3.963196498255764,3.686092409803544,0.7655061421892073
-2.9997468666725187,-1.4218578702262883,-1.0386609319772369,-2.7401040604421576,-1.2583645817769875,3.771749836195956,-0.6127450103195677,0.8473015934496564,-3.600192611587082,5.470659712856082,-2.436776151325295,-1.603265881424755,3.3979947609312777,-2.3338870237000187
0.9945293976581328,-1.7087097532461415,2.006126507526808,0.2674958946356893,0.2146048529764783,4.42320362067102,-0.7504363123551374,0.521603405388305,-4.4716850417061735,1.9644528772739216,-5.608990464311127,0.4019335135150763,1.6272903604241868,-5.649756703794259
4.027332905508933,-2.0003600224326417,4.805283926438335,1.8612864255611368,1.4021165364279211,6.098085541891591,-1.2122333894072073,-1.3971507443795814,-5.720246073353799,-3.367641904391853,-9.256407877707325,0.5059383327117049,-1.7037557127917684,-6.881063811812245
6.824469710880862,-2.300950949391367,6.093239199980279,1.488567213813723,2.024791137573878,8.824460769595657,-2.2218987830865458,-4.123179455199546,-7.083217493613327,-8.459886200202924,-12.674275328812769,-1.2921108937579584,-5.627209548179893,-4.656164307201626
7.891278294190042,-1.0878785331237544,5.449214117408408,-0.2562021274581818,2.026304665347969,9.559204968865943,-3.770701214916088,-5.985892037246058,-7.779640603435151,-10.864667091429446,-14.694855407430826,-3.378016970422532,-8.455403970415121,0.209391021198015
6.290604524638582,1.831923572457952,3.487123677750445,-1.8403995160118751,1.7517920004491576,8.391142916688176,-5.235690860356245,-5.605235370567106,-6.720189878670007,-9.099406571562962,-14.453000842254434,-3.820828779270755,-8.8070487830526,5.039772051002457
6.330335876740799,5.6525428737924415,1.420021251009632,-1.589458878870786,1.926331175276855,6.843860239633875,-5.56551228570442,-3.00438708893434,-3.236673519620297,-3.706232034241906,-12.236884147248585,-1.99436085718001,-6.600434081011377,7.0423196959477705
7.533182392705951,10.828396065037062,0.3920744642444811,1.311000545153873,3.192626012891232,4.271819717709841,-4.110597568855352,0.3106831712381055,2.1869625622579085,2.821152489382149,-9.5310338975736,0.8796084329312466,-3.16600844758326,5.205653277149305
9.1901962630442,14.099264513452692,0.9836195084383794,6.244625366904312,5.4417357261169705,3.803162974404814,-1.3687540420506927,2.4311912439325503,7.844494754146719,7.449447782913558,-7.994498524093483,2.7930166413694693,-0.2906390414867461,0.9906001581509584
12.122457743317945,15.171370767936184,3.03514990218319,11.4776430403902,7.594140355911991,5.8235135422812885,1.2155545754270078,2.4355096496218414,11.617252000720107,8.509129576796939,-8.129213705614516,2.7409930138721705,1.08599449197008,-2.63821225721848
14.501775345960883,15.650155680079488,5.757019734794916,15.196527358310224,8.27004859993463,6.547077222092156,2.4082252451498043,0.9960179595996848,12.20006563607866,6.688722930587136,-8.799372829782204,1.6754545630414532,1.4640552262406654,-3.113756774337312
16.387277590116987,14.638962990526933,8.09262828018782,16.539791873606113,6.963071287631234,6.652595852268804,2.265367591221636,-0.2287797266476827,9.908575878691211,4.325327401130923,-8.106490783477902,1.742612593478502,2.173292501748932,0.203087819357137
16.7013685706092,12.991150097656533,9.261331507611535,15.872944443407814,4.681404373062757,5.628345166676856,2.0192766172435173,0.1084371864588178,6.479874139519599,3.5629238417838422,-4.952804811645988,4.4077932233760535,4.0804038891505146,5.798876897759385
14.891384312035022,10.720352067788044,9.202042438860657,14.168813282422402,3.304900976675417,2.7636935947200256,2.769711618376511,2.0586007140417077,3.9763546232364417,4.860218100311162,-0.006258116321149,9.050434681753249,6.722622180677725,11.064176582803826
12.51117939817428,8.167677393768242,8.533166273326362,12.092637869030694,4.024933937583683,0.4504424538660401,4.239453027988683,4.390729921182119,3.535892739273087,6.95151779364691,4.722830934317076,13.232280430232064,8.632280199159112,13.798219348828276
9.105692456198517,5.574334798126892,7.947248574974661,9.607343243024529,6.186397684362846,-1.5829501580399226,4.911424903057554,5.523797232769032,4.80687497335165,8.08433863646838,7.3227196528836815,14.449941326219752,8.608462169423477,13.216442132911714
6.336766124357139,3.8737310186981335,7.511814516715443,6.396332379523891,7.658110759548382,-2.288609337735675,3.5461839374786472,4.678766998824406,6.398302005389246,7.392289438533157,7.274711246203735,11.9824841013884,6.865243115660542,10.043993324844166
4.52671928290962,3.395900744008044,6.562446288275673,2.620272562138568,6.567185491423997,-1.0747707891881175,0.643737617724049,2.461079620780291,6.947620468506127,5.392186882392976,5.647044372055736,7.407333213776032,5.048417557133112,5.929290316478111
1.4778583255452578,1.7644770095723263,4.387949519806176,-0.7970716868105832,2.9713729428173394,0.6020252714657246,-1.654267906470063,0.4925642901815461,6.009189095789692,3.464680718574269,4.184291430412251,3.437482186490078,5.0395772431144366,2.663036258792096
-2.4065942712011488,-0.803777524177189,1.1110992604922796,-2.7122366105470697,-1.00227400791334,3.211042356910266,-1.2829560342785211,0.3112443025611409,4.168398465076256,2.8745267376266828,4.105646043577301,2.012437487744126,7.491953094643197,1.511252930649012
-4.643437251661567,-1.8956074896213797,-2.1174274419927843,-2.682954958282433,-2.747714234741553,4.883252953247762,1.9186105891036576,2.22445867781684,2.4092539711373,3.953729547652314,5.481271967351461,3.0726227068929526,11.28561691965131,2.73724302848455
-5.349243729946646,-1.79093483296036,-3.902159762047897,-1.4151504106579875,-1.2080264152290523,5.3122304922813735,5.935674262223838,4.892643664359838,1.313287109020581,5.800072039349142,7.438645713213731,4.852702888941926,14.325376682828695,5.40670045941589
-4.656503181113715,-1.397467088194686,-3.721233253526123,-0.2775489127921664,2.323339781177136,5.951964713827796,8.115165922105891,6.047463146729436,0.7277628970646477,6.640852434755616,8.808750423447423,5.362246524392935,14.993950564197558,7.710637749218344
-1.9296675620353496,-0.2808272437608885,-2.38091954542838,-0.2657120498573375,5.236661070429777,6.274235669364261,7.160552485129182,4.020798593769013,0.0937733326249734,4.8291794671339705,8.68787469967323,3.863233788878373,13.092664922640267,7.902818754255653
-1.3216906960447865,-0.8728339178126254,-1.3898145372191286,-1.30010341423776,5.555317155519044,4.9842645517909645,3.927260982663521,-0.905068627139167,-0.9424552952219276,0.0500453932966413,6.723684010192164,1.235762104182811,9.645497321543749,5.44928183602547
-2.9401251496977854,-3.443760391853338,-1.7952287054374323,-2.4508969894139265,3.22242141984784,2.0416073983934138,0.5236849768166296,-6.379051334507595,-2.2066883296969984,-6.0921678362690495,3.2534350319730727,-0.9380311263534852,5.957527298868298,1.5717990902210852
-5.512602955536968,-4.42313450129748,-3.455432951603527,-2.8586966106782192,-0.1584606654010052,-1.4994876469409415,-1.3345017309696112,-9.378428344445584,-3.1983656688804123,-10.773826412930289,-0.6327413516196593,-1.7071772858095415,2.8480364468917565,-1.393690697914911
-10.106144214965925,-4.260304293658364,-5.269586609111656,-2.515230565696518,-2.6925447406421235,-5.941360250318229,-1.3414720091181258,-8.246858049871605,-3.532036440619408,-11.696774518630312,-3.299729947903216,-1.3524142541095263,0.5926106867513339,-1.5269878373628831
-10.08232677434473,-3.688730578065569,-6.043342143596559,-2.216985628274505,-3.473004775334804,-7.540402457477423,-0.3851702551213014,-3.8781008324390727,-3.158083314286837,-8.656465749071954,-3.2541231359894325,-0.8212739407217831,-0.692220645154083,1.3507367710146083
-5.014153373760244,-2.0502620940093146,-5.229564751578283,-2.7526046038257137,-2.8905366278307247,-5.7896090294485925,0.4272815839976509,0.9062445126257956,-2.22636704807332,-3.674762757705201,-0.0830536614195573,-0.6380216830917322,-0.8463408742805665,5.583495313588035
1.5049623925713265,-1.4560406626545512,-3.0673775948295643,-4.061603900708181,-2.0133097152338157,-4.511394831407968,0.5960577311498942,3.358317276189997,-0.8835982784041114,0.4556237273085717,5.052586877472916,-0.3772157743819657,0.11596875816495,8.89350596542576
11.16323308493501,-1.9745823789190249,-0.2516772457886981,-5.117799972123701,-1.7144454256653865,-2.7729891220149105,0.3779826453315034,2.665701490747914,0.6992583005371431,2.063078216013108,9.962980142600422,0.7986257567262665,1.7319690044287412,9.933927214185696
14.597124579752425,-1.2722824150193166,2.4366805202227417,-4.661465859268947,-2.176996147200396,-1.6553803753372331,0.3679612516412636,0.2811901506321592,2.1687722436918757,1.4582067569223731,12.812435400192124,3.0860522901231304,3.2149527770119777,8.989588999609037
10.816521055996416,0.289586344652692,4.324823401582761,-2.1893262846065467,-2.952058604158286,-1.787611461047964,0.9485293073772376,-1.4266566035809158,3.058332780073476,0.2346454036117022,13.323900627757522,5.5224658386598575,3.928970313149861,7.398260134789604
9.070136409519105,2.560514313481501,4.994201832692582,1.5822522731884692,-3.3808558646593454,-1.0694623974880058,1.971260320125156,-1.0429849031325031,3.1653701780629584,-0.2175549513063343,12.790530269793608,6.556170334640978,3.712341542787741,6.320262233407516
7.1942408607886925,5.970937310261551,4.511318289592973,5.120853838242072,-3.0872788347863964,0.0959174553890389,2.808378186198868,0.9660337779752426,2.8238382363793346,0.3095254460853209,12.843516715812807,5.262972040823735,2.721175129936461,5.9282401500139015
7.423555869506044,7.25101697659058,3.5610930376520304,7.019872228845437,-2.273360819064525,-0.2613649501499586,2.7288721533826705,2.872041973366533,2.644292449843266,1.0525604799046495,14.035333954046203,2.193461705918203,1.074533131509121,5.600058275886093
11.304954542014992,6.250803770391864,3.1470771012181324,6.804303538155297,-1.6166650966795482,-2.013332856970565,1.4089301654229107,3.210127734116928,2.8957642197935582,1.2606829372305408,15.500451474644546,-0.8604408209649819,-1.1435297168444285,4.770832479940002
11.184773767044597,5.456537535254976,3.863594168312929,5.098662083882533,-1.7588533833848323,-2.969230211795871,-0.7343950487764319,1.9406226883792863,3.219129064753029,0.9404350275194338,15.995844320347658,-2.0377593540382457,-3.4425575605970105,3.5620693601001605
7.685277105362263,4.140450039657319,5.295758662014155,3.1267836099529838,-2.703518272361391,-3.4021335774517496,-2.6794577416282506,0.3672504752750093,3.0728155308087253,0.7091480749717634,15.339071172105944,-0.6810200848124164,-4.6657104336592905,2.6003769099443987
5.19984743351008,3.258432469269396,6.187378261735315,1.9144470675970435,-3.6420364038217983,-3.523850421237035,-3.4197715952622967,-0.0366773770146542,2.449964364407492,1.0133613253915217,14.838846678480664,2.185452887490243,-3.566657284116093,2.262119197369059
2.458101431379226,3.1848838482719035,5.393499028330147,1.6903385399270778,-3.4913082725139564,-2.8910171591754024,-2.670865236442097,1.1090712322893777,1.9951598609863896,1.5649869389294742,16.18215843285061,4.508591821679735,-0.013604397534781,2.1488799093943074
0.0850808740997418,1.7892718085243164,2.8449497862178887,1.8407011145681065,-1.825999636184719,-4.621218779284424,-1.0970509064019294,2.78498722164022,2.277691696965011,1.5834434742762586,19.669751133653826,4.556144427913156,4.296076792276638,1.37322852453652
-1.3174167956915783,-0.6992952782957561,-0.3619502461326207,1.447509906538957,0.5668617145662962,-8.8545114754254,0.1869609192635779,3.467775947263328,2.987390639595493,0.5810227676575477,23.40314475885402,2.038881876240386,6.596837362157153,-0.5807283214221997
-3.340131845490231,-2.1025286465087127,-2.868001377490037,0.0643595121035431,2.0894268915424554,-10.065725488803448,0.4701904036488811,2.4623119815705143,3.0145958138834272,-1.141621911297655,24.334222790141304,-1.7733371630858843,5.006351644646224,-3.259140998174251
-5.686542985869333,-2.646439289964063,-4.124656606060537,-1.8402695251899732,1.5009988546357371,-8.620847381167646,-0.0610812443933679,0.5106097585698479,1.449537597917934,-2.8082857070225584,20.51744779368364,-5.0069540096349945,0.1234976205733899,-5.519733104896132
-6.568806811634963,-2.6214982709564008,-4.6547303585344295,-3.178002120603406,-1.0378607106405109,-5.133581558036366,-0.6135021858588863,-0.882363409540504,-1.502074714725667,-3.9282082133936287,12.770825010221156,-6.48824575560767,-5.213640700966395,-6.466354265969339
-6.052676504954304,-1.5644438655920634,-5.311422505114823,-3.1340218909300925,-3.931658612432348,1.668836639785724,-0.5787167398423241,-0.8380373593706658,-4.656938697811471,-4.662675923074254,4.284693605315877,-6.438341042045964,-8.006561078979564,-6.19059281350286
-7.01046919316049,-2.5549370588196294,-6.3171626518807145,-1.9736639826790885,-5.249627618389909,3.801388520229005,-0.0948257859318753,0.0315112648141675,-6.917020218383508,-5.431584420268643,-1.663687142323626,-6.121367835879541,-7.387980202734113,-5.683722494979514
-9.259786939060456,-5.737700543449649,-7.047241934752828,-1.041205698092544,-4.1627474510108735,0.9789399064730326,0.1072316882894124,0.0946539356972467,-8.168705217981115,-6.299417131817714,-4.123388396654802,-6.8292900505527,-5.2430670313901695,-6.0744914840822215
-13.320028476435937,-9.834073577032475,-6.753379911739274,-1.8380608835128716,-1.6023006514247005,-1.72276153889709,-0.6348541117381725,-1.8678342162568635,-9.140470918355762,-6.942168280010473,-5.0363506308439225,-9.009296653903924,-4.659569506688583,-7.895244038068974
-19.950014598628908,-15.638241734099177,-5.476618928586884,-4.839854303132618,0.4156918377623543,-6.127013437105704,-2.3940323298521307,-5.51773386977951,-10.447715255681576,-7.261205284165236,-7.448115916872272,-12.075046276974742,-7.503752802256391,-10.896508910011216
-22.377304534551243,-17.09765186387598,-4.206365687230403,-8.973959099004455,0.3259337470868054,-7.082343627854052,-4.693398443760443,-9.09795644423393,-11.847555205577606,-7.8197106790502175,-12.821941005100992,-14.844576043241982,-13.060919911515384,-14.338011289479976
-20.475004724049167,-13.68994777019674,-4.07678702682068,-12.185005087313842,-1.761053226203693,-3.6865641271954153,-6.92681100007316,-10.714154076197334,-12.417795980001866,-9.351144449824782,-19.69490033814355,-16.180029030381764,-18.678249188822644,-17.36336895976124
-17.752788144668173,-9.302979988675313,-5.328989853778776,-12.695945245071997,-4.10518912277994,-2.020018385829013,-8.671918139829476,-9.65194639955663,-11.38671322968042,-11.664312438852232,-24.789993958759663,-15.473082997135418,-21.68374831408448,-19.248599790155165
-12.633180752449658,-2.3763802231554405,-7.012031883145026,-10.09909518527329,-4.64196804111903,-0.8316886904563299,-9.666593818678583,-6.688907047058275,-8.75685881662248,-13.164281383223717,-25.615178839752367,-12.865895854491228,-21.004389365196825,-19.615749604096933
-10.892890382285051,-0.6201527543155521,-7.7287326944459025,-5.597973933192579,-2.554445290558065,-1.0514748862188343,-9.686691510485796,-3.324837561195472,-5.222508578919417,-11.810864238264534,-22.37044389305118,-9.21717192951272,-17.454618723136306,-18.676114740041037
-13.206289163849403,-5.005399283486718,-6.790188914250412,-1.3285570771956916,1.0790939703181217,-3.727063455710637,-8.6534195519509,-0.7477247488491449,-1.6715226133013077,-6.9199353148004175,-17.681285217445136,-5.807986236655953,-12.897609103440525,-17.29195811403284
-13.360673222281626,-8.139586651619767,-4.79083570090658,0.7704270866937293,4.029606239565691,-4.893008121168467,-6.922740842459751,0.627329079837588,1.125725477781875,-0.1982876103399822,-14.57536514361712,-3.814790402815529,-9.196045709357453,-16.59250862392257
-12.650339042882406,-11.908336118850066,-3.135386077915653,-0.1047433673228184,4.470382503824228,-4.942178661638909,-5.334951648412247,0.943948295209922,2.484379694606041,5.100349052789445,-14.470590048116,-3.73348764216422,-7.59323432306667,-17.251204542098396
-13.214256213047264,-13.672845117431027,-2.9440551289596963,-3.326191307378445,2.206391112114226,-4.013443555106646,-4.730887398367575,0.5597208943119338,1.8548133536709388,6.400473234406615,-16.64434266886328,-5.074325394896962,-8.484521744992586,-18.963485638181
-14.297667038055115,-12.206254479064835,-4.2392973347406615,-7.26400997028908,-1.2491482842661892,-1.280115700908777,-5.206680460555801,0.0081662063029837,-0.6988318067690176,3.666341099428964,-19.218894735167588,-6.582186516534228,-11.301275159809212,-20.621811329100687
-17.39164261899684,-13.03094631213816,-6.029133712795884,-10.180153549363798,-3.735617043620664,0.9577560870349082,-5.79109907472705,0.0813949862814049,-3.969310968760797,-0.599893883530056,-20.569593124465023,-6.956076920562348,-14.569244333621707,-21.119238753891835
-22.879220252053862,-15.361562730213038,-7.154597994454446,-11.117372935558848,-3.8856362979005774,2.877853929790219,-4.998924771334101,1.5258906308224305,-5.88213055923412,-3.227358017138222,-20.128507851735986,-5.698497783699838,-16.48322430538706,-20.1487880503882
-23.7364987934154,-15.109476097038446,-7.186560181752468,-10.318470536902351,-1.993935760823648,4.5074391734413615,-1.9665463943387536,4.301492024456943,-4.870938623175224,-2.658720108448173,-18.388798016615976,-3.544069650410426,-15.98559129170468,-18.356812285997854
-19.842834038997623,-12.89981513021867,-6.656982243343705,-8.935092148887957,0.2431001345148217,5.342978310495088,2.717792034322094,7.104418500183256,-1.3904051149434542,0.074597150197591,-16.49550315288932,-2.061497398709564,-13.640380606236464,-16.763435483064278
-16.972734621658873,-10.472936296912108,-6.442248188565658,-8.172934338562325,0.9523061735643468,6.60397052583511,7.237261722915985,7.946754273225745,1.988976518593528,2.347213335437347,-15.720543814902568,-2.526241948654904,-11.41069715786595,-15.96058442438493
-13.697533694448808,-7.180559374367189,-6.803620971716008,-8.399799071462906,-0.5361512681569209,8.144585539511795,9.743555351387934,5.677742623649582,2.450390357787642,2.064585070510655,-16.841052467989627,-4.777740262472449,-11.217625064347232,-15.715766795690588
-11.840995529201006,-6.220995397230504,-6.933832117725625,-8.855600844654932,-3.132134605401511,8.15745977285187,9.619737877396735,1.230958356358415,-0.5994410826054966,-0.7332491488494873,-19.531922300477163,-7.010507374560023,-13.292334154251506,-15.21211233160764
-12.391586660299671,-8.071051405773316,-5.543371634969223,-8.26171016325413,-4.724214005240554,6.692580840963649,7.803262642602736,-2.690020641046317,-4.729643697282482,-3.9795874200212777,-22.2194985854808,-6.919079769590494,-15.717261555672293,-13.646552116914217
-8.501704697650208,-6.224818369377572,-2.1491242704932043,-5.943652715735563,-3.747184161937685,5.3128617710168005,5.929414131039602,-3.518359773295225,-6.348631662938832,-5.245667162246933,-22.79795365958435,-3.528576048706733,-15.695235625215892,-10.719274532308038
-0.4765472666046769,-1.152630488763591,2.052507512645961,-2.5561743726168364,-0.4157963027606842,3.693585890016124,5.044205251919477,-0.8427032065652595,-3.7615169032085984,-3.610533512903809,-19.963133108492958,1.7423631017526908,-11.648629503882704,-6.741199830760802
5.235274213414976,3.437921273174001,4.73603488893106,0.3159401050933255,3.365318885202246,2.992821241070812,4.9743866756381765,3.212531172803645,1.3221149132002652,-0.2705988928356739,-14.23970023109087,5.8746798550460495,-4.48454558301476,-2.3992022185662387
9.672825437906084,8.701468036182968,4.266878587121692,1.4832851439551051,5.394734005360204,3.585637375193813,4.8123231497702905,5.631849676761978,5.255498510309056,2.5269557936160174,-7.825716158063027,6.520871010622008,3.021289431617851,1.6213115576751234
10.965136041490144,10.702358403326045,1.3243906101457388,1.2813959127613677,4.7875945038006815,3.086792759198741,3.94835808481871,4.788991477374778,5.568917958967649,3.2866193039435982,-3.2483282646909983,3.9793612182260176,8.254363066984077,4.976722172071596
7.687844803669045,8.631526528322944,-1.2696946097387911,1.3931180833207275,2.5352006071124613,1.7748592155867833,2.6226277080667524,1.446630381230491,2.882545029492268,2.3133843172462205,-1.772652509380111,1.101714750810836,10.573500712291946,7.838368238271264
8.729918614343006,9.086023924801289,-0.6658057814396892,3.378306422765517,0.6081077256163376,1.4263406628434965,1.5092854674632803,-2.227581149037665,-0.0170087468540167,1.2182084721248605,-2.6997838211220397,1.0042853751210634,11.460567755439342,10.77878093779283
13.71650130138672,11.231694288237092,3.644627224082634,7.190748971470224,0.3935079749586654,1.730605387443103,0.8539181967105542,-4.5510767963135725,-0.8446203722745478,1.4185256725511195,-3.992755049451234,4.413692185510341,12.966785419507415,14.343611216062088
19.70899716565633,13.919679467261178,9.312495157506754,11.102010259862672,1.7468944277810032,1.4156437683814975,0.1464891896286206,-5.377673706005121,0.3990086350829864,2.985748094010581,-3.691313996822022,8.958943511140824,15.855664216427218,18.520875721546236
28.62106663499518,18.37078799636762,13.00196065865256,13.192243745336109,3.34254262109099,0.684904397684447,-1.2500574870926573,-5.549643679114448,2.0580353157504194,4.804749398678576,-1.0909880542178267,11.140084741929034,19.054466224249826,22.53520661369282
31.151602222307886,18.570061614313826,13.021599747717431,13.057883189018964,3.888385808594663,-0.0869831803941081,-3.1398308861336024,-5.576780225619567,2.899266683731182,5.792800987002839,3.052520514604306,9.351483714224496,20.806566690057792,25.27132246807565
26.592439381080467,14.23374262388407,10.419799408975225,12.12053673795565,3.116221112169568,-1.1168116202011005,-4.284363531425791,-5.004072716304167,3.343634384651307,5.972332315848291,7.280173755079737,5.335718171237563,20.37760281035036,26.12536554105289
23.02189247013788,11.405206277913454,7.7264385782850065,12.228312841962952,1.781983274065596,0.4453483449274282,-3.364805838615367,-3.0744505047865403,4.659184704204526,6.368502973290444,10.49587978836136,2.7792191118477643,18.73959403213069,25.60723800442215
18.34446284920193,8.912215149597893,6.690282183064977,13.872581647354092,0.8422938751628373,4.8837306145043184,-0.3391073118030654,0.1028956600025878,7.16843975666867,7.848842903675317,12.576720346479188,4.27960523734791,17.718137231385402,25.103772878277148
18.746273545741865,9.559514438176798,7.122640236482511,15.710201976611232,0.6501679228155828,6.602017327949952,3.1424261051438145,3.19472243378962,9.524557651727983,10.064981033182022,14.18877428595591,9.325303036387822,18.54125633183619,25.89242982316412
25.90423292509646,14.6507718094088,7.685261424849628,15.82999464222254,0.863523890793418,5.976382804912499,4.862884115996454,4.57014675689401,9.885724005016574,11.584880761060818,16.0828349447996,14.9410874662394,21.12684115143564,28.18052689748538
29.486667647471798,16.32702960703858,7.535076983255426,13.552959632174352,1.0059363630341929,3.643962825794211,3.863576540591516,3.663214648821557,7.747368893329805,11.14323057657414,18.47833120365589,18.22396171949208,24.499408926260276,30.95115101833784
31.02679019882968,15.256346646998246,7.073484212130166,10.089535906464176,1.01047044865929,-1.6731266333579022,1.3290314480776084,1.4597959417036883,4.495067879893519,8.808734449571274,20.974475341886787,18.41176165667811,27.574743896430142,32.69706224068482
29.982219817805667,14.359224018148565,7.16835770141832,7.481095662118623,1.1789183929302474,-3.470518233849071,-0.3877584849013256,-0.3592833365113148,2.1159513173666338,5.91695435922847,22.93644300969888,16.79644753920315,29.450002351154748,32.38762774990872
24.348241162813384,12.170970105176217,7.864273345430512,6.8321816010084975,1.6492564144445108,-1.611356529981399,0.1605616108183434,-0.7909795485321953,1.4386926341740254,3.843718832354021,23.93735428290729,14.940659753976778,29.24453040034432,29.92631247465396
20.18005602052417,11.66191931923437,8.085212652001035,7.420822792587653,1.9948886907580272,-0.346394578101193,2.201328035610171,-0.116451730960462,1.7035805030451323,2.866413758818166,23.897618249189065,13.14267019128347,26.229798952759005,25.918374045175923
16.875842461988803,13.153069598361183,6.723800752666507,7.412884267967019,1.4534475219360137,1.732108111662312,3.433779902761212,0.7223688867588365,1.7813098134023695,2.248468774738738,22.941273912702368,10.579645416880451,20.55153495362662,21.15906412519288
13.417148766847587,11.99081477521559,3.986688534543568,5.475172325108701,-0.3560840150440771,1.4473687389063346,2.137987811041281,1.2158797442015912,1.606301354022035,1.3724200521304797,21.26354457170673,6.734109762452029,13.823096408740708,16.31429832234213
10.963597938190103,8.645730146190864,1.498198599959995,1.8769939606257964,-2.879812845980008,-1.9117645172876248,-1.2329464247659794,1.6877393146347963,2.2334370562464194,0.6204632057716242,19.18625031277751,2.460263714969533,8.597891646613748,11.886361994471825
8.287907578155092,5.9018063597700205,0.8726238067286474,-1.780431141531527,-4.787778620688584,-3.669120459364753,-4.442006895471227,2.6471191387249293,4.482102922352232,0.9794699257576008,17.232016312432904,-0.463001845927943,6.730362213491532,8.237005785749108
5.611523564364341,3.0223220757457896,2.0724063337727854,-3.862966917724037,-4.792996443280017,-4.576046493669409,-5.446375472967875,3.876721431792844,7.680134636483089,2.762840712836693,15.92005850641678,-0.8640756238704657,7.909303349197849,5.5070411805044
3.697571583363586,1.889673183799528,3.241069346544481,-3.8966854050525535,-2.540266210519664,-4.961988915877795,-4.108912292984699,4.331359843398738,9.914178529933308,4.867215359833946,15.301445849857298,0.6851665069827684,9.752619894460633,3.5375710409634955
2.459700287886972,3.0806523671627315,2.3619018917319763,-2.742519297650021,1.0682813568211182,-4.009322394359109,-2.1184310866102614,3.060331865992154,9.59073378282363,5.4850527490791405,14.695384601732364,2.187520609820257,9.533187109789385,1.9720292667068424
0.2806614884209775,2.907908134452529,-0.7294634743706426,-1.7594380987656222,4.324486312934567,-4.182128618361367,-1.3344694838764448,0.2518542931519744,6.750480598151272,3.675457257497912,13.093114112764743,1.700902120442517,6.134356169052393,0.5016626091452121
-2.8308366369602327,1.8154257925430133,-3.9431436988638273,-1.749450739923444,5.646345470121512,-5.3947697934698695,-2.1850907652904987,-2.711732861304747,2.8699190747645758,0.2626416568450394,10.08734373083009,-1.2687111064609096,0.6547150389958007,-0.9929634582843194
-5.086700122651995,0.5231816614231297,-4.675574750146377,-2.522273974725099,4.428665067171406,-5.85104359901208,-3.525872314254099,-4.34537769915021,-0.542693296723727,-2.829761049619216,6.513754456366661,-5.5056164777792,-4.672091458120147,-2.553010540841285
-6.755902292946765,-1.650134292856878,-2.1766572402894013,-3.2907080871238708,1.3290624407513725,-5.971366418219922,-3.8776921506888966,-4.291321541233327,-3.0785238498643768,-4.169705529166964,4.038843122427366,-8.993323537193104,-8.158304503717591,-4.334254647073293
-7.314289109117121,-3.771297727668471,1.6484130875500078,-3.420244228178707,-2.1547472096559592,-6.499460455758977,-2.743192720937824,-3.485115838610482,-5.2168748113640175,-3.839319770648728,3.8350892394225142,-10.187600383574434,-9.554506316084192,-6.558125287190407
-6.358931048600296,-5.910277817118485,3.787149002604551,-2.873248712190497,-4.547806254855961,-7.243458472693192,-0.8508999171441105,-3.0768115420378783,-7.182965985534297,-3.029217959201877,5.444505611750115,-8.768395117113695,-9.682163116775762,-9.15193838630914
-7.318818147471624,-7.847115971692134,2.6326876110933526,-2.0852432833963674,-5.164882844358817,-7.15976545679715,0.6637692153683665,-3.177126626913202,-8.246275522829318,-2.7359340766449085,6.931726161637928,-5.536769100979569,-9.452283014793764,-11.440945191397756
-10.18232163511885,-9.36842843456956,-0.7864329061748823,-1.5475536330765318,-4.313251808593028,-6.259662785057714,1.214947208703621,-2.7143984646056176,-7.298747885454205,-2.852183462689596,6.325558352079423,-1.7556861608677228,-9.221396389077128,-12.36546102242222
-12.568827410056263,-9.734626703162016,-3.8732362059349583,-1.5455522903944128,-2.8662414155770666,-3.177450653856515,1.045959525480385,-0.6016951798704357,-4.137474793803855,-2.4340301828111865,3.148373433705868,1.500147556130122,-8.865826703287768,-11.262328179196777
-15.170767287165134,-8.689352458100492,-4.745395114530727,-2.208089761479953,-1.59083953497812,2.522810323115065,0.8158995501210065,2.925969155020796,-0.0738508232086423,-0.7802565868962048,-1.2820239900432342,3.5999094155362337,-8.236461550695966,-8.62650972487622
-16.223019270758392,-7.950022790820406,-3.6655632005971146,-3.6254229769834345,-0.745178135955096,5.458612372001429,1.0499074747512682,6.183141406141929,2.87159130232801,1.723795805151928,-4.982899746020923,4.242039208772771,-7.467599673412414,-6.100001741255215
-15.269955754553552,-7.329760013129177,-2.487641678441186,-5.730392665384283,-0.1574414525963048,5.707437969950195,1.8906930121547096,7.339440977960669,3.5169301548427456,3.7466277044501184,-6.806991461499467,3.295882315618012,-6.941737835583722,-5.495012546875165
-14.948413723404828,-7.3301039405610915,-2.825506845009619,-7.987304759444565,0.4362333015952648,4.612830799504706,3.1307476127733143,5.967161997295208,2.3802140438381656,4.001343231646894,-7.030800127480704,0.8883111146223928,-7.063458313403377,-7.516905024461185
-14.806266906207242,-8.366443640476277,-4.6718865020053775,-9.309443335170538,1.1656280552782523,0.8662671803504878,4.3034436947192,3.3730322954869134,1.0625438548704986,2.269395788361821,-6.7034073280064135,-2.333520064451573,-8.038323328901097,-11.206634979490424
-14.4224548060063,-8.742538572237198,-6.590822309260426,-8.568369294490592,2.036570279549601,-0.6101035433007731,4.798140275328613,1.4210066228889102,0.7499372634380492,-0.3632153921125605,-6.562283125993753,-5.161058017214586,-9.714704965245396,-14.594420126567956
-14.2150691982083,-8.652905869169121,-7.111050247080702,-5.510197515288458,2.9883970310688843,0.3248130989624156,4.140538421226509,0.9795684514003916,1.212807370043523,-2.26509967780016,-6.558085419275539,-6.319581292790373,-11.52541774035457,-16.065054471294907
-13.344888653551578,-8.030441820003341,-5.968416367079134,-1.3379236450011769,3.8115255844651768,1.1144611676788323,2.404865647575135,1.4106092126922447,1.1567709886713278,-2.460010931756478,-6.274800723562662,-5.296740220416462,-12.666263415221152,-15.358742407959657
-11.824977933212235,-6.522091976747199,-4.15235662686691,1.743105716490696,4.034855007438452,2.8977909411799345,0.3918893331975041,1.434670085207448,-0.4847982815796119,-1.3524094147590602,-5.636178344458121,-2.832774595411475,-12.58222028087709,-13.474420480540696
-11.027949986536491,-6.349328641784893,-2.884476958652156,1.947930076631724,3.0819317560956905,2.8039500911856607,-0.7739119960010385,0.4078679009242505,-3.518443525618898,-0.4007636191831103,-5.123587119452225,-0.543609375028038,-11.495760203776106,-11.684490824252729
-10.886174232201313,-7.529562082953513,-2.5672605968159834,-0.6957058638953586,0.7595660597620459,0.475792923902983,-0.4528332737750982,-1.2082951715501422,-6.595593821803028,-0.9855245437535528,-5.344470132476113,0.1199438228641152,-10.44877346327654,-10.5740656596196
-9.79286528650326,-8.670616246607509,-2.6323812687847643,-4.190631458656873,-2.315765625280854,-1.5527694151835116,0.9899991134977906,-2.4803104683887645,-8.292770610551937,-3.387256795627213,-6.469986050733887,-1.2618555937405385,-10.600294020179843,-9.898320081190269
-7.930004473747606,-10.246527500521548,-2.2979019547256647,-5.977471544204267,-4.874237293698012,-3.978167824415855,2.5049687057686825,-2.965064176415264,-8.218240646759533,-6.69474141604293,-8.12377892091746,-4.077031685562454,-12.23480505991373,-9.254285472176315
-6.233107140079804,-10.245161443665316,-1.416675147334195,-4.889361009306729,-5.78675281779218,-3.678371086354102,3.278838605323151,-3.0368679707354183,-7.251371527141934,-9.640434960110134,-9.764935204128664,-7.394910577404861,-14.380968918930716,-8.807695820628828
-4.448064603730064,-8.339732380433306,-0.6031313567742987,-2.036521174406837,-4.894342099299854,-0.0342914694760181,3.3656784016577257,-3.3517479152453875,-6.758639700653873,-11.550183109246056,-11.085659614277276,-10.567932804813251,-15.511622403495783,-9.266605739590933
-4.476686750709465,-7.06925326324297,-0.5838859470727011,0.1753245524767945,-3.118441884683693,2.6233684447853323,3.3910496339298186,-4.0662406821565655,-7.431557309229994,-12.562842379426694,-11.998547689850986,-13.12682002115556,-14.778279105719156,-11.020934777271547
-6.640806609521908,-5.965620090005098,-1.458539375962196,0.0609125955784328,-1.707379586518172,5.046358075146983,3.664793239687942,-4.597363322912127,-8.682336881616301,-13.055278030821668,-12.326215536745476,-14.283394258755006,-12.65087640803802,-13.25212837365712
-7.206785726475326,-5.191553572664703,-2.585552974891362,-2.067239944796243,-1.285173579124684,4.551605565118958,3.696296055836023,-4.154850325067741,-9.118842899708504,-12.998479409154218,-11.703316488049472,-12.92807344464726,-10.374435135747545,-14.036508781693078
-6.496083549968832,-5.194586394511791,-3.156977495768025,-4.432531929191997,-1.5634217755616104,0.1043822217450484,2.6831203041772054,-2.561287571716866,-7.771521479479942,-11.970255334904872,-9.967613279536588,-8.532115885212864,-8.816849434843194,-11.685738093016646
-4.15050157801058,-4.375495791680462,-2.872566669858552,-5.502534408450682,-1.91571316305027,-2.9124147736072805,0.4627884349667484,-0.605391932286325,-5.06075361747078,-9.78123250431139,-7.675804004747374,-2.241886714006266,-7.866035917359202,-6.353126276469517
0.7168514569202867,-2.8490626773199854,-2.09247632798839,-5.184826092501709,-2.154056043567881,-5.253508525496722,-2.128320887322974,0.4553760755613816,-2.584878067822564,-6.969130321033707,-6.059700176851445,3.1166855093585406,-6.90227547657105,-0.4080047901234023
2.639466003687964,-1.7928700951755692,-1.4034517563698456,-4.467253485091794,-2.671687925838513,-5.367733760218209,-3.9166848625539625,-0.0899735075784164,-1.757904410633094,-4.53432253394554,-6.1872008092699335,4.650352222561414,-5.710296872712523,3.063904825124028
1.6462612964950154,-0.9652197963949856,-1.0806510160547331,-4.094593632230675,-3.8095893580021785,-2.062297811830254,-4.387628571269557,-1.7083777361520478,-2.422495215818842,-3.100276951091089,-7.931787933795307,1.61975812304155,-4.759501471856353,2.606686502726949
-0.0953940062475842,-0.0536572386868976,-0.9523591408290004,-3.7810379195900983,-5.148290641911849,0.4867622619404694,-3.9730710832424734,-2.9120104213415465,-2.7678042789428345,-2.3286749996003016,-9.7172686837468,-3.611189906729796,-4.533281926402457,-0.4107617616898791
-3.839761720560989,0.7759582415267409,-0.7186723354295252,-2.736189015561676,-5.540552639374325,2.930639483927124,-3.381964033427562,-2.410131978022464,-0.8278906590602142,-1.2161174871804996,-9.44294844347267,-6.987642809860063,-4.687882682475717,-2.928434279348087
-4.174559705957805,1.4168405339371704,-0.3358181299097094,-0.7936669376106185,-3.9707134891286273,5.058253953536892,-2.766979774262252,-0.2064435913670554,3.640310981044969,0.9457690360976664,-5.982923652246767,-5.678861922974528,-4.058219738313058,-2.7799021228931853
-0.6482531104668512,1.862238143251004,-0.0577284067328243,1.1842426897686504,-0.4887859738276194,6.101782730978795,-1.6521799936267667,2.3263330489074856,8.599930516769518,3.8112730119468905,-0.1163636853640817,-0.2129883531859739,-1.6493250780996758,-0.4387414211568661
1.6887656213981967,1.5109034540422044,-0.1030366610620299,2.09616012766746,3.6456291171266217,7.5747511136314944,0.3338501183282245,3.523651956379706,11.13135661504697,6.123504252425739,5.834552432338564,5.973837448036832,2.3063500163349886,1.6824375880946183
4.0359005555316365,0.2594903641439902,-0.2937887183251799,1.7408395607552771,6.775439714665962,9.165731100186958,2.7616993668531324,2.76673605358197,9.690530049861492,6.668086137699495,9.405019877744042,9.264179626299068,6.280841772167192,1.726398069202258
4.710664845279993,0.2929582752358324,-0.0602506479904696,1.1215646596165665,7.95892458117785,9.66385628242088,4.527308866423266,0.9452324734698248,5.345179697411974,5.2674120347041,9.451229328325429,8.601491157400599,8.516026979368657,0.3004821606162762
2.826883806761304,1.6081645310795905,1.1114616099827437,1.628129827485819,7.51028080159705,9.156452985056385,4.713908302039259,-0.3118474271568847,0.98275270273141,3.031561046672731,6.729875705343466,5.977468339112873,8.323447062051917,-0.0678030420719757
3.477618568421428,3.359991513961882,3.1220052585617903,3.891410207380432,6.60792218398,9.334665895203964,3.3774900237907146,0.0803781158365253,-0.7893469651711129,1.6688056721650368,3.2921094399824806,4.380867884117471,6.528704369093516,2.527100743405015
6.264529851488574,6.068299261825566,5.091427750826216,7.286658002626163,6.340844432824995,10.06811329748532,1.5552956452370776,1.95477690369568,0.6711927975068455,2.3412080354420524,1.145665711786387,5.136561094026352,4.739792598233459,7.21137802160647
6.896381876313881,7.0940463306546135,5.836480418962186,10.34765999620964,6.92664463690306,9.985968175669385,0.5190768234908201,4.238872811109124,3.9700630854922503,4.852052741954983,1.0526392055431888,6.9746058552213865,4.102894957559572,10.641300611343633
6.0933239822717,6.224686556386586,4.729875559412678,11.627534660281826,7.639284009458587,9.351549545401836,0.8827894250588564,5.889741500538809,6.9818326018057135,7.730697935059866,2.2080179407600715,7.463271606267753,4.557129048090525,9.613778938691846
2.651246390369786,5.548373577871272,2.2895251734242184,10.4305649511851,7.456933632190301,6.776645384417537,2.194060432775672,6.5466986546071535,8.290146917350018,9.203153602993076,2.972701532968148,5.283620361529768,5.113012930751539,3.731733165431805
-4.36609240679368,4.4418632140609775,-0.0450318229827604,7.160906487162783,5.958731338497581,1.8777071859129184,3.242175299977479,6.44682044748282,7.715636701469148,8.431269023724159,2.143658434476408,1.241447491864888,4.838719153529375,-4.140849746011003
-6.445454182180784,4.483463362662845,-0.8764471406999792,3.2484196033287898,3.821787404926265,-0.461401846222391,2.8786871168362937,5.884425537549347,5.884270955041161,6.144047288731812,-0.118498430972183,-2.678052277814797,3.7267051987451305,-9.925134901054449
-3.5494374313559014,6.056616480662388,0.1653177717472381,0.6048099147133512,2.49569330820305,-0.3343363911746017,0.8672686650067227,4.856505369901587,3.554576149241933,4.11831539229374,-2.3491243830024877,-5.030090225738542,2.7633953261337654,-11.069571017665917
0.6003147638325014,6.936584663554992,2.2097318033531974,0.6657197588628638,3.170042240527811,0.4676984837854183,-1.8009947584341055,3.233189169612107,1.3222879915983736,3.784066215222704,-2.7816112400845414,-5.722243179434323,3.151140965466693,-7.81853108811123
7.988959950544699,7.527479881760669,3.865216320521244,3.445952842558594,5.713396008988554,3.060347249655692,-3.4802111598534804,1.1850471974274122,-0.3353511250334553,4.977377399605339,-0.5965783724644105,-5.4249733006229786,5.2607699426338765,-2.3527877998979627
10.670420220240974,7.329725999354096,4.234399775176487,7.307772094272561,8.436464438211956,2.610169556251906,-3.113037680899639,-0.70245521288322,-1.110621432325046,5.897981993827209,3.4307022253914026,-4.560785832362168,8.106974226644283,3.0162757821299087
7.915918139938786,5.915454898586137,3.379582592295449,9.831608755679738,9.05709726547004,-1.2512218308757728,-1.2819241225791371,-1.8696748689494227,-1.1616913740885726,4.471966444410972,7.321275983234504,-3.0706421446848227,9.807770765812874,6.947116304566404
4.901096355297746,4.849769562334735,1.9688506130261096,9.346913052404854,6.333575139181608,-5.33262251010185,-0.0896859205018256,-2.3686279151433265,-1.2490948271644402,0.1613664541420254,9.077284241046812,-1.0462474002921107,8.816451576066045,8.9247352180364
-0.3963825943859865,3.928081532199849,0.6025165642408161,6.037895177439862,1.1535396548156038,-10.821258712909575,-1.6650008235777634,-2.8943057962106664,-2.252669402910029,-5.238197972042905,7.905444087252695,0.7655528815766361,5.118637115031211,8.703186944155522
-2.119536997532408,2.987458999011114,-0.4996146681975077,1.7467840573052276,-3.911961635506868,-13.251688552869862,-6.307159859645929,-4.050017009236768,-4.261942816436148,-8.596037270135442,4.691324505933432,1.4156894922821897,0.497479874008452,6.339301444542825
0.6005577214498709,2.3141455064035745,-1.3030569013008275,-1.414928846223138,-6.4424210610888135,-11.962453405007842,-11.84485226374892,-5.495323542769065,-6.109516698940551,-7.620195712031626,1.4099945148643205,0.8019953461083972,-2.4574314740764613,2.7697682757337647
4.177314410963767,1.5885669193845882,-1.701855324522187,-2.57778904731752,-6.026310397869686,-10.79247257690901,-14.971779871914991,-5.941443041240145,-6.046667326759611,-2.5783819101635195,-0.1344030606917394,0.1066540602264911,-2.0076844958696896,-0.07503797120861
10.288371289875036,0.8859313072573544,-1.620367173493888,-2.5813677894077456,-4.578160955755655,-8.56064479536139,-13.65752940848913,-4.234392232807274,-3.2136579619891625,3.7965385033009023,0.6077114185650849,0.906891862318699,1.5757488461517006,-0.2931219801916116
11.449161466788617,0.5197526544872467,-1.331144597736542,-3.088007211513603,-4.725240393309025,-7.805163743447904,-8.691234326721037,-0.6177600706787594,1.3530601831824112,8.175527443129187,2.7164489987058333,3.615097942861064,6.213620493287868,2.483793975901683
6.87918823791903,0.488646508388404,-1.4735864510792989,-5.124425421202697,-7.538726278850082,-9.160962008047044,-3.0635639693522485,3.094311500645217,5.190021290557265,8.823479519566312,4.489746681546413,6.723686413935905,9.41142443376843,6.557985127910314
0.7670325406661335,-0.6750812520093916,-2.5677905417416778,-8.23005235604338,-11.545182215188133,-9.611028048390232,0.2639833915375655,4.762616358542228,6.081711507528407,6.435027437368594,4.466391402633672,7.712051005510071,9.760907745116484,9.325083903542737
-8.925323439575426,-3.031818097153855,-4.454783709964556,-10.817183149652925,-13.90819906178231,-9.8651695254342,0.3055298036563769,3.5422304141997447,3.5691098352753774,3.1161574498391844,2.160460164927048,4.975543749437714,7.482624887009049,9.229316176432008
-12.476138298695393,-4.440848471005169,-6.277728572167188,-11.345683576381562,-12.769284575158531,-9.656979005395309,-1.7689745407371014,0.4319525445259766,-0.9084657720949004,0.5678141628169148,-1.7255453442889817,-0.8052285984541644,3.851092711698591,6.808782481796702
-8.907107321947612,-5.128363747676572,-7.095213448668097,-9.361357338793884,-8.723939196564098,-8.546086386135698,-4.000920414242277,-2.672939035978166,-5.193966819247642,-0.9274098862728536,-5.522322299678233,-6.961371510011014,0.2466787707666811,3.980889497283121
-5.1679615425515975,-3.701796916385431,-6.565072741447091,-5.715725494758519,-4.2328427064188014,-7.155614740039135,-5.070578420492208,-4.455589611947323,-7.799402073902561,-2.0370058038312373,-7.201769788258467,-10.521767699774571,-2.3715978269513585,2.3497348572497607
1.2194006807877655,0.4513835110893147,-5.08600621160077,-1.9996049303458243,-1.6346875850881064,-5.256406672814785,-4.648827499933825,-4.850093529056626,-8.450144231402648,-3.2019938167892725,-5.389880282151609,-9.985714104579296,-3.4836031304643083,2.08957950176244
4.2271127390230285,2.640784304670128,-3.3662598924244134,0.30377672216036,-1.5556199103102926,-3.7758839268633215,-2.9109371045442782,-4.531415816820875,-7.685979575762021,-4.077743913763969,-0.4607799793317433,-6.013011706415076,-2.981962098468094,2.2242982089409686
2.742026754935828,3.1135013154013005,-1.922223619379105,0.4855405506423413,-2.9143242743402205,-2.833487044531829,-0.2248484130665442,-4.015815467891308,-6.190422174014801,-4.077997602470184,5.132884028877531,-0.8096341817824206,-1.346489733316741,1.7831195637503283
2.061973179007108,2.1945300617228347,-0.9327058202520232,-1.0880308210351863,-4.1523768195020025,-2.090319501033337,2.5896446580178165,-3.35695761721779,-4.451482794838815,-3.246687926871898,8.01732234404049,3.164448013805287,0.3382561754555351,0.6912361060929683
0.5191577548227012,-1.2303333767656588,-0.3870076994498164,-3.0972406983586103,-4.37814902494347,-1.829437942983212,4.117976315280036,-2.583153705965233,-2.77824870439315,-2.365941445210151,6.137237547329149,4.352369656458656,0.9521211156386498,-0.2678305448787137
0.2437697280181027,-2.0454999286773607,-0.1923266128411047,-3.8674918659230766,-3.5676252904449326,-1.544838791502381,3.0888239799097352,-2.161625512987715,-1.3559241949295795,-2.142391596152355,0.414433650711719,2.634430461495863,0.2349288866753403,-0.2063390783920586
1.9399584386292568,-0.2572774544766669,-0.1270176205202595,-2.3300834416918823,-2.083630073847674,-1.2562288972290057,-0.3750779151433168,-2.8051829323886905,-0.2052272826415477,-2.4136826294299065,-5.780047575250268,-0.854760258315705,-0.8826970420837248,1.0717074998115053
4.725758659278796,2.342425370813687,0.1468954769955883,1.1569768963720213,-0.2920923260961512,-1.769453000513697,-4.326736194632419,-4.729543594337155,0.7802042758511201,-2.336406271443136,-9.207439616755408,-4.449915741502205,-1.0633518204408934,2.785660259955873
9.433288906917069,6.950440809495666,0.8476067664352638,4.813344722188859,1.4043764324727943,-3.049664859957104,-6.196654944187426,-7.134746176266567,1.5866620814909167,-1.4300578658428131,-9.302511727379413,-6.850773539659828,0.1251427313359134,3.568837447124732
10.607324202988156,7.239250123003026,1.816878505552738,6.504318600056149,2.469714933597557,-3.4311656236376304,-4.790761450465854,-8.54558389327062,1.8349572150819455,-0.3626852398111784,-8.406924764287679,-7.710874513229886,1.658563636140671,2.317245227097044
7.945726806037751,2.7368028775656463,2.60659840424038,5.232856911685916,2.4684551232587184,-2.949764168845125,-1.2627495298620623,-7.864426488555098,0.9149613619783468,-0.562488913198985,-9.443089365709705,-7.578767578244838,1.9194113807446544,-1.0074514764113165
3.902982832539074,-1.610603370603476,2.931074756884664,1.8948248422469227,1.482553277603174,-1.2275499531925418,1.9093155773763133,-5.301634590714947,-1.432508874906553,-2.922645075858788,-13.153799911148852,-7.2794882116482365,0.2069626967302625,-5.18600456978402
-2.933780389509813,-7.2843691567950595,3.0268851111955763,-1.3945209245732193,0.20111984281028,2.2231765657066656,3.01267179824742,-2.36876501656744,-4.5454447765625074,-6.800630546274272,-17.439618332245363,-7.2292689449866225,-2.5814572105460067,-8.379865713739491
-4.4697076084323095,-8.683917157730377,3.458859992304432,-2.9244337773255333,-0.5290408923997303,4.148592331608105,2.3307883720164764,-0.8346542804933363,-6.910180998169189,-10.27109471306563,-19.31454909849186,-7.18323054163118,-4.757623214500713,-9.206619386309455
-0.0022283444108485,-4.71077654390214,4.479172327509228,-2.635859931056343,-0.3185500726914299,4.5963733050737385,1.501279765580274,-1.3989238750148043,-7.038857472873232,-11.45490566445968,-17.537007886962606,-6.510766689921455,-5.293848860763409,-7.494230417471037
3.2689086566773877,-2.9687250935506326,5.593229287309952,-1.9584931390460556,0.5395357178807334,4.264326907868812,1.8082922496264229,-3.1356431634225594,-4.581482216573551,-9.822907276527284,-13.455322532988102,-4.682215248062207,-4.473803482790785,-4.229436839122307
7.210842150445767,-2.1098008376715502,5.865281860732803,-2.423079633290554,1.3773499718559243,2.360441442805164,3.1060443604882018,-4.210884493751293,-0.7702627783591485,-6.4688414745869816,-9.464603204809205,-1.6065443094453324,-3.230322613842037,-0.8811402629041936
7.361610204947775,-2.1187726950969674,4.7596985302060215,-4.288376597445753,1.630820132659092,2.22031397995745,4.249595541213712,-3.3539039040354104,2.2675827963314923,-3.2521364795169805,-6.7812420559787085,2.2986020002799,-2.0643869544639286,1.3314091608288507
2.3379209228017825,-4.309405889866425,2.723075398441324,-6.358233340547734,1.0791509436701403,3.9336644666896334,4.379739610009015,-0.8858824827220584,2.9011214637384963,-1.5567495621951035,-4.7292978596714175,6.232296096450155,-0.769819027158372,1.857952814672309
-0.8688493492052042,-4.241409508493772,0.9121498760866592,-7.060523067709792,-0.1940603120603978,5.082651889501015,3.7183858921960593,1.5923826361547089,1.0862887028873152,-1.541730183336646,-2.041816835523452,9.278429488124544,0.8692053531087109,0.962460834466098
-3.4947471269770785,-2.140739153995947,0.2850913141119648,-5.75801811335503,-1.8617231412831727,6.369562224529355,3.209903975763213,2.634443861193695,-1.62380516664309,-2.225289100053214,1.380636835708045,10.799269540176232,2.423415152893315,-0.2998404425122589
-5.201749399515963,-2.271334397644439,0.875460239118232,-3.1580713367862585,-3.3131992446376644,7.00454775876587,3.535221221206033,2.274496077111352,-3.107075289524391,-2.1406042464985147,4.167957178461618,10.806980882479312,3.137934277124772,-0.422526281534959
-4.760925483496487,-4.014845106525142,1.8533970226829088,-0.6124932427392178,-3.721572713473384,6.6321986073586165,4.526951789651625,2.0390959204507872,-1.9848108358118863,-0.1007195011823669,4.9377007551575725,10.015861475937497,2.9060233752787057,1.7205517339944807
-4.630309841965419,-5.539342962064331,2.219613920443823,0.8999623337920664,-2.4636126513116365,8.212014634739015,5.47008977571048,3.5637516831079377,1.623021833590578,4.217856339931272,3.943840057855309,9.409328974874644,2.6530585663212647,5.869785338470192
-4.323975141171024,-7.5110323246990065,1.4690843935898816,1.194967959205237,0.2738620967314156,11.656486558978267,5.8671229816744965,7.001690560929611,6.263968737918605,9.994187767826102,3.134535159021336,9.562183640083116,3.465243663917589,10.06355716560918
-3.213018700189596,-7.0644364418822185,-0.2406667540983045,0.5682678737940396,3.290513961117068,12.642180902108851,5.874411365161883,10.670964139198052,10.034919910398816,15.436920301519985,4.452432855143957,10.248898790224464,5.300270329490789,11.66925298271758
-1.5890927075022874,-3.741834478784677,-2.3210418791278915,-0.6318460538210946,5.010486347545711,11.488658413604291,6.033425319917161,12.32906501778943,11.64874177444782,18.55683385738269,8.005775975942589,10.680110532862336,6.794224527609908,9.34190954411028
-1.4867111859298243,-2.533172096648647,-4.026046159790543,-1.98987720731632,4.645595917305132,8.317277260044586,6.620733411006947,11.006632760319643,11.113888145844596,18.32049457807093,11.899367420023534,10.178655600601598,6.605912786985196,4.423392843330327
-3.082720571370642,-2.9172231160787803,-4.635724153681864,-2.747319706892805,2.9072168451224814,2.105018611447856,7.257816915730936,7.791988397264376,9.626553202542237,15.430836993054983,13.905148190673582,8.736701557845032,4.98131983013552,0.3790711381003717
-3.130505248873328,-2.0304962534614672,-3.691077465715959,-1.913536675956181,1.5079372961294208,-0.5346580512619981,7.13041232171247,4.871063529440679,8.67056538190023,11.93607560194777,13.382912982281225,7.018131422113251,3.757017559142112,0.33426114628584
-1.981323823822695,-0.6607750112895181,-1.314089611017879,1.004749410751483,1.7593399205853326,0.544288472854529,5.620706704191419,3.687645741211041,8.861563373294182,9.706085337002897,11.6649669093217,5.833706409817239,4.533154189060607,4.502213027330562
1.5262003128333637,3.5169675264177647,1.6822404516942395,5.280296437828927,3.4934966874745674,0.9945805196266072,2.8353888759954726,3.862496993542914,9.391111094673796,8.93381155349433,10.626167772194409,5.5004529573424525,6.739007125104141,9.700382642128648
8.214580128591003,11.120610868526985,4.190451513454125,9.128161390517365,5.317240521256784,2.261611951081314,-0.3737580325233978,3.77624103020897,8.600248359385,8.029336721892625,10.864280343713832,5.545538484498058,7.647166542345381,11.62408236195279
10.399393133986464,13.445973346562484,5.522135585909943,10.869984878404566,5.938533142005717,1.9947345665811225,-2.917309195628188,2.177453327581799,5.32948968179874,5.1103548417762745,11.195120016150913,4.9757533729177545,4.590891708235546,8.209346163802458
8.068658217586623,10.565997006608203,5.806707916814345,10.16754474954354,5.246345319452484,-0.4373685658577412,-4.163187114420555,-0.7113200070583686,-0.0282738851415296,-0.2377564074598486,9.867249077637048,2.986784599685982,-2.5456648875346377,1.3223555279006494
6.362006150720385,6.786740577723444,5.653500415707423,8.19778733882904,4.1159375401405285,-1.0064795406297535,-4.338731463027119,-3.524291344601484,-5.669926640071079,-6.561112545582153,6.335371370740656,-0.3202554802420012,-10.864072477865854,-4.707964306100333
3.682179482125422,0.1778845751180846,5.405512335116125,6.577502542313526,3.2829085728731413,-0.2514507693826246,-4.306287226975531,-5.027952800524992,-9.611831153030357,-11.786189065537036,2.0212417280634787,-3.752680293442667,-16.499894085031528,-6.511291427069523
2.33237568249251,-2.531867882840127,4.780723200719188,6.003474547212258,2.60635180078436,0.3453758927475437,-4.7867355132481055,-5.021563756951164,-10.97172798386646,-14.78112460114007,-0.542502695738516,-5.645076262085681,-17.43017790925438,-4.155856820844347
3.081023072992743,-0.5386276053196484,3.298051697356768,5.808510735428907,1.5350106927339575,1.4259183866295937,-5.5826138530024245,-4.090741077656597,-10.28695926072789,-15.713137743687724,0.5609592780056625,-4.978916094927461,-14.707639582234334,-0.6798087081752753
-0.1316222434265629,-0.4431105018281092,1.0123964607419045,4.746414270431753,0.1587511692607215,2.035831293302891,-5.512590094656912,-2.702619895350799,-8.756716901199463,-15.113231056002473,5.365357329589779,-2.194223510581484,-11.272499479095906,0.6796630488127118
-6.91792353872913,-0.666063000157257,-1.291784811596017,2.210393855313372,-0.5006453734008374,2.0020562326604687,-3.3125506059195704,-0.7462744818635683,-7.190449796592446,-12.965485406099038,12.04415533275731,1.0221836624098737,-9.539727976619147,-1.0071422746824812
-10.374249462444482,-1.3186429735447425,-2.7231401165310025,-1.2001777239560352,0.5364957736766622,2.4228312595997608,1.1121782617891514,2.0107169532498563,-5.539026143976548,-8.950754056123875,18.047080345170414,2.9176651838185386,-9.766143689690526,-4.147010467215615
-11.234754071375294,-3.3276675884048594,-3.0929888638842487,-4.163284499735054,2.9584104281977623,3.07410845348871,6.211891185729629,5.186544053392037,-3.235934206192653,-3.463054930613559,21.48194053578864,2.917815727342066,-10.281005605623273,-6.449098908466693
-9.819996752152248,-4.10769909446229,-3.050516203443405,-5.63923774462104,5.0760763570132506,3.288130014973618,9.72907516894388,7.740840088779327,0.1060681006017389,2.0055179345680303,21.887158739344216,1.8939278713909635,-9.070437766605128,-6.845782240798369
-4.625760107821924,-3.87976907219331,-3.387389992759186,-5.538422746645336,5.180019945000888,3.168734366647952,10.42317482203228,8.788422545687453,4.237757596174538,5.824210417248318,20.08618384236795,1.2165305426823063,-5.330247911804012,-5.924394016489493
-3.604873038999448,-3.4779356310706637,-4.233894365510404,-4.615054112288082,3.0657981066744853,2.209990509691061,9.075264934352967,8.411721089951932,8.303208469907547,7.607656502758699,17.41042872010299,1.4248748313625177,0.0497202182572116,-4.97627122066006
-6.8417907950709775,-2.4309208832512,-4.973430913739695,-3.822841114249334,0.1985926935642412,0.2212751848426544,7.745007926220367,7.536683810921535,11.218308029503604,8.44774443540943,14.848771921810137,1.6929948568797584,5.12251396731622,-4.909961218495629
-10.55313266722657,-1.4457073985952993,-4.941439509291609,-3.691922291023264,-1.6652916896559482,-0.9949677284474896,7.819328694823472,6.929920310986863,12.128746439237975,9.577796965035148,12.56495066075343,0.5662576108687221,7.995317538084583,-5.920715540695904
-16.561084053856092,-0.5705977685366396,-4.162436776690996,-4.108772111972134,-2.0218169203870997,-1.4991849188557609,8.61646033357723,6.361618830534054,10.757561965294656,10.812423350194814,9.941801783389698,-2.684933956641749,7.7409183746070305,-7.751110718884849
-17.042344130228393,0.3489043131472876,-3.353136089310275,-4.493995231819838,-1.7953050969785618,-1.55615638200785,7.936821616663276,4.869056567336498,7.550936632444983,10.508054110713235,6.08552598075116,-7.275806258766086,4.791985290410395,-9.909688878573252
-11.17265723730952,1.1243565851492372,-3.178602310273538,-4.149358992890211,-2.030511577947798,-0.7303698671300591,4.206134607943628,1.916031279552816,3.5633749169016,7.285703855694216,0.5792691960882639,-11.339241359030927,0.766051651580534,-11.654539110432252
-4.451841947812593,2.764048653736688,-3.507185738250881,-2.5825772632475816,-2.522474228307259,-1.2111977686444098,-1.6880604062151183,-1.738313057272343,0.0766223532828487,1.8566977392447013,-5.886238157744099,-13.1897575583869,-2.248915956869178,-12.086385358773745
5.136554525833346,5.30544109529665,-3.4221025224544754,0.2485609492205069,-1.894840628815168,-3.052722124460228,-6.64053830907794,-4.421249061875401,-1.937607983119996,-3.0049829972232893,-11.494828568437663,-12.39279695939991,-2.770988608937172,-10.602834781105388
8.88812200731283,6.087997918961802,-2.032688104097785,3.8033186019686527,0.8399770521622871,-3.9972084104744825,-7.660669686445165,-4.907797535916984,-2.265943850564951,-4.588302090670988,-14.189590611128017,-9.885009934405105,-0.8515870929316023,-7.425390086484356
5.550873991041788,5.133625469079574,0.623634456621154,7.031291534631939,4.791913701241956,-4.437710246031775,-4.417567339105795,-3.4939825519194767,-1.5439434017730398,-2.622533602659089,-13.104854753686396,-7.215399532165975,1.8510418183245256,-3.66713917725294
3.5908761657056374,3.793522853027115,3.399303075147263,8.742597644402535,7.413555034924505,-4.110709367192142,0.2102740336678579,-1.7594617878243026,-0.8692322880405752,0.3390485848628091,-9.518055207370892,-5.585824449567049,3.1585705365638903,-0.768678193530854
0.8146246564264491,1.4740813585325452,4.774163600007142,8.19372230701775,6.476816762983406,-2.581914569614736,2.2170719455822496,-1.2301072182483337,-1.1070432336672225,1.0207288884309222,-6.341176827977641,-5.332763369510172,2.0099059660530854,0.3124051402492604
-0.0379332668456539,0.7106406038926146,3.942408984702212,5.580178262567528,2.080064167856971,-2.529004685003306,-0.3916123258758663,-2.162809150365791,-2.31529708892952,-1.795389398243417,-6.213165619739833,-6.013462564869929,-0.620732959622138,-0.4063540391549678
2.3833348306258726,1.805949410928461,1.3997078785541095,2.079449431467919,-3.2273343457512262,-3.924008167661553,-5.965441330533652,-3.5044932163729285,-3.7252686276677744,-6.292875203275462,-9.548447294738189,-6.845012555490684,-2.41601572106154,-2.0287493638213814
2.332490847475147,2.29619641593333,-1.409590948899095,-0.6799241606160189,-6.435925698758506,-4.948111758943459,-10.505829061822734,-3.9614624275866,-4.359075058063592,-9.31223996002787,-14.18383452279354,-7.16257277898728,-1.60098427448469,-3.32030804342576
0.6564208009321716,2.784899118457248,-3.091722175501906,-1.4759627204393395,-6.432264260919814,-6.129891122959073,-10.90220189135665,-3.1466439786491645,-3.84517847899856,-9.148515216155522,-17.04885416849209,-6.688838195080306,1.5193813880602591,-3.3407035844550794
0.7315336959671549,3.4064875218331325,-3.1840091686797978,-0.1873722193858067,-4.622554968957271,-6.618027229614388,-7.432593377048403,-1.81195100613136,-2.745222536760517,-6.9099321972283,-16.52180415471105,-5.533669867053173,4.743105859741707,-1.8488150653565656
1.837393106910646,3.841251943055629,-2.282550810998921,2.107775816878775,-3.381612986504541,-6.114464641664504,-3.4102287831796207,-1.0780811824001932,-2.054508386275604,-5.26776108811584,-13.483081884045331,-3.950784924084007,5.794474308252486,0.6844610536881564
3.638918481826433,4.309364910637958,-1.3964338185811105,3.729567905698047,-3.913936261543912,-6.237548628402019,-2.2915964689461656,-1.4473559279045525,-2.2795279272386706,-5.859717531138791,-10.249164852947054,-2.0431370378465665,4.229573374967671,3.41560657661051
6.677565341073628,4.716649264967363,-1.1098722072952372,3.369719695047811,-5.523781550700075,-6.769186136949186,-4.779766756833533,-2.473126458255143,-2.95820395438553,-7.810504351940448,-8.510067785767362,0.2705509528991223,1.7386264030835905,5.579920302208096
7.611227264124047,3.994306881446793,-1.2514184385860228,0.8581539113990786,-6.748392646695178,-7.009899325376757,-8.452220923288174,-3.289786407596482,-3.143467176317553,-8.700245095338541,-8.224623701394197,2.8867828941341385,0.5621978258078251,6.747860450359161
6.277497077550924,2.025715996770624,-1.2979745875527158,-2.764645588403398,-6.959828047641764,-7.203920534060702,-10.142369882597418,-3.443417449970158,-2.436622966827243,-6.962954274794192,-8.344197428058173,5.073380388931447,1.4417756430345356,6.761380897737025
4.895399019033181,-0.047043407831787,-1.0603140822825834,-5.901813180501348,-6.755422274023387,-7.164142622078485,-8.800477330766608,-3.257125788952609,-1.5355053259633795,-3.388227857461742,-8.34403930340582,5.580225489673966,2.970334197244481,5.547740509576983
2.687373670493078,-2.4773102516568697,-0.9144289810727236,-7.297685058983641,-6.899238620599061,-6.804199608879842,-6.195850351362757,-3.4345213779963606,-1.652913609721213,-0.3405670048379363,-8.778680601118918,3.5637533243494937,2.9565874380696577,3.149666586856071
2.1915992324985494,-3.4926867584189147,-1.27744686836874,-6.557572764199645,-7.136710012657093,-5.740249554756961,-4.93121019518065,-4.296145670855028,-3.2802514731497987,0.4739616995717632,-10.238530643502257,-0.309940585688051,0.5678269442219488,0.0665259449397286
3.8413543838491977,-2.7399672165279547,-1.8373824161958243,-4.054342918762009,-6.264200033653122,-3.842232777466276,-5.788252849715951,-5.358158933537312,-5.512170069606785,-0.4706020445886825,-11.94613965944502,-3.7350555732808974,-2.7305767418126035,-2.4459414685434284
6.18755977459011,-0.7004239517213362,-1.440356985991265,-0.5331584785020773,-3.428541857838316,-1.651723306171258,-6.9679457107420655,-5.650632613181532,-6.68997684024369,-1.1013524672619792,-11.78952402966092,-4.136626159728412,-4.343942483680051,-2.655560462456531
10.00496140027212,3.263771081575696,0.9908339722135278,3.127300300234964,0.6948236052850412,0.961442044975679,-5.876547267512756,-4.511595779461376,-5.84064457355235,0.2107768245072523,-8.157518671041332,-0.6626720305823302,-2.791915417231236,0.6285085202264717
11.048702752070549,5.555437020257955,5.207521589135482,5.934292885665116,4.10352210722869,2.615898339480047,-1.6690050435186672,-2.177216596889462,-3.5572047835014478,3.101136017923693,-1.926552156512912,4.915178089926455,0.9994432873516924,6.870959282153238
8.93684056261407,6.0492223591273495,9.307295472845446,6.941708245075382,4.966445511972803,3.0976397231962727,3.853641552525211,0.3283769155578295,-1.4687885386243091,5.533254187510043,3.5241774792363048,9.34794737542159,4.491282043937911,13.46986002106711
5.6184795544461,4.524558631527278,10.908708203108306,5.783949102789006,3.1199873986392226,4.292688295269175,7.730828689875748,1.8936426693017503,-0.8096494716236458,5.60161298254955,4.689221667229517,10.254502646426667,5.624846121988052,16.89603786560346
-0.079634140724249,-0.0932657035710142,9.002650161966734,3.208374665755357,0.2867866768562606,5.891309941513807,8.242793081372934,2.032440237649925,-1.4445092017789476,3.1735420294447065,0.8188437294551845,7.694072447861366,4.319748332481642,14.860796195139208
-3.489168836793931,-3.783437698620134,4.862034250479538,0.8959251598064921,-1.139000650946068,6.744999634545684,6.094384107916941,1.0967312707226349,-2.190919592521581,0.0372039582498882,-5.221402056424044,3.7082000498819823,2.2024308774897605,8.057748620046468
-4.269138240803553,-6.81272010142677,1.0997445015286802,0.3557974439622411,0.2347409950892158,7.078517422008061,3.5581324228095985,-0.052825016362739,-1.9716132139588805,-1.4009297602285216,-8.948341270022226,0.4560950495829035,1.0984716266789896,0.0360277064271876
-4.859583803502587,-8.522882459138778,-0.3869758036619242,1.6357530072230355,3.872063872450808,6.946531778550216,2.572455587977668,-0.5732089619789864,-0.6025441800452,0.2794443392216639,-7.492978498610437,-1.2543244341383968,1.7810677718205046,-4.987945633509218
-4.060590526778016,-7.918967864215691,0.1808953678073832,3.0080103400215936,7.667675501547542,6.146184013644284,3.449208769636355,-0.0249219744029911,1.4201402759259452,4.735167384643211,-1.479905225843777,-1.8841783069935687,3.859998707257148,-4.936591218231905
-4.53586306765125,-7.975213671054856,0.8843900880710542,2.1171903028446586,9.24369123346667,5.5938382594523945,5.0057663438597775,1.469128191069128,3.624034937153027,10.19464991968009,5.746530397149137,-2.046438410472188,6.4104553532133535,-1.1972185147924286
-6.544550122636613,-8.257788311484964,-0.1239212452001181,-2.153972763427042,7.363316863211211,5.293806599337336,5.671364018139421,3.2388951580656364,5.81361257041424,14.421044725750193,10.643023419680874,-1.7722023245470029,8.445433364310048,2.590398141734364
-9.164109242059736,-9.712311227508511,-3.0953370047561624,-8.526287034014196,2.704774240959916,3.2478046563619074,4.571858997066846,4.2789752914223165,7.644840131376711,15.674273977980144,11.664677484094986,-0.8646004713218787,8.979164374473651,3.33534091945374
-13.139982903364048,-12.97789370498502,-6.612829237362092,-13.827165899790394,-2.3951969780675846,-0.4994702568472425,1.951176400086016,3.721494665707144,8.259310114427377,13.33773110678706,9.709560838243192,0.3332164659182037,7.189904712879169,0.6386814490185646
-13.310934403847025,-12.17765204660672,-8.803839954492283,-14.902590408993785,-5.158869158449001,-2.357489116126055,-1.1001380279309068,1.423909986447038,6.735797665514291,8.124781337641203,6.926890880460071,0.8790307932660522,3.0194693194906077,-3.368854712440795
-9.323790911327384,-7.316688719862965,-8.66970803923774,-10.689839856023616,-3.9928858048133886,-2.491971972372796,-3.3225585921014087,-1.7623970275573804,3.103548112670735,1.805610442512288,5.0551820412479325,0.0938227980875758,-2.304569729229499,-6.1307847080915945
-3.5595093750339704,-0.5598740245683003,-6.538974868934272,-3.0852450088427608,0.3949693163540573,-1.0121541883561327,-4.033953713757462,-4.417103660308374,-1.2120148095051082,-3.5617777440540586,4.418679194503986,-1.5959413467183516,-6.66441319104797,-6.728086837609228
5.352912516604008,9.487498972630725,-3.5807294827720577,4.008297126545196,5.216418288008082,2.9862496977526938,-3.57190045190727,-5.497665438352833,-4.252515502449196,-6.628560462615496,4.01652378894986,-2.83522647994298,-8.405189073745719,-6.135676590040665
8.721808268473293,11.937014809691243,-1.0005229459006948,6.9398085387419854,7.250613966506137,4.340568471703356,-3.078102079468847,-5.063680527852204,-5.071902635681278,-7.386276198921156,2.4694320776651644,-2.4502768826235237,-7.56864417918492,-5.703565009156719
5.782286547761374,5.855369528370445,0.5010475717222258,4.503403114234247,4.963079678358567,2.9968551570065203,-3.606613948301737,-4.089937810997171,-4.462200104336761,-6.917022689654045,-0.7826685633671646,-0.4037195888994436,-5.812115818047344,-5.531431525773652
3.046303051070392,-0.684836394914728,0.8681108134203868,-1.350169580245046,-0.3862733264078493,1.2133122937064462,-5.141827123878588,-3.472813394639939,-4.043122124427106,-6.3752655327050665,-4.764029787165663,2.319077985956852,-4.964597786884821,-4.364557827005504
-1.629092283557986,-10.377579685097826,0.5662591416281924,-6.800743876699135,-5.536883952050847,-2.2161352762401103,-6.409019060529035,-3.164560558374647,-4.551778257286792,-6.014117719880765,-7.302069167440543,4.682601268258058,-5.460160922214097,-1.051027210762424
-3.164867930146686,-12.700106466991103,0.3000593032636249,-8.618047663611716,-7.424426105338622,-2.8612400105428124,-5.8406686423286125,-2.345309828251323,-5.0592848618484485,-5.1149105308396,-6.412647657847115,6.377287453856965,-6.020904821374273,3.946219950989741
-0.4674750346234234,-5.882424829813537,0.610822509431868,-6.121724294188537,-5.196178401874782,-0.3223784614290286,-2.996094846205775,-0.5454600782121801,-3.961193489685991,-2.892228808085393,-1.887302147764423,7.639431093891513,-4.836877853021452,8.520524707782064
0.9926240747947892,-0.0655050260129326,1.5075300771569964,-1.3280568554416217,-0.6065578348331311,2.14894312424533,0.8627264559958752,1.4235899044500506,-0.7773678861544111,0.4859436827234908,4.173704730332886,8.436071519108047,-1.2089184442426628,10.47118112764058
2.603321799336653,7.546499321587506,2.4128336043240406,2.695756309487848,3.3857911939632768,5.634208730810755,3.7043055834468976,1.844185852314036,3.0647943943410203,3.763010902314075,8.532223123046933,8.03151493048201,3.686156697535055,9.2322096806968
3.259524012657147,10.462971516498406,2.573300476777272,3.977603424818561,4.675502897153413,6.172687727620319,4.416111558078162,-0.3544184976123334,5.291511786248716,5.489111274197323,8.973438385643291,5.549213803530666,7.460508876298552,6.227351577546746
2.1535932371027555,6.84487616653469,1.698724010579701,2.763294936103186,3.22941330143305,3.0790718823923053,3.666566326117557,-4.296423708751805,4.679446296133661,5.080500613127821,5.773708717286916,1.0518462456401467,8.060922902450566,3.573582326371444
1.3262969851332904,4.45732062014082,0.3147982114421328,0.9819427660018611,0.747170393161074,0.7659824442557878,3.0585191135834595,-7.520061254640991,1.985741002669421,3.0569047455856966,1.2387640732481175,-3.995497998633992,5.0800729813784375,2.32536987140352
0.2806763011620986,1.3571794501163008,-0.5320553456451176,0.6367963564634636,-0.7816888754234768,-1.76540590090162,3.361259020338437,-7.906666778562442,-0.8763591138057771,0.3615122458414976,-2.284709844257572,-7.537377893782121,-0.0241742370714472,1.7966975083556207
-0.2222346362977435,-0.0297700598598471,-0.0658053861927658,2.3398731975520777,-0.4810038562612728,-3.1468340258403567,3.5993077093175185,-5.494554578346557,-2.4897331385238672,-2.398879884253157,-4.1514279229104885,-8.45180930623673,-4.877557206197396,0.4601950950832396
0.1482308366508348,1.533277472072897,1.5319007062520535,4.945257474412943,0.9974618952105736,-2.5998730723023247,2.005295792790992,-2.444808637769329,-2.8195075141102928,-4.9939142407071735,-5.386661997910441,-7.420769394371439,-7.617111586143654,-2.488282498979389
-0.2351784161574307,1.8377614807185587,3.121529757933672,6.416106589302625,2.1919648027931427,-3.534614471475985,-2.008089692885087,-1.094325156349056,-2.681043569990864,-7.022014465973721,-7.061137055948813,-6.250660446789959,-7.834950965940198,-6.326798984515102
-1.1605785639702424,1.7474971653110147,3.366738892590328,5.270096854261386,2.021891312531004,-5.51992758575781,-6.800730789996045,-1.8536956306919503,-2.585316520055009,-7.643661660591876,-8.783479015068597,-6.157864448971522,-6.474079424444174,-9.415622305722392
-2.7383822649847067,0.782649304285344,1.7240170200314893,1.6228360553597314,0.5314229327268167,-6.099509579303783,-9.524621225096388,-2.8890991786429883,-2.2215158480560424,-6.141384403207657,-8.867851748952134,-6.59313501086197,-4.905397143942545,-10.571397400664122
-5.300726489119522,-1.738108900032142,-1.0998272282030817,-2.8709700307324315,-1.307299807549648,-5.696167250770352,-8.391744120631468,-1.856106612772809,-0.9923918677012278,-2.822779135426135,-6.032043757684418,-5.790896472635401,-3.988030814443631,-9.944875023059506
-7.018419006607171,-4.0022425869275,-3.61645124798348,-6.144175396467756,-2.4596746203833684,-4.682767371105486,-4.1636170082883375,1.950098176728148,1.110909458933497,0.7673115224719078,-0.940654444625136,-2.6239248271271727,-3.807112547822328,-8.692939633067196
-7.913857079373848,-6.306739159726868,-4.633072281576054,-7.12313750517922,-2.596057862969091,-2.629427019707776,0.4612429895001222,6.969121250209168,3.254431466243135,2.7522867577955688,3.9447394596668905,1.9879514616447524,-4.1053917215395925,-7.8621835929880195
-7.725212612701552,-6.687828134042577,-4.115904489561436,-6.380406056117158,-2.164571150803191,-1.398335206010061,2.988475808648744,10.705133349457927,4.3443688479568525,2.2256359890959976,6.090735511183258,5.560761022696427,-4.823894705997299,-7.544988873813658
-5.940068394342627,-4.63525573102898,-3.147198494004808,-5.5263044422323295,-1.8301040464328848,-1.060119477384467,2.9381954541503807,11.657105407013132,3.8242020237125134,-0.2280297415567602,4.6144391250266,6.095540547362964,-6.182922203390743,-7.011288368592276
-3.868007673599292,-2.8176633769532167,-2.994774019210998,-5.802862237348497,-1.8742706048210165,0.7823856511616092,1.891604732380293,10.14282876803801,1.9658535972703075,-3.229833966391855,0.5735486222749819,3.8010280593921406,-8.279166336079703,-5.600615720300285
-1.2791052170908457,-0.6810852191345937,-4.039276058560445,-7.00880319080317,-2.088547843141225,3.832634968753852,1.9330691112936245,7.557564201268722,-0.4670380256471692,-5.78456508367414,-4.130579107754976,0.8300452640894198,-10.672436602953637,-3.526980102989727
0.5606688614276226,0.8364478338136436,-5.44209142066327,-7.650907916163718,-2.153285660588026,5.526843812766962,3.911671265901516,5.079897170015615,-2.729094410299372,-7.798584985118592,-7.985077782264547,-0.7384798580213197,-12.417651693622853,-1.878608087199778
1.308065130220513,1.2286173557247049,-5.834182883858131,-6.21698858189771,-2.025255895957083,6.101708941488731,6.897344939300652,3.099514151079407,-4.318322069117106,-9.542084385556722,-10.199634548171218,-0.7144762273763625,-12.556051814799885,-1.77335894060459
0.898582947532473,3.297768055729399,-4.455400915518398,-2.520453466807289,-1.9104654318931007,4.990498025349278,9.097027032404965,1.6334025927926916,-4.894016905212442,-10.75821499802187,-10.316810040699394,-0.6318240726573281,-10.67519911717192,-3.302459879289091
-1.215009398598927,6.805723305927904,-1.793110237784861,2.0038177141843274,-1.8788117064087384,1.5364861037095443,9.348855733365898,0.9244983586590436,-4.196940937111902,-10.45676610555702,-8.024280002152603,-1.8001159924263457,-7.125096036570193,-5.116214127312691
-1.5929026257829686,8.13039746491885,0.8075747317525064,5.283930661563675,-1.5862938140599845,0.3998826371864121,7.983738860363908,1.388513344403389,-2.1843941880452267,-7.704657089680015,-3.5963362328163058,-3.591332914025295,-2.778052783966737,-5.130505032174186
-0.2270334677749835,7.526550671870606,2.221002797333229,6.04471215721764,-0.4964428854997669,1.537604231989674,6.443238494653047,2.9788693179326096,0.750854198994273,-2.6811580334654064,1.6611763803343995,-3.79910859389372,1.459619196813911,-2.0367601020982145
3.2836468395393057,5.52888332852342,2.39793567796179,4.56161355591011,1.5191278495572202,3.2018265840979176,6.0445928767231365,4.802463415309148,3.791981766368657,3.05882088444932,5.851684008079874,-0.8448991567293813,5.056191134763797,3.4471463490856813
9.925521252020902,1.309927092058195,2.304267609071264,2.2848525254829646,3.782400349870143,6.466148206967769,6.931269428342572,5.595332034785834,6.071104917480781,7.469565500798167,7.7688510925011505,4.315020266448649,7.952502673383378,8.70302582635847
12.538996871513222,-0.3154217043461669,3.031921024842793,0.8326628479018865,5.124122372761427,6.668882851567253,8.05195419647405,4.724952961982659,7.16016253750338,9.346805902656484,7.861539493868959,8.561098993146585,10.32525785482632,10.911702526841594
11.06265240248645,0.8383372347159377,4.850080333622763,1.1772174300488576,4.78982458406637,3.449846793923332,8.124053828962344,2.756906622974425,7.25751854502926,8.989453860989807,7.790622463445405,9.08433938741844,12.198128002758486,9.171824540548975
8.854468005631622,2.778057458947365,6.973193783544577,3.391756448400025,3.1625370282390595,0.9011262734682264,6.696289487526645,0.9917543177682032,6.865213576388594,7.686237571199118,8.831328284985386,5.734664126856451,13.20721918547161,5.297683175551264
4.260477219930087,6.718026799740183,8.192992265699587,6.760165598332939,1.5473689550635417,-2.020813757409156,4.398957785632094,0.3739033313723965,6.226768722935432,6.579100784512997,10.644135292307505,1.0998701281511245,12.775327766434192,2.4737179507954625
3.326604468193449,8.465842252218057,7.825315092856716,10.014209738849646,1.0812291907094504,-2.463931079657141,2.2854574417054003,0.7934046496785641,5.090170511113602,5.963789385270998,11.700805640422743,-1.6878325920341304,10.679472622098272,2.7671892159175524
6.671732776326739,7.731508122371011,6.226504097261367,11.792745980531718,1.7412060479987057,0.4024019495531783,1.012902403487722,1.4054462120487583,3.120019799623103,5.569333691789245,11.009409262984756,-1.3386550459008006,7.619839871125619,5.588189435107498
8.239058291122037,5.415527242898433,4.533024561793981,11.421961472126943,2.4554736504170336,0.8625644831653287,0.6137587993580453,1.585034267683909,0.6279951329984428,5.33943358078886,9.376453651823088,1.095920427756532,5.219838232468284,8.417665990285592
9.37933723198774,0.3240968527957311,3.877803446268784,9.571493848021907,2.280219383907795,-0.4453598728833144,0.8330007039488407,1.5216452767997914,-1.1798572649972172,5.750763273233892,8.807306003529417,3.7267056422075537,5.182738352691365,9.106309197258506
8.893787452164178,-2.2810373184543447,4.653711706636894,7.972459839443916,1.4607312738933302,-0.9589096620193835,1.3892791445300112,1.8628158922833291,-0.9421024673973905,7.256112197425253,10.521808503327916,5.581699474614295,8.035380854202845,7.65592700427278
5.757506516953121,-2.299677816533284,6.276026750658154,7.995006098588073,1.1957685517658945,-1.6167751842108655,1.804750155197958,2.826759980008795,1.5934177278138577,9.475578734896944,13.565455551485774,6.934649826534702,12.45278795104406,5.948861355183858
3.9605168041874728,-1.3511121269186277,7.536704219452872,9.152522194037331,2.234662577361213,-0.391218878869215,1.2415401537667918,3.785841399928234,4.982418828878323,11.15664767925606,15.50936501158347,8.271349374897888,15.935929671603352,5.837697111360317
3.054575872597091,1.8773734608319577,7.318706106664905,9.124128887651077,3.775165406802032,3.1398369166060984,-1.010174885023396,3.84822950457691,6.997969451187959,11.179340335770924,14.66176407542562,9.3694341469769,16.55602281197039,7.458633270197534
1.8988203198225224,2.3105186162886207,5.274567366562966,5.718547009198062,3.993191993784919,3.806453691880373,-4.556357823941614,2.883568086065328,6.493750440942407,9.702377995752345,11.64279670829097,9.577414045887611,14.41524808422832,9.25832601316652
1.1931670156373415,-0.2753791239406074,2.075897922375127,-0.7842177783398547,1.889649685871028,1.8432847572601536,-7.514682198928398,1.8693064165821625,4.547379398793954,8.198799113249688,8.743998256800786,8.791885666541372,11.492752446977114,9.511190679923782
-0.0202063950930831,-2.3027520731408044,-0.9686986473247678,-7.219404460926963,-1.3782030937759906,1.44878019806084,-7.571120528260376,2.038684293554184,3.621475180017889,8.11922877662446,7.681697546576849,7.758306052243192,9.86891530464414,7.77607493941443
-1.7816043054752246,-4.895361254377955,-2.7508173769740907,-9.794891564615972,-3.2161826849431066,1.7569538862388565,-3.9125589456877528,3.5596192383291267,5.267440645785339,9.3482179507653,7.951608177503092,7.170771598634158,9.836829953687843,5.012687057581813
-2.513226916627428,-4.510768629558985,-3.0971183520294403,-7.206792619953795,-1.911358148262096,2.381848723355776,1.6906821109903163,5.096459689711505,8.430627407234283,10.012836217739654,7.390008535817513,6.598190854423375,9.63233719772012,2.50800169530196
-2.312354312688488,-0.4312040492987142,-2.8093632927346803,-1.8021304332580428,1.620083225325608,3.979284937588408,5.890926224588391,4.867273525145549,10.07943642634596,8.022867636772375,4.364079803922083,4.65740420958014,7.080962187215896,0.8339945875468011
-2.473700008745893,2.2270585144464072,-2.9093404489864767,2.334542949063362,4.441825423593354,1.934817971554276,6.230217195235355,2.333409607243908,7.794214351543957,3.0349703524646827,-0.5475631236849807,0.5335476168966551,1.675508434359081,-0.2273633995036235
-2.7449225141332017,4.289556153972398,-3.6887547253938,2.674874324380152,4.126145309837778,-4.000675189080354,3.0012271078831105,-1.105038961339325,2.038779650816643,-2.992432467651277,-4.960125706276656,-4.6686716366695045,-4.808004545003641,-1.0213123904183732
-3.558419750512868,4.180702153832974,-4.420568509063806,0.0126059053741407,0.871891945114303,-6.735302817085905,-1.1028304055357268,-3.211611946170123,-4.00878398950433,-7.255057966722354,-6.712115729840779,-8.334016118988657,-9.670539916792588,-1.5639541921748332
-5.182727268063404,0.8058481256695197,-4.05347001967526,-2.6856427437828003,-2.769790965669433,-6.946439363518866,-3.199977833603516,-2.904496285994714,-7.002764070820085,-8.314721963082516,-5.598228369249387,-8.411505327604623,-11.343395570402311,-1.7871030753533006
-5.898086449931722,-0.6932208886823599,-2.2914543780016707,-3.0425415908251505,-4.258667763387994,-5.161167900469818,-2.365973360747996,-1.2740181183814236,-6.114061287177661,-7.116041659219153,-3.321554268616417,-5.31684049929747,-10.356357024965906,-2.001967143200666
-5.790416354079055,-0.8159156331046035,-0.039556087121376,-1.0839578804733954,-3.245928569906731,0.1594148106442972,-0.0231834257726273,-0.5964855990161109,-3.511454769305629,-5.9838280213285415,-1.9105230067738503,-1.8352897566445807,-8.594768708760965,-2.8030092650230785
-5.618017542533581,-1.0464725897110874,1.2532486177152666,1.2657117942441136,-1.5719642281501294,1.3230884429696423,1.4567884510140807,-2.213216769968385,-2.3469256394399185,-6.61648424831824,-2.1387769769376845,-1.0097420774987214,-7.754726985722216,-4.378329143017503
-5.037500958500067,-0.4293694815329543,0.7857672468497334,2.1389098360750958,-1.2680568322960557,-1.7633615964215592,0.5349181094327378,-5.27975694653618,-4.167696729818097,-8.886970902570333,-3.2447122804184403,-3.8271095380328095,-8.354855696783119,-6.061741308510129
-5.036261944042661,-1.0021279621476422,-0.951905743939676,1.173653049174412,-2.6402843003136844,-4.694335309788762,-2.7189642757242574,-7.599908174395388,-7.997817817045396,-11.34018446926661,-3.9310686613250176,-8.625315670521736,-9.840924333913271,-6.836261082254076
-5.736922593846254,-2.869158024996444,-2.6501371349512794,-0.6435005909131313,-4.272640760498486,-9.158210267096363,-7.087887597749198,-7.7461343090730175,-11.593293086148016,-12.647849274624658,-3.5610412202139443,-12.5366287315029,-11.279859881243116,-6.408185095102971
-5.699212971588144,-3.250562462577572,-3.2937327393232696,-2.178019384212652,-4.752221755004168,-9.934394551678771,-11.120767246308151,-6.394703672581082,-13.382724842021547,-12.550884076955985,-2.5178722435890557,-13.57298937240524,-11.900764326954944,-5.661016173781562
-5.106220313776349,-2.447801209637864,-2.9004141220850315,-3.0505242197974525,-4.201129378513093,-6.215942106751338,-13.69585329982742,-5.548346771213931,-13.261692878130454,-11.571386122373882,-1.597032032761902,-11.68436993552609,-11.260692451027484,-5.811143027336689
-3.557615516643213,-2.1753244800729608,-2.294666229190517,-3.5363554922588745,-4.004895365540146,-3.6838200752130583,-14.137407772042112,-6.400619546109061,-11.850508546941766,-10.094905401302915,-1.1350982181079594,-8.270995677717567,-9.29176858350984,-6.9978749484528215
-0.7179186116797681,-2.005922924799333,-2.2458875802749394,-3.895452315413963,-5.075957224935433,-1.07461125801132,-12.285981628297815,-7.974404089292487,-9.417900296786074,-7.938899581082219,-0.6822619188415846,-4.9248616781032135,-6.399821053115215,-7.818302338121306
-0.1030297525430591,-2.744672877154878,-2.8054811340134824,-4.011045752263998,-6.548611314812329,-0.7375908152187018,-8.718333495787535,-7.957262448754029,-5.788846233678318,-4.817942302069941,0.5409173526492976,-2.4949335738241745,-3.423184261431159,-6.495341197812177
-1.7795459403997853,-4.725964584077656,-3.372197798140116,-3.679499521418779,-6.392600039686643,-3.751733857927452,-4.805884335190633,-5.01167865519491,-1.228766828726938,-1.06038963295524,2.8304733361811936,-0.9547527500581046,-1.2329868714518275,-2.6916013399976557
-4.056448614834668,-5.631748218155684,-3.304005705453168,-3.098043771693113,-3.476843814286749,-4.217841231923759,-2.211148187478753,-0.3474607872248025,2.918492447307269,2.328979006088237,5.499995217431153,0.155470815939994,-0.1713091672549085,1.8115138081086588
-7.769266857839923,-5.620499039070159,-2.4769069499505765,-2.901156107085045,0.9179057957550024,-2.7454821735307675,-1.9423283310271628,3.025445704971064,4.829392270599849,4.400079709536636,7.083937348045176,1.1582975741341317,0.1441644809415621,4.363159828339908
-8.603711482464934,-6.173500049839812,-1.366779834142024,-3.628355475555239,3.7203633739316384,-1.624164771392038,-3.659728384400696,2.773806788021645,3.63533334080239,5.015291638897994,6.113539422550829,1.858861699905592,0.3695165012042114,3.567039572080926
-6.120570707464786,-6.898228820593659,-0.6959725421807015,-5.1531321462467226,2.440516391949849,0.1692723848302149,-5.868305730528878,-0.7838919997460145,0.2901161340107965,4.812456584846533,1.9743582260954664,1.557276466134585,0.7178871885082074,0.3486556732377117
-4.149102189381055,-7.936547209432778,-0.9791878748295416,-6.691220478058497,-2.7296233382557986,-0.9170330326576486,-6.9148337494043055,-4.981629328739516,-3.061458757949346,4.400449061999801,-4.673763578526389,-0.453532894662537,0.7071068005394778,-2.9890997069091263
-1.6602206874210566,-9.502327297081344,-2.248190964690231,-7.451755482645176,-8.88888659593053,-5.335923105672746,-6.017591970644933,-7.06911195008945,-4.6982913855014345,3.649112688430698,-12.168575355662394,-4.132536426949002,-0.3100404734784661,-4.792138573143344
-0.7493015810055558,-8.732182672285912,-4.030587371658353,-7.340801787784926,-12.463848433580097,-5.962181049265016,-3.568837585187829,-6.36259633891035,-4.481030966001168,1.860305666835238,-18.66578256440937,-8.293603041269797,-2.329673814653137,-5.2563956197410775
-2.0999082757659955,-5.475128598924233,-5.536133917292258,-7.016507392078179,-11.596277333201808,-3.270736597911754,-0.619327319831477,-4.422125997169999,-3.598164761091599,-1.3082985352231231,-23.00985803453197,-11.10539982756042,-4.45493586997009,-5.75615130383342
-2.7249199627157505,-2.9319829403465696,-5.999862219285792,-7.17520465149817,-7.052235831874036,0.8237904857027345,1.8957179699808224,-3.288948177768986,-3.2775038912712304,-5.105234610577895,-25.071654420766805,-11.290165831974658,-5.558266448473319,-7.096622935632947
-3.247634720313255,-0.5520831507017556,-5.094215333107343,-7.7064856446599315,-1.229105340372449,7.832927552530799,3.580143849071675,-3.5605537448521005,-3.6949889604514254,-7.942806569595291,-25.333122675860245,-9.059539502989551,-5.251881445875725,-8.51733597045159
-3.3052348521285704,0.5558596283094199,-3.204434605075648,-7.568367207726496,3.628867017697253,10.117565996314978,4.503728869587611,-4.071911298058822,-3.9795921408462007,-8.5208577977739,-24.157932901900462,-5.924370057692343,-4.21375351960031,-8.487351702604691
-2.408715746953863,-0.2998525819121391,-1.3143218511122257,-5.627856897631673,6.549736244573872,7.194126472827577,4.915851692011827,-3.31030229396594,-3.1587466494142973,-6.857373589060735,-21.540604409273502,-3.5282088911097347,-3.532117935448248,-6.494932786184577
-1.1492444570147085,1.1943227192161048,-0.4426430075563416,-1.7900198686722677,7.737515634765828,5.873348036639749,5.047715825336098,-1.0555475425719578,-1.125341502773395,-4.323033392462193,-17.66824932601108,-2.567506539168704,-3.7122381191576608,-3.960772264436208
0.7644087837111485,4.801962723072962,-0.9418921265141194,2.6345178987813758,7.822470801439351,4.505430813005269,5.055706300217608,1.359535370316351,1.1912982796414298,-2.6362807940542794,-13.637607697826256,-2.685079481920063,-4.318684372082359,-3.193494498720796
1.8476290556526576,6.170687343418757,-2.194740009802281,5.760934573201169,7.323928093940131,4.32480708134382,5.006017955431034,2.344116336712119,2.532926248012032,-2.6317587966176106,-11.230738855281912,-3.172328592375244,-4.564534287285063,-5.238368197655113
1.9702333948937027,5.896805989136937,-3.0305707008643807,6.508858079516124,6.628117427231373,6.407374653324412,4.862238747974267,1.567581054221911,2.2825244061796752,-3.7622176195449697,-11.510987364263016,-3.5852295774966123,-4.198850005070142,-8.65145742534493
1.3026210854113158,4.017210476747509,-2.6144597066743955,5.330881680926204,6.130230391338479,5.477113819708272,4.531980694045636,0.2289460848320104,0.9245039917925908,-4.673121861166308,-13.471789942078487,-3.727630051175588,-3.765481889080647,-10.461278942588322
-0.615303485230363,-0.3569497596413702,-1.108336201849056,3.672913987691956,6.130130871900278,1.8752339693097475,3.982441570953746,-0.1205415829486113,-0.3408970036448195,-4.353731753180725,-14.372056522589055,-3.337475347468746,-3.970287552257382,-8.558011630270393
-0.5616485355179942,-0.6021522062575106,0.4731149010140285,2.7293272972447653,6.545594082470366,0.7992787168861812,3.3311599585603204,0.9952339590113084,-0.4970439263017638,-2.9417421707184133,-11.913506223777794,-2.094537597797199,-4.796484889633902,-3.4157781194492784
1.5746610320609573,3.4942184932816764,1.127921142450731,2.6859662502757047,6.870119420131459,1.5471675994253518,2.826569552357583,2.662245096434958,0.599927953463606,-1.532593855877337,-6.380724333200817,0.0195120175189913,-5.260573663036055,2.3315080962636614
3.7978276768011794,7.007835520571043,0.7306632677577056,3.075565170684825,6.601304406884125,2.873938497891217,2.741651679507541,3.5852847612265606,2.2633403348252443,-1.120938403147136,-0.5450868406959586,2.571690301135746,-4.101223636517247,5.995364853388338
6.849105550718906,11.371662450138126,0.1488517944685981,3.684406594724095,5.8093075859972885,5.725856335654561,3.262057298345709,3.349736893365815,3.64149800302895,-1.5387832677029536,2.7960828366110637,5.060278229645434,-0.8433650091228344,6.739714648751246
7.716444955336213,11.988789104461476,0.50803174735114,4.890791214621828,5.234900538997593,6.12855618722738,4.396643174524556,2.700044928850204,4.385661748306831,-1.3639114561578791,3.3183962732533274,7.386655018738324,3.65947600524305,5.766274968183637
5.957391188789368,7.830662334657443,2.2382002361693054,6.995119452631471,5.66734944690819,3.8308360964254913,5.887260834183408,2.649330301165719,4.763438432960697,0.9555078519574778,3.2118796575433066,9.746727778056028,7.677433960516225,4.899783460721835
5.067321633604156,4.727935751306778,4.70117675605222,9.302357272619872,7.06463938525593,3.3005232511882947,7.164083261230303,3.3983335963326624,5.21455467611716,5.594714488172116,4.733874014531452,11.980849952228256,9.735153948456627,5.021959832393094
4.342182832911237,1.4695502730428536,6.666778613256838,10.129650705317673,8.251202729249883,3.782012171360289,7.476803548352862,4.168063016578969,5.847260448902631,10.804812497898652,7.807738113547572,13.220948334623747,9.580846268253964,5.684109105226952
3.991462099864012,-0.687187290344874,7.189646535075212,8.023089622345609,7.631250915963065,3.510040630859104,6.256107546057905,4.066306756907324,6.359582979389444,13.99853174531873,10.131102639530027,12.486961204560444,8.281064390524676,5.973886185532891
4.596100723312938,-0.7140098426966192,6.179376297298717,3.1607425165745013,4.462893697271994,3.114682965331668,3.525207808124975,3.053953907822944,6.409050356028487,13.734550049239132,9.62359659010616,9.796029612771648,7.387797870186347,5.596561545232717
3.825111134046866,-2.371377692074096,4.3122169661108245,-2.427594358412108,-0.3537082439061976,1.0759733442916792,0.0408337706885646,2.0109017297074843,6.029513684592871,10.945921575407908,6.63274732322995,6.588406985487609,7.805519428914863,5.1184789896989855
1.7963152781414435,-5.162644225887572,2.5013932891829285,-6.169740129253725,-4.721102154336791,-2.933517997669419,-3.0104244160592657,1.8478811381573903,5.67626496658329,8.267249079221784,3.636975130686821,4.803181136931755,9.177898892175918,5.268403102827449
1.2982725302467522,-6.136558217428088,1.3931680126165702,-6.735241742040131,-6.756074798683031,-3.6097192341940216,-4.602797585547009,2.573707534028671,5.8314866179966245,7.915602181912142,2.802056621537403,5.289514089847415,10.186227761375632,6.109567002213197
2.0575437237022065,-5.714483149044619,1.1638363907372735,-4.824998671335273,-6.056125524324813,-0.9911431609290732,-4.381441002787675,3.242628874354424,6.490651952370925,9.870840080724092,3.907954517969472,7.005342433708044,9.484056550407344,6.939889218513287
3.339253977701016,-3.8923343236163688,1.56779873529905,-2.4158074370292866,-3.811677627797693,1.3990033511172062,-2.8014845623615017,2.8126496519886786,6.980584846311245,11.896846200368635,4.712697570549395,7.811623505264436,6.623761443906716,6.988809506903465
5.700077422011718,-0.0586421789557866,2.0827248279386623,-1.2075775690108728,-1.74555017270675,4.650085408872081,-0.8595037428454475,1.079642742819587,6.341879375875273,11.40230909807824,3.352895300510319,6.238239897156063,2.450645175697346,6.177149038635214
6.649645736285838,2.4335103779580667,2.1230492534587526,-1.5195077318906982,-0.8460149154464673,4.929510633837202,0.4130506313859854,-1.148201953880772,4.082291854620635,7.607511540559045,0.4031954033058582,2.741733007215551,-1.1922013602144474,5.1777328266240445
6.030227570170358,3.569490754690537,1.3622020578880978,-2.3129001341585536,-0.9301433628037614,1.473224814226217,0.447840193576198,-2.6985872724109825,0.7460580664163246,2.261041901031277,-1.4078275020401207,-0.5687991246070041,-2.3192779155131333,4.754856948306951
5.909122989704471,4.368611032518849,0.0483975018508076,-2.1026390436067004,-1.2235533362675568,-0.4123087015416694,-0.6021163641570197,-2.854338197493988,-2.235896222314423,-1.6343667855019532,0.405002871021459,-1.4931318083066143,0.0945392370025075,5.082665720165458
5.735635287180384,4.014243519055522,-0.9898321591544316,-0.0360994324566021,-1.2276416819262792,-1.6424866799082432,-1.9878662136330405,-1.696346338239458,-3.4533776258162305,-2.0479433071720123,5.739958074561585,0.6250535106692539,5.279884487148671,5.706541963313278
5.953689344617122,4.036190924080263,-0.8323530776020327,3.484118004156983,-1.0344188381274684,-2.4948819297393667,-2.827065568838215,0.1169822465593668,-2.56334185933072,0.6173092263876256,11.702960017252892,4.386414837472074,10.738245473111434,6.098951187880068
6.868007255862,4.411652337439356,0.8176277970616255,6.9349980525948425,-0.9497262263475328,-2.0655806342604084,-2.6273208228132674,1.7675761624942936,-0.6256401106558336,3.877510082187434,14.722313029222711,7.29263265101833,13.496360514654144,6.167768732082919
7.446126103964517,5.716464823077557,3.3054480378707183,8.536212929436784,-0.9963020317924388,-2.9911161611622576,-1.5241370841622128,2.579970618219587,0.6291369695985622,4.98878214444381,13.209244841020904,7.500434040164116,11.981118502112892,6.231474471595835
7.854859350965613,8.388800919897308,5.469525634390402,7.435553073258761,-0.8811201995601916,-5.147371815295792,-0.0981078481111747,2.2096109399481367,0.0818591226852216,2.848878838892849,8.652773922008233,5.157135751512305,7.203505453174577,6.622759003918582
8.140524282652699,9.380374398257851,6.537970822600925,4.456437048850861,-0.4049049595186249,-5.674506281764215,1.0324859022345998,0.8253286433993252,-1.952292926686488,-1.367407088711713,4.448868432887075,2.342381087001982,2.184222001326419,7.435745063039948
8.127195937894642,8.787933903457377,6.663140397613,1.7211776785639348,0.2121267049026221,-4.9059522350737605,1.518117839286537,-0.80207263889519,-4.009036893710555,-5.178260934001084,3.5604086680229114,1.5592737263126717,-0.1343307860234643,8.610204131838136
7.726577997785914,7.815707899732679,6.582990309132281,1.212837483672388,0.4873384128815363,-3.8848386382428064,1.344918467547803,-1.5446850602047846,-4.613131512887922,-6.540229370751025,6.776778524930828,3.7938634358026544,1.074011837903054,10.042329827317031
6.849922523494988,5.807222355274105,6.770848272799242,3.296734506752564,0.1566852325967751,-2.1001357620690357,0.7743080026307965,-0.5400195250294217,-3.346558822693787,-5.077582422922664,12.561496906570476,7.621789353465182,4.139899384278095,11.417100104391915
4.863448263127816,4.937427914707938,6.9669224481209895,6.436278489192201,-0.539024633789623,-1.831305748093203,0.2702042623713616,2.1650602311405223,-1.0400526126644962,-2.0321322966262585,18.194234711582148,10.18222620926607,6.399886010187039,11.976659901642272
1.6184228233395466,5.398306747329497,6.5615213909962335,8.40059293708714,-1.065971216666874,-3.329701120031961,0.3357938333918611,5.464604271662417,0.9673579655625986,0.8095446656124068,21.24308357912153,9.383376847129398,6.229656715762971,10.740184460085231
-0.985531138964871,4.122291623491534,5.349497750385375,7.946963296966693,-1.0875551457036536,-4.135294072071082,1.1495007935844723,7.753697110738898,1.8286328837931904,2.2769838244748044,20.58620886817844,5.588447894753507,3.944631708233743,7.265580800183123
-3.0197169027915103,1.483514911535775,3.7634915085918834,5.552139406118506,-0.7409701579014438,-4.754643312296193,2.1960472941205538,7.876098712766812,1.6441486531648906,2.2627261099280105,16.696982850267304,1.3220233945416595,1.0644947989512872,2.305595578338263
-4.00590334204818,-0.8419735987365342,2.318730844645046,2.705685568896285,-0.4457574033951772,-4.461549024530735,2.3681485974594523,5.829587272204307,1.0921252542889022,1.355729469000693,11.230284155475855,-0.8329501535167765,-1.1175731755446918,-2.419562667116807
-3.409082327838928,-3.320619225733512,0.962558967818012,0.6134805774326821,-0.4677749133263944,-2.7911147676988057,0.7640069049702447,2.753493724158986,0.6727297098963874,0.175369472505821,6.133473216205445,-0.3651962809750841,-2.330340850482713,-5.337333963828726
-4.795261786246857,-4.812270826896563,-0.8277865042788477,-0.4622977908698686,-0.6908043797365764,-1.739544665127006,-2.325904803686427,0.2115462800794176,0.3028886532982966,-1.0152193631233075,2.723937673699808,0.8800257290997138,-3.015105339771935,-6.110499658613733
-8.095386964896017,-4.977863395453401,-3.24362716168082,-0.8676122969618518,-0.810425021641322,-1.0665969265636397,-5.209320779252792,-0.7538645721743649,-0.3857760232660894,-2.2403890844707206,1.2685281591864594,0.5015492437094622,-3.5493214596122726,-5.72053661331428
-9.909802546102702,-5.6077787928959095,-5.594219558577606,-0.9316983386167976,-0.7219881633510568,-0.3617549640955097,-5.8320191536301,-0.1808270054155798,-1.416536681698929,-3.5309754147800163,1.264429537434637,-2.2310363845386405,-3.9163028225694063,-5.490516826588106
-10.825687136223824,-6.39429942615289,-6.774386871125344,-0.8502712737594607,-0.6782066667080358,0.0152341563255372,-3.377258020073484,0.9821763488549352,-2.2410269308764867,-4.771475783169976,2.032007117783351,-5.766553014456747,-4.063997060698441,-5.98040929347593
-10.253716466038448,-7.535461594909178,-6.3665540497303255,-1.0196501536576932,-1.036517776750486,1.030074786514496,0.9576911659491428,1.6158880548381802,-2.2500583003229906,-5.789977838722336,3.0139543507729627,-7.798964423221648,-4.387445793205771,-6.759174984462433
-7.510537574638939,-9.363174597360032,-5.1806969582465,-2.089268172639791,-1.8479371099130617,2.703290396573537,4.786120153083971,1.19265268323511,-1.5438924833757994,-6.540838463608935,3.641114068229911,-7.454877672630715,-5.6567995189411135,-7.167478233400573
-7.036183999647907,-9.68761564320121,-4.555509444034897,-4.360389892926065,-2.7172508423691117,3.160506847142663,6.3019120801484405,0.0287588214902996,-1.110505769146755,-7.159615197317635,3.23932786069696,-6.084714076312423,-8.336565298769358,-7.23238142347688
-8.759502326644604,-8.514122605499454,-5.080798417430287,-7.109006691542504,-3.10361565388655,2.4750562719756446,5.472638448016284,-1.092628361999516,-2.083837579451,-7.825117566705359,1.4111889083110327,-5.951212755873456,-11.921438321013028,-7.784471039677214
-9.0824389552441,-6.121122562476938,-6.070306706363937,-8.755445467025766,-2.792309914818929,1.658006633025198,3.710408805432394,-1.5683906459962884,-4.692436381566239,-8.563886784831766,-1.3896073009161398,-8.067268204127771,-14.971966900318222,-9.624536979373431
-8.80910021445451,-1.9408257851653543,-6.331817293442043,-8.00918040911671,-2.0896042991276715,0.329993222928014,2.5064520116046083,-1.3832565644870272,-7.882053645246344,-9.184254808765218,-3.871353155322339,-11.166942005709814,-15.93008203357931,-12.519097298764793
-7.165630052282386,0.1795862804425497,-5.393213084663699,-5.010948627113834,-1.5466486242439998,0.0465782842870606,2.36283382768039,-1.026125505440092,-9.993499329000173,-9.386756638014331,-4.816007004100356,-12.704793770297812,-14.11173046493522,-15.016209059281325
-3.517608442828263,0.0895368464550633,-3.880381475043748,-1.3341377288695924,-1.4581208112676336,1.0387298429653669,2.836010159327856,-1.0614980562798166,-9.904745193186727,-8.922057243453196,-4.1742934143089485,-10.975240245747813,-10.128713547673756,-15.379673353723916
-1.6308661488902918,-0.2350061419830305,-2.707480379498662,1.239960014475912,-1.5887208939016944,1.612745668217222,3.3077586643863413,-1.703559581330751,-7.692782318166849,-7.657491757369428,-3.228834957223796,-6.558849027396974,-5.476196304209736,-12.945163037918434
-1.3509352140216573,-1.7304540731626863,-2.0513880689701693,2.05816090640144,-1.381272112543286,2.145269793277558,3.513787064515327,-2.6557279563680254,-4.406559013770362,-5.568271585253712,-3.517966076369504,-1.9743328473227564,-1.6652719810257397,-8.779225000152962
-1.7598403620398062,-2.414435290226421,-1.2841024167712192,1.8311219156533696,-0.4803853135535121,2.292881763188084,3.398280485085195,-3.2653577478728266,-1.3172838762243655,-2.784250559747335,-5.451273123123173,0.1092374564959186,0.4687795891884434,-5.051320247481613
-3.7030136417349486,-2.0691699412681763,0.0833220886015908,1.6577275741969402,0.8673435950660178,1.7701876215370371,2.764202939241983,-2.881248099184006,0.7460555763221919,0.283882165827066,-7.906723390255422,-1.2696521891155612,0.93892395000438,-3.566107317022471
-4.704451931181795,-2.423498365651974,1.5729839929009015,1.8842388293167855,1.8937461270696476,0.2936241549617356,1.3725960406807758,-1.2292461215127446,1.6892568277766316,2.929729534974797,-9.183595007710636,-4.719611155507295,0.3643733372347242,-4.559597657170514
-4.726660591528391,-3.017718670647892,2.065523910006448,1.9010235379772096,1.85493292459347,-2.407850434691317,-0.5378981917020553,1.3847306245283448,2.114689682871841,4.447894687480243,-8.426212881226746,-7.44011689681011,-0.3905626867093588,-6.6112151164596185
-3.55184391330867,-2.5200654040463584,1.025588937205896,0.9631341867854816,0.6423170315601396,-4.17827951037361,-2.018942337523015,4.165100711142657,2.9913518694433776,4.632955863169684,-6.268794438518768,-7.108793896672211,-0.5456378159978499,-7.642212429079677
-0.4799875595079547,-1.0066036813065435,-0.7099310090455901,-0.8828813032484675,-1.0406369265724322,-5.043065720890125,-1.9873321208957575,6.178022234644345,5.019038756623246,4.048799670333551,-4.242746870487508,-3.4936098196587864,0.2845272869716382,-6.236954440892561
2.486118438590017,1.6094072513817723,-1.5579149016652707,-2.7015394628797367,-2.1353742435580045,-3.4949563323725004,-0.2351859099046578,6.769708459995883,7.934073737288685,3.721204017634165,-3.5785833958582884,1.305001849010182,1.854393776384512,-2.4498273985561525
5.602432918930734,5.688533398297946,-0.7225109410611026,-3.4571158222447025,-2.008844873645671,1.1994899386059803,2.1021728023012543,5.819518561989071,10.357516755634409,4.408757658671192,-4.421321160980682,4.255167212572417,3.356684898715116,2.276593214544505
6.694199054113465,6.869266152384785,0.9167611055695204,-2.908846456164241,-0.9353186838922056,3.478434178949733,3.204930922422477,3.718306905619244,10.607640186868082,6.033521894232081,-5.963953760262456,3.558274018692714,3.943728772291848,5.933835794240991
5.1534942431275175,4.929163835609484,1.546222413234716,-1.8150294520098385,0.1391856313253754,3.6096645319737695,1.8958392046415184,1.1335829293199993,8.060613875504103,7.73810780470717,-7.199862765265436,-0.012891383185547,3.432370021463541,7.053187669613607
3.837012448868116,2.1504448549832085,0.1174466173116002,-1.332214929453002,0.3736304476735768,1.5337278010587811,-1.4665839228872954,-1.2901056483272413,3.91267611141015,8.483983252485487,-7.617239770868892,-3.73322863641836,2.5687564409766424,5.523832540339924
2.09332193360484,-2.566688453228553,-2.682202373981028,-2.1680391762599243,-0.3049078499172424,-4.130434140862232,-5.245969682217961,-3.1562777810712106,0.4900125223213933,7.68195858462029,-7.384830773201912,-5.110836062634164,2.440406716418664,2.6283487705809137
-0.6444340938514416,-5.1997548770054935,-5.149605379194668,-4.13827264838261,-1.2091423941583912,-5.538693556518813,-7.645206729464576,-4.3791338776510855,-0.4920971968722512,5.434775944750612,-7.068926623591551,-3.862266153812655,3.375499461597656,0.1814524033367206
-4.03212530606215,-5.331498070836813,-6.205147604830742,-6.364167950385593,-1.5309273389264035,-2.6756780533249307,-7.753590327267915,-5.073127391240689,0.731367787549658,2.3743641742969714,-7.22698896038753,-1.9916894679103336,4.294302064840068,-0.7181128330289965
-8.8965445011153,-6.636965028183436,-6.263836255066906,-7.873587071285826,-1.029131437599247,0.9826485307147024,-5.843790384870779,-5.367697442389165,2.2293226234464925,-0.6751821305382606,-8.179499603249923,-1.9397074052721024,3.2759633157238213,-0.408441518501391
-15.315628530874228,-8.177796505534666,-6.511229781603575,-8.187375140310117,-0.1882359674687279,7.225863307303381,-2.981413472677481,-5.316330664321498,2.0077097527063685,-3.0333747519499,-9.99861557205677,-4.490516505324315,-0.8982939492968711,-0.2657718392740875
-16.669864848075395,-9.522172764328586,-7.4466121565376895,-7.571742101853168,0.2294293826548532,8.744589831945964,-0.4423352646611036,-4.986571063625355,-0.4077065492134437,-4.431988436888032,-12.541753233810503,-8.246709717931056,-7.416941944168373,-1.501769374098071
-12.538627159749186,-11.102990843417514,-8.264612642488226,-6.842604872295454,-0.1898462533206033,4.831998857164372,0.743621366145546,-4.604670389421289,-3.741405991314684,-5.1008557481977785,-15.373995340417686,-10.905283817445955,-13.512778074065633,-4.155781286457198
-9.321334378580204,-11.550289917641011,-7.674908843389375,-6.820419924394052,-1.2135692847558346,2.0959234259153177,0.1559867183520467,-4.506605422811905,-6.1150657571038,-5.515123833459949,-17.63535161291903,-10.93990762929062,-16.073027377694117,-7.060300257493253
-5.582044484651513,-10.80556161914034,-5.227389857502253,-7.725117366656519,-2.176595342181784,-1.156290715675665,-1.7216325972772566,-4.82729400373703,-6.435266859154986,-5.8678751337845725,-18.10899973437209,-8.235812460132301,-13.665527311585286,-8.666225377129763
-4.132253794832192,-9.53305166788228,-1.774139103952919,-8.901188591372517,-2.49116547402916,-1.9306054512064563,-3.556101519455538,-5.204250999423763,-4.889504256255052,-5.696679295690146,-15.69192044691644,-3.586187955067075,-7.47984666735681,-7.959153834134668
-6.219583557243151,-7.403079360602423,1.284991381709176,-9.13369377687934,-2.06128289699484,0.9383221827964398,-3.869864891782541,-4.894442640195834,-2.4097268332296977,-4.127188613834036,-10.123627010121254,1.9221443061655064,-0.5010517672003232,-4.865660549036875
-4.068880374544592,-4.603867342908416,3.084244762232487,-7.441009482074008,-1.3149293527080772,2.137312145823901,-2.143153899372209,-3.370412725372205,0.1325604765610819,-0.695794275152906,-2.46839342921038,6.936874883831223,4.418296830917456,-0.1712475785038805
1.6853711195167116,-1.150547799289108,3.663138234078133,-3.836625438724525,-0.8426125981436599,2.5467747932758544,0.5674664654564765,-0.9498911641837252,2.238800342356001,3.907908453399074,5.150774460208197,9.747510281210026,6.14365689060773,4.725864206814464
5.151103703604284,1.4309985219023524,3.5192575644409203,0.5168073785036711,-0.9130723109631732,2.345406288294879,2.243425866168508,1.1528407333845223,3.5644264043504563,7.918340547788119,10.575055975684592,8.919264070315705,5.447105865596285,8.143070889389776
7.485341054083786,2.9374046411655232,3.0640070656843648,3.953915288427595,-1.2471185264464282,0.6157350981502223,1.4777616098159,1.5453127165314413,3.7130430793217775,9.49082999008948,12.763985557598858,4.535190580005718,3.922133392190744,8.698579969246254
8.24077753207945,4.247391947838613,2.559086067693272,5.351252846611601,-1.249937552867209,-1.1346472190702726,-1.2773755687763355,-0.3239726712736228,2.446326750694311,7.922438207899347,12.251806011375436,-1.205095362182817,2.696640148526626,6.097340722464082
6.347961615527358,4.906356758713128,2.35535057813388,4.834906285457691,-0.5221146171660394,-3.183160985933533,-3.979129062774973,-3.628405565253445,0.1040906031444137,4.170994050496972,10.56898519883589,-5.048339834713602,1.9675642626494323,1.57870066009707
6.8204684923000665,5.939996367161391,2.884575805492545,3.629895742980352,0.7961020635968907,-3.999835069900375,-4.678150173936047,-6.57368279501253,-2.3271541877298887,0.2725555841999494,9.106560696370709,-4.8682263967136805,1.4713001107126047,-2.5417514511191825
9.492058092182068,7.431945184013235,4.268415107715839,3.154422263311972,2.163319506166772,-3.2043786258580216,-3.189451877517797,-7.52914584795667,-3.750844948467204,-1.934553725320825,8.317990383561721,-1.162312173401972,1.1447803583713494,-4.131365945792879
10.614168639590291,9.99492496885092,6.001394282677495,4.025814676936932,3.1324917997472994,-1.862764800107928,-1.2542146605328526,-6.116270764025956,-3.719924579080214,-1.911565645248345,7.794217247340498,3.457725223912803,1.2279354146382957,-2.4354712546061137
11.064436274871582,14.006741313654969,7.173670176634118,5.705911258476249,3.736256410647115,0.5489323758680533,-1.0167122554208845,-3.485734389970617,-2.7501505134126205,-0.6372935701327265,6.958290956328369,6.314343016770977,1.815771995951991,1.6785049718812388
10.252791646931062,15.977057392786111,7.118365280929879,7.021303350285166,4.3991451208534045,1.2345254060495958,-3.144915816253274,-1.5438069384590565,-1.8917763587522811,0.1691255599808983,5.65775080770959,6.465488051041916,2.523328141021125,6.505484286780984
7.559041669853081,15.937942542790976,5.894642079225264,7.120802334919631,5.464025322451789,-0.0767522118881686,-6.229474677057851,-1.6147135191660027,-1.926121367983228,-0.7071510379799975,4.182794968668645,4.883660650645766,2.7583619558620285,10.5415794117348
6.4902730496109005,14.280991436962518,4.176827819863092,6.102604829594043,6.774200191623777,-0.4269522562910482,-7.954294656792513,-3.469233674248585,-2.8576076155136434,-3.099978744376699,2.8775954259463106,3.2232980467476864,2.3384571804298275,12.952104360877456
6.92847683155369,10.102319542860812,2.704350343797387,4.832686701769944,7.685698111545321,-0.4269240712318864,-7.005053187397834,-5.4595119493213815,-4.055582169133459,-5.56619003959554,1.849852800951112,2.51799268716411,1.737166541777469,13.38418840298334
6.890315706416295,7.186682411892234,1.8136133709660955,4.15269532612092,7.497121457110097,-0.516509088225788,-4.106102574804481,-5.726084615939953,-4.8195948360792045,-6.432379425733416,1.0330145924482397,2.847725623614906,1.6363603433904927,11.73117304048833
7.060372010688933,5.519545097000817,1.3961043733817178,4.176751227769159,5.9446595600103365,-0.2714227505199421,-1.3751841244178422,-3.6072234902020455,-4.852971266309623,-5.06238791693238,0.3926025469399974,3.847316236746906,2.2441950794338936,8.339402998379
5.125804629498752,2.927740948806848,1.1701270070377632,4.271987431098296,3.393623399098942,-1.9569884344019048,-0.5973430074380985,-0.1616048510651353,-4.326256666492668,-2.4071948000358816,-0.0491670319670447,5.194552148348862,3.1047262956030863,4.379037442305162
0.6767677741138051,0.2002291781532175,0.9261245480113304,3.697709222226536,0.6222217317739478,-5.7159739743507085,-1.85124445385884,2.639642194334897,-3.606804008996164,-0.3643201442798727,-0.3681656252567791,6.56477604856741,3.584327170747656,1.6242728542983969
-1.4770930354826255,-1.528501896154559,0.5712730645151396,2.3014563065499942,-1.607919407997997,-6.84040292685329,-3.553507510078475,3.442401465765329,-2.9378726325650177,-0.3470312510644362,-0.7636098609610826,7.384374638399095,3.501643227554609,1.3815624486881006
-1.692268024450036,-2.302461757833929,0.0827981234451726,0.6631592897401788,-2.887216827970633,-5.5435409115405045,-3.803132366939508,2.551536387949,-2.279573280658269,-2.1152738216499074,-1.2856048065712002,7.012000663678691,3.26806228752298,3.347016582104516
-0.8104113096371071,-2.8109511284693527,-0.4689163068966309,-0.3836726960070109,-3.215778696720804,-3.0356854485046822,-1.8950320685787572,1.65330689009852,-1.3610304024965671,-3.822099688262142,-1.548020591068962,5.394626465313763,3.4637180760552155,5.5921129041041695
2.20991127926561,-2.7952375365021624,-0.8587107328083903,-0.3689523308327693,-2.835503904800703,1.7520818336488526,1.1890414662621538,2.449083015906808,0.1077771575280053,-3.364644167745496,-0.8776155974259723,3.4922387057280844,4.305109577542794,5.997488313631152
3.947562854132788,-2.222700955705506,-0.7787205669908985,0.5952087887310995,-2.031840927476992,3.9960698661652874,3.6288780644638337,5.3013571783346265,2.1801959972485747,-0.0787847413801046,1.0597590153218448,2.7863430912499894,5.446450595972067,4.006438368936699
4.391684236868503,-1.1379556804117668,-0.0850577504459124,2.0788947210467086,-1.0386210963189342,3.459824708749811,4.204388608148292,8.95651897703192,4.54663603666836,4.585465315223928,3.715804205853829,4.080370954349178,6.167370939682314,1.072484815387952
5.0314351883105815,1.1444438426387762,1.0062765779252911,3.712429379795367,-0.0118872380573975,3.411380471683884,3.176001394047489,11.517650102886364,6.674777771528625,8.075605822983334,5.836289655473365,6.663293350973845,5.753447612959462,-0.6894357027031219
5.101375487790605,4.690665855706207,2.0387758601349333,5.298583179419438,1.017985948338037,2.747252591547168,1.9898741339605976,11.840721722425542,8.14568959922235,8.721936355399976,6.357053898330491,8.743361233675614,3.9182726969777377,-0.3969747354053652
5.656639897798283,6.506518744682698,2.7066656593945027,6.663510419818522,2.181769623040509,2.946666919069997,2.1424882498401985,10.249844454782874,8.891252771033919,7.06085342812014,5.26766677588364,8.909802636698487,1.154890675255615,0.9745675840836155
6.786839607133193,6.511920446216594,3.1340182185585945,7.570080192758951,3.647469188383184,4.439104826913536,4.124652409287705,8.099647315052607,9.090828943929978,5.320478896230384,3.639643955369934,7.349819572993852,-1.2250141759325288,1.7935172874420005
8.646703513717767,7.150219234512915,3.716269739956146,7.911782696176374,5.3220621514087725,5.121598791250552,7.181294802252182,6.681015026001319,8.84745392104503,5.479825256258096,2.765481990817193,5.705572620232147,-1.6305527648775069,1.5366180762669046
11.56426970731446,7.789707178582772,4.653565809928523,8.00173004121109,6.6578526110705525,5.3871453541217535,9.941991162181694,6.423439580373156,8.042179593523997,7.607325300974594,3.175342865187531,5.6778521373298645,0.8025109032940918,1.3320156285457188
11.654322771686177,7.571540074607444,5.668292911251001,8.532142563241337,6.901171249370691,5.082901527703978,11.378484662597316,6.940132457842537,6.582237699203347,9.920555009132272,4.36021528474339,7.587714957037519,5.39739474449209,2.7700967607829625
8.751602660038953,6.729282620979196,6.224277239922685,10.017802046047905,5.726343173895316,3.846652513137036,11.41047521962298,7.635525969227501,4.756923728480047,10.388719041615786,5.317291792038304,10.070600847007086,10.052437430954,6.182110497802569
5.532508954128167,4.80826222758752,6.011934512270841,12.082818095880045,3.690882859500903,3.094819068167721,10.79208370010383,8.157941628902904,3.204588133559014,8.319753173966319,5.3127824463426805,11.051497487917118,12.378267608804322,10.024696282089508
1.102646305897017,1.6247217861898928,5.166792457957399,13.286358427812615,1.952923072504632,2.741781877261004,10.408960136410428,8.320601506484763,2.4051330100942323,4.592050681394767,4.227221756773247,9.170615497798735,11.10462120702141,11.881194285282618
-0.5125788125048775,-0.4184654206456869,4.0084453167525,11.899868375981328,1.3580780380879105,2.545150429385918,10.517889906873847,7.804173138587771,2.2259200832066317,0.6668560861393189,2.4027849981322333,4.680898116535445,6.773936248578707,10.15652949379421
1.3348297463149834,-1.295669525392072,2.661093751328224,7.26446435213137,1.7066051772399078,2.812121180238344,10.53407845106966,6.211555705817375,2.0856522384752907,-2.381223425184089,0.3644502520553487,-0.6286253440353562,1.3339042046378609,5.135285501907788
0.6161590780585061,-3.0001599716867067,1.0520086819115022,0.6906911558120328,1.9445859803396388,1.9750711919046176,9.587244533339629,3.5726325373233863,1.622315736214432,-3.9702390574574906,-1.3156540634942644,-4.348313470611743,-2.946471542599568,-1.2019253050352177
-1.8306296345576525,-5.056370540512347,-0.7000969076920001,-5.022643016246661,1.1464079239410694,-0.0241391288782806,7.40911465370425,0.7224097875935627,1.1068564876838425,-3.6570274713571393,-2.116233085124577,-4.754445511774463,-4.5020888201588605,-6.275801089173172
-3.807284608194324,-6.086511598719302,-2.0362410908191464,-7.375856116444424,-0.6554671943038102,-1.1442117948922736,4.720908661633189,-1.0784768303275882,1.054542854505712,-1.263067707890798,-1.822945601209483,-1.900239777757406,-3.0138658543194765,-8.218463917386373
-6.272285115731149,-6.235936515164702,-2.296987864934636,-6.019351451133673,-2.5983581992976497,-1.6341481485854652,2.6430081134697616,-1.1748732682427203,1.4058579094297556,2.400571738178201,-0.8266723823628581,2.179807340315847,0.5366534706241737,-6.814315202552109
-6.243314237595509,-6.063742417602542,-1.4366581426126572,-3.1267898686876663,-3.89243148322916,-1.9071763707850784,1.5841919931846178,-0.2855664975972729,1.2435260473666006,5.207724917620908,-0.0868104985908644,4.5116514680202044,4.20725557775603,-3.6739229731905434
-3.304376518535904,-5.301707350988706,-0.372445363097313,-1.7844095774874231,-4.518016591453204,-1.5774540650314663,0.7139694278083937,-0.1286196525627758,-0.47059158749488,4.727654206313076,-0.5938692935601182,3.0169474262254425,5.849072557080234,-1.4199048615243155
-3.660781583878028,-5.063179057226225,-0.4725335030276483,-3.5567653758265863,-4.984961068043702,-1.5383290872933693,-1.2961443503789951,-2.015849000103202,-3.758676806873297,0.1338008664745587,-2.679492833975217,-2.084463211449872,4.182368526549112,-2.112209411143226
-6.920843331321484,-5.473424895598549,-2.501521047784877,-7.239510859226158,-5.47243685994394,-1.789158299021367,-4.818248329828833,-5.584546756903677,-7.242021567865834,-6.657401070136757,-5.752002631100652,-8.430898619381566,-0.3189714431517245,-5.812450509886901
-10.364681447916276,-4.789798145538824,-5.916403068188998,-9.936169916723957,-5.387413616172111,-0.426323731037229,-8.512728588772745,-8.880472700910573,-9.003481318816554,-11.919650307485313,-8.685565301385296,-13.206034421217794,-5.490884155552067,-10.425586875766385
-15.21185761440962,-3.2045876300005864,-9.15415379692834,-9.599248138454314,-3.964341023440952,2.5134380291746705,-10.172092656001496,-9.873110694058,-8.00719287517883,-12.642786119548036,-10.507422744728018,-15.04010081631708,-8.772478753544561,-13.184672254595554
-15.543476485284293,-2.523401598386195,-10.706332754977248,-6.824208488931475,-1.3731113420518852,3.585379274766308,-8.553281129798954,-8.155779288013065,-4.860709168255916,-8.666172549789337,-10.818195169172974,-14.609813209294153,-8.977783348687694,-12.756510487389072
-10.664269213043038,-2.558302262326086,-10.120270768778266,-4.286273546294318,0.8876482412541122,2.948417533251865,-4.550162444925597,-5.3154351454029545,-1.3163585088475465,-2.6812155616148345,-9.72801775229249,-13.56880298344868,-7.130367702650471,-10.212190462822551
-7.210401603283922,-2.8370021290403127,-8.17158265673812,-4.3251941210893285,0.9631123755524024,0.4243714068695918,-0.5912275787542756,-3.580797534214738,0.9990294064730404,1.8389258064974403,-7.579842460958955,-12.900239353171177,-5.514025418612573,-7.945888543376399
-3.8628655721948233,-3.719444359756426,-6.172104965126504,-6.877414424489036,-1.7199853712782025,-4.883216327289513,1.2204283390720183,-3.9048150423182513,1.580058646458724,3.027624846555016,-4.848452303315929,-12.207860237632003,-5.635522140934745,-7.473114419717223
-4.349275717222533,-4.7722659230571685,-5.048828074612885,-9.624503303258098,-5.6624853075676,-7.157888950183613,0.5715089961332254,-5.190883324135839,1.0707712514694023,1.4705355726785356,-2.275814271934479,-10.505205151256046,-6.930297949350596,-8.169554021704904
-10.13207164129557,-6.014914578465582,-4.9034483472049,-10.158367006169344,-8.24293970350896,-6.3549406568630085,-1.1972684495819903,-5.377839744434105,0.4574692748493092,-0.8942488953550125,-0.9323066872975404,-7.6555562389060015,-7.5012422563232946,-8.188725882049162
-13.568060427760516,-7.878084509596536,-5.253849987843722,-8.11572284223854,-7.741552467517053,-4.863450181615634,-2.4973470396958817,-3.4248704221143527,0.146241637877651,-2.6052575820042563,-1.889576813193628,-5.036400487493424,-6.255767182262204,-6.667413634250877
-15.690393432262685,-10.31209646589608,-5.575730768340065,-5.343457599249817,-4.709700998120894,-1.31218333062256,-2.763629146697099,-0.4008560718465332,-0.3581428872634262,-3.635644767218764,-5.561887943695723,-4.71402675636557,-4.316233422021739,-4.953949432545869
-15.377441330867914,-10.334414485142046,-5.613378897579466,-4.064477139859449,-1.453072567438909,0.0118202454282017,-2.534869128816865,1.3334294929222352,-1.950106105622765,-4.892505281749223,-11.150946603887393,-7.740739024689773,-4.148548702230499,-5.452335454079545
-11.024550667513504,-7.73151371479676,-5.28264906033192,-4.849759699744396,-0.0672400682034322,-1.2192933366778962,-2.5562869421962944,0.1587787027878135,-4.989733434833553,-6.999817890098612,-16.67657956167652,-12.984131127733749,-7.094471922247976,-9.04940173722288
-8.40891186723767,-4.84295022546612,-4.44399405369785,-6.2517002183431885,-0.7677035895636379,-2.035919287912441,-2.967334888971095,-3.3225159756146354,-8.678547070415306,-9.560975760790882,-19.73965536462427,-17.522232013449127,-11.715933156747894,-13.647848609547196
-6.942636903092428,-0.9481689359938538,-2.914394733914662,-6.290474992039492,-1.9618996353586908,-3.459824716882718,-3.311707680761941,-6.6332640814868284,-11.30104957808291,-11.44244084632652,-18.69906624894969,-18.416299258736014,-14.71108400156328,-15.43195310230277
-3.599784437035402,1.4896233748140066,-0.7480866711486556,-4.287618581130346,-1.8914379157344,-3.75866096765223,-3.1348474802466058,-7.285803986384366,-11.25405412475274,-11.647083865050462,-13.623626018447965,-14.584190003745364,-13.671707136043636,-11.90840354696806
0.7183542098177466,1.9808673558004408,1.5642025504199353,-1.3740306927473682,-0.2605574895160885,-2.5182702952932035,-2.407055208449947,-4.612551529576791,-8.145407669817587,-9.958235131901716,-6.395524361642913,-7.405229137251354,-9.094110697268974,-4.004282905995495
6.79643098619368,3.138162388529772,3.3138379840384573,0.6416974581815111,1.6199301855616852,-1.6955539679881655,-1.3908240123411986,-0.1410794135096864,-3.13214165972542,-6.917557665383299,0.2640358166372323,0.3437567673322519,-3.742296928227489,4.686466147265719
15.07770700398209,4.292851529858001,4.118232422576796,0.8828933359158952,2.175612867942135,-0.8164006439711525,-0.2821029577685578,3.643824873747292,1.781980884042838,-3.324035738451272,4.412296315924124,6.356937988138469,-0.0383017143379333,10.79362797441172
17.223574153841597,4.007238154884468,4.291718418983578,0.0600970812568562,1.0267406135885435,-0.4350954714399661,0.8533413437338027,5.0656889692037055,4.97596411590564,0.2653748966113483,6.125320558954627,10.052149017765204,1.958773458233196,13.571679592137144
12.807353665002132,2.462910371423113,4.610769255566254,-0.2711814172278082,-0.8002448106682891,-0.8686107558360943,1.809940836791185,4.216592748291333,6.070609733286887,3.6859309320399234,7.358689119463094,12.359021046167584,4.0909978592926,14.772251348565844
9.06960022093029,1.3881805062436643,5.582295809220767,0.9100251460260722,-1.9854655785024136,-0.8482753704314216,2.0929716796295565,2.556064529644829,5.845202392183467,6.926467384546186,10.297942651327162,14.396695536956145,7.75610981900067,16.37642410451471
4.191693129356349,0.6301413206855505,6.84787000297743,3.224199891941055,-2.1862393815193286,-0.5580811871730049,1.220521163230842,1.6381497203952335,5.376260899395675,9.717055929866149,15.333196075226056,16.238925360196134,12.089250633295734,18.47855983574729
2.4260057942247726,0.4852131085393384,7.33467775203286,5.134753179504656,-2.2472466665072943,-0.5015019485862099,-0.7809880897804078,1.9780605886962803,5.11903594577106,11.296808444911504,20.36203660900037,16.795679530642673,14.479791092575454,19.263377690758432
5.186075024069654,1.390250404475619,6.142822220749991,5.023609834977748,-3.217779502014224,-0.4937173955109727,-3.2595788776794734,2.819128241227816,4.625392037378845,10.66794319309929,22.23651702292881,14.853650120485298,12.90708923345636,16.90819100944097
4.015981614153521,-0.4004717356353564,3.4540823982281665,2.3240568149111027,-5.152617142522416,-1.2550512649745549,-5.38958188365271,2.8530063420258784,3.05739135869689,7.320239800788329,19.33016046059228,10.351542780407383,7.853713458651441,11.475315590213256
-0.0383329140806963,-4.947171864875309,0.6205678956902716,-1.9918111735463528,-6.817306741111338,-2.904045028201867,-6.731368742954913,1.3077899846621222,0.0476772113805452,1.940213755832218,13.050737587948504,4.793193503367348,2.0362217261405817,5.040139005898254
-1.1383387824295352,-5.732218094807618,-0.7586429005968114,-5.83136687542634,-6.575265471071845,-3.2150931044075577,-7.301293208382901,-1.37649969299423,-3.76974985224814,-3.5692694071953213,6.908631802106186,0.4256037992854544,-1.7067811028177005,0.0872422234434964
-0.3953858818446732,-3.1505479107880365,-0.0548366549003276,-7.064859626137576,-3.727378124967885,-2.220437366482237,-7.133021756723366,-3.751927856994371,-6.955332114306714,-6.99952708144582,3.913148997221981,-1.1875878714939176,-2.397318644211396,-2.221661085432686
2.220715362909766,1.3666436991456,1.9328532948844668,-4.685256396190539,0.7731888747277651,-0.2767808030415271,-5.939667614118235,-4.311347186662829,-8.044868827239583,-7.127312961957045,4.572953706841901,-0.1007050337211694,-1.1293714790660374,-2.4043704307086955
7.766428562747965,9.273756040354913,3.711924388400263,0.5991575048618927,4.811580916683624,3.180125459063211,-3.394483315234538,-2.5385122808050653,-6.389590171923061,-4.41920867946854,7.112697330653305,2.2398305547463053,0.3364048565197493,-1.6362858564264116
9.508549291701504,12.05167151994492,4.372142536701517,6.69363052509307,6.492278388378637,4.949403486019305,0.2178292524223763,0.6768578626129909,-2.540680015493564,-0.6117029260312705,9.369851036156916,4.113867075222402,1.03517947008001,-0.6306379294316855
7.313907929892214,9.233042271434472,4.226745979954615,11.198939749179772,5.442035011785663,4.921769595073041,3.788250186140587,3.586185989591371,2.024100023704335,2.468314867468706,10.407687414973978,4.62789845444712,1.0524039139960593,0.484668281110018
5.913638485499764,7.202334042005009,4.237730068801682,12.622902230611317,3.082349208731074,4.08333454331634,6.057751509317072,4.750387841307244,5.671020578398995,3.9364535561968097,10.548846549295943,4.037686533298157,0.7722234972655997,1.5022700710334649
3.877120900677225,4.025449752402968,4.83518166955642,11.019146487364054,1.609735619519853,1.6006277126925257,6.6454165058081855,4.00580751432544,7.470439477801847,4.0982472242395005,10.373999632843464,3.2579608100194832,0.2847193883334427,1.7902417050290609
2.4808477993482985,2.2660714241277025,5.351292629142108,7.720145577668347,2.36042629905117,0.0530798402707894,6.3703016689032665,2.493283859982228,7.65819059266687,3.965095151485599,10.12484033037508,3.1123967819551126,-0.3851737057865847,0.872947709201668
2.3623518456831456,2.855851073721264,4.668831069286966,4.406519020885682,4.762308242055198,-0.497351035340916,6.413004273275007,1.690377355611858,7.355119494653351,4.522682330737538,10.044729624429095,3.866039246273559,-0.7691087367309848,-0.7360340772802516
1.9190841223291264,1.7979700427895042,2.422838842603525,2.144462529764681,6.71787138271624,-0.3778990184998243,7.063024582782632,2.188559985315891,7.637150455085418,6.166976762157759,10.77955454967868,5.15928983837847,-0.1002359004672825,-1.6286134421178249
1.6422458479301594,-0.1568705350673518,-0.507798593691831,0.9834109604202012,6.198406524842454,1.098887806963855,7.328557505247375,3.2265769966511755,8.601362732571772,8.469556348271027,12.867069066419589,6.173565260138574,1.8467042952934487,-0.7496700282753892
1.0095092248431743,-0.5948359924021998,-2.772243851089158,0.2856426389608231,2.8529356057862785,1.7450965854676197,5.894000059079929,3.403203062452043,9.2457409163207,10.325039979801552,15.67136957356145,5.930663309881545,4.205311901500565,1.3767990009071411
-0.1733071829906548,0.0814903057568274,-3.819689759380779,-0.5492379459142356,-1.618520266453544,1.638582558332189,2.530336530995392,1.9634306916241255,8.401995568389232,10.492613937471766,17.166770043279506,3.760590157334036,5.560685640345426,2.8215543965753582
-2.9754427924184235,0.862530649675028,-4.365302140937878,-1.5443220960475088,-4.615509717907216,0.798258159616438,-1.4705794703022974,-0.5053980402453462,5.964111627727959,8.34159699330106,15.303421259155698,-0.1851598153660774,5.130365103100239,1.844597125395936
-7.741744702513487,2.1269424019328644,-5.54897795395415,-2.183038168246931,-4.4076163014781535,-1.3121283397949612,-4.33675354854638,-2.6276478546068205,3.2018390366642144,4.338688098290287,9.905401550517183,-4.7877582472567966,3.301137579445708,-1.577824954657963
-9.382987964919176,2.9806194323640267,-7.62688916583345,-1.9435572652155315,-1.191311587327018,-1.550498829560338,-5.3406391212384605,-3.532495882355512,1.6805998808086358,-0.1530978383541459,3.1802512107938696,-8.512500000599449,0.920978405953278,-5.776018174858493
-7.881114530434177,3.24554773151528,-9.526864151826704,-0.8448982695792182,3.24854036140761,0.109614153423674,-5.305927356368741,-3.646588977291632,1.6885461523475414,-3.7030194662028233,-1.92036055335611,-10.390166926482316,-1.796673797797684,-8.880034442659332
-4.775886962674472,4.112088488162809,-9.74690328924716,0.4836995593236874,6.839864740541004,1.8884703980088,-5.624857320940213,-4.210410347612916,1.7275038914748349,-5.660439183156478,-4.1401661575675295,-10.62363096012449,-5.3944750556009895,-10.249697884831104
1.1973666011186666,5.367651085030219,-7.754614155572034,1.2878420402869168,8.421743235073633,4.475398919300339,-6.820499157971712,-5.981854942626763,-0.2493171451272731,-6.372171264431955,-4.919465311553735,-10.231671374838657,-10.078443986481664,-10.50225188913219
3.3062538049270738,4.85075981981776,-4.566565298962461,1.30585925951622,8.066097817194894,5.0072551643580585,-8.099946988346549,-8.379773894981572,-4.845326100226211,-6.6774712993553385,-6.9881818574102414,-10.043962594918156,-14.671964511061049,-10.366880037491963
1.1476483171838197,2.5436712590644497,-1.9799213203536536,0.9518704544882316,6.569242682097304,3.0840598316319774,-8.252726024280918,-9.880662315812328,-10.302217952706764,-7.1940840306010685,-11.793951834990622,-10.029301350180331,-16.99341749858943,-9.784421689121004
-0.4056593606697686,0.4781769089197873,-1.1755920738718295,0.8624664966582181,4.743895020500588,2.151646901950824,-6.857298397626899,-9.277992107081287,-13.604199947939238,-7.987318983675127,-18.05425262768211,-9.603935917924511,-15.55513857594788,-8.231252918793775
-2.913868011307757,-1.7632896007958987,-1.9228377205036007,1.1968576504493456,3.0656499904623797,1.5645028543276036,-4.553747032906081,-6.651598695639944,-12.75144123422692,-8.745106338842334,-22.675749098452854,-8.522678345228908,-10.98757681010236,-5.766233192580778
-3.4033917366851782,-2.8493659061966814,-2.983604488768464,1.3592476364534178,1.717842059476574,0.8977178256007552,-2.261176130780328,-3.260959618438463,-8.312876797790896,-9.111568849392604,-23.187821188130258,-7.327534099929089,-5.72434024269139,-3.469609207427688
-1.10856659693868,-2.311585086692084,-3.219395206512374,0.4809898085955595,0.7150789942614892,0.688366200318371,-0.3545214103288145,-0.5966864559111755,-3.0101770603429543,-8.821672928770383,-19.597157959380706,-6.82140446041668,-2.126007543250722,-2.64177262524359
-0.6050530416282823,-2.9198931986073755,-2.373801106284077,-1.7005284361835962,-0.1081601672374859,-0.9156203044077666,1.2849976217578458,0.5414174640610341,0.2519723051137532,-7.645513226000027,-14.199321328554667,-7.124658158360603,-0.7011393860228026,-3.5222692287387005
-1.1641255530226229,-4.337670265386017,-0.943949592391867,-4.3656022977094295,-1.1104752285650932,-3.9475475391913335,2.5615188330281318,0.3097350452235972,0.3076008988357941,-5.406983281000649,-9.690629623342446,-7.351767334642496,0.0346443546787114,-4.8474096801501645
-0.7348382849410887,-3.801116469340481,0.5414662149929228,-6.045081718615542,-2.610033138001881,-4.973302577064578,2.81573575627278,-0.5230847716920763,-1.7929789955153126,-2.193009947248456,-7.279083015944501,-6.296753419748256,2.037223493387131,-4.741173909842921
0.0602024204507326,-1.5898368195798307,2.0311340779052074,-5.661269748596922,-4.458421397017915,-4.153638229207327,1.4030892917172153,-1.0967701270335937,-3.8902890757939232,1.4696740683368503,-6.292905078544187,-3.4652648236313084,5.951965268668211,-2.152601940650513
3.2450960900462924,1.2875177885179063,3.779392699927044,-3.287203882338602,-5.842358847301817,-3.1012039520062067,-1.3848406450287245,-0.8493580864829653,-4.376960966302931,4.768874000935817,-5.358132520897598,0.5261104465355828,10.562307879987358,2.3872583279691426
9.282387998830174,5.359038574990292,5.791572621127699,0.0210998574358001,-5.675801930713398,-1.1111296446098964,-4.144308155507844,0.2612255803645311,-3.15706089365095,7.061054889101854,-3.898524247210588,4.467514280926807,13.797124261355592,7.204478127341389
11.455610930295236,5.553583487463372,7.576683039904751,3.0850144585217265,-3.4122795332756084,-0.0169438400534032,-5.289049936611896,1.7031649091327097,-1.3791678913116954,8.224381839237765,-2.6087187168430006,7.393048935594336,14.331091310783869,10.598024824797072
9.87683027870738,1.354334265239766,8.523612485652265,5.278469694666597,0.3665566132511202,-0.0654861935080644,-4.280021316857798,2.602050163072178,-0.3816567385129019,8.557449064965866,-2.606668558676901,9.005130663433974,12.46180369704176,11.729311417285416
6.545904148124837,-1.7588715337391174,8.491064803294975,6.414910011611056,4.120498203813952,0.7979739454085074,-2.0013456159560974,2.312546937346156,-0.7397175201291191,8.339065984116232,-4.151650558314984,9.55514742052803,9.689765126915802,10.805365935471158
-0.1316777641305605,-4.916101637391938,7.925543172430324,6.171492547395502,6.187620177094971,2.161839912120169,0.0492197589849325,1.0390510494472949,-2.0213886659961986,7.537975385005723,-6.112295221141324,9.568680235250042,7.515434113328297,8.70280316410252
-4.120426912573009,-7.100159342102965,7.326319119607263,3.939932809678325,5.670068373015539,1.9848843552746849,0.972971840891404,-0.0549650392657667,-3.234158020932071,5.994423048770628,-6.661060368365384,9.68052517644233,6.4805488424981945,6.422538292239622
-5.141917233885646,-7.336247046763117,6.630961283314719,-0.4921645863298494,2.8009080735107403,0.3877346272657919,1.0029363743300053,0.4215466778268109,-3.525606279313948,3.8375179963857695,-4.650879266652922,10.419558021230628,6.090226441086827,4.626714402465552
-7.165989042349707,-9.934414292011663,5.245689730268978,-6.088600860080987,-1.2923846180446077,-1.7161779724616817,1.0102741795881656,2.8967123032891635,-2.696343178210995,1.6002774924107257,-0.608755547757525,11.775308311489551,5.439108548558735,3.361677924733897
-8.821440424869941,-14.54876172423117,2.776216168576539,-10.63957989451744,-5.134991121538533,-4.756013193431044,1.6117651267119868,6.159672650504561,-1.3034104720068314,-0.1549785697149559,3.4330039462406035,12.879263437236176,3.9077576600249415,2.101498757713216
-8.762828088199266,-14.794472223020543,-0.2747845754695817,-12.055194290417624,-7.462984020000064,-4.85033069646354,2.76597440941849,7.982873554933732,-0.3063767024359975,-1.2625693502793212,5.228623151491064,12.40838939646737,1.4963972036662767,0.2342975704113712
-7.171289132715717,-10.982212141988844,-2.618736624442846,-9.863441497027203,-7.654048173963389,-1.5823906088010793,4.123914240599447,6.8108170696582135,-0.369926224701814,-1.864624531808559,3.892763600619816,9.751073818817062,-1.177503784762024,-2.187222419791212
-3.5284115620819416,-6.06746972749232,-3.09255176276956,-5.51560366983707,-5.934190398489832,1.90894194292413,5.584692627523353,3.22555973437035,-1.1962624498517442,-1.8585287099387104,0.6354458633976492,5.993743801578205,-3.045614451747511,-4.0335774010463865
2.556646116700888,1.276714811941665,-1.575746887134791,-1.1737735857500553,-3.2379181620659097,6.608175874550558,7.332433225965474,-0.1742747439583922,-1.471159970295318,-0.6173181495680851,-1.978635509929532,3.5428713431313668,-2.960709120103708,-3.634320084572792
4.886493258637075,3.7245229108422135,0.8689526452622331,1.8599042205769507,-0.7286551639708421,7.5589667068564115,9.265930851342844,-0.649105001664843,0.2411911667457715,2.4181460545401023,-1.856419576180869,4.269382707709319,-0.3886168442295883,-0.1770429098252819
3.183337324440997,0.4347051275566607,2.6834556832580176,3.591797148968908,0.7477624143188351,3.9506278271745874,10.507712467798283,2.442641222575084,4.117083527471678,6.666781699282453,0.9883529374928202,7.597559878225006,3.8563649411927656,5.059849038466787
0.3816916773299592,-1.3882802475498397,2.7236319512189557,4.420700708132557,0.9290026247295842,-0.260929785296585,9.747229337526214,6.940786455809011,8.382191096467189,10.039617517379304,4.275030521065204,10.38272225680793,7.551190922138446,8.909444333605933
-5.096672556985538,-3.4782365422747743,0.7808738360745622,4.102864383564437,0.0426589682175375,-6.477013691602751,6.3689721794092335,9.452493071712944,10.22440780686462,10.047243563548236,5.026524284537764,9.067495138671037,8.159039543248426,8.250025814401084
-8.305520751912798,-4.050514865034301,-2.439451347484791,1.9313177898366904,-1.404248666746959,-8.780425199553559,1.3950592098599657,8.003172581673901,7.907193479025253,5.738601248210593,1.7821865986083836,2.55714591606926,4.567431161377897,2.418157983919812
-8.824802179362012,-1.9264146460310845,-5.699409099816997,-1.996918190036624,-2.738557611400914,-6.288037416934671,-2.790908360001694,3.5889078277962057,2.4064479592028007,-1.2030782094747252,-4.210816049837881,-6.591164115113664,-1.883397064750376,-5.879820466967871
-8.88204874528812,-0.586792305471592,-7.78105260644503,-5.966677031316657,-3.238717331526772,-3.4885069018359225,-3.9771284980375015,-0.65849181411307,-2.988724476382714,-7.372492523101322,-9.774610528403947,-13.806273356135256,-8.120012582999273,-12.16979090938294
-7.150990158836854,0.7035733093719843,-8.065861755493977,-7.544240027935636,-2.4776813465490406,1.2565257460859265,-1.769608741533041,-1.968337639975232,-5.026454985810339,-10.012986824646523,-12.020307383466232,-15.769033494778512,-11.443720241184424,-13.307631207779233
-5.591880205970644,2.108023542074195,-6.881632707076577,-5.635229882337228,-0.7763266192421767,3.875354125820426,2.0265732744935647,-0.0080785627903523,-2.9450901164761376,-8.959490315512163,-10.402066694619124,-12.729223975660249,-11.411806653295692,-9.703352614369194
-4.256099817216381,3.139712806302057,-5.300116118748896,-1.697978369203824,0.7440664120510689,3.663780784601403,4.677916102674672,3.0887075512959896,1.022286429977413,-6.575071005048642,-7.1092057148823145,-8.080002781564705,-9.968194937211248,-4.897456886167511
-3.1367239944606644,3.023893259151936,-4.384110173007649,1.3089526355117052,0.8609759813133735,3.655780013910662,4.4840980000040105,4.600810980983908,3.520486325897416,-5.776741131176703,-5.478540132585195,-5.642417980881319,-9.71083685526576,-2.8208214848040924
-2.7516483253253075,1.48283081044198,-4.412253225429524,1.4837416493127584,-0.683637086918214,2.694308665896509,1.9398825237833783,3.358125300282932,2.744408671991696,-7.772775351707667,-7.506605437138464,-6.884948461808303,-11.688880556153556,-4.891367377918549
-2.2848261853705347,0.785532350945225,-4.758688098142436,-0.3218548363532676,-2.710821392979554,1.9244306312705024,-0.7173543478354709,0.4594807373813729,-0.2778775095451742,-11.242934281988148,-12.213638498319312,-10.187893581734391,-14.466238935687684,-9.136748800999811
-1.9480530501911175,0.7672550994771326,-4.573680875389321,-1.349830454352169,-3.3536858504277625,1.62346013533504,-1.1694828295415114,-1.8338878518285464,-2.731146441282608,-13.442267613679553,-16.11118834789268,-12.491882618834936,-15.168430504952616,-11.858374140394874
-0.9162260712722958,2.21631716581218,-3.6454365046193793,0.3866664784260436,-1.5844153851593106,2.010385746579018,1.3127471674511586,-1.9982364041740155,-2.39761732050785,-12.253739492579331,-15.613158675589824,-11.813321019122924,-11.716072261474814,-10.433315967956933
0.9800598313261903,5.744117918678277,-2.61985136971612,4.0914636307392485,1.757535698923828,3.534145650345652,5.2968962305663965,-0.4172910497916753,0.5856557669557798,-7.666243648651793,-9.776896258090654,-8.624649032349165,-4.58248379455007,-5.155418704207744
2.0332796184178648,6.496154770019023,-2.361739831212949,6.75043136406829,4.428891224582368,3.555892702628821,8.060471712861972,1.0268201192833055,3.905957797884329,-1.7339843640164432,-1.3216251843632332,-5.189310860547673,3.243921614322616,1.109587390320895
2.386185503648279,4.535178425271199,-3.0733797675919883,5.787379224343063,4.479082662558587,2.134285030966233,7.364307967213261,0.5584974384015284,4.9171245896118565,2.820288062319368,5.040166229696366,-3.579124265853048,8.134919693138063,5.059672360642058
1.907952013584554,1.326572253451421,-4.010015002097276,1.4057887284940414,1.800530569104299,-1.201902032527775,3.0209171179059067,-1.955930720095321,2.6579583981484127,4.34841442491604,5.916095114729099,-3.998907658948933,8.238167977235415,5.287444458605989
0.1949592378932588,-4.2777473560642925,-4.050331269030201,-3.454242638111049,-1.794276848699384,-7.187884395283046,-2.7958597290171547,-4.754277121776818,-1.438690226715397,3.2256720355443784,1.7373459284288693,-4.663064792784812,4.691178572819396,3.167662966480257
1.193253244980089,-4.736322885937239,-2.583761579709576,-5.431934555424771,-4.050893798786479,-8.505035931063452,-6.8141278608193705,-5.461470311807907,-4.570610598030762,1.4372585808082383,-3.531630654297709,-3.239190374206053,0.7343300519096871,1.734746045888688
5.048647943885104,0.4865807339597312,0.0755806400936869,-3.268959104008045,-4.031360387403119,-4.948948640365571,-6.745622167866999,-2.967325808989283,-4.496335488199811,1.1359642476758465,-5.313933358331122,1.2741295390780225,-0.601800331594811,3.428736977763144
10.099646920719351,6.162408885236677,3.0525458819814544,1.5273941901626351,-2.639879671713982,-0.3917151614022975,-2.76526860356595,1.5741202972055932,-0.9932559297866304,3.177020847372856,-1.7055702256539431,7.664567067677319,1.5244889086254485,8.38714960615248
17.347620789842775,14.122868493718892,5.643035951205341,6.177719889513414,-1.5300903166238626,6.905462610102091,2.672805353174782,5.474017052067207,4.089050089784036,6.625901913821794,5.381354469419517,13.306590359551354,5.545785838637605,14.492225354048944
19.595183665592742,16.08887399728108,7.726924336460163,8.765986593140266,-1.4829060158173455,8.877887552679686,6.5247538866828965,6.445783691454732,8.08277328559662,9.527031960605523,11.890935847325174,16.045386816267506,8.97325594325596,18.984365506187476
16.212879132718257,10.809732958442115,9.545424735993436,9.223964762139644,-1.7780989183890448,4.609511459713519,7.079437517426896,4.2125415626138825,9.127794146896306,10.317295642224073,14.532363378792049,15.673682960836771,10.219312096918458,20.27629792840394
12.793411016282397,6.925624893662602,11.149563170172687,8.654818499692873,-1.0724544217138998,1.5852727217198397,4.760938561852459,0.5038244486282917,7.123518918642784,8.846564327237429,12.636857065253269,13.789255612367176,9.345914058418826,18.62656058122727
7.578946724872182,2.3726111383360653,12.110476486114576,7.974223335100316,1.1598803494674144,-2.1309067527688748,1.4385318559938725,-2.471903373328667,3.5320107810110635,6.32580992810319,7.923508679205446,12.176106309730567,7.464770688549086,15.434454358197298
5.157671565140144,1.085392572972571,11.78424423876952,7.2074315411157635,4.041965276766511,-2.677279333782605,-1.004988762466187,-3.7059350718263566,0.3287561424720806,4.342796535245366,2.9398933223157897,11.18785869748504,5.6463440875823565,12.02174578043828
6.540419493375252,4.6599141580964405,9.876698678305203,5.893166253000583,6.059610522694808,1.2985903940577253,-1.7413876328867346,-3.806123325268878,-1.1492767431362374,3.72497262695412,-0.3671106879906247,9.652562770178442,4.32490598866784,8.920334800430044
5.12178337303535,5.370400530220031,6.789740174477259,3.9347568930455417,6.358033139153267,3.031202895346992,-1.1356802535974708,-3.977966176666509,-0.7758842165387634,4.0586589850333965,-1.2168432195774912,6.381622107553383,3.432305629436147,5.983337356788802
2.00557652726495,4.341514798892752,3.4677054305546413,1.953297579771608,5.358285866295514,3.5905834096686493,-0.1631550713176999,-4.720921129191261,0.5959866797540627,4.137336930851635,0.0445472240395403,1.75069896750189,2.7809619132862373,2.9237933731898598
-0.145708416778726,3.936692498214448,0.9047766483559913,0.8422634323869005,4.277907477310659,3.098885142823047,0.3154315492753028,-5.532284182232683,1.8705577533089688,2.944207058175049,2.1561400047886075,-2.329910585170193,2.219698812826465,-0.2436517490032379
-2.236349424885041,2.9451526869022016,-0.3182795184627167,1.0185145808167595,4.160333010469472,0.3418488497080114,-0.0264256101251696,-5.767952182956154,2.383118255472457,0.431123634892959,3.3954815464368764,-4.15198288570657,1.5731006880711256,-3.0956551824487626
-2.8454134602234094,4.016915238927815,-0.2388810376263563,2.066655009665009,5.2471485938537015,-0.4914541492738524,-0.9867745615263992,-5.579509902280741,2.095742166095441,-2.456452700140467,2.5108136537124963,-3.9489878430884353,0.6668870314205471,-5.011468775086975
-1.5441497554574726,7.449437069101841,0.5470390151598181,3.0338830744968703,6.967667445327425,0.4211453912441374,-2.137113905388677,-5.80253562054946,1.3344470345572643,-4.477045562498436,-0.2291337217106068,-3.79284402980106,-0.4560571785399503,-5.584422910840463
-0.7979846699495471,7.841081341849216,1.1553351320100234,3.0880240839516304,8.277496282640673,0.5034599400244522,-3.1654347422407945,-6.861373227097882,0.4415050000736897,-4.939182068463225,-2.835839601538261,-5.5708828537683175,-1.3785183294179006,-4.992846365524116
-0.2588481124441946,5.493757496399747,0.8542446787578548,2.058020779515189,8.084913443202293,0.5090606846102321,-4.010173938229283,-7.913469122066498,-0.318983379417979,-4.037486857659285,-2.8221637827387944,-8.920594196105831,-1.491106076752498,-3.978232272955133
1.3115391282751574,2.8238709125300754,-0.4786289886938206,0.5340407955620492,5.767322855070908,-1.0431357623163902,-4.698377755450306,-7.314382571000277,-0.6324757856424412,-2.4888471039480398,0.8890864468089958,-11.175123071030193,-0.4573209316361186,-3.2829037969216017
3.566740842924311,-1.2504131570178356,-2.2099350382092418,-0.5214609049903345,1.719564501911062,-4.607200391142481,-5.085680039562426,-4.134869807343364,-0.1061920628627319,-0.8933303373874182,6.987140761780395,-9.55263225945557,1.416781851204476,-2.943585002673021
5.036437580537659,-2.7691493883374934,-3.3543423105655705,-0.447015936645581,-2.485969701305436,-5.515346843640994,-4.839959146919668,0.7068673243060886,1.4481830092711974,0.5522877902217616,12.692827971895522,-3.744750253915214,3.2544428888613623,-2.172558593158648
5.73534329961235,-1.2494822628920017,-3.312384396146381,0.5772629363087027,-4.791961281631899,-3.9272128438241785,-3.8024799226861754,4.868278193513287,3.6123521569301857,1.7699580755590354,15.824265421562613,3.3525067360855125,4.115595329279795,-0.134196805334529
5.893271701519361,-1.248245072152644,-2.328491598618733,1.5672537586532511,-4.03155630785222,-1.76429169009732,-2.4260605374953457,6.26213718883751,5.2736904728102445,2.342990309605259,16.165009283261845,7.460600511676827,3.5829682158084744,3.0054555062077317
5.113562828955718,-1.8971585190980127,-1.2322588194092177,1.453444078738709,-1.002746922773582,1.974113551341307,-1.7780933166385609,4.510306734652794,5.090425074580082,1.48318509970699,15.000072459970658,5.906619268726438,2.004878124029183,5.836377574481514
4.346994309812979,-2.354482404917842,-0.7132313802562855,-0.0123924133121313,1.812131690577992,2.519327457210251,-2.9072533933992624,0.9704864234089784,2.2971803924434795,-1.3965963651518507,13.5066669489003,-0.4706012743241636,0.2307319364588664,6.701913181155884
3.530396538432332,-3.295420047793669,-0.8508812648783071,-1.9692518213080132,1.9479629211618708,-0.5955409782588819,-5.981422290701424,-2.480697039169396,-2.659308652531756,-5.948379452310599,11.750636758766392,-7.846637572394648,-0.9514448531093648,5.1438206476283685
3.268573686219088,-2.3879512654537813,-1.3152530156849451,-3.146325161737371,-1.1279232159596866,-3.1894006836014013,-9.92251043889776,-4.685772143335273,-8.095911812266927,-10.666445243235575,9.252675587431913,-11.92301706629346,-1.264978790567671,2.442801133987361
3.836422016109999,0.4991187644942073,-1.881252480613826,-2.9921585364051,-5.471004090376702,-6.390873121173435,-12.94435595826274,-5.512628595399169,-11.793264681842414,-13.490125764414518,6.308050682057944,-10.649722213301771,-0.9960960978157872,0.6371896809798603
3.81171271332257,1.496212541932328,-2.576038811790898,-2.1727384383460056,-8.068669031527946,-7.081678732599086,-13.673507849295918,-5.36417224567712,-12.139855869028988,-12.926815446434226,4.389807348719398,-5.3475091073993575,-0.6995612489213379,0.7821339902116158
3.371720214299943,0.9034747348783312,-3.3085523461775583,-1.910403427772085,-7.167731675263571,-4.432234992821631,-12.02698704764648,-4.676747445375021,-9.121690346790697,-8.994822862544568,4.977502632098858,0.4192457813210009,-0.8481794589159666,1.9446350425751504
1.213807766594378,0.2463987323981991,-3.572070019490887,-2.7722317328715604,-3.638890746448567,-2.4878271210070126,-9.179562398574108,-3.837078522956993,-4.482941785604648,-3.3641329230136137,7.949860744910351,3.334268894174693,-1.648168501204653,1.8550776480777265
-3.0816262880781524,-1.2271043341099963,-2.8026998841067403,-4.091793662033178,-0.2267632782135074,-0.3682091748013787,-6.654943517620156,-3.233833372998401,-0.7596098490827501,1.4611899522442062,11.30964429510268,2.4194703225458323,-2.991951430894373,-1.2276387532895132
-3.853840929799538,-0.7123372664779808,-1.1370877834205633,-4.585675751617012,0.7127835103105724,1.0120622533656876,-5.2529817556152665,-3.0443763803501103,0.3331623480362289,3.5064333211070906,12.73745590528516,-0.6663888252368206,-4.415061376316642,-6.877735170094861
-1.117021998908883,2.092517245777961,0.3594889569124353,-3.52017496285046,-0.8989450740058782,0.9633897291338264,-4.628429724395271,-2.907465973615885,-0.9487781072977066,2.462053457526631,11.597756783759923,-3.1392330932255863,-5.086540821229758,-12.389127589940946
3.02725463904632,4.191744574739395,0.5117314701725597,-1.263285995458113,-2.908674519976516,1.9135918501150808,-3.783592859086486,-2.0210302706882466,-2.6092751355464614,-0.105133041155808,9.504849632836926,-3.1124909736959108,-4.048519800024295,-14.357063024629817
9.924448914837807,6.2019094714171485,-0.7587505317980501,1.2382690512807173,-2.798108067507113,3.503010385399953,-1.9915797987358423,0.1839143642589453,-2.4048457532866987,-1.6461126511162902,8.932033307523637,-0.6128380595059184,-0.7945598186945348,-10.89741585746072
11.30561176297153,6.234246467888766,-2.1210829255075394,3.3702963351238733,0.2556429279848409,3.917139728285491,0.6335552768204953,3.385190183186605,0.5426660331393087,-0.1479150891755845,11.176064553314918,2.919147134694628,4.126661845817737,-3.010690623142465
6.496328758826416,3.618869695847915,-1.9415027781078535,5.122099913879951,4.7894535144244,3.413938347222378,3.31925203267994,6.462290357270458,5.209332881036969,4.596113128050415,15.44750123688162,5.879028961957973,9.035662067713911,5.787223803120112
1.7594978801579853,1.567309964543826,0.1295320564842004,6.50166100447723,8.229581892730824,2.11985568265525,5.278493915198852,8.342969500403976,9.457885846358517,10.712245372744349,19.64448916340863,7.347768508575734,11.854891151662931,11.301038164396612
-4.904368039703118,-0.4738044571187207,2.645953504174019,6.916994998657239,8.698144507428662,-0.3309107609183539,6.188786164687812,8.791117697885266,11.39590097284268,15.18196076170396,21.874484889824785,7.115686843135644,11.300576396985775,10.850631103907627
-9.201441605820914,-3.0128990405556086,3.53137347047292,5.432096482486893,6.059943579428359,-1.8793417313820464,6.175984349024741,8.374497536488828,10.3565119334048,15.542204167613503,21.45739350042964,5.380865304836595,7.742202385429037,4.638834455373384
-10.102931953969604,-5.547137218110586,1.8974098894149176,1.8005522752161938,1.7053877246060265,-2.474763589630097,5.517074350322749,7.731681627049916,7.092018458795238,11.416862406787462,18.96369616559886,2.7222764791182144,3.0742343364834057,-4.372185961902352
-12.44127727686831,-8.97798708740808,-1.1714172797924536,-2.825352013711564,-2.4485189689359004,-3.0518790988039126,4.46859622866816,6.976921202067501,3.2939513096163777,4.886081164032418,15.668356726055418,0.23240741435758,-0.4318476626386003,-12.034937443849977
-15.0136813390052,-13.279642025395288,-3.5804837562803087,-6.469273077324663,-4.984294438712764,-3.1167850282177048,3.3248001895093107,5.845237931627744,0.6931027218630907,-0.7367181457493666,12.866746084514617,-0.8238495454797681,-1.631131309106709,-15.334311701377208
-17.50649263090289,-15.88694016605016,-4.015144966049748,-7.88845071407929,-5.59124900852566,-2.6483215857514564,2.4561827142998984,4.29607731179639,0.046761518354403,-3.0805741012584025,11.200637630969274,0.0098733575032579,-1.3662728667578938,-14.20873654095095
-20.51074436770626,-16.751070731994556,-2.925374740191572,-7.698239379026773,-5.101823357638419,-1.6226946632546644,2.1331959999779824,2.7950377707697687,0.5674006836801597,-2.315121684177878,10.184548602622382,1.5957894555549847,-1.966749864178712,-11.595939658931536
-24.615466365681343,-19.437184699028546,-1.9099002022889489,-7.892051530033171,-4.90988537024405,-1.0508469608065705,2.2946620633514527,1.9217612114743403,0.399168797658775,-0.8432571112196703,8.39408514427581,1.6922031992679782,-5.533851658848599,-11.33651082641588
-30.0749922330568,-23.563091003446534,-2.2047467981848934,-10.062086269245206,-5.960896422354039,-0.9946058479530148,2.568301524347228,1.7610152556358196,-1.909675197967175,-1.220614876495172,4.519991743669016,-1.2922044055469,-12.1490401245828,-15.20370030316264
-33.04145382861476,-25.908507238260327,-3.709831404277951,-13.919174250832272,-7.949445216853908,-1.3454053946468194,2.577976938208864,1.780097007459701,-6.026768005450199,-4.028565238464871,-1.4105238743832622,-6.725977439954724,-19.448982046608663,-21.388796650838263
-33.4563883415273,-26.922607714769704,-5.3362640890265896,-17.49575763733092,-9.48441901378235,-2.4100458495448405,2.22893496800186,1.324985488054593,-9.888691347803874,-7.573745793918263,-7.87156385894221,-11.955073235754712,-24.115610466526668,-25.91069508331396
-31.56505740291276,-24.529061504008546,-6.162086686699315,-18.84547408194077,-9.29357170598752,-2.908809228642939,1.70897718588267,0.195099054792756,-11.367380687597672,-9.625390859304886,-13.148215946293066,-14.30952494198766,-24.242888978247404,-25.93762441361916
-26.29082929903234,-17.8486994722987,-6.203843931494092,-17.65111043165569,-7.48386046380402,-2.8573163180177765,1.3065762387799698,-1.2559529753807936,-10.108424848655888,-9.450248406444697,-16.95409380392279,-13.153399577091344,-20.651810624902566,-22.106788553893217
-23.40527184101059,-14.868859244324916,-6.126812668304831,-15.299330895758626,-5.586768254727383,-2.495523545901815,1.3224025368617838,-2.450050232590754,-7.754040659230439,-8.156405344577422,-20.620761194941,-10.092842512255125,-16.04340914705967,-17.682246342605723
-22.9545868470366,-15.348032584060633,-6.33633242733229,-13.50281107108056,-5.162464131420693,-1.5118896820018282,2.0992730383537914,-2.873611715812165,-6.279055525477793,-7.147061823082876,-25.488599813862752,-7.2495656480879935,-12.805299780402937,-15.36959808580639
-20.94594766557653,-16.73124800530433,-6.471654072566581,-12.88992173251247,-6.217457959932124,0.8223614188926271,3.907065389540705,-2.0990385095996498,-6.085882576884082,-6.4617777960946094,-31.136694838743477,-5.405140112733045,-11.47874040825157,-14.92408826221738
-18.56547560867592,-20.81966527090685,-5.830578857975922,-12.828321896301834,-7.046313143741643,4.691843173891014,6.575329124509016,0.1657954829626522,-5.800181597132108,-4.8475261775777705,-35.46652364281672,-3.8296038800547407,-11.12155055854479,-13.890381292893093
-15.076883428109491,-20.356086434191752,-4.226301538138153,-12.37716866534678,-5.801255604337511,6.609269547907524,9.237769670812956,3.679740159033635,-3.980914017433351,-1.474252696817132,-36.75470905056939,-1.728718446057716,-10.844015123315728,-10.5954144548128
-9.962065418410912,-14.892397686092192,-2.3063255408984755,-11.186139168008816,-2.350227556669344,6.539904346814339,10.66912517678232,7.20979491413321,-0.9653002471544117,2.630215540754577,-35.566817525168176,0.4802655053619524,-10.714875270144182,-6.185898391456319
-6.424525182021305,-8.633755556553814,-0.9454376357057724,-9.462607980225346,1.4075573281930769,4.042282205866803,10.130997863901296,8.765011637860887,1.1190821454258923,5.114684254133591,-34.378701854107874,1.559043715897559,-11.149538313717064,-3.5195016663105285
-4.346371105896327,0.1970701691431136,-0.3513563738125871,-7.333668202766403,3.1627632391048977,-1.9193613057750332,7.968540699574022,6.818546142866445,0.3095600649843248,4.42958756988749,-35.1076230305012,1.0341707011562402,-11.728239723397513,-4.050296055635036
-1.0419885818288206,5.68063446999849,0.1217654329540991,-4.592590319305569,2.268373912398601,-4.498369723685554,5.284933420253881,1.7093021717593242,-3.135798957845939,1.4506845660660304,-37.050063811888414,0.0734044193596439,-11.062753730087142,-5.997502948871929
2.9567900827920344,7.061329877873102,1.196816118376617,-1.2085253286565507,0.3175482981483597,-3.706269977490474,2.935971296141794,-4.140226133294316,-6.623045520601668,-1.0769769145623496,-37.44330560687349,0.4620414708663123,-8.084369466583787,-5.801290499674405
8.143431126526584,9.032901661610326,2.7522596798599253,2.1210537819532185,-0.3045769148288517,-1.8210038226275225,0.8724337501918811,-7.72714365534717,-7.281411170240443,-0.8470525105744233,-34.208910209185255,2.614931620665065,-3.383245716699568,-1.4900546409632298
15.024776487007664,10.067490893693256,3.806529091951422,4.305549426446392,1.4746032079755285,2.790836480998002,-1.4418815325888517,-7.6312674761441635,-4.391677597446241,2.048201590722877,-28.16205926725928,4.7722963614576255,0.9998824355474464,5.391360155787809
19.09781950497159,11.98104476604168,3.532682370869118,4.991245994654424,4.58820539841163,4.443939280564562,-3.983571522086532,-5.004886125095543,-0.0264018134883841,5.254660019122527,-22.459876462425708,4.442746768534136,3.3204501679441583,11.209229117558207
20.302196809268917,15.372035723428658,2.291593878327564,5.285251426616848,6.946419352565953,2.844664074487062,-5.72436965301881,-2.502839416140305,2.645377777837071,6.192518147904715,-19.80554873100004,0.845296555197713,3.703236467404614,13.601178489373565
22.935012986731262,18.54355330476261,1.552288854406589,7.0440057697704095,7.341210185241657,2.0596611969952976,-5.457157003890735,-2.105661718524826,1.8896248095160064,4.143034417410146,-20.095084462268336,-4.02673075462048,3.919769031335881,13.48647625383644
26.163309394055588,22.1017796422244,2.653203138264203,11.143165893923625,6.343093129823814,0.8191125886326327,-3.1654633526973086,-3.7331107931762393,-1.361634930264871,0.6481432364891884,-20.650490646629525,-6.829086994077575,5.590708806417707,13.878508766612365
29.467548765863924,24.66210588533838,5.554290291710809,16.37006182126632,5.475195241682863,1.501487675108888,-0.4547108407005975,-5.696230527689756,-4.462573586996179,-1.9062930387114576,-18.61029901410596,-5.489225829755203,8.681112523309999,16.84562558906578
33.52276340793065,25.978884731195297,8.793072459017704,20.181910650073323,5.6252158603665485,4.755532119041996,0.6278634366627962,-6.309036579989826,-5.166630603160653,-2.1143920485571845,-13.11906610720947,-0.6258341099421685,11.830944822775429,21.68886782785712
33.626515003363885,25.10739345556686,10.713337676014133,20.811167201160004,6.292876492403252,6.416971735192468,-0.5758854163410962,-5.09394481208127,-3.0604381438025774,-0.2573137323646204,-5.479972866230749,5.390247407898962,14.096146647579916,26.01467695637824
29.495599071239003,21.44946524808977,10.82388820470542,18.81642748490402,6.323629179720024,7.036481547859375,-2.614528886030797,-2.706875170653718,0.6468057458236629,2.4119819741402253,2.38983530535102,10.606990030052843,16.151052935369503,28.396332245205837
29.02579195718073,20.773097509834447,10.057462037159691,16.623674437594364,5.2643793360673055,6.418074795158771,-3.1364529148441944,-0.0619082703836575,4.380646914147683,4.83741468943836,9.377593820443122,14.745564883073426,19.565261842293605,29.79526053078088
31.57920725462364,23.054327576018306,9.768782456471468,16.476689455638148,3.912858217683242,3.716429407452489,-1.0146082219233037,2.279662817668,7.18964247790187,6.664060882465464,15.212584133042473,18.53291857290717,24.845145780894534,32.3201716427345
35.492893766846144,27.28180059290147,10.46325901571617,18.66921346579213,3.525293953851341,2.35123243353116,2.568790456200156,4.0057771496536265,8.789382628402475,7.889989684115321,19.587941145014224,22.114632908892705,30.32104432297357,36.68071677392961
42.435470624694815,34.929515167632466,11.404163216465292,21.56354566217892,4.53098124931943,2.1626729652847883,5.116770366723857,4.710444063608579,9.09467493895411,8.383449715189675,21.734744665711865,24.351539466912296,33.17252184122701,40.981685951593306
42.14965899022819,36.33589406592476,11.36309333055292,23.16807033859829,6.075434756669413,1.7671145959123065,5.007612654938985,3.967842222302543,8.032570989163954,7.931056703553303,21.055703325018087,23.72409409513678,31.714647692010622,42.08332411931968
34.03513825256813,31.06210136405986,9.75335693568748,22.704440233666123,6.84622081001579,1.8521345979090136,2.8835203987622746,1.8319288579598831,5.818383785815053,6.670568534132091,18.049926267784183,19.867254836578063,26.773305324026357,38.19599597433362
26.31587885856489,24.303460356077423,7.14077551976656,20.85549221752968,6.34999054997386,1.1093976830207504,0.988372854808044,-0.8628597216747149,3.169745867724872,5.217290115408511,14.364380073085108,14.179402917039386,20.882686534013,30.290626618514622
16.693178608922974,13.699907722830332,4.761319288502811,18.777091819118283,5.382589214650185,-0.599404146041719,1.0844076775384788,-2.900754249548605,0.9911960377440736,4.165287050758352,11.756702172977413,8.924044991948413,16.163526940479542,21.21191999673219
10.403717897308596,7.779058469035648,3.530525675478641,16.993550580143683,5.230667101383832,-1.6071770835796917,2.843770106892467,-3.553061741378793,-0.2582754765541835,3.463272465845462,10.908429663383991,5.648275529642056,12.90779792005893,13.55163348001216
8.956635515120947,7.510975622413509,3.364455786270877,15.10733548928992,6.348907530829023,-2.1568737617077582,4.142391691176371,-3.1441292837818,-0.8617750059407134,2.429998491142985,11.141130363314817,4.237918218092091,10.01931932741595,8.209047347371499
3.2963622301218845,5.109620612310618,3.2792865035604817,12.320158692441533,7.743545374924556,-3.31468136500403,2.970378834054012,-2.7516375533974418,-1.469269667546344,0.5211888788779162,11.168496346575868,3.24355340674112,6.590269557866339,4.550779178781568
-5.28411228023308,2.6122644708343583,2.1151704079218785,8.139553328115612,7.66533475492594,-4.867257888789201,-0.7266404465584952,-3.246953058353053,-2.407118942359206,-1.9022154606587864,10.118825438973657,1.0684541088652797,2.946373204291401,1.5163491413749983
-11.161286421354896,-0.6206407865618886,-0.650147286875788,2.7719841355890296,5.06856052790375,-5.937748786123879,-4.861959667265197,-4.502313489686835,-3.334696205387327,-3.660163966584768,8.024279830046446,-2.903968311805696,0.2416357411206458,-1.5306225559155415
-15.49168885902508,-5.634195911971294,-4.490581860652766,-2.8744961136687466,0.6148800956118685,-6.624714509344891,-6.829953049335781,-5.490348942646079,-3.552384221157636,-3.741181681205221,5.60014542656163,-7.948355981639887,-0.8307121397973498,-4.712079654579691
-17.844470956830666,-8.211101461183139,-8.030439071280593,-7.493956601815872,-3.6653884862012434,-6.053020121346722,-5.580744436576207,-5.237775034243501,-2.655174868324198,-2.324707748298638,3.666485235345225,-12.522011539198948,-0.9006805788746581,-7.921518423133701
-17.19669740927302,-8.599149078580362,-9.76474476868616,-9.96312274052608,-5.8641100550582985,-3.9328210579659073,-2.4480045808503887,-3.798747992176323,-0.9465413517333512,-0.8586587212853347,2.622079425943789,-15.257869574544811,-1.569225334324998,-10.95412400916432
-17.409353114723164,-9.521331599090152,-8.974993471217001,-10.054618933018338,-5.672177573465437,-2.568729698612526,-0.0792337991855847,-2.3097354071136045,0.7404777995266816,-1.0076485233216494,2.2067708235305563,-15.75435811723318,-4.144324905304667,-13.437650996225807
-18.22868719745031,-10.263383783769784,-6.335687582011142,-8.818973521351367,-4.610819593708499,-1.7915077047497336,-0.3621481523836456,-1.9574427458155728,1.6781435041706991,-3.27108225088997,1.6857865591788173,-14.644639578397372,-8.473719842726512,-14.898170959281725
-17.025639198067857,-11.987966521333172,-3.7149285621613752,-8.125577898535445,-4.752570257270791,-1.8120127437948956,-3.0212841878459757,-2.7323115160659794,1.8338685536674808,-6.408582460610794,0.4600402265329615,-12.950725784856978,-12.780360400492643,-15.111657818094535
-14.421733699876338,-15.183224239304248,-3.0701519422893924,-9.422539824735006,-6.932947850261641,-3.189079998108468,-5.961726220033814,-3.179558604738639,1.9217902724127065,-8.221344197768678,-1.2251139600808163,-11.289691020339571,-14.698526902222842,-14.449966245737423
-13.381779402293237,-17.169066892369706,-5.03498624175053,-12.568734927518186,-9.946467690042658,-3.2118872420476805,-6.9801047786919606,-1.5584673766799928,2.8255943437914275,-7.179773195618644,-2.105966397243042,-9.604651771591142,-12.869094070892125,-13.78550846738164
-13.815681422742566,-18.24157754108956,-8.259305608912026,-15.76208486108512,-11.44549381921795,-1.9715378890188344,-5.384956580104552,2.493975296546324,4.83527564415639,-3.662799047481066,-0.6703549573316081,-7.583585625159428,-7.981287586885204,-13.87992801463608
-13.48067506763755,-17.91323162763124,-10.21133868333369,-16.7944313332118,-9.826234050236565,0.4776437836042059,-2.265112546000334,7.30338379212181,7.351306986081085,0.2133821586354953,3.536299130106197,-5.269450535210283,-2.4340285789367853,-14.71305645280914
-12.955442221176826,-15.572771888167972,-9.03286689625401,-14.726906799076914,-5.542119406680572,4.813424216742519,0.6049575212662384,10.23015673514059,9.337733618145226,2.1264813925110038,9.16650650028167,-3.2246945835771883,1.2196064525249946,-15.395321063657692
-12.553273801441192,-14.211393052949948,-5.046317269449342,-10.654124739874224,-0.787283244597473,6.019770387144341,2.0953517611358583,9.672131680873164,10.128698730289882,1.2557394045382424,13.725696520356708,-2.124145596765218,1.8825629623580151,-14.903933945653616
-12.002690760593255,-13.665117493356938,-0.6329731778914888,-6.937136272519105,2.1218977498442118,3.947485598224356,2.158442960872801,6.318807895403978,9.862236560618904,-1.2251194515477208,15.300724217870115,-2.23549379470761,0.3198478413798538,-13.142674196788834
-11.940118751297174,-12.65571028488928,1.5041885802844812,-5.525772854947377,2.3102479131405094,1.6667986244774111,1.2799701134559167,2.592448818704847,9.200723677827517,-3.2668558930409617,13.989184167800673,-3.284830129566116,-1.875732743247374,-11.370438725742606
-12.390803845247856,-11.769695436891531,0.3036687820305381,-6.68396598362277,0.6715644131561511,-1.9683600413612992,-0.1896671122908735,0.7725201740177994,8.705785468797217,-3.6847224062454487,11.788004070745698,-4.724422347760839,-3.7266078549610704,-11.395142676419294
-11.410881231386188,-10.139218895516947,-3.039502729553554,-9.031490886656822,-1.1060800746939383,-2.9378116082342487,-2.0436767749862383,1.387339705438567,8.509069595360192,-3.007406984367684,10.981920399449148,-6.033967387841756,-5.391628946428256,-13.978176325902671
-8.980843857376009,-7.643076305174682,-6.187263212349096,-10.731294372528358,-1.8797579426193105,-0.6263353661593174,-3.7461578708033247,3.130318521688352,8.501660466834046,-2.7747398514898,12.380449144080304,-6.806204823564954,-7.416329099193366,-17.787945218820298
-7.794735784506932,-5.476433078161217,-7.42360386687044,-10.80477272811634,-1.7007169180920645,-0.3020601428980385,-4.345388888614583,4.193659197513831,8.681959528004194,-4.039405363995501,14.891568218429002,-6.742436390330592,-9.641875050831008,-20.031372455584226
-7.574183032407729,-3.476525296181185,-6.604890250159922,-9.588449696524275,-1.4242482272906365,-1.0804742505174074,-3.2143403735784624,3.7642153548237314,9.230794292801344,-6.468870202398374,16.74737842484296,-5.778486664243296,-10.9920757452919,-18.520501410754136
-7.202228847626643,-2.943667325715301,-4.754134384462336,-8.128388710366803,-1.7661868914249617,-1.330496838061112,-0.9474487897359332,2.4546071965657603,10.306908340489557,-8.755187812901738,17.237628573015236,-4.267514078141609,-10.404069747109936,-13.519716229312646
-7.160553672638769,-4.248822703633799,-2.9905526302392005,-7.154306465449938,-2.6203747907972077,-1.8304224041623112,0.7459334424477646,1.4953701179615564,11.867826981235403,-9.78588718125349,17.350856975932373,-2.902259443787436,-7.969396203492106,-7.686203377513546
-5.519490054064848,-5.460909725483437,-1.8515606021909927,-6.52833167099695,-3.1450345666137665,-0.2367815719480429,0.4392909353726431,1.566813388731731,13.646395809317797,-9.434415721584228,18.687454078509955,-2.2636071572579795,-5.120843275296014,-4.01279095210257
-2.028758117102594,-6.9502891912459255,-1.3883587484488515,-5.572790253142294,-2.498483392950664,3.7463452514956574,-1.495678123093878,2.3146535060505613,15.103593210596856,-8.361730204120473,21.57462185668012,-2.34294377281066,-3.62137340761976,-3.5299520118366843
0.375750728086811,-6.574262026344125,-1.5546353138618692,-3.8997145425753743,-0.6166854339828376,5.601759854163226,-2.88028579312434,2.841878669958387,15.275892503886588,-7.2010807310246925,24.117546019843115,-2.53134607253466,-4.240638638981864,-4.804416917387098
2.0541523786832045,-3.798447293365574,-2.2631841596586533,-1.9307068971303352,1.6021620569542208,5.655366300924026,-1.574062820442066,2.5795506557123247,12.853706296209523,-5.964198802826559,23.22494285613329,-2.1511513929489823,-6.250518873005394,-5.59057335771654
2.807885510396261,-2.100179508968861,-3.078126331916753,-0.5801346069246875,2.8892669945779623,5.43563009276477,2.379915749164759,1.710811621765874,6.883564787127721,-4.142978857685346,16.975966892680336,-1.0384998930863674,-8.078604306648767,-4.934190886375202
2.0092020111500157,-0.9481158743920284,-3.0789475032514133,-0.3481682809175606,2.5438813686865984,4.031226987717779,6.421929766895762,0.8640890201046734,-2.159776068052784,-1.3038685216172556,6.463029656440762,0.4002716036378082,-8.460993114132128,-3.677115110524685
2.2180838122444886,0.3473160465113245,-1.326902804979451,-0.6716663601145321,0.9839959439678942,3.3184682327395176,7.504288339789545,0.4958403723397282,-11.903698622256034,2.378554783324226,-4.468366685517164,1.7048490734451995,-7.157547504660652,-3.0410352939403307
3.30083037390728,1.20850782477527,2.2984475811284018,-0.2410488024340829,-0.5486724288130702,3.414813120458315,4.743771950827544,0.572981652193949,-19.013949193576817,6.053386401881799,-11.532163322806207,2.893515031377083,-4.856495511510371,-2.9898810331533063
4.8662869316061,3.365695765481704,6.639247984700431,1.8493362649295904,-0.9178293769927456,2.6448780500295324,0.2320829283846972,0.7498768058070802,-21.176833410357528,8.61828506665183,-12.68713359314296,4.423015717280885,-2.6162267841911486,-2.230630286527344
7.487738699878954,6.885575770404055,9.738516862792755,5.088060885538251,0.0700827884845232,1.3880302677949,-2.78926556391443,0.7230389944855116,-18.6748781208242,9.364666904565382,-9.231907001952122,6.581730603548114,-1.3664651177035223,0.1658616389467058
7.762121570004524,7.704995102943468,10.066740235621824,7.669173836738829,1.5692231495208375,0.1162741895530998,-2.6911191860948644,0.3700222596759523,-14.239150898194596,8.437223481885148,-4.608085594928173,8.945457762594875,-1.6263877917192555,3.4144359667016992
5.550155316272687,5.902934895275442,7.629122847976556,7.823464851601328,2.3837841342155324,-1.3703768334498263,-0.6083385324229944,-0.3682480949590117,-11.211869863363605,6.7706655197466254,-1.927452451003686,10.52171263249649,-3.281785696952113,5.595248106845725
2.466559024095344,4.07714961938658,4.077924856526031,5.311148739579775,1.876278865006685,-2.66227670657821,0.9573368342849716,-1.5818761905551375,-11.395335365999829,5.474921304413912,-2.039482159971368,10.551802726698902,-5.407406741638308,5.688841424491633
-2.3308875053608618,1.4024725895544436,1.6588683715707957,1.770472810848542,0.4055829452677857,-3.681359631187108,0.599439720808224,-3.249198986281928,-14.117236558209754,5.075755943606674,-3.3432319694835986,9.262305424945808,-6.452898352962428,4.8757215208713625
-4.145888277903345,0.2916210388204614,1.7086094639007126,-0.448725694382075,-0.9777376754743798,-3.5033875913427024,-0.8057005292428006,-4.984531896534792,-16.994551356112435,5.228889530215504,-3.199678912215548,7.826763396115554,-5.044294423764482,5.551092453636709
-2.52849055075418,1.255234652405042,3.797712844641456,-0.0201404600961456,-1.2904908871675644,-1.8829011237584452,-1.1196045499796463,-6.013738391353245,-17.64989734652046,5.196151967855627,0.1736606075328417,7.477478344501192,-1.0586273751822295,8.890909381048811
-1.2927189216004336,0.1385862132785457,6.14949352929375,2.4749021946081378,-0.2824635758192961,-0.0907991979952959,0.989265459884164,-5.55467631421007,-15.172636264763002,4.668904058255187,6.492226205524041,8.47314909726678,3.898282196649898,13.407475420410575
0.7051407937706112,-2.5553643840644638,6.989216355639275,5.130595488846414,1.3824610969996378,2.145153694196263,4.838293286469273,-3.406368658911319,-10.525732429918833,4.123698774995944,13.427817111663074,9.784457999794256,7.24881304751953,16.027339142442308
0.3582326024637133,-4.290676736275539,5.760638043623455,6.111062768665768,2.476448880055408,2.0837904212767047,8.249616206517668,-0.3037644345499615,-5.838337189762939,4.291367174893953,17.737559367554436,9.778156902021468,7.111144934535048,14.735727258283356
-3.050972892376937,-5.662357818719674,3.2944695430712514,4.683558846065502,1.8801962017612937,-0.7472717584835695,9.112237275990443,2.311429193384633,-3.100090133526429,5.23078075447464,16.92403311161965,7.381286426849869,3.680571560838633,10.297143369695046
-5.98490841987345,-6.187626580188188,0.9089187659315529,1.3185718684731604,-0.730893778064587,-3.755204890431729,6.704751890467222,3.0693275895227394,-3.028998802835972,5.99573245238413,10.622574683857806,2.858082050763093,-0.8049177218787182,5.479948576558353
-9.308271224735089,-5.421077197224237,-0.6979972603359297,-2.7906752691882986,-4.521763243520471,-7.699560699392292,2.021430489485697,1.5352747727439606,-4.788259180069471,5.366727217001884,0.9163864990271282,-2.335715123273726,-3.597485173669959,2.585866863593997
-9.859490523063512,-4.625909011288734,-1.8124195307917024,-6.185239525537643,-7.741699706646518,-8.933640255494185,-2.8540008435478263,-1.4681917872341632,-6.733699166203772,3.039802369694911,-8.761329172926295,-6.467537909744591,-3.356424164755369,1.5907822160490035
-6.846192403438433,-3.569952005985018,-3.116176531368252,-7.46585632008078,-8.61818510392274,-6.809111767815045,-5.882320076683079,-4.3961289390415,-7.641671064480448,0.1192546976998567,-15.57744210953475,-8.547813476216723,-0.9775878482066068,0.5208176784577248
-3.5444716598365806,-0.6259666442311318,-4.801047488471649,-5.79580327967763,-6.477571162502661,-4.253223517938227,-6.186138937233629,-6.035242341204725,-7.43015595722836,-1.6331862620586133,-18.78330348918495,-8.777336679609009,1.3227914457386962,-2.394094357826656
1.0081641850299792,4.171819360626924,-6.244113451298379,-1.589942524682101,-2.31674710879987,-0.2086983418455178,-4.577490101837411,-6.250019712705527,-6.770173100277175,-1.1658166706600337,-19.618760463565444,-8.169587144466275,1.9322876374628528,-6.793933000566728
2.959481251325478,6.273723425354134,-6.512551553467819,3.2357051636506498,1.7390034007169195,1.556124270998463,-3.040758645665345,-5.788493247062977,-6.0126730878571735,1.0811832903146534,-19.78285077641158,-7.661229294568443,1.168956435999256,-10.23133041933767
1.5786379410523002,5.6594224203867824,-5.190807102716169,6.10384204480722,3.8391244164468494,0.4644045572907636,-3.3071502956612235,-5.352100812636724,-4.586778988702481,3.6001845052174275,-19.90742548952157,-7.378834537226695,0.8368959298164356,-10.188904992394892
0.8847984845406757,2.8459335629650355,-2.7798042056150827,5.460300973936302,3.629120871134841,-0.5483184252045079,-5.47879572785488,-4.863655339467343,-1.6204427276410769,4.960940601620258,-19.469300119442423,-6.634337590959682,2.341985310706036,-6.360123197371834
-0.1623454655451959,-3.4039483721819237,-0.3593115819553247,2.0652770667408618,2.295163772483889,-2.518147614748176,-7.875950731071626,-3.697190125959015,2.758882900445528,4.659866152990652,-18.119994971586348,-4.681359105709543,5.057751215828144,-1.1996241362575797
0.5600627532515254,-4.38869616063823,1.150150885872641,-1.3065388118291388,1.426616152605284,-3.058775754231113,-8.391511712612132,-1.6227865864017907,6.872950095913541,3.124801216362627,-16.875134880888634,-1.6171177318736802,6.56739118548467,1.8538943477510583
3.7719128339572574,0.2259425762778197,1.526122841620321,-1.7310274382474304,1.7525537612276736,-1.7179251973798864,-6.283380050863858,0.6068392971930763,8.553117752465099,1.1726078102624733,-17.63592976725341,1.3982025645044622,4.791253419109204,1.0993891768777289
6.575253060206452,6.537046220818347,1.24134403829164,1.7949256917898744,2.8759656570867342,-0.7393720078095918,-2.828348078252116,1.7893497130133795,7.051704139977193,-0.448101032690186,-21.24325044942077,2.9186856945967428,0.1849232086693106,-2.0486467540632454
9.63047660337145,16.719431928109636,1.028157370994819,7.646348050274703,4.085190877844877,0.5261376508422744,-0.229805218750279,1.465184653834804,3.9773272141261806,-1.1880395216839297,-25.98971815356776,2.3903319346755403,-4.102818042243364,-4.2779893620882845
10.280917986425976,19.634280563025573,1.3698198352874158,12.69232634415994,5.221956739108755,0.939235553207196,0.2330333655306624,0.4788773637956254,2.1377684780309885,-0.7653157272650262,-28.36417187441644,0.651788664121419,-4.546220174616522,-3.2340950861843503
7.849323929865379,14.295114082222277,2.2256738099802185,14.315633586405172,6.600342295159372,0.1438330604973027,-0.8557075436114694,0.1910577311773984,3.140762088494924,0.585740934615675,-25.74081018088332,-0.7906590881885407,-0.2140411960115606,0.4322541101247665
4.606889124446574,8.909085909656499,3.1007538450387315,11.881526248294794,8.109968369611526,-0.904439788032868,-1.7789330254593203,1.0857491581081895,5.9249362684310505,1.920005721608831,-18.715390156585794,-1.0897805658190016,6.172621864818648,3.649786472510897
-0.3143108684637375,0.731330081367717,3.398927767511232,6.834255992861877,8.665086404274437,-2.600302967345476,-1.2592812144365233,2.2840736032746958,7.673039635884553,1.9301761298378464,-10.887964147214737,-0.6848291986081492,10.144830560742726,3.69337922566881
-2.834900386706405,-2.6131786161415858,2.871214135605712,1.6467088549852171,6.9019916336240925,-2.933500655921675,0.6484602816602063,2.5871285139365803,6.367046299510372,-0.108987605738779,-6.127155005518141,-0.5573916231787273,8.893370511326012,0.7349634894159003
-2.423538033629494,0.3535829775515651,1.874208598752297,-1.5527040264215408,2.6543266176991445,-1.6703369446083685,3.033374052016562,1.9756482399938804,2.6586428796720973,-3.508955543982168,-5.640125148406707,-0.8858049885882,3.410124608849664,-2.097711603083887
-1.0254176321890214,1.1545590516308826,1.1882882587695835,-1.9531439240472144,-2.3031268665284443,1.1010228810117235,5.2329176960470924,1.8409115864293533,-0.6853967990913183,-6.366450240634856,-7.350890319832919,-0.6337290262267175,-2.379032113634125,-1.307726004273967
2.5675813643962764,1.7744955623477168,1.4133300662331931,-0.3171061022371813,-5.2644077533859335,6.050981217898032,7.289055072602359,3.4639726649039577,-1.2577291033786313,-6.934722167883543,-8.001368338335052,1.2641485650312294,-4.756348619454229,3.875258594118716
4.530574402123358,2.0827394710094382,2.35768892709212,1.4957124057564268,-4.711036533088075,8.572921367581326,9.340733710900755,6.207607114749628,0.8685468115961825,-5.148421017621239,-6.008588087546597,4.228525468689178,-3.0570640227501844,10.521246236887984
4.637248327642879,0.8859877413619415,2.9933152353243866,1.5656507464357112,-1.6812121585608768,8.561028937017007,10.809131616296009,7.448201357380404,3.273609579375641,-2.9042644788243277,-2.6010200097100817,5.784236976736345,0.0552214138314806,14.050720014372583
3.106005321840252,0.6467437334498197,2.1852912222184777,-0.9138060569169132,0.9532366272216546,6.712288261900165,10.511094224601894,4.692567959316069,3.366158534858606,-2.648358375250366,-0.4380331497802441,3.426794229345223,1.0054052972840122,11.7012674865275
-1.187954998229673,0.9925160733082816,-0.2915178902999233,-5.00799444393866,0.7935178946700319,1.7756895426912116,7.798001391379815,-1.9182724208292117,0.5750581638786159,-5.347230608063574,-1.1266344600176,-2.882423469565081,-1.6558386030955583,4.615467977806263
-2.040078601254428,1.1335452935434185,-3.3319353913796608,-8.508615005873908,-2.158295686010145,-0.2302041220031727,3.5759802377659984,-9.131393755015146,-3.318269960343951,-9.585284786451089,-3.8196019964506025,-10.000449372964082,-6.094454238439116,-3.0918937775208466
0.597670533819804,1.4125160761279052,-5.172937613756375,-9.35282658857022,-5.589893087400146,0.7914155006214847,-0.0016014169018276,-12.79684250284339,-5.763125626143859,-12.609921151983514,-5.922251888914262,-13.625967985769073,-8.758164192749463,-7.4056992726610815
4.697734845597749,2.424031182020585,-4.712381038985482,-7.03689423318446,-6.827206634517845,2.58343927077079,-1.1165593603979822,-10.961422144007091,-5.349107374932645,-12.432796540627804,-5.112410954886196,-11.487690956999268,-7.221641763016564,-7.0225833497645205
11.76890863402951,4.185890219634337,-2.385330668058314,-2.925629791355349,-4.893513994502508,6.600829912090609,0.2283479901838081,-5.208824115016205,-2.468245362625245,-9.19588657102263,-0.991773307798332,-4.988427101950071,-1.9298663720281797,-3.506997342145388
13.43781476171936,4.72597401218198,0.1742332176821426,0.8037631484683407,-0.9907720159063418,6.866126897553947,2.196109941680553,0.7792560937046638,1.434788302619582,-4.762629185271319,4.746494788074196,2.0182598130200446,4.398429334444148,0.6824968453363187
9.136086617231218,4.0341307031843545,1.4011249266018426,2.695556544569585,2.7491570916838786,2.9646772121142844,2.597601917254756,4.021231715864321,4.952371061349715,-1.1246228451578857,9.511208271262484,6.105488437065123,8.877503990414937,4.152086614512184
6.275252476736988,3.801003938856845,0.8990760810904153,2.7635915343843003,4.909773367805695,-0.8644593265124081,0.5350590591879127,3.998253735700674,7.1621895916712175,0.8668516895234948,11.421603161396618,6.3350161706729375,10.17502302413737,6.774740201295317
3.0127346977715104,3.6419992800585943,-0.5139173468150933,1.9790464146972104,5.412977730818897,-6.0325968715472005,-3.170764409495856,2.225933489843616,7.486948193187006,1.5171205445669802,10.366661925033144,4.101171223227908,8.695218603602758,8.477728088895134
1.6999223711233131,3.2384860035782586,-1.6933673290721476,1.2008532562817624,4.903371460511471,-7.948780425945125,-6.913405504096351,0.5274417437790504,5.678661149388548,1.4528387328510863,8.009366880052863,1.460591112383245,5.653927389470296,8.441189523994666
3.5824984192532616,2.812476687860826,-2.067729277079525,0.6361064539316779,3.8431816289008935,-5.774394923093205,-9.530574165010874,-0.2400686399581602,2.220575304945692,1.0080307835291684,6.759227805549324,-0.3024844738065066,2.23983252119719,5.845363231885646
1.861297121440058,1.066228050481797,-1.7863371704564983,0.1767265178238659,2.277513394500545,-4.789952120592154,-10.737931651936048,-0.1614453612068445,-1.4110292452482192,0.3530971701195149,8.223733245608969,-0.8901498134581303,-0.544407206663795,1.2993446579740535
-2.8777162010658426,-2.114359776420077,-1.2174434136933634,-0.0387527629309225,0.273349113816403,-3.836769925188229,-10.68128893061188,0.4566824442646631,-3.321247144714837,-0.1026863960062858,12.04598647335346,-0.4363543600977291,-1.782504493499392,-2.90809157246604
-4.726912600374337,-3.493013448348486,-0.5089338367704173,0.3532558016306009,-1.7231194235348344,-3.182325282062517,-9.398353398740856,1.4583160132851916,-2.448701690999369,0.2219083475524144,16.020602116464044,0.8368348592553119,-0.9024329210186366,-4.383709103682492
-4.595480957441997,-3.155803391165389,0.3256107679847577,1.340798424334551,-3.1308142354932684,-3.6371658067036208,-6.85632672898572,2.6108676063384344,0.565719018819081,1.4901907664491958,17.644408122539733,2.46644443000012,1.8006633961549543,-2.611099279955612
-3.6077764279645206,-3.3293305589232767,1.0651760444147855,2.1611864953976294,-3.764260838021041,-3.355387490828253,-3.3935731644731035,3.411220517846134,3.8131430265871034,3.0547469926093527,16.103060523832504,3.658463962057219,5.065365173198625,0.6629787739867972
-0.7126356791748604,-3.3885830786553464,1.2791729665754217,1.7842203217211878,-3.953321330519097,-2.6310614952747398,0.1255286708373599,3.450002021399186,5.6020920630251165,3.888455930548103,13.087720972550928,3.742991512311198,7.349563684223719,3.039653921713212
-0.9706264050890984,-5.359641399077653,0.7913277351386974,-0.1063114204058734,-4.082976570966366,-2.357326667371346,2.7704280331049755,2.983959789914836,5.705487393890868,3.5579122579190017,11.559338185103986,2.833182327435722,7.7839246933341375,3.4464337884472087
-4.660596363051599,-9.723633158400894,0.0493843850339246,-2.679567103852893,-4.143984599924718,-2.312908189220606,4.179686779570426,2.892196968592904,5.259246166718402,2.7419143918809468,13.27559826980056,1.879983815007634,6.522244854036289,2.5834408942569063
-6.067655353482248,-12.8052629253919,-0.1929107897734727,-4.666387946899238,-3.905862493298717,-0.4862754772532158,4.687272829310794,3.809980237795436,5.465963920463448,2.634031333486164,17.13109471168773,1.8632312737493564,4.248171528873192,1.655323839978669
-6.134924396122814,-15.040672019671522,0.2848611142712656,-5.598175939301273,-3.5157810373589573,3.1915585955425803,4.823172722593155,5.27585663841387,6.373322541044523,3.7003769102864936,19.87665020467314,2.843406441474418,1.5051240542711604,0.981575153888734
-5.991379462930593,-15.785214090879933,0.7040828468140923,-6.283068010152428,-3.666609877206984,5.028599403215408,4.7848720639432205,5.924687924053128,6.887035324897756,5.032078131027484,18.8071895325869,3.8693961289654304,-1.3570521805214355,0.0142000774146495
-4.699575549428894,-14.21162674341837,-0.1252080882648769,-7.884926729175131,-4.868052977780128,5.259056675324416,4.492266822085661,4.73928612349669,5.960022799937768,5.063338408655948,14.213007895762804,3.910168614275847,-3.6551470645919473,-1.4338727416531647
-5.094319838233266,-13.02024106704444,-2.559799642137492,-10.417845199148468,-6.486735654484981,4.105381101241473,4.104939900490709,2.1757624501396577,3.761924376814672,3.0847539108710365,9.42616156752731,2.903977645678616,-4.144405648073487,-2.377484414325181
-7.293074671320537,-11.85627859460526,-5.46054514083913,-12.239402601812309,-6.790711629053778,0.6907470679786505,4.2487060647348684,-0.0457086530995738,1.6589855314034023,0.0949944427250955,8.254642704782956,1.8537054597599545,-1.789254779074664,-1.4512288984909991
-7.871401314072509,-9.811984881180273,-6.951348471488139,-11.313372333258451,-4.38240637567656,0.1012479854301051,5.4638384824931805,-0.4105352251897685,0.9865984175155696,-1.936989361616945,11.840601341643282,1.8367567451924565,2.9192179236908373,1.356392198164123
-7.296518129864119,-7.311606042848134,-6.056796673088552,-7.251434996795279,0.1569207191157495,2.433543906726512,7.344235015681775,1.0307034319621664,1.776833468203499,-1.800351934953195,17.551894949729462,2.885197554415619,7.482773504978603,3.9538841935493703
-7.629563710663818,-5.685936556573309,-3.672200798812561,-2.147830322052936,4.176503735061054,3.4835390612283903,8.422579321186308,2.728161004935369,2.682120901819101,-0.1258268527980455,20.882600633954027,3.8302153049157326,8.710026700199347,3.5605825762243093
-8.393206114589569,-5.042759936774577,-1.8183901722697016,0.8645497060224514,4.928942780834131,4.261140653637458,7.275581505389141,3.0546912576293863,2.2246052237744074,1.2591380060839832,18.86173921419865,3.292766237137833,5.157809397437287,-0.6941539062076387
-8.05070188329448,-4.619646766798441,-1.7654396086077782,0.2690402733435562,2.0560871019222304,4.230373508816726,4.019619983120101,1.7133825293552931,0.2306109555859414,1.115519172458885,12.247334072990228,0.9424651242868052,-1.3143174544983225,-6.405099193163345
-6.771760324026065,-4.792708083439918,-2.791041568794867,-2.376317674882145,-1.7539557562862915,2.7362599787329165,0.6892061931223523,-0.1588653559566211,-1.9126335095075648,-0.0246095377310808,4.824019341020136,-2.08026097894847,-6.494474883581798,-9.3465544051108
-2.3452866073961003,-1.1806221276761248,-2.8266566608794683,-3.667686006401333,-2.80684737172038,3.797565409190227,-0.184254768424946,-1.1680363365133175,-2.471736319724034,-0.4526689373178172,0.5070321570027296,-3.947077363982132,-6.8421471428835545,-6.818730354224897
5.812895396640143,6.662161438522857,-0.4580076139894729,-1.2899796041353395,0.4834256367677341,7.35038053952105,2.226754356191176,-0.9088509049902208,-0.9654428325076728,0.929027393260874,0.6400746589620709,-3.507773620299041,-2.204377587174178,-0.0587260205453787
10.04727812077557,11.132014329460349,3.5963293847481417,3.9938521630121135,6.157063174851636,8.412181867685057,6.022395076210067,-0.1397521219171622,1.3242248422019394,3.416164070416176,3.5001447829201133,-1.1830515519532767,4.101815408064141,6.499158319153185
10.51596974456162,12.913086990329433,6.962335540972049,9.116301849094356,10.286187100070237,7.531742113921534,7.819433949659587,0.1202828617253644,2.4082958754114223,5.10934270824934,6.061670134160927,1.291122268758535,7.971968035986322,8.634468064295536
9.830666782044972,12.441944598709238,7.645610864901968,11.448360081441674,10.211181114772614,4.924789260899764,5.366156574575623,-0.4117157451127653,1.2609847900945148,4.729475478739509,6.304189913711841,2.0970368641050072,7.674945580480973,5.581374245751167
6.228069210053097,8.039604435076866,5.763982993936313,10.892556127156627,6.611682910158706,-0.4751990758608461,-0.6457338482789865,-1.1224517020667726,-1.3795720892456629,2.8536777150780743,4.232505503797537,0.6728706000196603,4.822435542718413,0.4086749129628373
5.481407229144241,7.254702200050404,3.4113396309188104,9.463590930629504,2.6940170075117464,-3.336618559915089,-7.094706738676614,-1.20819918666038,-3.711833793058052,1.3742713906849602,1.1785083347496048,-1.8226805019398176,2.510454170558248,-2.64044026864406
7.919728616367672,10.060681275743605,2.818313198425116,9.017782028138924,1.366289074416521,-3.6331460318146713,-10.793793950297284,-0.4860000710347698,-4.334984805842765,1.7348081533269912,-1.5655166137019592,-3.3164247947596266,2.525740900007012,-1.477302976927934
9.109011730878608,11.001839802057162,4.486417104513379,9.507813818941097,2.940064749122655,-4.977380318294495,-10.715360635886483,0.4358402520965647,-3.155931254967939,3.647122327986498,-3.482972750070207,-2.3751886477612985,4.150495205867037,2.5502215146805938
10.32016128911834,11.543404369785684,6.896848569952013,9.385728464571637,5.216888425228028,-6.278448456919743,-8.359894451389973,0.7061585975591562,-1.095457420341873,5.453205069456271,-4.601834013529441,0.6307270287141762,5.360994347749832,6.166866491819379
10.038210282147082,10.254133295439187,7.909380045444886,7.488591695495504,5.601097292430337,-6.66518311147061,-6.227407402123996,-0.0430934249115786,0.8791013216421195,5.682822493520261,-4.989198818416286,3.694038806234357,4.923314567633753,6.877950975494031
7.602408982761787,6.289543313230234,6.51826147325901,4.338154870707033,3.233134378951773,-6.4387265674739815,-5.839316755691177,-1.4010910540135892,2.373886597053572,4.295883673985921,-4.719541913266353,4.625269548135391,3.285863117534824,4.592921832577572
5.826050046345518,4.394083813742348,3.487211558905804,1.5963201155886182,-0.5819163386968054,-4.607493748931308,-6.845226408816348,-2.494516894736863,3.391479473715576,2.5421954252749206,-4.253356486867849,2.7130793673243616,1.6644908989500138,1.1448325885212132
4.255019316649053,4.240071668251423,0.5179912041729366,0.4127333649661366,-3.682706209532279,-0.946422898002877,-7.616736084015949,-2.6105383228046577,3.830158158592527,1.7448706109857852,-4.502949278284053,-0.7118787381565514,0.6013028198523873,-1.4780903197426785
2.779858869477798,4.289273690440009,-1.1315624557668895,0.4475027262012538,-4.70959778322192,1.284797851540614,-6.56202984974157,-1.6435301888149765,3.4099465109036284,2.2286946671001315,-6.155941111215974,-3.2582816514997965,-0.3898106886828039,-2.5489412904026683
1.889702162595537,5.489557538745455,-1.3734193048569967,0.4872205538673242,-3.752886261333078,2.1435245981325703,-3.119518100865376,-0.0747955550296026,2.167744806614948,3.2852143297245187,-8.779854802448744,-3.1998063413296816,-1.8775643006110825,-2.6604667743729955
0.5948204058796727,5.530345064967291,-0.9342940101956678,-0.1398391705292088,-1.7934922167190024,4.0164411143323,2.0546868303341483,1.4396240223808494,0.8873542154023788,3.9894243757682686,-10.755096918885512,-0.5875549249073604,-3.5409478696404357,-2.722565715744137
-0.9793097288752732,4.267495181995397,-0.4955901852943771,-0.8929347348957162,0.2180636771577013,6.27716725824226,7.520096682342067,2.5174408817275022,0.7686455800598573,3.976810042146432,-10.470754754736788,2.997509024191298,-4.408690464242803,-3.0126963765807018
-2.208943864376942,3.559431190747006,-0.2170800813935072,-0.7564045277228093,1.772224770779503,6.53554862345096,11.675276893904236,3.173518396511108,2.3972874918594265,3.5283442146493416,-7.934662640181282,5.625078079188321,-4.096322086194246,-3.1441719308035854
-3.2136673432789227,2.9101757765845493,0.0145578173966693,0.4529951679716841,2.600969694891932,4.860982922667946,13.284915739843818,3.541387647807266,4.903021658654731,3.0861167028006022,-5.281882181889571,6.066656576155466,-3.605207429455305,-2.84238567230838
-5.824112518246079,1.287275088499824,0.0532150858056041,1.6271293416405364,2.41339977616402,1.483363198870071,11.832170095657109,3.489827834318085,6.221529203216143,2.7919358795051057,-5.428131032625277,4.068677548419963,-4.619878307211671,-2.621841618068956
-10.116033469777037,-1.1833203193502209,-0.6276517374300852,1.2985374224505968,1.0205938882965668,-4.233882110191577,7.6894543152006545,2.572743085541425,4.489199978590063,2.4360297147204584,-9.769159320621547,0.0825988161693942,-7.861135183674021,-3.562452557936272
-12.511085367393864,-2.8406115543495942,-2.4239172037326,-0.9080633076091472,-1.2807113462278892,-6.745751296451291,2.083269186484728,0.4678742262427278,-0.4443282883455097,1.6888524401881997,-16.859420003435872,-4.948343419875158,-12.198971422082645,-6.30680515194917
-13.2035732293183,-3.754457169976272,-4.944457343420179,-3.727351610222996,-3.5670410272836115,-5.776815422385767,-3.185561718274293,-2.4575787404023366,-6.646333278186994,0.2645009176568145,-23.338305095915675,-9.603195801601498,-15.61367716076802,-10.25423788224786
-11.09225858732602,-2.1951751452253885,-6.934045260859339,-5.185144241545384,-4.675766038370028,-4.67409576562388,-6.286623154100106,-5.069220576516251,-11.298951941377853,-2.0891478557187604,-26.47399239986302,-12.230167218171086,-17.21946382982805,-13.82885266853642
-5.17352436985801,2.447525618019459,-7.021641304208757,-4.170518883738666,-3.8914562087769298,-2.097623847429951,-6.101347012668736,-6.136952672520369,-12.626809374134677,-5.551085509617682,-26.225909616715253,-11.727068070146991,-18.313501076570677,-15.667820139650312
-2.2895907101825097,5.301924215907477,-4.7691631805486665,-1.2077675166949078,-1.42240849556746,-1.072215322621976,-2.9020802224268465,-5.290010556329868,-11.07410250010171,-9.946823449275527,-25.05873623714341,-8.399167013562547,-21.171715686408227,-15.628867783547843
-2.272122964434382,6.697005860246292,-1.1434452091215164,2.207202599649669,1.6649972136087996,-2.071948487278505,1.4925636002331686,-3.396727679199394,-8.801858614563663,-14.416435867635116,-25.651842784608014,-4.007347384415212,-26.50793240728126,-14.645875365757192
-2.722949035082489,7.466108680150347,2.051631891833054,4.937819374246615,4.003034711294426,-2.9848486115698964,4.458805353347579,-1.9334170742743737,-7.914905404501283,-17.489018070365603,-28.46981970269292,-0.6926331517750199,-32.03126364645918,-13.597119437227732
-5.173901910406363,6.5430492556465945,3.3938374932864264,6.855606747488672,4.650435999783369,-4.65144376072115,4.026363325492049,-1.8345308103493,-8.855111069125101,-17.78524159238397,-31.28549163026745,0.447201301772651,-33.74866025810685,-12.34882573388164
-4.904224520492067,5.364849788076149,2.767834075052079,8.278663108831836,3.6096679614020033,-5.697824933691741,0.1762367290550059,-2.843763418939922,-10.250532291250636,-14.97105657982057,-31.0660453393363,-0.0777262555755768,-29.137704680964404,-9.960441225623669
-1.6206618814498754,3.720426443781889,1.2836660989259627,9.004563203658037,1.82758831635914,-5.890855998927251,-5.05460149589225,-3.9400704021997512,-10.28619144298458,-10.209513689591596,-26.615642822589905,-0.8862385615862323,-19.422690182317385,-5.853039910137298
1.17654594946184,1.363158440275393,0.2985860841638299,8.144234673731837,0.5843200702344049,-5.888988648105568,-8.920541913006254,-4.385821960290215,-8.390875249216379,-5.641721991256425,-19.74180762266913,-1.0054920225568438,-8.836978255270424,-0.7464148513000879
4.549186401864136,-1.498348816463656,0.3667755834393773,5.017891608024087,0.5551532460844442,-5.279992491758502,-9.838077960151054,-4.360965446199586,-5.798356154610843,-3.1820390638233604,-13.963804107020408,-0.5241436471974481,-1.4416555866615468,3.6328740705549336
5.7585101530332485,-4.124097093986586,0.949049505528059,0.1419500105537992,1.1934792156046683,-4.255210017564437,-8.312843629861696,-4.597172448217563,-4.52071959333211,-3.4617759083358592,-11.80632595363312,-0.1782920226410027,1.7369249951796562,5.888102763765957
4.159034372073831,-6.397887803693191,1.04256235768797,-4.810438860267979,1.0399781291095709,-2.7733542486134883,-6.186933085992784,-5.440970464779738,-5.60637208452588,-5.609052318200867,-12.83798451079467,-0.4592653860771918,2.8866640347046517,6.13400948182764
3.3439822676043685,-9.76674044249261,0.1368930500021719,-8.103875293089217,-1.081616250062794,-0.920064627154883,-4.8988520572442695,-6.324958471507536,-8.124421236849429,-7.879879074279167,-13.976205634434804,-1.1304682585016224,5.074946519234004,5.93817292145728
2.5950478253875318,-14.095987391301284,-1.305398081846917,-9.03343307731008,-4.843922715716715,1.2846371964704484,-4.291778058331573,-6.184978435952502,-9.705790370177326,-8.605078004820754,-11.7999721993826,-1.4763859479356256,9.716203916920932,7.035820282544918
1.664783129258462,-15.7683912722515,-2.201261220255873,-8.060226056679312,-8.256411841316634,2.901386486453997,-2.9833716356839237,-4.426184233060354,-8.247654281451048,-6.917635486100792,-5.126772118667077,-0.9196285278054576,15.926147442384618,9.89136989891766
1.0970972200144515,-14.735703593750957,-1.719514489931484,-6.123845861202284,-8.916177459203638,3.7999312057366814,0.099712569235308,-1.5477204424282007,-3.5306515927523066,-3.0755199680745733,4.000226389821933,0.5212182449954383,21.746268287543643,13.27370820164144
-0.1465430829629595,-12.29266410779575,-0.001040609275563,-4.048547556158852,-5.841154853586403,5.539472682307313,4.425973253296846,1.1032686747352898,2.420454097064308,1.592569366193331,11.557279440732003,2.1685433114160446,25.586711498234337,15.13474720408304
-1.965335827400008,-7.523343140892968,1.794910123303481,-2.5704821357600025,-0.4568076827405036,7.94158082238225,7.951421955829488,2.2069532291152143,6.523919146383093,5.154775306639664,14.120558045166264,2.975335637495036,26.62015438111336,14.04376702182833
-2.5439616694243865,-5.811492161086601,2.178461567490004,-2.5333237601768133,4.139301605103015,8.542692747425942,8.540327627484928,1.2889620500092462,6.617352652041831,5.991995783820499,11.08348302174602,2.056319022776421,24.467740747148405,10.103395642601924
-1.904609616069248,-7.550143709800036,0.3507792310132203,-4.511187605829846,5.207932283956126,7.4191971696222705,5.576449515076476,-1.0359898759970605,2.9142299517583155,3.834560413410429,5.150170525349125,-0.7080367573823168,19.292333038008977,4.812577523479931
-2.704015099785912,-9.11499373088251,-3.083697930582176,-7.944905465366176,2.2483335799610984,4.389832062731111,0.5232443452728432,-3.4367173705020377,-2.072062146957194,0.182771927919191,0.8526124370914658,-4.329704882646013,12.488706267322655,0.1691613110333492
-4.714033592310456,-11.826423630590412,-6.26799317897931,-10.833465840752552,-2.6541856708907687,-1.2203103542235052,-3.971582739731588,-4.559929783948945,-5.139427818702885,-2.4505986511940705,1.9814288607427384,-7.0088351318907485,6.841281087738594,-2.2926573686147407
-5.158917515415527,-11.891684322210706,-7.1922899801849525,-10.826138756789163,-6.29285135750365,-4.543351054880367,-5.7857878270289405,-3.700124831888985,-4.465343434860458,-2.15497064578355,9.396466883995773,-7.100351945989118,5.149552209816676,-2.0436792625464197
-4.369697188614236,-8.674048501245121,-5.134624387458416,-7.180974112566901,-6.569889534613921,-5.510526968182068,-4.682784393316467,-1.1828621110169024,-0.6968807091367779,1.071089836107518,20.473664777122863,-4.2195263753555,8.020767343202536,0.3651282286771788
-2.232697281367772,-5.338914599146819,-1.3819694675565586,-1.874974151796863,-3.871767477743333,-6.250004265250016,-2.436008221803135,1.7187694791476815,3.6633011745543698,5.366928861214234,30.56407034875403,0.3074867035499693,12.903500465850286,3.534782211077641
1.8647308607239448,-0.8449337865690125,1.505059217138481,1.4484776529858934,-0.6005346293093936,-5.606080063351005,-1.649460365061664,3.384459546675984,6.038378741674727,8.356053399914323,35.69652706633344,4.0788153208358295,15.698544171045285,5.693882762137648
3.19296168575458,1.511626812924385,1.538109691152549,0.1789514666087299,0.7324250132156465,-5.546617458447254,-4.041066721168491,2.752898131472349,5.392262197961848,8.680051373113486,34.94755123635947,5.016982726649026,13.89516188479022,5.433332237679991
1.6312668057769617,1.126043096698889,-1.1273363190740753,-5.048140930505177,-0.6481986126526849,-6.209324619084212,-9.294912792178586,0.0416334630788739,2.632003937320277,6.601217203641603,30.97855782356232,2.668467376027465,8.53446132868914,2.525792701002217
1.718234660874858,1.251840441895937,-4.247180051498162,-10.559598129507528,-3.392534120712341,-6.695393710693876,-15.21283953142219,-3.241694204818309,-0.224238986122387,3.5077245728114197,28.313281503989643,-1.4168978399751708,3.206750911931948,-1.650923342436066
2.55258190436172,1.0015380952423876,-5.231972627641198,-12.24686813931433,-5.257824033439775,-7.490135086263413,-19.02583275499944,-5.136192543469107,-1.311690592643032,1.010079648183293,30.40516925148907,-4.489529832388129,0.9826932455887842,-4.581059115897709
4.36593157732729,2.1540526734738807,-3.1505646893531605,-8.51861913898184,-4.834109920581362,-6.298492509017228,-18.9562930309093,-4.441144426427023,0.2091346135414795,0.2899233014896367,37.405138246344094,-4.164469158753633,2.040526306571067,-3.974658776878158
7.936682479979058,5.271893682132449,0.7041683587628498,-1.2805925042046766,-2.385044851438245,-2.915028303647237,-15.015505493287296,-1.4711727343224226,3.954414383838703,1.7638127998659527,46.09800856041255,0.126631393088914,3.979678899103476,0.6821491207551418
9.629266569373128,8.225847598288373,4.09168303625394,5.6914322403867885,0.6550512087052454,0.902769875626146,-8.654397092092992,2.230537571051517,8.618982449711968,4.845247872641394,51.97421298160685,6.668180469935152,4.245239522528802,7.461483961258935
9.53698160438947,11.576149770829092,5.679718633507697,9.486898955688256,2.8480015199716178,5.713148395417558,-1.7302813348048858,5.0435382016742025,12.535945659105838,7.922620498408559,51.93872986152134,12.349171449200266,2.2741734804332587,12.873990117088638
8.099860186982387,11.588371029062584,5.784679477011043,9.684170321999192,3.572525001795672,7.0401954013665975,4.379660366465869,6.408556787981244,14.350795273239449,8.976277354985733,45.83416076456361,14.464941191148892,-0.4471763638631287,13.92558571551698
4.4315799376471965,7.625771518011194,5.500746378387265,7.830521071636695,3.0708290512621046,4.257646028795118,9.02995492410998,7.052316825442031,13.62349447428888,6.847575330961422,35.96723032505164,12.32241687000662,-2.067579395443551,10.037117511733804
0.4511065139882819,2.345705743977532,5.309462299457861,5.644652210685262,2.021009553948553,2.845293046330382,12.08269258443072,8.136664102662115,11.049141304559951,2.326473024151811,25.32517764140637,7.558541881330459,-1.9625981429976875,3.44075388050912
-4.021712525478908,-5.364070321535077,4.649249227478231,3.7023998645444074,1.115453831111199,1.7791324602813725,13.68241978649573,10.08875189141774,8.08505080218306,-2.0266708867986294,15.95971985219447,2.924424958982975,-0.8765774899813534,-2.3162433428961897
-6.730639687114606,-8.412581694420009,2.78794427012833,1.609256526394292,0.8226514148402657,2.028255814686293,14.25627152672069,12.157830058906177,6.152014597244005,-3.5021518019451747,8.567785637671024,0.4206853388993536,0.1043825406079292,-4.711547399686847
-7.048233216731386,-5.987569736293886,-0.0626740672144166,-0.8612338920890892,1.256471964846682,4.617953691933859,14.5162672891379,13.098801032979551,5.911315257550058,-1.1432317379944197,3.12782914328859,0.18330592622927,0.4825474534207892,-3.706663671786536
-7.47540471365836,-4.252499370317324,-2.6638434204444152,-3.0175350721125014,2.128193356340418,5.683149671284575,15.136455734107912,12.34385941171602,7.063416960393376,3.6411763584581536,-0.3746456949601722,0.89952677162497,0.404643572863435,-1.3102594628451951
-7.286607203759343,-1.4390026562108902,-3.828373112053825,-3.705422871748759,2.873263283435243,5.635716781908546,16.16339661408322,10.544632352420706,8.698053388300231,8.268711184010726,-1.917956942312344,1.239448205562404,0.1814112360181283,0.2228386521849756
-7.091474720396038,-0.4164721395342927,-3.542011442985178,-2.508477694475424,2.952031920745455,5.636139833894862,16.68437832806937,8.936165098939568,9.842771213593252,10.907497485907683,-1.9938941317760448,0.9495975528467042,0.0220924986320483,-0.0190231927347852
-7.212186574608352,-2.164639175549023,-2.9566729396836,-0.4542553705598422,2.131535269864827,5.0008735562828095,15.268073689482977,8.10305659042146,9.83424834279532,11.463073672862755,-1.9221461487756315,0.665455981303559,0.1571846164612225,-1.42741575640607
-6.636377184711975,-1.6314594318510132,-3.2417260812874678,0.5893083447682699,0.5627643070083508,3.2235469978079645,11.086485439731293,7.355287888895276,8.420664709125077,10.930435823560757,-3.3146434717463933,0.7985381414005843,0.8768249979941061,-2.932573051822104
-5.581362390410971,0.4201133368482462,-4.432031437862577,-0.5700385392065783,-1.3176601081817123,0.2069256497435959,4.919230415701676,5.394765444587449,5.756065617714555,9.985731779357778,-6.9691316388259,0.7833438897753808,2.162963256998537,-4.072749839044377
-4.592349539637963,1.4450123299875592,-5.391746345552463,-3.3243174604203887,-2.908601679593517,-0.8781274691824438,-0.8824347620217452,1.7175423813801558,2.418406475294802,8.323278094592496,-12.158777133869734,-0.4244391387838959,3.3011990140895198,-5.078204011197144
-3.5800134059391784,2.1193525110082523,-4.897441408984946,-5.59594220146154,-3.565949540758467,0.0657138150048093,-3.691943235297572,-2.5818050505271515,-0.6484113247323648,5.352980663845116,-17.04686137687814,-3.056719456730633,3.1296833054908437,-6.121327357548694
-2.798359677300375,1.7327307780025878,-2.780006767035772,-5.460076450259734,-2.8454925563494413,2.9880248757216696,-2.348396893177864,-5.458862362551841,-2.46948227387594,1.398555909144534,-19.96769675205968,-5.841715779421364,0.9613130741875722,-6.72301451448854
-2.3856439893611725,-0.1519514541186498,-0.079517327941005,-2.720307812063382,-0.8474916480931967,8.824824588834392,1.969340998457696,-5.536059916377354,-2.623972019617952,-2.010225392750669,-20.52257850223492,-6.803490304209518,-2.6320182317091394,-6.037279941632505
-1.5049582270922652,-0.6460549483732247,1.843616225140423,0.9470656609207992,1.6461429747698304,10.882537490015675,6.489851812862014,-3.258740428556237,-1.6703588956366389,-3.2282581164851223,-19.616901515135453,-4.958063611182382,-6.036598285885987,-3.7409531489131496
-0.2162093725857935,0.130126512934653,2.357404016483457,3.445110818644366,3.5406459277440376,8.996347375968966,8.723540530896884,-0.5468287276615342,-0.9239250704924018,-1.9943447103461835,-18.546258278951825,-1.3323180633973095,-7.764709717273689,-0.5969993871774761
2.824289660102215,1.3076046836473605,1.8609778700418644,4.019614326994201,4.146587239875089,6.843813193073015,8.040787715114504,0.7318645174506173,-1.5623148367386648,0.1309096247402408,-18.05745359922591,1.7121502779584716,-7.576126792503004,1.9278850072852265
7.949269647943285,3.51916263435896,1.2268185479655358,3.721049087471755,3.640490893358418,2.873404531348505,5.751465678157132,0.0956651748606987,-3.702997703305101,0.8824241614704533,-18.181974571917635,2.2959762555243515,-6.563918094141286,2.70710198797886
9.604443614014372,4.449973303269646,1.0268998939218932,4.147690584217287,2.7999542191692512,0.9174923566831494,3.723531773581584,-1.507498417764339,-6.277853132043191,-0.9937011650835076,-18.753754490148367,0.3819029700438534,-6.173859582680592,1.7751787105685253
7.782332740979999,3.973175829100319,1.228854104787672,5.705303961682603,2.230161453407959,1.5104989220824196,2.793741439176415,-2.7752326123574,-7.898229224621417,-4.890418892940318,-19.83293341140711,-2.4356358389393336,-7.057403845296193,0.2602311455025869
4.263878667091225,3.354598351467968,1.4795029140357483,7.124174916395049,1.8407917149778257,0.3297591250600744,2.331920877767232,-3.0932841668469564,-7.9716176321811645,-8.951905613191627,-21.4773241728671,-4.352475991264697,-8.696873549825938,-0.4793730268854688
-2.3158486108009706,2.031435595638148,1.5641578464916392,6.758077016113077,1.1037496052197184,-1.7603549383637231,1.2104344001956235,-2.6483305567542743,-7.052517219345162,-11.451489139458118,-23.158862216026847,-4.629278884889885,-9.961577214459112,0.1869632790717048
-4.2763614499570535,1.994351849049116,1.599563270815679,4.397811238916518,-0.1835046089383638,-3.3364212949523733,-0.870889112264706,-1.815860729331206,-6.149696068038338,-11.76440092017799,-23.66200720222122,-3.714963177252628,-9.989873725729096,1.800991479341377
-1.105931026241694,3.4767899464330547,1.870265951145882,1.754491934115265,-1.4584335606450909,-4.94788691453769,-3.025667221260022,-0.7378452253771286,-5.7598188159683446,-10.379609281975718,-21.88959450146584,-2.419789434610607,-8.695906589167038,3.2235766787801765
1.439913531777636,4.421204960331649,2.530770912887192,1.0499384545874193,-1.7960184155286925,-5.544224776853502,-4.098352882948689,0.4166081933592522,-5.635114932517894,-8.29178642733089,-18.01410511231518,-1.1405113014629364,-6.678413896026711,3.4216681467582646
5.154001055334662,5.281911800241012,3.4331788571835773,3.034601612767915,-0.7957759844352381,-4.891304104489819,-3.872910580268183,1.005933773121427,-5.43147310164224,-6.40756001829493,-13.84598977046727,0.1563586530693328,-4.778460925000672,2.0613034577051508
7.535478096783634,6.0670291036861554,4.192114339236127,6.345708884804168,0.9522575343568178,-4.039020475054951,-3.2968388355683658,0.1326074485465369,-5.360209290413991,-5.2512457206481145,-11.7964127866411,1.4238721709564857,-3.619742182860847,-0.409508753946227
7.757196065096973,6.469615918903166,4.452504721561951,8.801890750187283,2.355525548242809,-2.692263144884598,-3.4610794082688017,-2.395905048057216,-5.949533549744501,-4.873586502682144,-13.031219962054791,2.2674752755157783,-3.2998928040484543,-3.0914399538181385
9.556668210601892,8.155906987256168,4.210223164235231,9.338451454162026,2.83462719072989,-0.1326246616885855,-4.384805921098973,-5.324088065112875,-7.103049350459912,-4.867244688587675,-16.288826312852137,2.3282530762352,-3.3078985864618176,-5.065980136175369
12.227244312702766,11.145529499174382,3.938864598989937,8.717761812075906,2.8549313634010787,3.5981802502071685,-4.914137174682821,-6.463302064604932,-7.624350569851515,-4.568370752030376,-18.518526940355173,1.904816496744104,-2.774198207147577,-5.708728969179134
12.252511157307731,11.549661029384314,4.309711296942624,8.438973405894956,3.3763037166136485,5.096426986559204,-3.9479417903090166,-4.364267926985008,-6.076009277546461,-3.47847993908448,-17.11667572260191,2.017751628002088,-1.0735501526534108,-4.865158853466369
9.8786966993329,9.432865172832768,5.582946725512386,9.055261735695808,4.6974961454293975,4.203231389450066,-1.8182211207941064,0.2150220069713384,-2.4081766606496444,-1.6737143663462746,-12.135990235658085,3.609293287335248,1.5199090661354262,-2.926905724438853
7.039090062728748,5.969079584123672,7.142352875304624,9.5949988807389,5.8614163642903065,1.6848289444647686,-0.3729446893092927,4.460287200549857,1.2984202316775395,0.1553635071505823,-6.614490219555961,6.478080038123181,3.704692765748604,-0.743435601876314
3.0534316986080725,0.2251347315979681,7.711810785153432,8.572921409950766,5.345984493446053,-3.4279924752749777,-1.4792557478569393,5.368171623398553,2.095669587207965,1.145073011754164,-4.479455700208234,8.98784286438891,3.91172071026574,0.7306333792490136
0.5403473265462374,-2.759815195132481,6.277072207801325,5.4936630608920325,2.5253858015859407,-5.94299279700982,-5.203743454262991,1.9321183494938337,-1.3070236513785431,0.8934861390816877,-7.4477429764121155,9.056771142786816,1.580113385122047,0.9493396958216352
-0.0645291856132485,-2.6667640872925653,3.016676570420799,1.3752004868126877,-1.4669062194633256,-5.670699901706596,-9.36225619750175,-4.057265197680337,-6.942350138493154,-0.1766309734189661,-13.376763802354503,5.820785447906417,-2.065225644120403,0.0964277030572446
-2.0671300339810257,-2.9798909148926875,-0.6344524173927368,-2.099154297439,-4.407253857798125,-4.138423881121424,-10.999221427337517,-9.184595245344156,-10.597927593331235,-1.010404295137448,-17.582209595821652,0.6349669043469817,-4.563418399923805,-1.0893484279731638
-4.855434330292818,-2.504144408082218,-2.9748183686686502,-3.877099006914421,-4.717068282153079,0.0177511199838185,-8.664736787750783,-10.630717967052677,-8.931727689075586,-0.5754529929164107,-16.28536564048214,-3.549617039129444,-3.879525424943381,-1.864279632411893
-5.33423365112802,-2.4159094083502723,-3.280837220708513,-4.1020012772350825,-2.7474334612879687,0.8945861560458261,-3.620409977738341,-7.851019643482488,-2.210551329769622,1.4288369079894423,-9.492715921721684,-4.135663629977252,0.076173979700421,-1.902687929560983
-3.7439310327671422,-3.118154015877564,-2.2189289110220827,-3.6449242951477383,-0.4430943261170696,-1.7577160763607709,1.020318307529628,-2.681615599723358,5.685750004656697,4.298421148170107,-0.9439160620138408,-0.7310869152706942,5.333484452977572,-1.223555738450813
-2.1677195679794985,-2.9904957418788363,-1.0975464351906918,-3.275019838647184,0.3261208097822017,-5.758024747263237,2.511653981176,1.9901277591839115,10.11327824306846,6.740323090904951,4.822002132610832,4.533426645776025,9.267635242937786,0.1702851716553208
-0.0600474740885072,-2.3712526478145515,-0.7226489874494635,-3.257319811611936,-0.7220270476112098,-12.61880858608283,0.28836188444214,3.9802039349416343,9.056611797766909,7.732329754571675,5.792025758345797,8.473466212750282,10.351705522615235,2.356435295906993
0.1096437358433465,-2.02354746361068,-0.9426363934493124,-3.5195060524280635,-2.2291623269291456,-14.548713509257556,-3.958588894118044,2.8842880446720045,4.315614913036768,7.165848130663324,3.451666450310089,8.95104001175428,8.855964934840436,5.032595311340813
-2.1975677451608964,-1.782521271687119,-1.208090070352867,-3.952622254058468,-2.5536691719382887,-11.007544630664286,-7.798696003683503,-0.0523791244717557,-0.3196884735941907,5.720519384989188,0.8481292747314129,6.0099818024915805,6.12603968956423,7.082006529731025
-2.413730212434802,-1.4226357838140162,-1.421913374538093,-4.471194682174229,-1.2531145532213657,-7.300846297073234,-9.803716234592386,-2.998857370524675,-2.1481150317493274,4.095830951004899,-0.2117239068800813,1.3507302233799976,3.3302381303836626,6.985967802639806
-1.044186805112045,-1.056449791609838,-2.107970453750667,-4.906156960370666,0.6020956268838518,-1.5488995977871058,-10.15224974864276,-4.714232458034388,-1.245973545719167,2.379694750790023,-0.2102258516245143,-3.135539029561855,0.8558238471139248,4.1420117177175655
-0.8356202917140316,-1.01615491443256,-3.709393348549156,-5.02119952650591,1.4537866930726864,0.9460727209640696,-9.838876744013136,-5.0356789099301125,0.3945817994165281,0.2286264360911616,-0.5170705365275978,-6.411140427542108,-1.3207499585618052,-0.0188931711528255
-1.101369186225587,-1.3292400028116431,-5.80493086042398,-4.717595742900926,0.6232528659437548,-0.7542346407130286,-9.408386534826349,-4.470041193144937,1.0900311015563489,-2.3357896123993958,-1.29706076853509,-8.217202693773856,-2.990455676398483,-2.487514975778396
-1.1607918253564828,-1.2415241833659056,-7.175096700353777,-4.188115061923526,-1.167221347631454,-0.3221288046234097,-8.405890057238281,-3.4145790418432966,0.8500282467468878,-4.457582989077139,-1.0458095394658358,-8.421304119195867,-3.6399022811428097,-0.8467868893902164
-1.3465400944005743,-0.7894919722548617,-6.799079208128433,-3.805796766855565,-2.4696015619935,0.9565080163043806,-5.963565683290824,-1.8008957351827917,0.8331114869603198,-4.983822427638984,1.7583664603557168,-6.83967805407093,-3.021802890471349,4.447265030095934
-1.5005720584670028,-0.7161091556707264,-4.876054749946775,-3.831775939551676,-2.296216920499376,2.103888013459116,-1.882400461224222,0.5162777446651603,1.7617869660529095,-3.5927214756428043,6.685121961591904,-3.8410977793271854,-1.6542022199081998,9.802035334290396
-1.5736758335291734,-0.9081978182787556,-2.836465082916732,-4.218613552737168,-0.7921368885225775,4.019230521476968,2.8469587832164507,3.105523742786829,3.0609557524554134,-1.3382232736184392,11.25311188603979,-0.885969096023473,-0.5878197792546871,10.874331320418946
-5.409352614972143,-1.9784591725459864,-2.207747619750421,-4.667319613531788,1.059128494873164,4.397380168371512,6.594150755527721,4.860477840549663,3.5368357912118427,0.0830034935062258,12.991129090499044,0.0435209964397245,-0.5694281835405377,5.901115577226904
-13.346086578090912,-4.135665486309152,-3.2894571684709035,-4.853894011133491,2.2670711555761045,3.1802679275074506,8.24067900320324,4.748283901436707,2.755214571746194,-0.25694683613807,11.706858280760116,-1.9766030032080264,-1.3947700262603462,-2.761605795607068
-16.527619119365056,-5.079675117487053,-4.8422488170973566,-4.647736990395174,2.3976040665694995,2.5825335054785223,7.931699000747869,2.7764960348530963,1.6096224592110389,-1.7778294947185032,9.724950550661616,-5.661508180738508,-2.099460610243341,-10.260558143348703
-15.312154320600886,-4.859601528070839,-5.127042910236014,-4.214341050599842,1.4915409833639617,2.193239743816892,6.807294472999615,0.1866549852999242,1.4762058060998695,-3.038962540976172,9.820563058394669,-8.200820234839284,-1.8416743601753751,-12.761370521330264
-11.147691601029,-4.482184267626001,-3.4189949249677056,-3.9563613335051286,-0.3022306047544134,1.4981806440461711,6.011325042233807,-1.4599082967808954,2.826100578732735,-3.1002238833571027,12.820666514250776,-7.528054495766128,-0.6666224921623325,-10.031934472793296
-1.916875932381796,-3.44293182705505,-0.6635724252887485,-4.257536785369211,-2.776544405796699,0.8291138800522849,5.886096599106622,-1.5402913792545403,4.704265203273167,-2.2277356307449736,17.120387431964673,-4.209317948846774,0.5569945126731,-5.148158829449926
1.4853681841212407,-3.139405028931844,1.3156276153397355,-5.090793237495291,-5.315031007257744,0.6979526938803431,6.009008821027805,-0.7848087492994864,5.600164140933657,-1.2994423328364064,20.42311483583171,-1.0642197263814523,0.9776534762182792,-1.8314972323282743
-1.277774801971947,-3.712615436964949,1.3584069861984744,-5.777796551317124,-6.737882430994205,1.1833424206599343,5.878260951268658,-0.4230578926324142,4.858691335065714,-0.6477247323410893,21.83683589818565,-0.6696785502927014,0.5993017434418562,-1.7445525268583424
-2.568660778042056,-3.4604368290074805,-0.1072740490770911,-5.266026057138561,-5.918176713511457,2.2516740799006927,5.452757419747854,-0.8926427947242246,3.255682459286163,0.3400559333495039,22.234381047128863,-3.002227594624401,0.3084055777485446,-3.7830210718636863
-4.754425600476373,-2.657228564203173,-1.5529078614581522,-2.9417904567687856,-2.8806294391059737,4.10331535232881,4.991214965973654,-1.4232082428380863,2.1762040244410628,2.373145016893204,22.688121286779733,-5.486069383506106,1.0054559677244015,-5.525443627342384
-3.9043276885673968,-2.154407782679149,-1.7630671816147014,0.5956792052921855,0.7068803273956519,4.537109680351239,4.449980439220326,-0.957705369589803,2.17842980638477,5.059601335870525,22.82096921676805,-5.480593482767972,2.616445553294966,-5.317884677727989
1.1648382316965709,-1.724727695498802,-0.8719295213913938,3.5973974998315725,2.4572777224997253,3.434947505691433,3.226019411183188,0.5122800025118295,2.337458071064134,6.744120348539127,20.97156691373914,-2.859334031336175,3.958521439429546,-3.3084454565162105
2.95723671332258,-2.9421905048070798,-0.1089838847124156,4.292962961942294,1.1027930414190903,1.3335530780182845,0.6858489124913376,1.6242870677888277,1.0769314373462748,5.785840641600885,16.107137327881446,-0.1779821257418916,3.713486008128257,-0.9203661001924957
2.3707412533397667,-6.0908477820398845,-0.5437508196678209,2.322598320693942,-2.326125361347067,-2.387915278231281,-2.9567078532988944,0.8081947996561212,-2.17572400284962,2.178536588166253,9.482906124083,-0.2097512011250728,1.7041984051222698,0.4620871478903154
2.3566862801862944,-7.523612168785452,-2.011597804734947,-0.7595916095078792,-5.172399585242147,-3.986689031712284,-6.336570122900412,-2.103644816945689,-6.011455988141847,-2.082948534137813,4.177079267812587,-3.1774884565036245,-0.7292799346614629,0.4461748360786259
1.6810247828548892,-7.458512350408844,-3.188126353343989,-2.512143878318966,-5.231786453973427,-3.286361469051239,-7.671228273144436,-5.4018041447016,-7.774824251749465,-4.405790566688665,2.7154782220892457,-6.344806456406616,-1.716553884016605,-0.3552621519351078
3.439696515554405,-5.323533968172504,-2.713896946264981,-1.468080664640354,-2.460452024604308,-1.3957370131072142,-6.021802889450328,-6.72825364338388,-5.612546030498606,-3.621451720020218,4.931379897522731,-6.402680165324568,-0.4010962950193288,-0.9933779432790288
8.117399893324075,-0.1733474050431518,-0.3515597010232341,1.6734025804407793,1.1576471084997593,2.693833012150116,-2.041596736806923,-4.967788099750578,-0.2063591831706617,-0.8467977319835427,8.045265798014043,-2.442197579657204,2.3564624117373114,-0.8705894096801785
9.208175094596797,1.8160458386862792,2.811710966402643,4.559538108807374,3.3626330449124,3.756858280773504,2.392589192285413,-1.1279217384596905,5.359121017096641,1.5632376895630389,8.884949396711363,3.231156110127131,4.775382651074551,0.0352514959047312
7.131167227653437,0.698648768484774,5.223900639094381,5.024968069523879,3.34212605869152,1.527570937772019,5.327413107410052,2.5242628114115178,7.698863268560672,1.9922686222031416,6.259392330845799,7.125724955745909,5.689284855919368,1.4033162882803936
4.936662861248794,-1.5053695301730672,5.994877534392913,2.7491153489023645,1.9609920632179865,-1.682130453522878,5.762691390696887,4.224564809443905,5.613042829365668,0.7058707729109983,1.5253148612372345,7.467471521546031,5.338755425230829,2.891715232321644
1.3735274754584847,-6.24760760764686,5.34459267829277,-0.6311450021810288,0.5459493963900286,-7.206437304753966,3.934023644330296,3.826071749006587,0.909071709274258,-0.7467383714268863,-2.859419597246074,5.310573110670475,4.692804266435246,4.217568552830244
0.1152956768547831,-7.356560409889835,4.101132462216924,-2.981044990326268,-0.4256003696258403,-8.710208820168017,0.9131461215911258,2.46695633863942,-3.17060882495673,-1.1585462485295466,-5.299495133668529,3.0370174504461147,4.082732086722672,5.015926825892052
1.7021308274038236,-4.455263070449838,2.83249949412334,-3.3829203752256944,-1.4972047461410511,-5.665486387461286,-1.9888651577465453,1.3579873871050268,-4.581686771476257,-0.749820924127448,-5.902709362221231,1.950854637817656,2.6804916858412757,4.806858998772782
0.0251061238568147,-2.4293457629490423,1.463394293130705,-2.626236506500618,-3.2920563018998337,-2.096463666706468,-3.666373648270678,0.9033916524703044,-3.875485494383497,-0.7755149713897254,-5.8195596063575294,1.3873935679022225,-0.491526088493174,3.315379607802015
-4.262767320216559,0.0990883526271424,-0.3081319519467342,-2.162982216741284,-5.558357946497381,3.6008809267310213,-3.5100660184120898,0.8080496772304286,-3.181130610485866,-2.145888408254564,-6.00781268995263,0.0437243231837101,-4.984325010723751,0.9410470564841944
-6.224174394117458,0.7480072152894441,-2.301521338189332,-2.635245949781733,-7.186480622196541,5.791907661104537,-1.6434181850596588,0.7682425890159266,-3.84642731790359,-4.41921678058668,-6.578571939851713,-2.0897621168696787,-8.530571957233974,-1.1706973197987054
-6.668620838910466,-1.2961443898898073,-3.672100689129024,-3.4135934881195453,-7.136246252552496,3.706013466185903,0.9995130355787296,0.8831528634196957,-5.0715970557268975,-6.102946021093544,-7.094667936455153,-3.369731731339812,-8.59012717133021,-1.7769036852880618
-3.907821674494533,-0.9359753414961576,-3.552973007516925,-3.515330162423993,-5.339577003840532,2.341484855806921,3.0014748891300087,1.4088928460945451,-4.866388238135187,-5.96291328297616,-7.296091548289496,-2.153042123147884,-4.652920421714384,-0.526104867849881
3.1864308719548027,1.2838616028336427,-1.9426273911008136,-2.85346755836747,-2.7475758888488144,0.2652446236077252,3.2136411379381684,2.2645254564805555,-2.3300863685166746,-4.137820153864936,-7.48054606244574,1.267956400014441,0.8612640468842301,1.5900634937125917
5.861821169560917,2.965919094416876,0.0780189433954205,-2.433332203525822,-0.5531149574660503,-0.5535286645633246,1.502560845014159,2.9314488071097458,1.095068090427219,-2.064365716248517,-8.220678662286446,4.5251621963884645,4.205519382933801,2.8803851390966315
4.297638548400361,4.94638561295124,1.1274815757017222,-3.2234912810585,0.6546614837494644,0.6382726317321159,-1.1215706279572828,2.883528521758308,2.734231602525483,-1.2924361524320034,-9.740182892367612,5.106180178181944,3.2492879853379577,2.285879751712912
2.116456008191623,5.272346556352691,0.6545937023732904,-4.868335619951495,1.1031425050304051,0.7368401667548461,-3.222765061879329,2.0717545094128127,1.1225660534205415,-2.234283527489879,-11.55515608069942,2.560092933024009,-0.7608134577595251,0.2766302950101362
-2.61178253400923,3.521588868560245,-0.6206026787977521,-5.67624202580771,1.380889550886593,0.3391129800668374,-4.010521046517397,0.9434245984014068,-2.588680266808808,-3.9043075519236368,-12.72647196725734,-1.0793497054638124,-4.232075145057138,-1.51841861614173
-3.69822986803818,2.9585278594143927,-1.3615938132268184,-4.0744774755035,1.853490669590883,0.4579554123058861,-3.871205905873637,0.0114107556016165,-5.5988595677322905,-4.794858204048978,-12.516162550441097,-2.9895240716718945,-4.209292565913245,-1.672134637324234
-0.5814014293412092,3.1685850275102583,-0.7434162549788255,-0.198772329202967,2.4655022430710005,0.7013711337327856,-3.848024522333418,-0.5315554539394896,-5.819311982130586,-4.045484330710963,-10.88576763840348,-1.7942518036789463,-0.7304832582369727,-0.1318020016006187
1.9290452233730409,3.265035620476342,0.9676271228724432,3.955905736302327,2.9681428506880536,1.2838886079730445,-4.486317061264998,-0.7652094185062879,-3.390997188729472,-1.8974873627255988,-8.437579608693312,1.548531369347813,3.430891482507377,1.8143458361765568
5.30692403769126,3.817175181646258,2.7971660872016457,6.071191340418551,3.2202513583118275,2.315827306368196,-5.11031455075576,-0.7041603128360521,-0.1045287012928213,0.8150610743645075,-5.932637667298735,4.724624828750223,5.254765552066573,2.70319837640821
5.229783572289483,3.2675659838977227,3.8907199672745207,5.364315949494952,3.253868703534195,2.7470822224623586,-4.294735038407794,-0.1452492801168432,2.425731499510292,3.471832023898472,-3.88719030931469,5.855773862851919,3.8923132642715927,2.119987669258606
0.7688591812877238,1.512580953606909,3.973797559945666,3.09716750750448,3.132573881389348,2.574677193679814,-1.215027460461883,1.0680951750815808,3.9277051613697154,5.929857937186711,-2.571934297917508,4.657308936390791,0.9858030541160758,0.9081815376308526
-2.6297717881205265,0.0860258696255195,3.188912315557026,1.3363998965607564,2.850447390223991,2.4554828593096976,3.3208696575193457,2.657247297803707,5.017816501191618,8.096151149715773,-2.2179278913661165,2.3224560091599287,-1.078760638030765,0.2684185619494883
-6.080911334137921,-1.324364614467014,1.7421309169359418,1.1720488770229205,2.411154903107853,2.1656875008766745,7.164147283886798,3.893333917987654,5.957791777897253,9.457736765866368,-2.987508435489378,0.5253481307437369,-1.1611459897517094,0.6577757873943924
-6.383747978655623,-1.65676824502605,-0.1501633951734264,2.0169217313613044,1.9661012514879204,1.934714549684704,8.295974151664968,4.097547957472521,6.165342504104588,9.269557647582554,-4.608756099975885,0.3562849091266598,0.1351800941582475,1.5171398001209946
-2.3584421196622847,-0.5541585178057289,-2.0586526701494634,2.4973607893379395,1.7958103157265235,1.8428016617849663,6.276995121776693,3.2521088968548213,5.007363697829291,7.347523584099992,-6.11496749512872,1.7914217859114068,1.5425003678843794,1.9994346785289083
0.0132697654990984,0.3000893775545169,-3.324078356570638,1.944202081934364,2.099299166144739,1.8121282603393956,2.5071937447824766,2.146347998448732,2.8831600040666885,4.64988422462077,-6.192145018589208,3.8786415584869687,2.428733701439341,1.8947651277057036
1.6358803065930967,1.2200540226714758,-3.4338883457376426,1.0147855060344997,2.7932325251047843,1.934558266295094,-0.8176902172989315,1.8592253502590097,1.2504473889637495,2.8856826846835304,-4.055227253657847,5.459108512963994,3.056281547585783,1.7945994982052866
1.92942335509274,1.5689509065285565,-2.4518259603172368,0.9125094751461093,3.545555576796559,2.001574279517453,-2.103756723077609,2.9542646647398243,1.4077999025282253,3.285562381029223,-0.1475363435752967,5.962102842294712,3.820709151398276,2.349325181856017
-0.2749485848737917,1.0042044030038324,-1.0046247076038242,2.0512040362821864,4.029521699481961,2.0259502636235203,-1.057132590413886,5.017347203772559,3.2300116684250213,5.556025177035025,4.003521592702796,5.716832136596608,4.518370292619039,3.4283648546380334
-1.3875909891818157,0.8220786495754978,0.2178111480050262,3.5157309293337704,4.148311950789349,2.2373727219187862,1.5736625419083197,6.90201351294418,5.166356072161733,8.014202309893747,6.723432658725983,5.511017106755574,4.484720181396298,4.102112213455939
-1.826858987884609,0.7962975282980129,0.9574643160898972,3.854301492601877,4.005621075554899,2.6124565651452936,4.661772972091285,7.496550179178456,5.550697234141111,8.909742360106065,7.187814180555407,5.740664178775546,3.3965503417063303,3.50193639079761
-2.8781789219650333,0.9418315882372428,1.397768145733977,2.441877963483165,3.685754096020617,3.167964829316111,7.161692795455792,6.439789347122712,3.9775945662350978,7.849376111444286,5.7577401445209375,5.930399080002047,1.8118035969162636,1.6778908245139803
-3.958490020697425,1.47931781075198,1.755762751872993,0.125695106901702,3.1391111453442875,3.957354416454209,8.285035474202772,4.284366108073499,1.4989751531782645,6.075667546610305,3.545162102385092,5.1379899853724,0.8228865492607156,-0.4312941147516937
-4.830609040748159,1.6412295840836577,1.9704907452813811,-1.425393841189475,2.359132229730932,3.6865683141550742,7.680427159663992,2.0541048800021144,-0.3975425136289345,5.323466441498766,1.668844482379285,2.920034485995359,1.1228626667107164,-1.8555291120108564
-5.51769268124709,1.468194840164457,1.8381935578946127,-1.0441045904458974,1.6562872068591048,2.256525807334005,5.692598040049177,0.5880848712811257,-0.9500300929423702,6.241149724961048,0.7162200281472906,-0.0814946486959229,2.368752990642747,-2.353044224864618
-4.652792988690888,1.3608059229844252,1.3804855529719475,1.1037658960721046,1.607873186395409,0.4773185219593088,3.353499142854247,0.1497572335190113,-0.418690477211328,7.764241549185101,0.6020540461526025,-2.5835719272460267,3.4375245413990854,-2.319856560676044
-2.0150084138043924,1.1781452477689451,0.9348534708784656,3.782013389561968,2.531416136639109,-1.985007249757639,1.7997209033357535,0.4718514847177744,0.4690369764817603,7.983261855037824,0.7443222064945871,-3.783461986382719,3.333932973183124,-2.100407685065022
0.1636535983774144,1.946186252357892,0.7844534889129307,5.644167576544362,3.9086390366940975,-3.213938868411246,1.4103566644822365,1.037314165011253,1.1238315525346252,5.726810588009329,0.4309155038859842,-4.072779090896233,1.9412625653255589,-1.6138249572694008
2.162122169339049,3.804493318807717,0.7389107496275926,6.0388434679338445,4.4515032744481005,-2.9798079450614563,1.45275318515462,1.3157587276425602,1.1686524756779306,1.4883427850028568,-0.7409497526760447,-4.583491385513696,-0.0049224066012811,-0.7431246961320426
5.102754887751415,5.4271294783018,0.238136638232163,5.191914097518065,3.026342459286837,-3.016981737573251,0.7290163226147683,0.8884174868908019,0.2059937555051476,-3.026135485152736,-2.547090909357962,-5.938806380029831,-1.603619077350288,0.1039063319698243
8.643718062068722,7.0387571208576025,-0.9661769099722052,3.9244948027246096,-0.2301253404698968,-2.8503226709427487,-1.2281176259640176,-0.4175411401507176,-2.1204634221604977,-6.2257588873075065,-4.173826527304726,-7.413144022297729,-2.450011620843526,0.1799272692904878
12.826840191361985,7.51766408257422,-2.1989732847387984,3.263352514976873,-3.667950429784242,-3.6156519570744585,-3.511697978924815,-2.3508211994494843,-5.6293043836408,-7.664150182429722,-4.65826363556306,-7.378884512728121,-2.694162897254273,-0.6366393819489247
17.789384037905943,6.510705708661399,-2.074272915005224,4.047285039829063,-5.193278016593808,-5.635228322616342,-4.458182347121436,-4.206275989774696,-9.229656561346616,-8.00912220472938,-3.46483538747637,-4.70857656394,-2.5656646633476328,-1.1841072607461172
19.266095837484084,6.195641016355585,0.4224005231865249,6.473676035099743,-3.895428735441584,-5.407038962607276,-3.074356036446659,-5.146681579784456,-11.298927291921672,-8.182520955747805,-0.8073489859257847,0.1193188569217511,-1.9678967230891828,0.2897968607699681
16.89225052153464,6.290650067866689,4.844327149899044,9.757367384397156,-0.8507780247526284,-3.05142016851539,-0.005713515307633,-4.761676876636415,-10.726260700909762,-8.525423611242388,2.462121725575884,5.199393259190828,-0.6352444955071235,4.414342757426084
15.158016857376172,7.058787793648434,9.242636104070016,12.32532498737774,1.6564438972257562,-0.6137172732019915,2.861093901309772,-3.4187908037020804,-7.790802522929056,-8.655032545314583,5.2554335140230535,8.482845127086165,1.2909573928825182,9.589838485929306
13.126466057878158,8.96152907446197,11.402203509337198,12.71079908822088,1.887968787918794,2.595222710509215,3.838703100244004,-2.0393488181095734,-4.065477898094684,-7.997075091901394,6.6892636891819,9.056387647979731,2.921555168641902,12.8223110122633
10.615141599800603,8.496613225913945,10.429084626568596,10.616749402739828,-0.0814187249124813,2.777691223061575,2.6718543171348585,-1.4219931280621552,-1.3451657460571198,-6.447010896567122,6.438069101293962,7.461013247371852,3.0110118267697885,12.04016121423902
8.31467369922047,5.627626791510029,7.363934107856778,7.228794008129768,-2.595675949593101,-0.6439052513821495,0.5469278733539511,-1.678171810003505,-0.4443344715006105,-4.59423542415783,4.953912746378279,5.04266869739638,0.8809514681383916,7.870541832020052
4.926814687630982,2.98356405380892,4.288923194918596,4.351076323057498,-3.844718962839295,-2.429956953968384,-1.0113851463902108,-2.2722103363786914,-0.8202048092528287,-3.345924073043591,3.398254314741706,3.059894795153639,-2.8949238851063512,3.1681038783851534
0.6175023622909573,-0.1477173029499525,2.692246570204801,2.9880579859203067,-3.2231646377902337,-3.4050139788922573,-1.3207199514676802,-2.608896363392006,-1.2661081282851256,-3.262117026685104,3.0761400808966783,2.1623193626954134,-6.702864107138765,0.6001469996379285
-1.4697723703039554,-1.15498536389211,2.4686291809570946,2.587760112248162,-1.56347111225179,-3.156217303024973,-0.8450352433466435,-2.605000210888321,-1.0215011046767015,-4.135908246912834,4.479268571188996,2.26776487502525,-8.933065807584612,0.4156813718894057
-1.249500597478907,0.5607564523605546,2.311655847157411,1.6444707239635363,-0.2503869909625535,-0.6669640441447486,-0.5591049853239127,-2.7122159339168235,-0.3312009911445983,-5.167703508019841,6.58340070248012,2.602947345113577,-9.084145516847428,0.405242450970988
-5.036311046185644,0.1149319804298947,1.0088870138606725,-0.8549356306553051,-0.113558332635776,-0.1249599513748882,-1.1028672434099462,-3.399870551415347,-0.0123187776800648,-5.604981080704988,7.18331774716718,1.9336655304253725,-8.065833199520341,-1.922376017542092
-12.541286820325372,-1.9533012315872436,-1.5520439441630742,-4.439505310529626,-0.9877832556234551,-1.3034748769038162,-2.458755071155508,-4.6315747860729175,-0.490868760864771,-5.3174288386559,4.367444164151664,-0.7873430457957511,-7.450759808517418,-6.930552830009702
-16.412608057608786,-3.138255651986275,-4.441594612223213,-7.51543834283504,-2.1031271931627917,-1.8055641751922529,-4.243885059182233,-5.860340541554592,-1.2650079287104177,-4.824427953365955,-1.849359773583544,-5.508711548844289,-8.255902111982579,-12.385454697504144
-17.497568845171422,-4.218237554250609,-6.55952749096889,-8.74716669392771,-2.7772774797873723,-2.384068681527717,-6.1364018460654535,-6.536035895287228,-1.3677401945893737,-4.786752672341834,-9.158126615772945,-10.666903372348983,-10.217195495490811,-15.329475825968316
-13.823683491493878,-3.5547238876369,-7.434813248926716,-8.196731052824155,-2.8043892662755354,-2.3333219635771805,-7.978515084898746,-6.60019805535422,-0.4392716074332057,-5.455754772290618,-14.424847314973556,-13.96062274135042,-12.119714474295336,-14.595083833556046
-3.5939542751880813,-0.694716179321859,-7.328726642650565,-7.183464324591789,-2.367884404901986,-1.3267217600251289,-9.581885988553204,-6.472719965564465,0.6546589900835542,-6.556703156660397,-15.985772836036467,-13.98898523571792,-12.862548033436966,-11.723911671603076
-0.2621557276495457,-0.2091214426005786,-6.761739335682762,-7.007795414651632,-1.744032589135955,-1.4725913115793576,-10.626240791521944,-6.583346704066848,0.4084556447239649,-7.604622935228214,-14.87420915306889,-11.415659723671965,-12.31429834561456,-9.528516842703638
-3.673446762828634,-1.885880633683176,-6.041204492993433,-7.743151006090823,-1.1215410060055504,-2.638196596778192,-10.895876304789752,-6.981784319032222,-1.9108754411252704,-8.244114731685968,-13.856817668987343,-8.514839877801315,-11.233236956947934,-9.645478397141732
-5.987902340567628,-2.729471562127588,-5.195728918495224,-8.247836400087753,-0.615824434100432,-3.656319145921728,-10.627414532715283,-7.433452104153819,-5.313888494470668,-8.311409258013885,-15.045395643251329,-7.38346060251169,-10.417979478699568,-11.271607371325183
-10.004525607117548,-3.572994035023568,-4.229754668292431,-7.405262534775517,-0.3330994003066152,-4.907970157223957,-10.493095112981196,-7.814745856506745,-7.634567005866922,-7.740769703320488,-18.15131654516696,-8.388106242597516,-9.983033550836288,-12.133742988404723
-10.09789688686513,-3.5464514893415315,-3.33095116898619,-5.401160856890826,-0.3480329399956297,-4.970772878848617,-11.04729400822687,-8.245359710012165,-7.262977167205399,-6.601423294527928,-20.887296193986373,-10.191160610987833,-9.467291363812484,-10.710605545327446
-5.077279649733929,-2.1847341986403364,-2.802350813995067,-3.743052750842217,-0.616480911197566,-3.581837839152917,-12.05732694596945,-8.718025846913669,-4.541182835119923,-5.244368745610922,-21.050296373058195,-11.15453250480015,-8.557057936960488,-7.651803415818902
-3.78687990278669,-2.6527807604982336,-2.8124195572071127,-3.8830233611207152,-0.942863069449304,-2.5026249527296303,-12.396946768481968,-8.665942337128097,-1.4631231827931472,-4.210332579922158,-18.30195685970524,-10.654943009503938,-7.511639932455369,-5.1470293826682445
-5.007428345409436,-4.80517939608208,-3.22534276274844,-5.683409002918886,-1.0713096631278347,-1.3827243584757112,-10.760778239101926,-7.13038237335863,0.1447674721921714,-3.734276163329788,-14.071460919022996,-9.135450985757894,-6.725918065839055,-4.883865204707119
-5.751587576306219,-5.829569034263281,-3.6676174383456086,-7.243305376126244,-0.8550074359545512,-1.157156858994774,-6.700328704578748,-3.596277246746446,0.2838163831436979,-3.2635429457484086,-9.919815347872936,-7.156419700620109,-5.911696385480106,-6.4601469479691325
-7.444585107190537,-6.22065137915705,-3.762208245512351,-6.427431939310388,-0.3924114015631303,-2.2047265206169744,-1.1202391015501971,1.2623939969388651,0.6695755685672857,-1.6458469410315928,-6.1741484522119165,-4.690340132479033,-3.9661425321338015,-7.646669437591466
-6.000514003295741,-5.2501212644799615,-3.3392401514582986,-2.8432599913568453,-0.0231390108716311,-2.6779789168236747,4.203951626391884,5.78537987915681,2.917492766050401,1.9105863814923796,-2.175300265664021,-1.4436735819257152,0.0438191940319327,-6.237597154349082
-0.916922052050643,-2.328939470905132,-2.492010648612066,1.5203804071944802,-0.1372851918446116,-2.849171858719361,7.697604421468831,8.475423698195264,6.8002830383708925,6.876826886153019,2.3494866458577874,2.2758229618458614,5.622870076007331,-1.9006550810966305
0.9746341388720856,-1.7086326029766117,-1.499982052396625,3.685109728628284,-0.8672520529138765,-2.32148062446429,8.809088539327654,9.098631605214898,10.31695576813891,11.426187825803524,6.464475712109056,5.249870640365977,10.678394447912076,3.4735417305087
0.3390356443974288,-3.309163374563689,-0.7209043496540843,2.016834369830008,-1.8791648350241128,-0.708116154112066,8.054584321002324,8.676802341238563,11.50471415345131,13.607681533456656,8.706829604096505,6.063170478519211,12.889981064927824,7.120572756594598
-1.3996561808700885,-5.279221789572193,-0.5038640939419423,-2.4559254178037904,-2.5150872517981995,0.9903058663261912,6.456417826504563,8.337322621602794,10.154728622862564,12.73637185083875,8.4683266649145,4.201983998675907,11.538786604466084,7.322819907726213
-5.610404190202276,-8.549060190850941,-1.0750476387342616,-6.859605157569895,-2.306444886917788,2.9902680107441784,4.941242489329667,8.131380208921165,7.722970974391636,9.80497183607482,6.513845468423213,0.5319855921442951,8.146528492285725,4.468963746805969
-6.612116403235895,-9.593949691168604,-2.3593467341368357,-8.730657851376932,-1.4753548995359438,4.725771861419671,4.074178600726242,7.033191392606497,5.650592595470528,6.606877810384404,4.141019745000861,-3.198940590697717,5.308118137437049,0.6230677234293438
-4.170425153023063,-8.058228245002484,-3.848517067173248,-7.8030209483085855,-0.8732689881918674,5.998909559275397,4.080253545399685,4.213352656181712,3.9929008260626375,4.422467574634766,2.0747342129041613,-5.318721742766584,4.763944371246112,-1.8944559099089415
-2.947057863619283,-7.945514433260901,-4.739151238734152,-5.87660047535087,-1.2150988422405646,6.6721108700259615,4.92644581944981,0.3694422443300027,1.8611478037745,3.4198369397326047,0.3942848858385872,-4.926022835258294,6.410919811235971,-1.846726729794213
-1.7562740179170524,-8.518336251745271,-4.427896945361837,-5.007207229866168,-2.219211784756098,6.4694045108060365,6.373852062465687,-2.3112227139498174,-0.8914544400315947,3.1152554766619858,-0.6045710449709247,-2.071394518015012,8.970322533822056,0.4434825979263337
-1.779275963022835,-10.314410765538057,-3.078522804580061,-5.696349364700865,-2.5920970580359324,6.046146137897509,8.059850857960058,-1.7814143939545204,-2.7896579610864336,3.2025556510365902,0.039333850519398,2.360711563570163,11.436357466916498,3.5543026755243403
-3.759310862570133,-14.076078527593053,-1.712430628745082,-6.6752902085207495,-1.1518467534751269,5.264672338562242,9.624368984647752,1.9879451159424375,-1.8938252552457584,3.836572058648187,3.127909396133376,6.886314862987021,13.813628306893923,5.904956009680703
-4.261370486783508,-14.978586147938246,-1.5129374058210203,-6.368608923091841,1.8007463136551394,4.891325293293654,10.78687856798291,6.663754556578894,2.0772435528830755,5.193375210781625,8.046204927470157,9.889021845026493,16.561964967322176,6.633329552955914
-3.632843884411253,-13.065728341773864,-2.728059663792948,-4.5705667660052,4.274132955570877,5.0977586108905095,11.3401081316224,9.284977134794175,6.995672688618868,6.973581405432242,12.732980157669346,10.425674094987343,19.57417872652306,6.051698385479909
-2.9471534151908165,-12.490197559614312,-4.114571621900282,-2.7097825801325115,4.054312715709216,5.284414902677651,11.181768568115004,8.722602708010982,10.004822101629642,8.545739766657448,15.328743922378033,9.007988887516476,21.94000351254197,5.505306168013689
-1.5827763589355,-12.384082642589313,-3.63018780797124,-2.464659586455113,0.7131634197063761,5.696287429013901,10.481856103650273,6.706895508921235,10.12185445819317,9.635033046530737,15.972653114309765,7.621855685480881,22.803403720037053,6.623399086355789
-0.4272052491290532,-15.698871701987684,-0.0580414622454839,-4.103717774857046,-3.739223819390929,6.592525738982319,9.818439629966662,6.402264394192144,9.13278578581783,10.743054978253092,16.772319753220188,8.58234090774934,22.368387028692005,10.238154014474604
0.4653562622196781,-23.411189948044303,5.716771604436104,-6.190395580078615,-6.37233540489234,7.979111290753776,9.950809041697624,9.656475611737228,9.766819466770968,12.677356926732736,19.732247108379937,12.798886661137026,21.894067081962035,15.595338310683928
2.2233583648836146,-24.095958242072644,10.988291165294513,-6.935158559340849,-5.792231402166863,8.119168709207552,11.17111017166976,15.265176621373849,12.886028781644484,15.530573847007505,24.586442359582374,18.775590332722352,22.56474511469393,20.52253940342385
4.711479481111096,-17.922841094231053,13.05245474945108,-5.830178253226912,-3.296761405913003,6.921352430842436,12.719211171474882,19.735834460312766,16.463308616331076,18.158772980558,28.70985391594041,23.340500726731904,24.29987091072057,22.668398421570643
7.101811416987768,-9.218432485785424,11.181277092111053,-3.929133975707842,-1.6206680850754296,3.502401633469365,12.943080506241394,19.88314047461742,17.357405345467903,18.836462535791615,29.27140262915828,23.760430666435223,25.65083055811937,21.052063268579246
9.54626058226938,4.63765934743504,7.1158208519184,-2.536999315911366,-2.42253892630864,-2.768023745580566,10.359198879979068,15.089923923399688,14.134423843233456,16.603625354313394,25.59803347406312,19.65944694933133,24.865115298202348,16.732348496529276
9.795311926380291,10.89369020102172,3.657211140621619,-1.7272402973180263,-4.852279605127606,-6.273546822928414,4.8929000741802895,7.506273312399109,8.224157247498013,12.054944700292616,19.551850089843228,13.197230188875436,21.110495466295625,11.973327021354208
7.4654087798544255,8.50916707688875,2.548394148895333,-0.2957494677332448,-6.479723656909258,-7.047733826088157,-1.7796652437850398,0.2905533602994055,2.436385583706837,6.7976001053720765,13.678208013104886,7.360535956938094,14.817220986828644,8.504997942295724
5.443257579561877,8.253145841769372,3.399536597550181,2.7423445901337478,-5.606031170368098,-6.4277726277470775,-7.231675292670097,-4.505710356419073,-1.5532848366166618,2.0932920311521244,8.967891167477987,3.788423660231814,7.045097296398097,6.302637946399329
3.18270540121421,7.181345691421389,4.417620466343927,6.681825443266412,-2.73900191674354,-3.0227255516759275,-9.919684154904722,-6.839647720658583,-4.295521457032713,-2.009831021685024,4.307572051724691,1.8901380553396905,-1.3169149977288583,3.918524301777581
3.082579487375202,9.748069231586737,4.109563609979425,9.338797515123872,0.0669414422610756,-1.6250063138152475,-10.1257824144354,-8.039474529593022,-7.3888464033932095,-6.27184728365323,-2.0018860621135417,-0.1615744077924574,-9.734578498755816,0.0740253653094313
5.8710628283217785,17.70797688369673,2.410685699031525,8.953910827722083,1.2238485824327654,-2.3115476312058965,-9.428478200179056,-9.471637527151051,-11.45355928337674,-11.084833200952076,-10.18226428571564,-3.5770532468241285,-17.60113055179552,-4.889361592459814
7.923888128346642,23.494498124096317,0.4191948532995724,6.032765524819219,1.0031756037188655,-2.6954710732724925,-9.203416914530806,-11.561997338331771,-15.343127047809908,-15.751359285593658,-18.27328856929001,-7.845131077452365,-23.87070866965577,-8.987769086130442
9.931623677927002,28.444578709785876,-0.7407307462305539,3.2765336184149945,1.085102809362489,-3.856386072065771,-9.516948263752106,-13.640767660379076,-17.240951371552644,-18.90378556461461,-23.37159187854335,-11.174542271393593,-27.3187815392535,-10.061330386952063
11.30294156237336,30.86458726631372,-0.7611660962371012,3.478662578373676,2.8474448756438484,-3.9208645949595207,-9.390600664632473,-14.472304714835095,-16.388126888623255,-19.59461436623678,-23.706907179645185,-11.942114315490317,-27.31568169274963,-7.530806653876937
11.386865599682364,29.299210089005918,-0.0797912811931276,7.172353367559619,6.06443186863817,-2.6452663148596445,-8.111043197884058,-13.107430113412809,-13.732780574857546,-18.012989442837096,-19.86638316837122,-9.9317040364064,-24.46061296223506,-3.026940915320424
11.674626598585132,27.295822929059085,0.7225228150018452,12.10497107654292,9.136286556538586,-1.4836284825461217,-6.2457789071569145,-9.675408710398273,-11.042951199484918,-15.283924041487856,-14.336171302152756,-6.524144970337474,-20.500423823470687,0.5930204907960182
11.81420548423813,23.975586330914098,1.2981754721893886,15.028007336920416,10.480858862962195,0.0296143063901117,-5.300507155989962,-5.671144977901598,-9.531816558933356,-12.711213841662468,-9.910019914124948,-3.863647435659345,-17.50887501994834,1.0877113299468275
11.410661825773587,22.210140172631164,1.4403267251331364,14.2962491690023,9.756395433269471,0.0776398689963719,-6.291925588129638,-3.349483594891172,-9.289160059549465,-11.164925076506098,-8.2102504213194,-3.6260369703315583,-16.81922927827129,-1.7808753809538125
10.611272102424492,22.7227650157423,0.94431395339471,11.134084093851126,7.92304108929128,-1.6580250090355444,-8.631038746448766,-4.322861450393029,-9.759644626125086,-10.900126082640943,-9.17513910658819,-6.080920466771325,-18.32358202149328,-6.184450583686065
10.11981323218355,22.418974187736527,-0.1593155221776658,8.615087733830176,6.2961615931223776,-3.2918387096543382,-10.47736314407899,-8.21772086389714,-10.443620572098348,-11.579234709169992,-11.486371330252291,-9.888761810555032,-20.503060908282546,-9.39786029239306
9.96565596394511,22.15850272002721,-1.2154983074058756,9.27758851143034,5.555064398470673,-5.299985731604077,-10.31565399379865,-12.542991301503498,-11.02504970445765,-12.28331788374554,-13.387487459295098,-12.737427360577897,-21.18134562518242,-9.370412002093175
9.551704607794008,20.151679809012737,-1.047327807295546,13.271603749753,5.503718274946007,-5.779875554691779,-8.295287561732794,-14.197137833583074,-11.043154012133188,-11.69826644243739,-13.44802332333816,-12.557653865826785,-18.684181387010383,-5.771992524212241
9.037600179614056,15.869166114105235,1.1962171963766606,18.32849856971379,5.56732976398289,-4.292566873122911,-6.069712500179578,-11.68652693526073,-9.853284395058276,-8.776723307770887,-11.142982541091774,-8.720948066562965,-12.884986609814138,-0.0421401957169759
8.364553784800165,11.836977010437732,5.0653493346998,21.357214642322567,5.397596602285372,-3.4375008290828646,-5.303509859023292,-6.336389700633216,-7.227525735215836,-3.690263206471886,-7.171674194184973,-2.5279784947250112,-5.562990440402151,5.420485030624161
7.451287866223449,7.550343204951257,8.697450674870332,20.36473395664108,5.0439568973324125,-2.7196790048357,-6.250771082176125,-1.419105364193991,-4.014528238767913,1.7150880221957636,-3.2849996576532186,3.374506360992052,0.2879288711910868,8.391937359009656
5.521675988566566,4.403298636383013,9.91097693178923,15.42706542030918,4.694571070262361,-1.7348660303979695,-7.653272499178117,0.2269170421412445,-1.9444342944995492,4.677414440732227,-1.4602339377855278,6.383034735579,2.021718456253268,7.717580805036138
2.440314409587973,2.9362390955323483,7.741996869099327,8.340278918866336,4.387231119924044,-0.868703350576296,-7.887967728328748,-1.732803872572834,-2.4127516336676926,3.290522776964776,-2.7229790374707603,5.35872548372607,-1.0461620688941835,3.666774265951721
-2.2339162301580826,-0.1590044414463616,3.179893804666145,1.501711454017343,4.000316790474207,1.0584768746492057,-6.181265474507294,-4.933999313564112,-5.177252665780765,-1.928356487011904,-6.367406807608835,1.2675162502359978,-7.033560903538923,-2.2443228530921147
-8.845271193678522,-4.5466058918581576,-1.4969384917085993,-3.149916463400979,3.46199935968186,4.084408746099366,-2.858590275911384,-6.051222369193084,-8.186880696151931,-8.000851029085304,-10.216138588650152,-3.3301868643157366,-12.431381681317829,-7.810028186115362
-11.6461383591203,-6.750270354776158,-4.224484130639066,-4.673066721381565,2.893103830611487,5.406152965989378,1.2983741319857494,-3.088176715737255,-8.861964418875997,-11.230119491485976,-11.841529739731332,-5.669716638745534,-14.081209741343676,-10.93355415606032
-10.371314022681265,-7.124506972736284,-4.32375599918401,-3.1971399731427805,2.51110504863426,5.070154857146031,5.685854914283361,3.3981693159404465,-5.889104192798252,-9.54500813230124,-9.947610267957891,-4.298320442014799,-10.914763649389776,-10.502285970858642
-8.103106972591242,-5.515881713782646,-2.5866843230030163,0.2108073084456023,2.3870986151539637,4.640063553161684,9.859487015891352,10.806901299168196,-0.1396448442377078,-3.7216856637687528,-5.019680975318416,0.131400413151308,-4.35410290706621,-7.002280406524591
-3.4098067662173315,-1.1194224247524034,-0.4648467147613964,3.7981854994732593,2.282764368919942,3.51816845423166,13.135298231890609,16.176902268956432,5.947566110760132,3.373334777080004,1.0701392883354472,5.266409239484116,2.7294325168788625,-2.416257891786202
-3.0523458469173224,-1.6880937360712405,0.8664506741204256,5.622137984927015,1.720040386000072,2.617707053871332,14.576544926762,17.87070772687043,9.96843712499833,8.810348636350746,6.1010451015326765,8.437178354154053,7.626320041823341,0.7722007227691456
-7.763199280040953,-7.534050737359733,0.957036745717314,4.328613645184952,0.2660572177000766,2.132894397504475,13.65893014817798,16.288710922561066,10.940889204186156,11.261748283935258,8.496567213394535,8.163519409113462,8.92748587718998,0.9766868079579468
-11.778426021263556,-13.316495020306869,-0.0168862517950998,-0.0995050267707284,-2.1222454518539813,0.6897498563891047,11.009854115919572,13.320980873579986,9.597208504745131,11.158574480197696,7.799780412715044,4.817896773302564,6.757859683317584,-1.6661676204136775
-16.75466427038171,-20.80322575804019,-1.5940002922223684,-6.187449474528599,-4.92233895747351,-1.5135018073797175,8.32170214248498,10.963579556456082,7.576673763339802,9.579711933071,4.561427299116737,0.0571437008045734,2.359636353381891,-5.701740248764324
-19.73833363070716,-24.042208473950385,-3.3311969997759583,-11.721749431288323,-7.22974167836659,-2.187204060340978,7.238281112554269,9.99235383819788,6.2188483644870765,7.123974723296001,-0.1369862596247628,-4.474609132342582,-2.532268912164937,-9.635538460910707
-19.78580447119053,-21.94403334692212,-4.9771293050589485,-15.054835016131156,-8.28411874404933,-1.3594161817979968,8.052518649376523,9.57393374120038,5.782583789464994,3.785638864455297,-5.206888474932541,-8.155993716451132,-6.307445566435824,-12.9401044200693
-21.00654327146822,-20.752788235173814,-6.515976614299657,-16.05287619566212,-8.011917306416546,-0.6365504263931187,9.373137423294478,8.10303958570281,5.514646417853193,-0.2871609907705519,-9.858777325019258,-11.381980730752154,-8.029230705764064,-15.925664990801064
-22.53239124931387,-18.900231944058213,-8.06828048482063,-15.931521494642734,-7.127663213629678,0.4519457684050784,9.130919541959871,4.6461615034161525,4.395024814950723,-4.167323069481885,-13.601849820808166,-14.683315054669183,-7.744586337638442,-18.75197178635888
-22.49801186087301,-18.125093879276186,-9.678729887245936,-16.091382798318307,-6.621204733614398,0.2904012235237867,6.113315020434975,-0.174370263483329,1.963681074564388,-6.477938393438208,-16.07545999184285,-17.83683288613999,-6.298605753491529,-20.70714748935203
-21.32652949205864,-19.414748175458826,-11.136607466207003,-16.934971270746082,-7.004038002247963,-1.4713834350965638,0.7732141846196896,-4.628632589272247,-1.3525544484395908,-6.455135431099247,-16.959150724018226,-19.791617140868198,-4.652657839158461,-20.552646796058745
-18.754593228207945,-18.860415942159783,-12.006097106397434,-17.69363632255766,-7.970297063871779,-2.560369456943599,-5.225107154832337,-7.286141585363609,-4.548830338789816,-4.688248401439761,-16.069464456601278,-19.46429142979621,-3.154197809651816,-17.596901803113617
-14.432816293032884,-17.03887650834571,-11.879723492947743,-17.381759252038734,-8.781803695460646,-3.3742505347259706,-10.117490227928071,-8.097893101112504,-6.613432397765241,-2.69505435591865,-13.485884621037927,-16.639920630941177,-1.3445613177871536,-12.429081597503831
-11.217079658614969,-16.90121201803201,-10.64575885356176,-15.93342189948489,-8.992389283851505,-3.143077126983474,-12.786752892683667,-8.130435671453448,-6.876959253650039,-1.5806894376868286,-9.47660720482665,-12.12167607156811,1.5133495262364711,-6.636655043913638
-9.147608424530064,-18.02822455270554,-8.538406256544345,-14.387675632562908,-8.78957935831411,-1.3924016798292416,-12.77352119444884,-8.22948116558753,-5.033663939358945,-0.9717681413484628,-4.252835452920365,-7.017932339778895,5.622455610119491,-1.833548660994076
-6.930106095591384,-21.27368991870048,-5.961860435410291,-13.909347886898876,-8.636527474181277,0.6559853672177953,-10.06823689490126,-8.00268184068489,-1.1439927332458204,0.7139551007945535,2.121124707692836,-1.9344237432096527,10.244416094218852,1.1527706961811646
-5.239965689774722,-27.341411384270582,-3.3016286913751003,-14.587707841974463,-8.632770099345393,3.3447745698268045,-5.272039844309413,-6.254486165492548,4.146142768685134,4.75600582025988,9.425413230424748,3.0693052189245336,14.052564985166558,2.4523257694152427
-3.1867930164148444,-27.055472060886984,-0.8960461158675983,-15.197280593227944,-8.297350742662879,4.530220619852632,0.0760520557533794,-2.5264315243423816,9.428087813012716,10.638214707426506,16.832664477472743,7.761387469889165,15.989243666018831,2.8572213014853105
-0.7026328495142397,-20.09318538444775,0.9127931718795566,-14.182649253514636,-7.012273185057872,3.865937107631285,3.799416060570456,1.8472105407970965,12.898100565168011,15.940559041963311,22.88389718221404,11.203769921948112,15.983548167253977,3.434859098273208
2.9061169375027265,-10.200690792321154,1.8617624456373747,-10.950532972949793,-4.664536681080913,2.615227931991399,4.297470171644594,4.423054010214827,13.313396960150932,17.85548305346871,26.15969014919898,12.272682695219387,14.988112133697092,5.140307364778415
7.968504009766805,4.96408486134464,2.002778618757288,-6.296710032181615,-1.8379718691376628,0.1245097627242129,1.795323894508094,3.619852675904269,10.817867219901736,15.178377214840538,26.180642772253364,10.919049683653714,14.270197434480927,8.335078054761953
11.234958759073704,12.888863821603488,1.8145063934401813,-1.6765784915842108,0.6064235881826736,-1.291357370550556,-1.6707166585107824,0.15166481196675,6.798363340023265,9.189165551232229,23.701611334124102,8.780838760617769,14.422766571649843,12.357292522062014
12.756509537347991,12.58466980155632,1.9179722940181796,1.8893872243863443,2.1251659241368355,-1.4281412425905449,-3.789982281256509,-3.491144509536018,2.782510796917673,2.752914021722884,20.062719963105167,8.12305929211987,14.805945220418987,15.587977997143437
12.82276591201765,12.393448690871876,2.538911102674704,4.280434621344869,2.73394925616464,-1.520097473754503,-3.747559962454625,-5.067224936490312,-0.6022923188141291,-1.5857536416016025,16.187367032205266,9.7659271703073,13.901966841654572,16.276859527094146
10.595507845427855,9.204899364131233,3.244724901567566,5.897406344103585,2.792691611885332,-0.957991101447544,-2.582816706993997,-4.230542942641804,-3.5762431105653283,-3.0138433053061924,12.18667030496866,11.991460081085943,10.442720000794903,13.737665352389596
10.734917443507976,9.369799164868168,3.3391418836189697,7.07419914412329,2.6572014935564816,-0.5171697481856895,-1.850537679681992,-2.361970123929151,-6.173622598842214,-2.429589920257432,7.8947262405931395,11.807148309617585,4.544868286328617,9.034506925854595
13.326260624800032,14.064322597142096,2.6471783608678408,7.934283189352439,2.5271587563628364,-0.2670789011983521,-2.0085460812039164,-0.9843854662481046,-7.471597994705839,-1.307292966387271,3.656499773912537,7.724785446953444,-2.0425778061910336,4.512818684639213
16.04807082458543,17.356790693379875,1.9198654593318356,8.655053790545654,2.5145354618323577,0.5844999237960276,-2.1873702978643434,-0.4633139277987097,-6.15629821403484,-0.5642095232653039,0.4135173268577513,1.529405630003514,-6.888725946081084,2.3764115618905426
19.979746080767207,20.9472721537887,2.3364941317914463,9.585686012795367,2.7365032397982114,1.889861211771724,-1.4792740746961792,-0.1727080982904434,-2.068696684812812,-0.2805767709794599,-1.090313030637504,-2.803920678955706,-8.415850198205707,3.278126657665476
20.699441988683915,22.116467752256547,4.441197949117489,10.92728487540371,3.303038030275654,3.127100751558575,-0.2389864888245245,0.3511211518782637,2.874647370602968,-0.1915274090428875,-1.13595944197834,-2.2944890248609724,-6.8776129696953765,5.9450372561910285
17.719832129588198,19.942952850683003,7.487573004756685,12.349129989965348,4.253977161691873,4.377466147697018,0.1095365386308211,0.7131679236058366,5.661681992636384,-0.210745723585221,-0.9025129517487178,2.5522549782687487,-4.00477966835131,8.127846078342785
13.811719362108503,16.843305274040027,9.878473386854948,13.119907471180024,5.5489269173740485,4.653162045755354,-1.3736530247837802,0.1788374828302913,4.572905066895732,-0.4253708966456715,-1.365142791182322,8.19316908353095,-1.5950841258911366,8.197000038178146
7.790652190197524,11.855547770225256,10.385561659173735,12.766910640260203,7.099135957114474,3.745539913366321,-3.880294287688776,-1.279654841438187,0.9343518722632114,-0.712927622096649,-2.290619821195431,11.006346430655997,-0.2098788599713374,6.221175831550401
5.104915489879984,9.655944810916404,9.068477102597608,11.598731852236316,8.749139165122845,2.1993183385036543,-5.307620800469671,-2.6711796170102,-1.549466886969932,-0.5855993647959998,-2.4396197361012675,10.0688614088348,0.9236827833651672,3.747970534721592
6.395223071896615,10.813217315888858,7.067958193515873,10.473472528788308,10.194560441364096,-0.3220048903938197,-4.124500842376724,-2.810947265085753,0.3453805705034876,0.4013936401825795,-0.9097876100365418,7.358391568179712,2.749337026093761,2.5011233006625897
7.219609899732615,11.756085574744803,5.501971116044151,9.983340632255846,10.961639838976966,-2.33226693271486,-0.8813441712738574,-1.4271947640046827,6.56785710252923,2.03349555423637,1.6859060314091203,5.483337831659194,5.0680906419541385,3.0447722728948685
8.961319900302183,13.709854877079776,4.533471660321167,9.890894975270422,10.581461146368788,-3.727089186570716,2.125784559286317,0.5878473819420071,13.476701337745247,3.326301765956168,3.494736952270109,5.280819573964999,6.396044948174557,4.459993661368706
8.000126389792435,13.092330001204475,3.4769548848628147,9.412261525112337,8.90824044277007,-4.595827841920043,2.793630105743353,1.9949122271895563,16.43434828803143,3.224327823667542,3.0485475525399828,5.488713923417981,5.2721275616521766,5.222600982537411
3.5347595659709343,9.257198715786446,1.7649849980346757,8.039795725747513,6.332767067049151,-4.486410459428449,1.013083282527003,2.2406462405663925,13.279589962791738,1.579706765865609,0.6951799501063292,4.481584261876744,1.856027232781252,4.486168001272098
0.4098752243743536,5.789410438227713,-0.2582880512068595,6.025149743616117,3.650841213648868,-4.068292389690267,-1.273856174990804,1.7392345985457602,5.880407453739236,-0.5375432379806799,-1.6602864645469024,2.064297485370716,-1.7944082899232603,2.6881918484537155
-2.285546186263153,1.740071167258191,-1.5616879731468083,4.037781974480515,1.6032196102631229,-3.1728338705060195,-1.782090898220288,1.280535237329646,-1.4166220290180256,-1.6462099110734485,-2.3693229923465022,-0.5006635125827428,-3.2659114636085764,1.0268601077231505
-3.891898346625863,-0.8061324757621893,-1.472702951453423,2.4272271811792625,0.4116452485883615,-2.499908783863829,0.1765186961630203,1.278253078962874,-5.0480440027829285,-1.184268946225565,-1.6434742748626592,-2.0457316237088508,-1.8977153875999369,0.3239839720594073
-3.537663397430946,-1.199114208740182,-0.4860814701927527,0.9277915650283052,-0.3058846480200721,-2.1925198378636206,3.1961945682210064,1.582449498851286,-4.529700255968567,-0.1554639219467901,-1.2877413276141678,-2.7862944766948887,0.5041993986357944,0.2762884730084254
-4.821835021285688,-2.4441533399007125,0.0318639635231399,-0.8829853054984786,-1.143237654037181,-3.623744124271921,5.071986962378288,1.8813578515459373,-2.1511835823149283,-0.3685420516618745,-2.773464124669421,-3.913887566450169,1.14617394330425,-0.2647416606698112
-7.474539727961177,-3.938225887991345,-0.9577029393365252,-2.9088844453535425,-2.3566740435772786,-7.205195625879417,4.67402950641565,2.1237568068028505,-0.7112622562290163,-2.790046391362321,-5.617719520971397,-6.0089199087249,-1.3121028766312808,-2.215127745845181
-7.968256544934016,-4.4467646351891394,-3.159450048772636,-4.410776109854146,-3.635830920838215,-8.897522932512206,2.768809299626133,2.48911934012542,-1.3850923710115373,-6.434853359885209,-7.7771676884909855,-8.103681030692158,-5.533720239650487,-5.286055003535188
-6.756249918947638,-4.312553661456631,-5.072152407595693,-4.596054414681497,-4.392001963421711,-8.911756170891593,1.1866790424536546,3.0202157709453576,-3.3146578919442504,-8.887091699365502,-7.6658725613024625,-8.494341816730065,-8.582718179997588,-7.963578411296281
-4.293016232317351,-2.7211667018409917,-5.155695196978647,-3.3348106435349454,-4.285715678440795,-6.791529938136221,1.2212666441876472,3.424474562589129,-4.815692997421885,-8.163757755088165,-5.671351761406967,-6.464095105499052,-8.286041277393917,-8.534101572265108
0.1188652288933745,0.5900512188206946,-3.0234484828209345,-1.3156970799021614,-3.5043658680909804,-1.4951724890345404,2.7279657807195115,3.3290700197289187,-4.859468185050407,-4.3979647048408825,-3.5743763336461605,-3.080515678381513,-4.782770835661806,-6.376026249810565
1.4753133614820155,1.4966098113879631,0.3083094683478062,0.4641909047246741,-2.570700978645595,1.0695514725265802,4.591766712594261,2.717267064573992,-3.636793167035079,0.1335506961328167,-2.559003007807544,-0.2449185152143584,-0.0799590650544388,-2.467328493637048
-0.4894307572987023,-0.0633598285315708,3.205836018299824,1.373792586961665,-1.922621765638624,1.0070572304561205,5.902419344180188,2.0233803239176265,-2.064880639597109,2.741076150208924,-2.0462743879886887,0.964872854531432,3.6822193836452257,1.3343225370120333
-0.7241004176097987,-1.299663467931339,4.4971902954796406,1.4248642697524885,-1.6757052724627233,1.4219885256903,6.614803159431869,1.7169849299898168,-0.9370597895276872,2.385157437591049,-0.6616018207766725,0.9538526786808568,5.573188338352166,3.657118633105624
-0.2330738038708258,-3.1061965909867477,4.026794534304667,1.020754802471627,-1.7136805771112638,1.0828605028836351,7.165423955486638,1.791973419151878,-0.4402153029298166,0.3323871686785864,1.7666132989514054,0.7592076416976248,5.855964434477306,4.487030431642873
-0.1547598964801635,-4.212209335702769,2.44807051050892,0.4804551983025931,-1.8941546968805727,1.8989188515556,7.667370741029638,1.7352555213757306,-0.2580909786451499,-1.12135119057986,3.5026174371931877,0.8066105206382801,5.09055394642705,4.845835573972751
0.226677829024677,-4.216259169470676,0.6157982808723936,-0.2642421768646148,-2.1155337189184795,4.240715287902981,7.6808377973014,1.0685792388434123,-0.0186897191819781,-0.707724934872795,2.45123879286902,0.6444132074852966,3.486519973141437,5.624511362780801
-2.072594147380939,-5.976311502492164,-0.9219146057600032,-1.5930308135355684,-2.2599727327357737,4.741915107417589,6.802699448054693,-0.0719391331567766,0.2869796526855825,0.7733519863304696,-1.5800305158190486,-0.2470119302577664,1.0375491262314824,6.6372796395012745
-7.317234309239968,-9.241959802703184,-2.0840204728872305,-3.794987557825492,-2.207793536359137,3.746698847969329,5.319609347899906,-0.9443855683109614,0.1936020616473044,1.2803990930171525,-6.332459648347378,-1.7085377964749284,-1.9882070173683708,6.710778262619362
-8.52721620757269,-10.552176296866088,-3.104650053928186,-6.6009814715467865,-1.974124877649713,3.8378184067174743,4.071390298428109,-0.8505969041270962,-0.946411781545951,-0.5808493729049449,-8.965128638091116,-3.138134614152346,-4.898805292089053,4.691599131243169
-5.939758078953205,-10.191762935519389,-4.216706915805279,-9.018169482748014,-1.766026204500989,4.5494137414386895,3.6009180328641897,0.1755544653948959,-3.41208332107688,-4.279639127417239,-8.535680103386275,-4.310398512565483,-6.931714973149566,0.505099797107647
-2.452423122603041,-7.455494974670747,-5.339518387065841,-9.733815904324684,-1.7937396854893954,5.825912400606062,3.565666290127304,1.309602815621595,-6.675392510434801,-7.736058176896279,-6.644797147538247,-5.603642532374851,-7.690631382986316,-4.563707497740669
3.448611280849988,-1.4500626444870226,-5.956879944507639,-7.967540847317502,-1.9998658764613264,8.136801215997307,3.184157061841937,1.5917875253631788,-9.46368823997656,-8.917754031959051,-5.663524406890044,-7.178699595827055,-7.242727398074386,-8.524394908711647
5.950075433456458,1.2862927834672668,-5.333173283564493,-4.192211705409666,-2.060471226972865,8.822662880192276,2.330015168117708,0.7337317860810568,-10.397115153171177,-7.263680746390879,-6.361075849201626,-8.039331921291001,-5.880915465150089,-9.75081089626173
4.492623062804113,0.774945102082339,-3.025104342859533,-0.0640983415513698,-1.7451465185305812,7.840492676397466,2.023867207551133,-0.598941641084501,-8.825224803486575,-3.8583811207788647,-7.251812239571125,-6.300842526949141,-3.859328177026836,-7.760169662800965
4.36074561226297,-2.0349505791958853,0.6166211920803466,2.553665808973168,-1.2593901286459714,8.529890127131338,3.5490018541688206,-1.2561691576482712,-5.283343820146406,-0.4393192503342753,-6.203185774325197,-0.820998642150844,-1.333020537009726,-3.3150643493339285
4.217015168823002,-8.827929846508704,4.365920037236165,2.799657686044004,-1.1142106363135666,10.48508191439502,6.863318155654793,-0.4811538733159022,-1.242424140105908,1.7845947059868257,-2.6661554790867736,7.205652181099516,1.5090212330522697,2.046534470246154
3.798898935701691,-10.185974213011606,6.651031595670395,1.2875588496690415,-1.558533405020016,10.260792833288845,9.915687874589247,1.41383121802334,1.6703968299656125,2.601765462014676,1.5891240381965996,14.35095323658686,4.252430166706068,6.650371749744241
3.774408833302117,-5.832974561544975,6.451344690257773,-0.538835956795884,-2.160539490299674,8.206535407489351,9.830179338706232,3.0532952838337666,2.468944864784876,2.446503164651073,3.83978094479009,16.99519218042314,6.147062556009068,9.145943937291548
1.5672449846272238,0.7453030073831572,3.977280976625892,-1.5693373503768946,-2.067148475351365,2.730633224191528,5.1825716004339455,2.77296087537069,1.1786251918280048,1.7993227308803297,2.569045863836891,13.777541680214656,6.218560517605354,8.72820051596485
-2.842009832390375,11.914020317238831,0.6106924728366856,-1.668844206191432,-0.7900335531487386,-7.117285283088671,-2.579843469036997,-0.2304822540940643,-1.3229155813662303,0.9161163990955554,-1.4597294296087735,6.486624094705073,3.7027071532919305,5.289087474600418
-4.757168236588706,15.659985924143426,-1.9369019731441732,-1.317344337035088,1.2356301904705091,-10.9633279555744,-9.928435484951809,-5.111216069536164,-3.7973060889683024,-0.0409260271625813,-5.980903929516956,-1.2730370021056037,-1.317598500725146,-0.4005656091021485
-4.398449034109737,11.129716927442338,-2.7000641741752247,-0.7825494497730956,2.9162318034778343,-8.71248527305472,-13.708072585619188,-9.614611849971318,-5.191068976676343,-0.8193101510723975,-8.99837915378112,-6.47767576405986,-7.507483632200805,-6.657294299121758
-2.6938461513262486,6.14523731231929,-1.9922243623893845,0.2098675798798233,3.3850102763584786,-5.3415318460321695,-13.25047151948418,-11.38623570506816,-5.0333927406970185,-1.1316996291548589,-9.99289989691631,-8.256772061804565,-12.58854505764113,-11.309449439796737
1.4530156124890148,-2.2388207375194265,-0.9988542471933508,1.9499977069838488,2.684380864804228,1.5600545886121373,-10.465002735983807,-9.539912981448897,-3.5728919322433184,-0.8771447952563344,-9.689683223408244,-7.655705382517239,-14.393014041844133,-12.616299198700908
2.7093441116364305,-5.298584177556482,-0.7739592684335312,4.002628398283493,1.6225412129790713,3.74002648795951,-8.01717644646535,-5.314457932513726,-1.5991754118238413,-0.2337341663877603,-8.834227448602094,-6.186678530142658,-12.05451666839219,-10.213394254194904
0.880875187350595,-1.6592731284026188,-1.4656748905478514,5.196318251711936,0.994350900207604,0.3309815190717372,-7.291006478266145,-1.236660871687039,0.0080887477622173,0.515124320199529,-7.229415118035935,-4.61264399829196,-6.506486598287173,-5.4001625577303205
-2.016496199611196,0.2965862374238626,-2.3793467317490418,4.53052695003588,0.9380593570896226,-1.35299418556856,-7.799854651664201,0.6253539695681417,0.7935859256867581,1.237023810924201,-3.9638727421300985,-2.898731146862752,0.0586259591160098,-0.461290822220851
-7.332736630686094,2.803863487001076,-2.7351076841875126,2.156297566078325,0.9848497559584516,-3.2595731220393507,-8.235520514787407,-0.0228608841165312,0.9720025690606708,1.9989593767556733,1.340657050827167,-1.0351771744857277,5.336346155679184,2.5873411073229544
-8.946226759834397,3.236351854004968,-2.377551472278033,-0.5930325077691614,0.6298800926447914,-3.527385967011464,-7.901767115922725,-1.8009486240292594,1.1708543634325603,2.8499781795046446,7.394081303378678,0.3375033819128026,7.868558227281393,3.0160169969840185
-6.439792679308051,0.308319611108665,-1.797485898547985,-2.23164311771232,-0.209307563608299,-1.0622384568139882,-7.181119683287875,-2.966718098445089,1.8005625375228682,3.5814263209705226,11.383756221449785,0.2521644338928546,7.352272043297791,1.553825113604565
-3.08295663763429,-2.139050024351693,-1.5193624821319067,-2.259222561363734,-1.2372111886118,-0.105930603349617,-6.8401707807428345,-2.7842750717596827,2.554738602387963,3.755226739786071,10.622930878137042,-1.578096548067389,4.449323614264502,-0.2826469967233731
2.682129531581227,-5.07813865654005,-1.5127257157467904,-1.3693655147287345,-2.124828013506317,-0.0380628997519415,-7.111793946139093,-1.8629995505741808,2.553456541580696,3.030962812752677,4.6585492088800375,-4.0833265112890444,0.488512122274414,-1.1973082468954677
2.81173068926278,-6.887142711098545,-1.2375264932322294,-0.6567989737039552,-2.695582104482365,-0.3729877645633889,-7.525375148592521,-1.354135827008548,1.1370783932994164,1.5200143255150258,-3.811795595458492,-5.30166140281892,-2.836783309472504,-0.854210871060531
-3.5322953232572365,-6.93449635026744,-0.2922937925055412,-0.7180287986559264,-2.820430860599519,-1.8473730282559333,-7.528216644454433,-1.845546835883641,-1.339094176467868,-0.1632624723517257,-10.223998441135606,-3.8198748078465656,-4.007046917127471,0.0031720099372076
-10.304418200254506,-6.724804718765335,0.9760888743363232,-1.484700309932506,-2.3319046293672807,-2.271647627725332,-7.121042865692592,-2.924514953216227,-3.521019556034652,-1.2514019389924176,-11.040634832273115,-0.0919662145837101,-2.520654323640887,0.0502304911416287
-19.54688300124636,-5.64216814243512,1.5577815547206628,-2.704932360190002,-1.2379918383226691,-1.675704790683716,-6.825268311744347,-3.676944904830885,-4.056070649153402,-1.3452277902594667,-6.242653104254852,3.53144873538183,0.4681595272612572,-1.7916150387791094
-21.229658850135305,-4.5202172654935024,0.604340352105678,-4.298503146627796,-0.0298908755916398,-1.7917462306050769,-7.078757773318986,-3.5521074637803256,-2.7826572537073115,-0.711490121013274,0.5804253817584972,4.31191864104184,2.518082719381068,-5.624202670739624
-13.826459472570257,-3.486834933689367,-1.6749698937713815,-6.118651725919194,0.4346642612538032,-2.234315730821238,-7.739583872930975,-2.7867463883145804,-0.9664511771103887,-0.0918947573263486,4.830761780547347,1.1713315105395057,1.4896625754789024,-10.319950302316723
-6.397280845090229,-1.211799648128193,-3.888843557134392,-7.520773562698855,-0.3754532772457941,-3.747188740406271,-8.205262212409233,-2.0843840013400383,-0.2132800682518736,-0.1244451305971896,4.274795582767878,-4.29075045103075,-2.603682083181471,-13.915192492510782
3.717651248392655,2.1631762408214907,-4.38155767490474,-7.483429363280689,-1.9779034048084785,-6.67475028363378,-7.997435508758265,-1.9505995344127944,-0.9759584827472384,-0.824579005293635,0.486234060455653,-8.725068134176905,-7.083058911115719,-14.51433694065202
8.268927031004825,3.97407766929555,-2.55922536368489,-5.409018967158515,-3.01935769922505,-7.791237590049429,-7.224356106985475,-2.3352507328822227,-2.1056293993101938,-1.5893349716648353,-2.8105363948333446,-9.349194164733255,-8.266035285460035,-11.308947013486057
5.451126792083688,4.2334280778023565,0.4720635347679884,-1.8676408954558104,-2.3743087968845664,-7.152105345868949,-6.487198653377461,-2.834016826919288,-1.997657526393965,-1.772627804881276,-2.997942143955202,-5.944111936924474,-4.333163239902831,-5.201147291644443
4.200593739730963,3.400266946497703,2.5964306946555427,1.546486802925655,-0.2830842953975785,-6.319022613738597,-6.31803135174961,-3.1091060867430715,-0.29370067643518,-1.3383311938703262,-0.5345508027246053,-0.9833943947314854,2.867290946519707,1.3809380688660884
2.213916742001062,0.774584196488614,2.2615419663604026,3.2556662887728485,1.6506162806321625,-4.594617757425349,-6.636304044174514,-3.022885821998245,1.5837189002460714,-0.9501289556408544,2.0001872416556696,2.2257880309772577,8.777114642628858,5.5501960531405805
1.2254726598847805,-0.2832834599002678,-0.3156087447779527,2.7798491585187564,1.8140524050251687,-4.2619124412499545,-6.685157015809718,-2.3950420914456565,1.746396376666961,-1.3370222864946364,2.667660430107622,1.9405191768113368,9.361766408960182,5.47532165697899
2.5257709244456725,0.3027543268654133,-3.325787563141518,0.9710906747079138,0.1413649810520656,-5.599134210604242,-5.532793762490467,-0.8079741380529114,-0.1677098173086775,-2.48319585881234,2.012672456911181,-0.931090011593518,4.150831942665011,1.5004543480099797
2.624531333442948,0.8910806715524044,-4.804833665964686,-0.7057310837183248,-1.6449884579385228,-6.322129749086864,-2.7831431164137004,2.1196112223469186,-2.3092814358280096,-3.4370728349920974,2.329276928284116,-3.796685505930312,-3.35435495980608,-3.917190243255238
2.279458161322414,2.2672834218202427,-4.141844004461017,-1.1843214641537982,-1.492556548597238,-6.963316036768928,1.0536898082145658,6.132065445796678,-2.0701516406381564,-3.008216954424507,5.286926056408413,-4.477862346983834,-8.237952182967287,-7.577579291384371
1.7938128967293827,2.50447056513153,-2.416731065782376,-0.3530980610326106,1.065612784894989,-6.479741586415626,4.856975665026202,10.05811295829078,1.5654190967250727,-0.8004494876896326,10.334934342866898,-2.7116794861902997,-7.653814104189225,-7.441121713227109
0.7104726363513283,1.3949910218838546,-1.3405298034058104,1.0842183605549294,4.317717188615847,-4.439264517983942,7.657406828423314,12.33213993228764,6.950608323894191,2.303942156221067,15.294039000293324,0.0050306276812817,-2.582794115370028,-3.830204931310399
-1.305556610903878,0.4240627640329016,-1.7490487658751177,2.1671666626580084,5.7346936394905565,-2.857064233148485,9.242543540157298,12.0317993729385,11.011863152454596,4.638917871892289,18.274267384515184,1.831411993377153,3.250114638585303,0.8925780489394093
-4.42947782217146,-0.8786785356585096,-2.930872867522509,2.2472781209984727,4.12642123402096,-1.4257991644763486,10.089275022158608,9.566467058211654,11.676164071067593,4.863042339557364,18.92006889448085,1.9299539123353544,6.175709459762268,3.9468281178909863
-5.066279761178688,-1.7020502494693257,-3.312645321402092,1.3158781844005207,0.6912974816043234,-0.2135771950587032,10.726315896663976,6.384468578330289,9.330568830425694,2.8839243149315363,17.98581385239367,0.7278837155505977,4.900324875724089,3.9272259073953055
-3.0609189989338885,-1.8234190782689088,-1.8639760288585097,0.0065283421008603,-1.9488269942370475,0.4020245506839437,11.202748911726738,3.937607166903345,6.166269740991561,-0.0042443993979452,16.086043878503695,-0.8198709360863283,0.8687320595573098,1.5443658830511922
-0.3020502643403404,-1.999756049382708,0.992053620375211,-0.7316875507805944,-1.855553059895553,2.057500488042764,11.23013380161835,2.7879320015639317,4.233118659348669,-1.8361021328269016,13.146740740219377,-2.071809690050592,-3.178604416621118,-1.125864621304293
4.105538496354967,-1.9759112953126328,3.7116638380299527,-0.1997593881018411,0.7732705278694981,4.700970179037503,10.808376365981111,2.539287030194182,4.024532286444341,-1.1453288646710622,9.038062737818125,-2.907502022114662,-5.143443473374362,-2.2487715478204144
4.634375771568919,-2.149001536451484,4.869705823256307,1.507403224354186,3.906894609652898,5.568549987617938,10.525522695055225,2.4630559288373157,4.608109170700445,2.0312364680322035,4.4279256444454935,-3.368042227049289,-4.6853794244187,-1.4811531186207905
0.7029993550476444,-2.616649645433825,4.2015620464615,3.34749757319831,5.300535746621145,4.78821353689592,10.99981567092612,2.110116689389324,4.748596851399148,5.918154737325106,0.6526562778436684,-3.3606326372954185,-3.030001318631572,0.0047814560199079
-2.960891557727816,-3.906066638587537,2.568065753010874,3.79933086199429,4.019683011896881,3.339551541593176,11.938660953215898,1.395399447875107,3.769226831212984,7.8339224551794,-1.443143000873074,-2.848280109504702,-1.903183969769232,0.6091709807732064
-7.712872245706904,-6.226944491602698,0.9812307150839454,1.7953743253739751,0.7902583089394835,0.6180757101051276,11.943278867291824,0.3160362527978249,1.5817784355572917,5.789350725556192,-2.4928284284270257,-2.258867814326444,-2.4380306847371607,-0.4578841861952574
-8.965067368368775,-6.546580484383706,-0.3010046378156876,-2.426519139236748,-2.7887241836490206,0.54519731676857,9.622917824511756,-1.163377251717976,-1.6211136275777642,-0.081837985496918,-4.219611077217923,-2.473002927935382,-4.690581439608196,-2.7604130163532368
-5.717883982453484,-4.824905747218943,-1.7193099701365688,-7.168238920076324,-5.3129529839167,3.4606860746917065,5.195412374247237,-2.843643616268376,-5.331492602519631,-7.312809727953759,-7.777157900022918,-4.131743359837326,-7.842908370259978,-5.199600346134684
-3.2606421096241323,-2.144973083910372,-3.5173749102643037,-10.04330527891669,-6.129592823972207,5.8089042905661055,0.9589627624642412,-4.025322146766098,-8.433884743647695,-12.451976510363853,-12.27168787451344,-6.7796104211656925,-10.715512737247083,-6.850364952706828
-0.3420558879746188,2.2463311533065946,-5.020382208544094,-9.281631127677077,-5.249120827447845,8.490719368617686,-0.1777348366352523,-3.766352473774004,-9.37497327477038,-13.158964979096956,-14.974476903290082,-8.721747899688413,-12.176442738077853,-7.268334091535169
3.3191808638000344,5.456722057043397,-4.94431583084291,-4.762028782540088,-3.016083149527814,9.429740411135448,2.8944840380822767,-1.644738719488075,-7.127447225921776,-9.578167981720645,-13.33228177893393,-7.973071021051955,-11.35525842711736,-6.186980591218884
7.026754781848736,7.31580985772269,-2.5235110338069395,1.8944583218425644,0.0510168007582172,7.943471729349491,8.23396994713702,1.6451012636876887,-2.2589111384835743,-4.011299364826335,-7.212105457374892,-3.704154052710547,-7.857812051349629,-3.2496093305374654
12.706610352213046,11.251149542486914,1.6346784117605917,8.21260292754533,3.20914761262412,7.214505822549724,12.036182137166035,4.534221879045781,3.0161933864914667,0.7726069766359633,0.5876207515129419,2.9603949151158817,-2.087153571308233,1.6714481335350158
20.296389315451044,16.741041956443468,5.816086366010902,12.125729953608884,5.499732019248318,6.639705341845263,11.432018730972391,5.591001890028894,6.129484619652919,3.2182624012666348,6.170157191784471,9.503123982189074,4.583499365276596,7.829381321067844
21.325458144851616,17.985993680986653,8.334817708640347,12.824195830538034,6.050318756264829,5.4853946279856025,6.5954667510224665,4.477925793632552,5.842722943852637,3.4429971366197405,7.307498238659167,13.55887281394575,10.182614221972456,13.48219257118162
15.39500736622221,15.04591022488623,8.492144322245867,10.789145121606362,4.579843736460818,4.194137877033389,0.425122210779334,2.053975675363831,2.937430341184672,2.432137752091335,4.85900019170256,14.271109526263048,13.083520756555354,16.756063004490613
8.814983983116676,9.287909371267432,6.623474573480593,7.211907900136623,1.725812101009434,2.1576862004781474,-3.824385540066855,-0.3764787237183535,-0.5891462523509201,0.9926941161648016,1.7009913788418842,12.486587725569528,12.944914505035872,16.907524584538116
-0.373449503052261,-0.7652448824446758,3.496884170447089,3.3350820414488758,-1.162245431460574,-0.6678725448972098,-4.871967071806269,-1.912820196879557,-3.006694571742925,-0.5387972127637495,0.2067083279354022,9.813151030319384,10.883222555897992,14.833324520332123
-2.9835610512691466,-4.168233902648768,-0.1132052315089481,0.118776733045317,-2.743932493578816,-0.9024186977614508,-3.822190506208231,-2.3092066063797634,-3.749778331604083,-1.8276517236773828,0.5375843890689262,7.472682566292242,8.64681256412622,12.286553809220068
2.5661441776028653,-0.250402112145127,-3.2931336295544806,-1.7551417664533069,-2.460677018426123,1.6265249136135689,-2.6205381381274555,-1.663929474745886,-3.2140047726505707,-2.157276378094659,1.1400839655044894,5.898707412863553,7.406957163120181,10.498488803867875
5.609897963798353,2.7942938465779403,-4.7673109899941,-1.8102011923365224,-0.7894213430405451,3.927650768668052,-2.205773545638185,-0.1327663536852426,-1.993920043235195,-0.7875210810640256,0.735865639110509,5.200286282926207,7.146110056463359,9.497913880373272
8.440770151079924,7.509720686920489,-3.283980290514734,0.1265717822908154,1.2130697660861776,6.738327979379275,-2.032072055726628,1.964113994042983,-0.4258653692743879,2.25052743660332,-0.2369715278268915,5.749106257532372,7.109590770191085,8.706087339593008
10.626052369066445,9.168185741458416,1.393256654649098,3.68358201905058,2.690994154664663,7.608071529462023,-1.1277802576357372,3.920901966269155,1.2818636762927127,5.848620961039349,-0.1099187490526993,8.077163973615265,6.8250007914331405,8.062330630266917
10.507508421617167,6.464427842555709,7.769677473466026,7.8316076303141156,3.4587508685565607,5.8733632058688325,0.6168248162310359,4.828992259370684,2.7531969114306145,8.480839775156836,2.1621250132954426,12.066472135504233,6.679818722612169,8.378346876863782
13.07373158140146,6.428596697985394,13.099324027645068,11.158783474046905,3.83851683807356,5.458000006812178,2.2837883132420758,4.197674889962741,3.484844790119757,9.27728457381394,5.654468929366228,16.29295654607538,7.488487542425905,10.444268604128464
17.876463241781188,7.829669806377122,15.007974126543846,12.504916520475216,4.134181831296293,5.733418929300804,2.9444380595313744,2.428767037572821,3.2276771604443955,8.51302309716363,7.990303100975684,18.453913085350152,9.4867257772184,13.79489446525974
18.309036053084945,7.255914912294069,13.095830937852362,11.585288303137109,4.295235366553572,4.874530247655415,2.685257727264037,0.5920698362550869,2.274584656974583,7.1349223359078895,7.287958754644169,16.87979952319546,11.796055538245485,16.540629808790563
14.759955169916571,5.567634656890586,9.194729766710536,9.136551454926147,4.054205929719297,3.4060115350768454,2.5176918725955035,-0.3541198105658689,1.3120831152112946,5.9176273358439975,3.76494056404142,12.00158473637989,12.97851433670857,16.677561319118446
11.287703683903532,2.620523069091674,5.984102135953538,6.410924402839813,3.300092365210856,1.1679852708368554,3.248501846815115,-0.185255800527526,0.9368623071806574,5.081855217537148,-0.4401754725899782,6.412024186402075,12.218529992390575,13.763090739782816
6.656258979346453,-2.124035827512594,5.02237645459962,4.3345544768970665,2.237303290776025,-2.098045382276712,4.470862113124943,0.6344404255248219,1.238950714815804,4.544367030246334,-3.0307843988138483,3.183353862896876,9.996122526420512,9.34500008615556
2.9641087717570938,-5.053668100793198,5.73655550460391,2.936062121985639,1.1718604304826057,-3.212571592046916,4.720665304289213,1.4563310630799242,1.7572910374201962,4.258098466889143,-3.3088305546503665,3.604294594046904,7.564661322374508,5.650246378676976
0.8795403783081804,-6.104674982696203,6.106065846948159,1.4711971576040304,0.2133712826359133,-2.0164991275955857,2.698728728846498,1.8145383451518893,1.7997805504443434,4.165053149643802,-2.436366867382173,6.149766069749128,5.726461019726074,3.708852926249675
-5.195083123817543,-9.05411124338011,4.3855428320383005,-0.858693098791224,-0.7362566785232656,-1.7112063880560624,-1.5514779508867722,1.4001669247751578,0.8972442557683298,3.9347249600942886,-2.149662248350408,7.619386919309663,4.1216202569753975,2.6371348384893705
-14.922525811832028,-13.26508023267774,0.4478387034027413,-4.153026337450803,-1.7010221426661505,-1.6547693879443928,-6.547868182587713,-0.0460507034058155,-0.8719013282326826,3.0075011919599968,-3.2445595970747787,5.623150782879941,1.743961879366228,0.6718438932241
-19.16440997552463,-14.69286658024612,-4.217567150823701,-7.601404894143164,-2.433145737899955,-2.382874880942139,-10.386793106686897,-2.565091279861041,-2.876503034910921,1.0550455520423068,-5.188002182012779,0.428980809612873,-1.845658748318244,-3.115742414178957
-18.32848584038292,-13.615321548509163,-7.654510477422013,-9.977394903316878,-2.610601382321071,-4.475973510224067,-11.9754318567737,-5.688108138576547,-4.313293228731345,-1.6408328990339154,-6.986994808605051,-5.340784997530806,-5.856168294822076,-8.035671842605252
-14.683113467729646,-10.370815388396052,-8.729621581377273,-10.47242080228892,-2.267480204742037,-5.944435478937431,-11.5364210022355,-8.52660123938313,-4.807366210621434,-4.384272698327969,-8.256925852402919,-8.91184213930759,-8.848660811100558,-12.492530150204686
-6.113352546708593,-3.98785252890659,-7.672969510226885,-9.259079811173285,-1.9489823736363352,-7.03537306997483,-10.173425997171964,-10.385054863125138,-4.8065093414480025,-6.671296914066324,-9.433375844993009,-9.617480171203486,-10.00217242947749,-15.31440069809994
-3.7130595493553495,-1.80696156102868,-5.7167425347118455,-7.377741225761632,-2.3024778363333502,-7.940969161089669,-9.025978954324572,-11.329774069414809,-5.328270546561791,-8.527571271001591,-11.105282509293708,-9.317676659175737,-9.817096972874207,-16.418937437784514
-8.073487016504568,-4.137411745884879,-4.274604448214392,-6.042063732877086,-3.4273725302834874,-8.290082892611725,-8.675885648912221,-12.006398664267763,-7.063732094303439,-10.188826687887794,-13.30262685546273,-10.629036315852748,-9.569370955082675,-16.425908139330105
-11.54638535533231,-5.27115360839762,-4.191985152117333,-5.892430981775497,-4.653307465855555,-8.024660221335742,-9.060329793339886,-12.749126893156753,-9.501698857226398,-11.504626576533434,-15.394297191111027,-14.473216638763136,-10.04012547485132,-15.892774712200197
-16.69887092212406,-6.813093233744616,-5.375410782412397,-6.744174307513651,-5.063399017625271,-6.992371421269467,-9.713092049619108,-12.905249437874026,-10.947329343015737,-11.79139270509415,-16.458157660656166,-19.044513026367525,-10.725487609977694,-14.987961289251052
-17.17307859096152,-6.3730981103841335,-6.917288408934715,-7.945472973941377,-4.32398599047608,-5.877837610137888,-10.059448916084474,-11.249022558759648,-9.672827535303904,-10.361859160160764,-15.621204382004558,-21.10739833944455,-10.262788670126913,-13.701106147126753
-11.658757920789768,-3.0322538406347435,-7.679120506581103,-8.932440738153755,-3.0016366827458003,-4.63127884784608,-9.647941486134572,-7.274903205169236,-5.38329216708512,-7.191152704776404,-12.258449859534773,-18.55732725140678,-7.687610082275,-12.087275218221976
-7.622921128974781,-1.693454539263191,-7.0474030102905,-9.438586624232885,-2.004014432751493,-3.9499067069521017,-8.31717072896674,-2.124084361576028,0.2846496718000018,-3.0232691584531377,-6.3407793926492095,-12.104536112411862,-3.4019689738973407,-10.19826238076826
-3.420089375950216,-1.7401061302618623,-5.336515899078631,-9.242318772125282,-1.668275059172581,-4.062285298408487,-6.254239307898574,1.9259971013728652,4.794511375779184,1.1529825527650697,1.0757024778543869,-4.704686535620087,0.9882938937533594,-7.910823360122298
-1.304456334998387,-1.1037455005748884,-3.4578172439524684,-7.898866819221006,-1.4407071793643764,-3.96419628658012,-3.864117456044227,3.143254118545787,6.484447335763933,4.648860321050386,7.843013387342157,0.6963614084168062,3.8105492495065088,-5.042693016882505
-2.6055619871607973,-0.553944724303729,-2.083803287053143,-4.9733992155530125,-0.5463786642007453,-3.8760737519274726,-1.499828250173381,1.7326020218433018,5.598368724435149,7.075255689773147,11.726366861993572,3.121071740061188,4.446446235599186,-1.7483658306496146
-0.3755963616171235,1.154440423862167,-1.0892016442969372,-0.7024326499269034,0.9791417502011532,-2.872728640509877,0.7170141977167472,-0.3410641890453583,3.754436970520152,7.944074541121771,11.9137843595115,3.621456130471216,3.5088716532214788,1.2539343455912988
4.785168582448726,4.319716449483796,0.1357497615558973,3.642971813937704,1.999647016907862,-0.713244987417188,2.7926979344557625,-0.9512975901910972,2.4498955233355746,6.565540289271892,9.67457296559031,3.6540052567150343,2.0326373521452004,2.988577157663209
7.330189312029473,4.808406607054516,1.7862991256714378,6.340525393843837,1.1992035287981504,0.2310482629382224,4.595136933460869,0.6050072692538797,2.004869100248152,2.6505858744512034,7.350452134975433,3.5165685489512626,0.5399375441694696,2.900044537224584
8.235534495226965,2.679335753689606,3.141297912711383,6.491431571511905,-1.5321137365586908,0.1030623861385766,5.799979712987591,3.373035893033527,1.7948713093772632,-2.8505494767085846,6.4617101625422375,2.3991254792887866,-1.1096825349526145,1.3403783996253795
5.559349378174415,0.652965458248779,3.111897905516318,4.8684563132352165,-4.6030669441509575,-0.2273424759612946,6.238741919278407,5.8639773849817205,1.324820145474647,-7.651930104279821,6.677126234701229,-0.1368656313727128,-3.048450254758912,-0.5765336728496346
-1.9262837992542003,-2.1038246609167808,1.380270911772003,3.3955698190505306,-5.779622132920451,-1.2437572326321915,6.310448982897556,7.329701079369649,0.9508426357712874,-9.25507671828584,6.575241882949589,-2.9755508591023103,-4.780803972964897,-1.6996780442234465
-4.930368865436863,-2.416769672025831,-1.0572478370089198,3.534746097294958,-4.018849823502837,-0.8927941471775875,6.846107392168938,8.028917582548306,1.5199782200108505,-6.6324137039779,5.325140152566502,-4.043850092297549,-5.437966409185403,-1.6418482877595102
-3.6971399672507776,0.3321421315834565,-2.607891018773276,4.979237881623578,-0.4623086460005448,1.011871691772288,8.276249330880187,8.468708496162009,3.32979648699458,-1.1256537868445256,3.556608348029743,-2.3190996018366263,-4.709732654002618,-1.075241309249304
-2.577149802414863,1.49147082580294,-2.446818205318033,5.895310670361345,2.3830535696456496,1.4713396460458392,9.813806971301211,8.608504379493573,5.489775279449544,4.287569734897925,2.646459803891503,0.7433792133122008,-3.382490746962066,-1.256572197849775
0.394325559481442,1.7877142909714576,-1.2209155586743037,4.557475851356733,2.6427809966004947,0.837409141379394,9.667654259795489,7.896286378371325,6.39003718819122,6.894528025196584,3.2967422431453963,2.022334728981148,-2.7396470133690976,-3.0525210015097306
-1.448416836883065,0.8410002373638698,-0.4322827759171312,0.9071432737235194,0.5345261224382568,-0.0991931126287826,6.476620160111528,6.009796083953718,4.952063397061648,5.889515111606849,4.856175668674528,-0.6553560465092687,-3.354606981184165,-6.165056969169613
-8.903529979276657,-2.25082189603548,-1.1410718354419929,-3.366296749572464,-1.948998106280028,-1.8897603566638477,0.8360480714475284,3.406813691885154,1.5905891839885622,2.566895661395412,5.895351978473251,-6.407799485515627,-4.603579668512081,-9.220354349953084
-15.622810794347128,-4.902802053314674,-3.214203737654458,-6.232357609563137,-2.7836035178765406,-1.74107247958274,-4.64157425343159,1.030463469454875,-2.002124561248144,-0.9310091044950316,5.288778890974218,-11.755869970442808,-5.530870878224323,-10.784202354591171
-23.18896384355794,-7.436618340453132,-5.676992445487456,-6.884918992798922,-1.5257856344641898,0.5581279195803065,-7.134742565353983,-0.5481207553613485,-4.161391648695183,-3.213170467714977,2.8085368271602067,-13.433721859801588,-6.163118782149201,-10.57016117095386
-25.50054119161842,-8.79018726829675,-7.612169604867295,-6.118170605229764,0.5081390905227805,1.204004583642856,-5.894001388147631,-1.6469796329188005,-4.59041212470619,-4.371970909798863,-1.0096672541765643,-11.131456325150635,-7.715566886661858,-9.811585774112055
-21.08672986496977,-8.353462556176586,-8.676762776024917,-5.384176062387225,1.4444238244990182,0.6843063941761514,-2.932505794111549,-3.0735378228760446,-4.558630848898551,-5.459892062765633,-5.261777735657214,-7.701422404870819,-11.226844830726783,-10.348782748161888
-17.797545138128303,-7.038914377666083,-8.931961225530099,-5.570364258105938,0.2774522974607889,-1.7827078512286605,-1.3507493333268066,-5.14882378528872,-5.690885995026425,-7.308126315068264,-8.936682164533085,-6.5940847614453455,-15.944090721736185,-13.05978997842518
-13.96205949321198,-4.309167880117026,-8.464805104127588,-6.560755913221827,-2.5645793407712136,-7.05747845318288,-2.669241837960193,-7.098882781251959,-8.334437817508807,-9.670929927858197,-11.125972088834455,-8.790142840782616,-19.29155606729734,-16.910345864995858
-11.504462786009803,-2.662643772799861,-7.346558854219524,-7.699693423632357,-5.667179709617752,-8.715392035175146,-5.516208481495957,-7.474489273544821,-10.98060910272035,-11.314663628176628,-11.378971298703734,-11.96855762489645,-18.8030042660362,-19.490674579436885
-11.805949633934954,-2.2781261410424523,-5.878578906586583,-8.458389576350303,-7.490363411488655,-6.782917039126422,-6.85348002986525,-5.3632668860056985,-11.3908128124754,-10.933700850122404,-10.02574351053945,-12.648037870071793,-14.365784568023516,-18.71902647052019
-9.689364520496545,-1.9326863427371328,-4.634387786944093,-8.673696052506868,-7.059092851542875,-3.673873343595496,-4.6807701368319945,-1.421589009020921,-8.560249016897384,-8.198257466991993,-8.041569406323788,-9.373903687645225,-8.621142924383777,-14.40567755991226
-5.87288143232376,-2.2790889194184847,-4.063386997691735,-8.380545826788719,-4.335585049602768,2.112221491832852,0.1163744985617438,2.2054612653681147,-3.802994999154174,-4.149765289312917,-6.371385643066225,-4.103394239909309,-4.985072304137459,-8.435572997602202
-2.382787204578667,-1.7162140437383502,-4.033536555917223,-7.644886062803401,-0.3238271164172974,4.2205431667549504,4.325694322677585,3.1970412029104542,0.0830193587388086,-0.6051157533725648,-5.2442492579604245,-0.587303372552888,-4.964968275912554,-3.4154752240876443
1.55262709162929,-0.1164538900959133,-3.8827262261875664,-6.577822678040802,3.205216108791107,2.173892450395228,4.869441185865501,0.7326650422151304,0.9481438027460743,1.0502595296465165,-4.141303366263475,-1.222470704563804,-7.108981972757698,-0.8532751452369656
5.970664404443339,0.4210419900051222,-3.0379611272456546,-5.326908435205421,4.53131029925413,0.2323023619056624,1.14951175753343,-3.75256972573845,-1.0581511450025027,0.8024123464014128,-2.478858777927494,-5.128721279463571,-8.41378167617149,-0.2789288315770397
10.713408830338178,0.1724478137524405,-1.6016814294023116,-3.873981154832854,3.099113891563083,-3.1529000924589945,-4.533224089643343,-7.449997827594833,-3.6914275210341065,-0.0600850616176877,-0.3287342600722223,-8.997346672482987,-6.810778203718277,0.102860666555844
14.79057130435726,1.4499880949188706,-0.259092511947303,-1.85488909643302,0.1513821006356206,-3.6933757435546672,-8.700287338299976,-8.17822394499529,-4.456598390267546,-0.00258276767219,1.571856921366086,-9.778241544072277,-2.5268010084973804,1.905898795711561
18.05612619969433,4.0657390987187165,0.4618090120627655,1.232788483514367,-1.85325123813024,-0.656987708912784,-9.159390187313065,-6.001165870174742,-2.5265654349465567,1.5416549455077673,2.5445994203307034,-6.810779796196437,2.651928093756903,5.486289911280085
21.443644659337952,9.469563591709646,0.8332227553132693,5.450642725509186,-0.916896187578904,2.309905670880948,-6.383742075338715,-3.1201327937424224,0.804435502350386,3.779042891822972,2.674076935282545,-1.7682490226573793,7.189856829158047,10.03794768597665
24.680663933558662,18.365346409214947,1.7591811254351868,9.99257908884831,2.8787515364144136,6.382190800812055,-2.9134811190080585,-2.029041255161649,3.3872729528385324,5.280944342296963,2.732251927966578,3.1367853201554383,10.844733605204762,14.47991432124729
25.54641122685398,20.87665115583263,3.882047908172152,13.422477290155044,7.175112392939852,7.6867343468705425,-1.3705328354723865,-3.403461263577598,4.05318049097132,5.18183640387893,3.3728761584744085,6.848421480654884,14.122798319861142,18.15301052368516
23.91227391832373,16.786713644734807,6.821721775176707,14.491902155108876,8.93866932261384,5.504961750826753,-2.604802444183021,-5.509033717487391,3.479088223678491,3.843738744209535,4.425580742522199,9.66364973988207,17.03173982321726,20.779021936995896
20.17011205456876,10.835593356694858,9.338586962933162,12.89705068144449,6.755757998051304,3.213904139714133,-5.25688317027265,-5.6703841009121065,3.414395114773876,2.498766456612758,5.039366508890847,12.132536991037844,18.64521148083041,22.04120394342757
13.65092541047691,0.6472769367670754,10.32632273048213,9.41259587606281,2.007900445098952,-0.2819433271127274,-6.898642750248527,-2.557006825105114,4.991137343200895,2.282300922472452,4.552490872268612,14.027100902373071,17.987054990763927,21.509181517507884
10.353678939975522,-2.87453105542797,9.71511585522696,5.435475956962735,-2.091235146013884,-0.447202757233841,-5.785089603132729,2.6858299997937163,7.6232301510061244,3.522108150778272,3.2217646844379475,14.47274541039316,15.257581013119443,19.11524023763393
10.618394939815971,1.358116638859511,8.449010452444483,2.40113937526216,-2.885641661412249,3.4751543219474987,-1.9351265014812415,7.413474868770445,9.513401324844086,5.7930726981105,2.1152162597343835,13.061184525431242,12.039340421877789,15.642327029213906
9.436034132142764,3.2868770969113767,7.609191994360797,1.3949977511050928,-0.1732648153719318,7.341465358478797,3.1016627993461645,9.655332475329097,9.368224147278324,8.485741338983,2.32815894398332,10.754968071143807,10.19200748366693,12.56946095661809
8.138282586647772,5.448681797847902,7.557297257655227,2.880623992331189,3.89389026045524,12.379823294616848,7.419117164868541,9.55494964781645,7.749204191684893,11.207940579812218,4.272866729664007,9.546977456395265,10.483359137551592,11.244119373431952
7.709571680059349,5.750747916085334,7.866113621737776,6.39803656830067,6.698700857930773,14.017184499374013,9.898070715724224,8.872620512297367,6.683130933104871,13.633416433963454,7.53092923098407,10.980712531803032,12.201699737127417,12.019792408355425
7.620161083827274,2.650870229482192,7.953174909722934,10.444087172796742,7.140978718112316,11.35481114891151,10.557472158812717,9.124014376287386,7.710406733075996,15.091003081182787,11.102782084637123,14.74383460356186,13.939139547162943,14.040363480640906
9.629166505015728,1.960735255628012,7.674207733173109,12.977223214297156,6.0826163670910685,8.837375229131323,10.084128777412374,10.125118706908236,10.132102746202833,14.550977895893794,13.689337472758696,18.640171693536534,14.643022152362962,15.810788335424084
13.95315042423314,2.9281588138636883,7.310722721710615,12.58693020987447,5.118409359529834,5.182470587858861,9.131008356122816,10.27678517740548,11.254959383236686,11.30448073109984,14.0200178804499,20.157107512385007,14.021379977456515,16.122686382523508
14.61730188333692,2.571091801536828,7.114189655370081,9.58749824761049,5.001158529115369,3.316339608659089,8.00693440161812,8.28600789913164,8.684650411557742,5.861659772515242,11.47714988213568,18.4438036032183,12.27690760795556,14.731267845884013
11.599615454193426,1.7141968190530743,7.000642580882079,6.013639985152622,5.158412992116032,4.015221173730247,6.877245496627024,4.687223966561131,2.708284367478524,0.1784756138674472,6.809880570750326,15.0211539506186,9.80235604398984,12.394233705069942
9.245925643234274,1.6912150099659675,6.707821452774682,4.229724487648412,4.533061812944251,4.434796857939529,6.0630689452940265,1.689989078740612,-3.4944128679504907,-3.254885544441683,2.1324519237385653,12.519117419750502,7.1958882222569365,10.261054815749562
6.323625937815427,2.237995191648809,6.152676492058344,5.097909614513738,2.743001052001601,5.487520509969424,5.971390809722511,1.3987617739165954,-6.210220025282139,-2.967032364242021,-0.3133332250822578,12.43080479881622,5.256208937065543,8.987274748853645
3.2289406806312315,2.3933564797636677,5.532063353131364,7.206153382122572,0.4325339669741781,5.102908731050654,6.659247345942547,3.961032064321687,-4.14970348247022,0.4430416020114516,0.0851365854709234,13.801025807062237,4.503966147830499,8.187911778792172
0.518675206330344,2.3200719354808976,5.0575359030300415,7.888142087912913,-1.374417000481344,2.8254521840329816,7.539339261789255,7.335306713247782,0.5928592160774846,4.609114995690189,1.6480071250470196,14.012038835340949,4.47570369670299,6.708384278498798
-5.683849207907953,-0.4618889088742304,4.641851325671523,5.282393226307407,-2.158889116218777,-0.2209879416110835,7.692805474942681,8.96193614682924,4.398900253938963,6.892511430835081,1.737395964991407,11.013156646408513,3.668845178272601,3.6045671546505336
-15.405566223224229,-6.39695294937413,3.892725773900464,-0.1965303161978071,-2.185730630638081,-4.719808044089168,6.6413768065461865,7.895060765402767,5.093379514569592,6.010082736879487,-0.8916073135156282,5.087545031458463,0.642762876327752,-0.9214966142075842
-18.70730978422525,-8.107593777261386,2.4400747912967224,-6.085548214194166,-2.0263185844566607,-6.135732538693048,4.8614381678771466,5.492735145007643,3.3927429482067515,2.682258564507439,-4.858680168603599,-1.303193701230645,-4.4237525967428,-5.461535166995866
-15.644095927532184,-5.776647822275965,0.3108900664824903,-9.521707581700529,-1.881378240440973,-4.09714807950147,3.461657085918811,4.036330143468502,1.722664968441892,-1.046452795463475,-7.264322859299829,-5.369174543115389,-9.217237453165724,-8.350855890764622
-9.72933436542294,-1.5575361365506135,-1.962961481080716,-9.022089956914924,-1.3605160750291505,-1.563874618435874,3.242500787863765,4.5362087865276575,1.7430148321130223,-3.235687790653583,-6.170768709276114,-5.949703587291519,-10.689399677172654,-8.876456801977392
1.4329941751641342,6.274498255971251,-3.6148540455631752,-5.2303172087200345,0.0934278345901769,2.6131488153405384,4.0143947500608,5.737609430935687,2.9637614962485648,-3.2298268505311354,-2.224925844148808,-4.095089195641022,-7.546866765784578,-7.757366886128169
5.176448353825872,7.961663144074795,-4.152045075179281,-0.3804868128820202,2.510914550836776,3.9623869770093023,4.840759940192105,5.243348622596626,3.5754857477677007,-1.880786809693716,1.9356483997352043,-2.082549477878638,-1.764507772687971,-6.551431380404202
0.5749119777279086,2.8703081538060413,-3.776726065500653,2.965349100212484,5.034726609884543,1.8650933534528584,4.968443724071344,1.727153339056255,2.414278417475976,-0.7872722573015356,3.795060996880444,-1.8670157268481,2.441165940917464,-6.529380004623219
-3.610961071221661,-1.6555534121886095,-3.364102028783832,3.166141816461045,6.256834685587082,0.8903946700149816,4.5226577782261375,-3.774105642753799,0.0170604366605454,-1.1392797433006463,2.690239492360595,-4.101023817708677,1.7050322141219516,-7.896295785266631
-10.453320153213143,-7.881402167717378,-3.878284831044178,0.2224272859469926,5.10158511327998,-0.0467551135249456,4.285346866204671,-8.627400248746353,-2.1524747568803235,-2.9547785514385723,-0.1145412511552246,-8.098272436949337,-3.6988107460990167,-9.84299399899188
-13.152295336560131,-9.738215851197989,-5.5652749711942,-4.296207715686579,1.654409621843545,-1.0408581933632983,4.782604224536367,-10.693638241552309,-3.293243955103638,-5.194603209531604,-2.71136935397874,-12.374472159854433,-9.780192409498014,-11.25259869404929
-10.343289396731302,-5.860802449629623,-7.589464673179338,-8.140991289352364,-2.7043436451880893,-1.4662259515611833,5.567047857609351,-9.88467777357939,-3.9303411582474648,-6.624360420700752,-3.9216818885960887,-15.295055616511153,-11.792112270857624,-11.495769607449672
-8.33468052674751,-4.294856855007976,-8.554331609072328,-9.700675324333766,-6.042982809476563,-2.771165322571522,5.383138978900237,-7.93262285282155,-5.046291663956497,-6.755037828960285,-3.7707624700010793,-15.677447568643553,-7.974433055655243,-10.782465248404304
-5.229879355767255,-3.4903430605149133,-7.602424913336558,-8.922711438748731,-7.023302619213203,-4.824344178509646,3.10457148656571,-6.768874643572398,-6.7625193706783,-6.136707990834047,-3.0117496590509463,-13.340513643900335,-0.990615424469238,-9.865446470280148
-3.873345699360645,-2.936261126957798,-5.172491647450721,-7.102592282103224,-5.6410231570394025,-5.866930157786632,-1.3114514519281475,-7.049176503843488,-8.081566891494372,-5.7976492520540575,-2.3285466728293285,-9.367893517359468,4.224692066374479,-9.330076138905604
-5.184390301884757,-3.891889161311203,-2.6926731488740243,-5.644780765751236,-3.058748591864586,-6.020790337550813,-6.600969368222287,-8.022076331042863,-7.984366640215697,-6.337401407717959,-1.8872110548536,-5.691299223822133,4.428554251812638,-9.052688365139115
-5.857256087473065,-2.6440194346447026,-1.430114578435768,-4.859795682674797,-0.7314430127452936,-6.90320349502406,-10.891853283644672,-8.600264160604747,-6.69325650783475,-7.483957035623792,-1.5030068129554448,-3.976958861711792,0.4385922301457361,-8.361976018768036
-6.7872871868008735,0.6861038115156928,-1.523328462206761,-3.928862892970739,0.468173511928633,-8.250335481177682,-12.86213366263981,-8.465536110161535,-5.734498157435344,-8.49981450536329,-1.1801706572476292,-4.514132929677375,-4.096941840740692,-6.855928181303051
-6.486855260921871,2.035325391313929,-2.0623252265497007,-2.0718990959058856,0.5274414154501628,-8.257417917094017,-12.567942377349349,-8.196175172582496,-6.664071969061671,-9.006823609202584,-1.4579268160123593,-6.065944984742986,-6.246703869542464,-5.105733165800545
-4.427726010060011,1.900771209406541,-2.0756640493335627,0.2981455571713016,-0.0481045440033647,-7.047843364728545,-11.340289313845672,-8.455460497177878,-9.615520540411003,-9.362124792300856,-3.104266783779585,-6.940110702739945,-6.254827940703646,-4.387703353585836
-3.878830171185033,1.4654990536557224,-1.433070601823321,1.722307115602263,-0.739856489342817,-5.123817839981655,-10.768495157550682,-9.153236313278017,-12.944318810544768,-10.137320640270412,-6.275197283578356,-6.396001800516501,-6.637359880464461,-5.452569346680557
-4.498930121040868,-0.0114387932937081,-0.8275031899135391,1.118392231349458,-1.2485209579017018,-2.088610158058656,-11.46759078657461,-9.41582042701468,-14.245696429463177,-11.196249166140523,-9.894801217124968,-5.092199252904112,-9.017866766289108,-7.452129039017093
-4.990327878025033,-1.2271957571568357,-0.9587275140189138,-0.9483084882770136,-1.4252925455321732,-0.977270066769048,-12.557740127417553,-8.348856913743482,-11.970683052152022,-11.402799488722138,-12.032523846422048,-4.1669522806902135,-12.073565466498795,-8.266807445460838
-5.918236274568637,-2.115260731226807,-1.7972322344334075,-2.5577168796215557,-1.191780465119702,-2.022593966109601,-12.300969094209318,-5.827748529582854,-6.554804374235989,-9.472232953623296,-11.23181565188126,-3.918127521337341,-12.78192205170266,-6.233408917566221
-5.165412143610791,-4.277243548631056,-2.6278155953548508,-2.1748486138124905,-0.6532368470006418,-1.6759295579790987,-9.456783001146494,-2.5902635302333685,-0.3557767970354355,-5.295805460886964,-7.733006756753891,-3.4681887549496557,-9.666423446401438,-1.769898667215383
-2.456277237918425,-7.508395271119024,-2.727355974450589,-0.2019658643744808,-0.2600584846223208,-0.5385766087191165,-4.342864919175748,0.3780238774357629,3.652562497656653,-0.4009827672635921,-3.396510077073815,-1.7501979835237569,-4.562806879541643,2.7469323048553957
-0.7959472243408364,-8.62969141568083,-1.9491299826974515,1.2264043560403852,-0.6942519237714189,-0.0546757630908818,1.1989466464556413,2.5328778820937394,3.790330808477092,3.124806466134726,-0.2052557371370422,1.2765799524457917,-0.9159261619947108,4.918506599389673
0.2318135873987737,-7.643704322986505,-0.7043305806923885,0.1245928111321865,-2.394849973210442,0.2697081623203303,4.910093566289809,3.939123328698287,0.9922657072955472,4.414363133877826,1.4051849341364884,4.505437571157135,-0.2894884854317761,4.331491520989551
1.7426765454988549,-5.469829841448927,0.4938952547672621,-3.486997170634469,-5.068989826853516,-1.3164815892326451,5.521044773765713,4.916271185221566,-1.5986782763190872,4.61784759985514,2.83439804909802,6.756927566455573,-0.7510826244880531,2.7311058255701584
3.25790645355813,-1.3022865312045189,1.3956369981668264,-7.45301929703373,-7.687372249988751,-5.144857676830849,3.522060276491005,5.650678311788058,-0.8312445786458953,5.820832149676159,5.871348880552676,7.8272905321516815,1.0798918897851286,2.223798263972058
4.495319265355002,0.4352576992244046,2.0068365753052504,-9.193580644843038,-9.101956733283528,-6.6441085007987954,0.8141127822676248,6.162559682260584,3.957931678169895,8.990503980283055,10.810166906517727,8.36220405083034,6.356210063989856,3.309495907437641
5.485186258593465,-0.5111934610831312,2.381994290720919,-7.727653884396034,-8.84867173376456,-6.001694425194659,-0.5549894367662811,6.514697649720825,10.252432708420487,12.890985517045848,15.91772921153536,8.777085217651287,12.476693403079532,4.657336599513878
4.219551530983383,-2.2770561916303533,2.511305342710481,-4.312437390406471,-7.473556494772163,-4.606501136418435,0.1927565277985903,6.863863772467209,14.26201148591592,15.051434136055164,18.82894650578157,8.541934920285758,15.305389566623994,4.706253901545381
0.4077569777283466,-6.020082917995756,2.341051347312699,-1.323193567458218,-6.095271425119789,-1.4403285656560023,1.9249922661302932,7.202403616438838,13.901410122179316,13.898900714240778,18.61822256562493,6.719764838726727,12.915267698244088,3.3110399234086367
-2.169926449606052,-7.344790083885066,1.7608278466203588,-0.4772864981682638,-5.56651275959751,-0.2763404217129681,2.291222995448252,7.099348109770896,10.221082361268204,10.046220432352497,16.60393443829773,3.182519065669722,7.163869746960483,1.7106826646796396
-3.852473651127324,-5.947277516081159,0.5269979216875935,-1.8324823985499517,-5.905388522991398,-1.3207336066372504,-0.5444580394744012,5.85502881048515,6.071010968996808,5.5950569461128135,15.100259140326648,-0.8994152464211411,1.717910118462893,0.9587796018012628
-4.597956075815376,-4.094008218767387,-1.662917844936882,-4.089780604081221,-6.387165007701707,-2.808005798936848,-6.283248217716802,3.0733400495944307,3.4231095028799503,2.271048105821123,15.272196326190484,-3.9464595807453593,-1.2829753612490349,0.619605737132316
-3.547500787450929,-0.6642370156446039,-4.796547144571109,-5.635298531003554,-6.120439545784806,-5.686455590028279,-12.286808479305266,-0.8230104968902952,1.9978782711986265,0.2505100037104935,16.10800087722933,-5.380922111863383,-2.5959388466579494,-0.7782418488520597
-2.7300323038057464,1.445627580360914,-8.138851362536915,-5.43577768832085,-4.618947804494502,-6.0230594271128,-15.17560270891843,-4.624008053102843,0.3674971474516981,-1.3324376990025253,15.454069935221408,-6.090158751748196,-4.231509969069478,-3.966773244940392
-1.8683693304488107,1.9543548156411163,-10.31215546855494,-3.3757951931964856,-2.0220802160895577,-3.467677314562473,-13.185014120887011,-6.932393029294928,-1.9035466911047696,-2.9893273853601223,12.085547252264847,-7.416767359244475,-6.867734770930518,-7.749257202398342
-0.4855107136706249,3.6205702747987214,-10.058983475681302,-0.1649206106124905,1.040455284929665,-0.5781622094063383,-7.481738735492255,-6.895067651948191,-3.511247333512096,-4.185518283474655,6.839380677148715,-9.655992429571704,-9.104087624063116,-9.7541964947312
1.09564483574279,5.80625808112934,-7.187546775151008,2.98058657209348,3.7605641144859554,3.6424159430525975,-1.345268620527143,-4.609697719325527,-2.8665694664146995,-4.027088174536793,1.819872476482133,-11.559667679360262,-9.133496173410649,-8.501461913240536
2.176730892134398,7.089687546475145,-2.8690306016037423,4.871481217299733,5.490940091761448,5.188248435198879,2.182773612977433,-1.0827561221396684,-0.1262123441157792,-2.4571782601941785,-1.4322087895990665,-11.387217210930343,-6.830452033050599,-4.793101749408192
2.6483652746977366,7.722143653083192,1.0676381437089253,5.03499800919468,6.020077892444137,3.5136200056223705,2.3147604796804893,2.11880220107388,2.4593913997471253,-0.5993555340612295,-3.028427821691226,-8.575327124772915,-3.994943482785727,-1.0951509487841298
3.038761577785477,6.955643693085794,3.3004222433138204,4.146467865896606,5.660073585290078,3.375557307248476,0.6339076099614647,3.39700309756896,2.366024144396695,0.1275379764968147,-4.21858494955278,-4.51267217118104,-2.62414102373606,0.4734031266199423
3.128995768236929,4.428033822693053,3.671892255097908,3.6684088437898,5.03977021571737,3.873755157622571,-0.6271736495408278,1.791732412490591,-0.9785480262738138,-0.8093896573809429,-6.056395626602804,-1.6880350391269694,-3.15682598670763,-0.3349740358599544
2.839664675436508,3.479572600908301,2.86775570109455,4.715969663007004,4.679952665416458,4.5071468231949,-0.5563013197834143,-2.3885123797879992,-5.70548692706775,-2.745345992615319,-8.667198973734422,-1.8713313450574072,-4.475330507675435,-2.127943956410465
2.180992303123714,4.049103402971038,1.5747205401182818,7.0070864305521,4.6641645089489945,6.021046046901919,-0.0831840740434444,-7.413877868999013,-9.13383676597989,-4.559051192716252,-11.630859630607874,-4.780601932715239,-5.404707007837279,-3.381622282433643
0.5252149125886898,4.790652860687985,0.0041726420277483,8.946065733295256,4.700727366224824,4.7585897951747125,-0.7224222469665329,-10.84648436210789,-9.892022271414318,-5.604444996020819,-14.696304893041193,-8.27788691860102,-5.869995728317383,-3.6481792578863943
-2.218814874972325,6.451868143300726,-1.8188965586463293,8.97528960026525,4.525934923165472,0.5863674113223183,-2.794295232070917,-10.922492780656931,-8.633868382994672,-5.945186631899351,-17.827609439036536,-9.914458695784743,-6.446080076730852,-3.4241571236334787
-2.4502927041996383,6.929425319432669,-3.462409412691048,7.063782299937023,4.2426676459283765,-0.253467723281841,-4.786252996292396,-7.706878292255748,-6.975539447941376,-5.876306966435566,-20.586641473656336,-8.612131938584401,-7.005450842563439,-3.1067599132873376
-0.0263320133046728,6.052558328889552,-3.973779409128797,4.885545132801059,4.22356657220757,1.8131834648745333,-4.4470432801541815,-3.051795251766556,-5.916158990554341,-5.432593115831152,-21.815358739451625,-5.207243998987347,-6.262962840122258,-2.3138986581059684
3.6132032419968576,5.178581281461445,-2.5015397717557604,4.376583090864687,4.654467584801327,5.208312198872108,-0.6550237841936666,0.7643570766976859,-5.202668213536067,-4.404638702826366,-20.318836770406214,-1.5155467082723428,-2.9877784163264987,-0.2998877732409357
9.408279253845972,3.79372529078662,0.8964359771849382,5.931491038426072,5.199375536293811,11.272843127065851,5.54538087818889,2.702276422855136,-3.9347744863339473,-2.6808187694161894,-16.042460736584058,1.2431300889102594,2.338468028717143,3.0432982676544915
11.29517264922256,2.685132081386293,5.053613794196791,7.934780908858704,5.191400573573909,12.85530733649066,11.588748499557514,3.546778597545708,-1.547323773649961,-0.4001606135522961,-10.48488584517883,3.327414602034272,7.3368076974822864,6.731047458577001
8.788181040499884,2.0139949024460244,8.352805340330375,8.106020366568435,4.231617966484368,9.521772577480435,15.136547037450082,4.895433927917605,1.7617923483117743,2.221783995531286,-5.726344345022183,5.934085962960603,9.494082013829727,9.320141187088671
6.605498574337408,0.9564813691667012,9.717657827610022,5.436733617877308,2.633356127040353,7.403860175425013,15.50853304371379,7.454439887118469,5.2897201765006,5.027544221958858,-2.867080868069661,9.73175256270576,8.27462430395327,10.054877777115776
3.296700377219267,-0.2829278238529282,9.154215342453298,0.9921190070059592,1.2510674147807197,4.93923303732364,13.772483289828823,10.21466420409324,8.261011212485315,7.711618703764195,-1.3622719258534124,13.802109666337778,5.515247295788285,9.44548706032086
1.608092819078347,-1.3794920504966686,7.497383762654687,-3.0157819167515925,0.8055002838122145,3.4824280694505023,11.627998184740896,11.300333196309587,10.031656778198004,9.534641620337968,0.0823768007367879,16.023727822374752,3.705327183167874,8.758527339747836
2.2973541181122767,-2.4070272352801583,5.6749131920758975,-4.902893389520199,1.3025137818789434,3.983219895736839,10.10436498495489,9.715035586993771,10.151708383479878,9.51406706271916,1.9383636510371307,14.694137644753749,3.825700887639666,8.90446601698963
1.1501737111817676,-3.291219651154451,4.10251507826986,-4.483937697577101,2.0592388677459006,1.7077733640847377,9.035426010810152,6.330056323412734,8.535347946146006,7.184198249405838,3.195388306973574,10.043873495300414,4.768986644950486,9.679018718311823
-1.130838931750365,-3.965947396982617,2.6033568182153632,-2.794533159194059,2.2810650758103868,-2.9810855657959223,7.501804164585309,3.1494009922935144,5.67389007989375,3.264940726049061,2.328968023280222,4.286363599387885,4.719658952484705,9.914296579008925
-3.024705590804149,-4.286559990139582,0.7928000482995495,-1.1780970868022362,1.6486425556506463,-4.8728723557213085,4.703335241665519,1.535961498735502,2.556243620876562,-0.5502395679508731,-1.0140567811549694,0.0606950522145044,2.9929400505229857,8.32042652672529
-5.122401430851008,-4.182989883625379,-1.436588661133419,-0.6058687073243476,0.4309440591837361,-4.50959805513426,0.583529251473307,1.1027125087384535,0.177723777217535,-2.69662589133337,-5.279933451728764,-1.4674613701930714,0.5738986375465189,4.365089355393459
-7.25858517868393,-4.0685124762587925,-3.705093819300518,-1.4741957891032045,-0.8568459154984635,-3.4340746237400537,-4.104120029554563,0.3364839820016767,-1.009667120613616,-2.819937119176108,-8.027144566443035,-1.254006546889114,-0.9663763416798776,-1.3256399802922687
-9.293978040721262,-3.90205485538566,-5.359341640699489,-3.5761848773537714,-1.837843238149017,-0.634775059604187,-8.174356251866863,-1.6829878455277627,-1.2327095485279629,-1.8736469897452823,-7.837388326158478,-1.2760514706581525,-0.9521340296473482,-7.175859864017955
-10.107536699397642,-4.157233801164537,-5.945997956365874,-6.080379852228662,-2.3727890203992663,-0.1768111925024551,-10.557445366216225,-4.205248979427113,-1.060119625262896,-1.185854954056559,-5.402941874456609,-2.727743407822418,-0.0747876804999676,-11.324113715654306
-9.485202971236951,-4.972172093369539,-5.569486303046764,-7.768743098797848,-2.446100343051448,-2.359758374633742,-10.77663209677428,-5.486051378137738,-0.989467340683948,-1.3978390757226902,-2.840491612843182,-5.122572052242996,0.4109607334967378,-12.454515765472127
-7.627547020304955,-5.54755410406572,-4.81114161844485,-7.719168871543887,-2.116446217034648,-3.042833372548653,-9.170514204559748,-4.574858156534035,-1.3008893315284222,-2.190602347484731,-1.896246985785388,-6.97648559680273,-0.1502221214499206,-10.41951276048722
-4.112005962579236,-6.010952721753028,-4.23748545854645,-6.035327108430501,-1.610593087869186,-3.0653675397251474,-6.715120212485757,-2.415081832999243,-2.0771584065141058,-2.8478427343202037,-2.630421498670516,-7.244522552564305,-1.3607633464717432,-6.294552219030777
-2.2889606329828114,-5.77450825189796,-3.9193744885735953,-3.8940997894000473,-1.3370242004522912,-2.774924613874705,-4.461497199375877,-1.0887566413274117,-3.1012647091983743,-2.927515589672085,-3.605365323126972,-6.077217713743336,-2.283441063997225,-1.781497658509009
-2.308729617985814,-4.632427883796409,-3.4306478152164037,-2.6806319162106886,-1.6302058176408472,-1.5372940836989393,-2.9007844422082534,-1.8546274184106493,-3.6923648119475474,-2.406225210948297,-3.219180763510395,-4.299995619184566,-2.309925501818108,1.677134521160724
-1.574613966632419,-2.641161113951121,-2.363300341694638,-2.886899117598905,-2.400093449024294,-0.8610528635142624,-1.7347987373465996,-3.853919008712468,-2.9143960104846367,-1.3836749001787902,-0.9611222754200384,-2.367146537067645,-1.5880613517855693,3.481225919359299
-0.8261959520192451,0.4700167386094829,-0.8520130112509054,-3.762787598068877,-3.086913107952745,-0.6759526312249508,-0.2915784953655136,-4.765448335069712,-0.3235935963646672,0.1078170776475864,2.329025314497123,0.0061597152694465,-0.7178853331503978,3.835991067615772
0.9450133329855268,2.406386881809489,0.4764112444384161,-4.029400310099194,-3.0637614456024083,-0.210573160692672,1.7291532503743143,-2.8482722770701496,3.332994520755128,1.9285384453755612,5.167791141347575,3.187351041090763,-0.0879403681946016,3.317626508145258
4.143081746838021,3.079772828782024,1.1566568195748443,-2.97505337229468,-2.1406493039497443,0.2602166525070981,3.85954494500532,1.5001192623466115,6.33937329682102,3.612637731502202,6.439243684962383,6.771797283904514,0.5132004972228761,2.516565501864904
6.607743946503844,2.9687678617032884,1.4908646952159623,-0.9603269183521804,-0.6839234631678708,0.2475657403570313,5.241519392458092,6.070886236100398,7.253482008980022,4.54001930286357,6.087731877475817,9.57223267476953,1.6681656284514523,1.964680926982336
8.59619155639599,1.4405888095351067,2.3950389854566296,1.0058593874828623,0.7323439838182468,-0.235814432114474,5.484040836066528,8.690356962207076,6.128473296148691,4.438195127923537,5.21194013123118,10.560082924037092,3.718796792363429,2.135651127883189
9.497259098312052,1.3394262332160551,4.495893649956504,2.111620763390744,1.740406970107665,-0.8265680312164163,5.182803948171997,8.87144784754651,4.471958191636337,3.68218016551186,5.522813927900296,9.832795058667529,6.364707567112983,3.266766518612945
8.806847382971233,2.727441753234112,7.315627946382127,2.268665445944514,2.254620909443757,-1.629926349488888,5.515214721346084,7.856767080411789,3.8678900642359135,3.016834587584171,8.31485317543151,8.6362276264042,8.87009830142094,5.1110778989131465
8.363636310083836,3.913353602432652,9.426669117683616,2.024384277285985,2.267858196451292,-1.99072455738177,7.159204137817426,7.206647811222818,4.5600038067451205,2.945153525489318,13.43564941864932,8.398476765853284,10.671555921312132,6.977058395863278
7.909634572493351,5.52788546173819,9.570155941617688,2.09641842101736,1.7596014178195645,-1.7989508529247475,9.47319677206389,7.366823473449772,5.373497983355767,3.3843200191583827,19.009870798487725,9.632217093545696,11.747074912687822,8.168609666090195
6.458402427196191,5.094002086173796,7.7420213514937055,2.9018661732525,0.8897097556788327,-1.7478747449853282,10.749406538914544,7.492345175456839,4.988534393461692,3.878512200301405,22.38559742517321,11.584165542023118,12.33437083916816,8.46226122117249
4.254257216653359,2.24451777929035,5.1996142802164975,4.279927524115792,0.1714469190299672,-1.667024798083235,9.472929838826316,6.502494165382358,3.2303731479892157,4.056919665729394,21.84376812978133,12.792147228845522,12.310977115767724,8.150623638299644
1.339474089002842,-0.018365167904002,3.3503658358876534,5.4867348259182025,0.221039307100983,-1.6718189515635822,5.618118344806304,4.220580625464235,1.132088280723386,3.828763456802069,17.804354976199278,12.028919553093708,11.002536942198468,7.61793747366932
-2.431049496404857,-2.261421955206943,2.58543293155363,5.549512434379698,1.165917860855453,-1.8664766320373885,0.8844237330114044,1.530011215434844,-0.1318030392346632,3.2005295830529112,12.476065577970925,9.00536879898533,7.799579770788975,6.907228295333946
-3.025620054525523,-2.1710077306822924,2.175575091103555,3.94822354078902,2.307801134757775,-1.7404011052482646,-2.425758796424027,-0.4720579301229421,-0.2595795932407028,2.065958662668088,8.152598656729687,4.517245018725938,3.049021892308172,5.7116192720055015
-0.0888993945323207,0.9937078280461752,1.2665697756699572,1.2423979387794717,2.518999029588306,-1.3250358699354368,-3.074500797816965,-1.4223055582185014,0.1316233961524071,0.3077606435199684,5.561064420453479,0.0338303886712569,-1.7688313690504858,3.725255334579054
1.876618889718251,3.321374042094629,-0.1084362269634611,-0.9682693723071534,1.136084868975728,-1.1959820821542952,-1.78825162185566,-1.8809924983364696,0.2148332376149675,-1.890146549452288,3.6391715924323114,-3.0843225877570504,-4.9652618236495805,0.9210217356997284
3.735312048187983,5.455360130631049,-1.0698067391089716,-1.0116291367364934,-1.447150119625188,-1.291871992722853,-0.6472001646451577,-2.720025851921875,-0.4491812516580578,-3.9306231613935294,0.834665620033471,-4.368382575216663,-5.92699064626386,-2.4993822401559136
3.244869229590173,6.210700828011785,-0.9241210681785276,1.5242621280149709,-4.052590977445975,-1.2888356474032163,-1.4407916472058728,-4.375442115225269,-1.882346879224476,-5.118469962259185,-3.329407965484104,-4.517670267314369,-5.546167865535423,-6.2732586845377725
-0.5801950378150932,4.768384089167032,-0.0688490909520989,5.199878673880135,-5.593135944148273,-1.2815746279631377,-4.321877399453392,-6.599238280672087,-3.914362918770076,-5.17097596344203,-7.825540489266574,-4.8574926845865525,-5.347431827212797,-10.020597062432795
-2.7255948606113254,3.7103457069270007,0.2232400437446577,7.560093852708259,-5.723437836791403,-0.9997333423840952,-7.82357107437179,-8.759190438207472,-6.198901421902143,-4.469773279805565,-11.102044738461217,-6.271477794504631,-6.131820929898412,-13.004551354783253
-3.826991891656117,2.532171891807653,-1.0355400068218452,6.898043333788316,-4.733596538334805,-0.3757504259809661,-10.124545681296478,-10.268398277943286,-8.083613556622236,-3.82489604108224,-12.450174931577669,-8.450183568575808,-7.418087793847765,-14.158616532102956
-4.2863377736965385,1.4977593684567183,-3.582754828418218,3.5531642549309312,-2.9731305659370326,0.0175494252944706,-10.414635414435692,-10.78729593740618,-8.7792743455015,-3.929306782831957,-12.474873797344005,-10.150983586999375,-8.125895199385145,-12.68925389392228
-3.1451894544551284,1.0337538510342956,-6.056868003426261,-0.3515635285514316,-0.5499971440908955,0.2312791029543094,-9.2500124048044,-10.220617829974335,-7.942656818644332,-4.889370006856062,-12.313670405575667,-10.289250093368466,-7.69628660112926,-8.902008123823924
-2.1785647800486445,0.932489227914128,-7.07112851860489,-2.5299561412750653,2.357649537258001,0.8565663327234652,-7.801624740372159,-8.72539306780264,-6.144326653362868,-6.121535275229066,-12.42115062075882,-8.874030219586045,-6.493874657949364,-4.427118658780371
-1.164619865854586,1.4668023176146012,-6.202216111196896,-2.1783495659802026,5.041910025125906,1.82570377294336,-6.865951913999892,-6.77617445204242,-4.596237397377978,-6.663037005002973,-12.079725152525146,-6.91651050632995,-5.202431599907164,-1.3614546833891374
-0.2473168872578973,0.9009238842652774,-4.121702220543787,-0.3721653059320231,6.385502232989117,2.1858722470787866,-6.520290214236316,-5.091819777277758,-4.204589009827281,-5.737551060959998,-10.06956196726039,-5.439999754177087,-4.019913193122121,-0.8107704377817964
0.2308288536787982,-0.8268770371138938,-1.9811919005650556,0.9345697945460748,5.65164365134955,1.9686826326521536,-6.488184413861401,-4.282919261408637,-4.774452685449769,-3.282648977899433,-5.872186684591563,-4.602145203824652,-2.5896292485281904,-2.0182239589332407
-0.3285114315821891,-3.3197522040042178,-0.709924702344332,0.3525959384428647,3.1781604556183547,1.1323260711543623,-6.582363300909988,-4.402573435228011,-5.157916409471882,-0.1090643589012607,-0.3399145738993465,-3.7811553170106382,-0.6878198303523879,-2.9305927391902458
-2.212482830382097,-7.046802063929307,-0.6708348868215737,-2.147417690589549,0.1594464871141969,-0.5800768155246925,-6.702901854420971,-4.798991990772411,-4.268775309631044,2.4899019996926164,4.734446895954889,-2.4383221568894387,1.2069776161341266,-1.8586210253017743
-2.750435072903805,-7.977295085289305,-1.622698212587414,-5.431030903062875,-2.3634004091510423,-0.8997118513078196,-6.532419969403813,-4.484981318476344,-2.040955115814395,3.513933601658562,7.7841877551794045,-0.7658227040579044,2.203777481112864,1.1283083132801943
-2.0149703044443714,-5.85531580084592,-2.792559681146205,-7.950014049780711,-4.251848530678417,0.2501634729270044,-5.459585151882481,-2.801356827053588,0.550216570175853,2.9092015790800767,8.451735176162053,0.5758745851963729,1.8985170832153004,4.287725255495981
0.2372330572046628,-4.128267176044742,-3.099292011285192,-8.459543961714125,-5.902892027444159,1.0425935149335748,-2.9695863641831064,0.1139089228819099,2.383224626808856,1.5895643680391442,7.676152822513248,1.2824859850191217,0.8966320093281874,5.720623447012713
4.726350545863591,-1.8950479622904663,-1.6722142381940772,-6.467274529534077,-7.169117965589763,1.9584158715144688,0.8299041638682887,3.3847842814832374,3.1173610661469566,0.7565076529509787,6.8869575486581365,1.8112667712255612,0.3217756921795631,4.994670038167257
6.457103252672034,-0.8477421957681461,1.5009050457618427,-2.447142427714745,-6.921287370347237,2.3486648166195674,5.065792308310392,5.907989815087868,3.2883396507825378,1.0196782924049188,6.941172312127675,2.8673855207811307,0.7434596459150642,3.438647959113138
5.391028838829414,-1.602626899213332,5.311333302816144,2.2296639473618827,-4.04486637998734,1.9114178462943516,8.50057987062415,6.948850696651433,3.575578346540843,2.0157739137417687,7.574849325364485,4.522373380415777,1.6064548532772005,2.8658815891305456
3.891142805447904,-0.5825263319503353,8.030247008798318,5.81745662360962,0.9917196922624072,2.8717055762045582,10.181353622180437,6.4787941420101065,4.061242891754365,2.8250765123478465,7.755148584486811,5.970336433931101,1.7872540614521624,3.9045691405220433
0.809513825907176,1.7957031984414449,8.334945465349797,7.1149575776200376,5.798792347661354,5.126288250262963,9.913972820177564,5.135671480283812,4.250098879832462,2.8155436177704383,6.68744467418113,6.267183429420178,0.786042807563911,5.452298488245022
-0.0655828463820087,2.482962135797937,6.135573756131135,6.250972039078321,7.73548041132432,6.217673357443223,8.342573103590166,3.88234511192094,3.7778751907125017,2.188801543772913,4.721074891484788,5.3273530039540224,-0.5973982350803646,5.729468140075339
1.6626954268980652,1.9035464401749744,2.62192430890325,4.644488388109756,6.237871961622574,6.44478299151936,6.639650865053969,3.5239623335001475,2.996241510438839,1.7731035738356415,3.3531050385558,4.118496364115671,-0.8193528289902492,3.951228178703612
2.826748795950508,0.8960363576993418,-0.4409078465643858,3.965836987553725,3.472065874817421,5.793221355637252,5.917062025045303,4.280186021753179,2.75010136711892,2.2627459807867543,4.116259530971664,3.776124621484068,1.0310413586288076,1.1025768532761788
4.337562116139923,-1.086427562557334,-1.659025653292367,4.798289362716067,2.408757099491279,3.737337513670575,6.568089716845783,5.636181471958077,3.525184590659415,3.568741187893272,7.083802023825683,4.462448811497762,4.228073283957976,-0.8664877201882142
3.7616452967189895,-1.3418147146574646,-0.6914613251418804,6.110029134769789,3.9925119263859217,2.1862095263943333,7.897936463154679,6.626130595055723,4.837351929580469,4.839268414757339,10.302683878163505,5.097398911871579,6.717523995664912,-0.7029112445088304
0.49707754964307,0.351043798909998,1.5678256069564127,6.079400416736949,6.162214388785953,1.0462546073811176,8.406140098474692,6.453854223334277,5.537302954525596,5.139790009752908,10.966461984732543,4.280802550556088,6.595531675320088,1.072886854794996
-2.961680503117153,0.8665652785334952,3.3518876667722104,3.657838342768767,5.799976530939023,-0.6283966533619386,6.730644724724357,5.054900645831287,4.808996288348753,4.237487440645279,7.684460580776545,1.5887865064589102,3.621411260463177,2.5737993208085617
-7.34242711982085,0.7425689343548227,2.882538545774114,-0.4679859150922727,1.8102960535210075,-2.476711471458339,2.70948630007606,3.1476240367030144,2.9393870843420773,2.8399863422883604,1.977498814699203,-1.9404307616188472,-0.4588439051528947,2.06401825538591
-8.917164797642862,0.5130185582216498,-0.5380184716091665,-4.392323533964267,-3.650516470872971,-3.498141984786643,-2.246602223558156,1.6761674921096708,1.1232091997419689,2.0649273350419577,-2.546076931669703,-4.580762684599539,-3.092994354239249,-0.6671724425018115
-7.044657472898908,-0.3276761795833609,-5.823577960307637,-6.535133766772595,-7.011356058184349,-3.653635296128925,-5.887787608754898,1.0819852626849258,0.454595596353391,2.5292070612894357,-2.95388675528386,-5.260548090243898,-2.7301142445487807,-4.148049040411207
-5.697896785819523,-0.5045204410808779,-10.454094494838484,-6.78796993973354,-6.430626135328675,-3.9720725811096314,-6.555740522391608,1.0397912223911527,1.00713662685871,3.788121907987624,0.5869016737687787,-4.298579999125484,0.1318430686719462,-6.334029901208644
-3.907008364043202,1.0345922094250964e-05,-11.931858807907137,-6.197630453231849,-3.2545603331947404,-4.239588164301997,-4.301465777091254,0.8969780410369239,1.820788991032096,4.633643153235493,4.958046931222961,-2.9463490911354877,3.445752561585416,-6.057955674706784
-3.138656082494821,0.0275076682740045,-9.456728929087886,-5.566505773576602,-0.5105360350872163,-3.8761562436189463,-0.8451837374006677,0.381352540133836,1.7936794347122396,4.091095396495989,6.810916271178307,-2.23720002664873,5.214831798414606,-3.7233362447532974
-4.076517134984975,-0.1965913081894701,-4.535870523394664,-4.484430990646205,-0.0483508187384935,-2.987146227833773,1.6218391884730483,-0.1374639179931485,0.6655255135310898,2.3218105922235672,5.423969350970179,-2.219538612446942,4.887963139763517,-0.829188239992678
-2.726628604998784,0.0125290059564387,0.0472084925576443,-1.9219576011754824,-1.134725572562169,-0.8265401633384293,1.9059745740211405,-0.1066721594498938,-0.7922182095632393,0.6050437744751154,3.019771684953226,-2.223944218157138,3.475210034164656,1.158424189341142
0.5650601817742166,0.5295317537433973,2.1456850237079093,2.1195303404407198,-1.7016984807399629,2.795026678994823,0.4533356858748232,0.5073664960186477,-1.543934192371792,0.2779788958421725,2.231889202472387,-1.812711682629085,2.409261924093042,1.66022031188061
1.5324257440097449,0.8364459665689046,1.531466467402833,5.685641438720737,-0.7681745362663468,3.253274845187923,-1.2720781664425282,1.0248476527530157,-1.300162629206839,1.4627289200665603,3.1933517122180746,-1.430068908861175,2.2118382715917804,1.0031708130398087
0.628841068066961,1.011094518417638,-0.3930097454308503,5.969585032414662,0.5023830568568641,0.3848080058503684,-2.0936200956227635,0.6160398315299722,-0.8169429664773635,2.75152937517404,3.187546008000758,-2.079117319451732,2.1216321275482644,-0.1889188068638181
-2.0025248453588937,0.4174576918486541,-1.9978428715346848,1.7707833677586282,0.1268919960732693,-2.9768010136200758,-1.9883464801587207,-0.9011621479019958,-1.1659663414117,2.308539818029279,-0.622351770774535,-4.289256130704797,0.9543615019607804,-1.5513394187045546
-7.301927593323125,-1.1167243322510676,-2.5965935383877854,-4.914893279825556,-2.4304940095536907,-7.922567002924767,-1.817811398347259,-2.7944587333713065,-2.6146678721507035,-0.4228804624497499,-7.933581572749104,-7.3379694434040275,-1.6221558187715144,-2.988820903788421
-8.35409711817289,-1.3695980033797233,-2.4594303038999588,-9.904795232982623,-5.3998107051579565,-9.211446977980671,-2.269541318572656,-3.9281238979333866,-4.172621406273169,-3.922137715984414,-14.7916685311369,-9.520500555393486,-4.574176935177485,-4.275810243347696
-4.922445356899615,-0.3856835056883536,-1.9825941318146063,-9.893779657737984,-6.151976024621558,-6.138246239237549,-3.082762143485535,-3.5915924600635,-4.322704665277112,-5.590989304856798,-16.680370459506122,-9.370622328722646,-6.259545964025685,-4.822349939163825
-1.55130172751635,0.7356031322192391,-1.0950838391827245,-5.048755900568255,-3.5658632037203875,-3.645819157501133,-3.336472978844492,-1.9786476568067013,-2.399851555594718,-3.89840083513182,-12.639487264841527,-6.879394115001342,-5.836189387031389,-4.01150146981741
3.324622705626134,2.471535123842337,0.4506513357028634,1.1423688328176809,0.921433212884918,-0.4195855584282281,-2.5074680191767587,-0.0406641454123417,0.5733661955460763,0.100779457983041,-6.61901392529511,-3.6713873778820094,-4.079837592752565,-1.884345279822356
4.340225467600005,2.03472481719372,2.349309164268083,4.6797538042106,4.50995551128349,1.3900813529090643,-1.1952240399376093,1.0740297508248031,2.424853985386512,3.271360712029049,-4.534988366028935,-1.881662792092573,-2.8243878477523565,0.5188769830596858
0.5711332365798467,-0.900226064553438,3.5564104369336187,4.095586452010351,5.309272350120652,0.9563935134281918,-0.6949665924608999,0.6238930897817707,1.44987008524236,2.6808197117914103,-9.327749237646922,-2.5312712030426234,-3.434519847314963,1.6645992154964508
-1.550456605024239,-2.964511507839059,3.0382415765960107,1.1597633944849948,3.6436680413212623,1.7548106464213944,-1.748944496491971,-1.3291547055242383,-2.1538979628825183,-2.116310323731574,-18.291498231747703,-4.675903606741461,-5.6325513226459325,0.6356985893034084
-3.323839977487861,-4.757524559453483,0.7910590311360819,-1.1635026354774984,1.3873007467335787,3.128307334172726,-3.6915679074237113,-3.879091047515381,-6.256244575368744,-8.641280486028604,-25.13520123826841,-6.067752997481125,-7.76327077045447,-2.0339511783661086
-3.802870799075877,-6.018815732722714,-1.9181345602719349,-1.4709657595845584,0.159827196746936,3.372356475194308,-4.901182703951005,-5.691353577457124,-8.306307668931037,-13.274663603789572,-25.121196486892455,-4.881834758501635,-8.311852002165088,-4.585672716659421
-1.8679676503860376,-6.1326553055703865,-3.426874736230844,-0.8757159161653334,0.0964596170502618,2.874437687474785,-4.226447186143494,-5.772102375968375,-7.23705861058237,-13.853159996775842,-18.862766139346853,-1.1645374112764983,-7.304934435053262,-5.283092874084019
-2.2227741050218177,-8.573743983827114,-2.932436277235052,-1.4912878256409048,0.1651899791309068,1.7048455204647006,-2.0642426410292813,-4.141991297007275,-4.2189518312883365,-11.065081172769132,-11.514720685538272,3.154479337214884,-6.271065552205259,-3.753672450240451
-4.507059982976465,-13.303021645993436,-1.0346742759260277,-4.100979779338848,-0.5149451805845313,-0.4169365003368967,-0.0268753395460734,-1.8481642076952003,-1.6240018519283872,-7.64917721180703,-8.192571663439551,5.694363759517801,-6.759979766615282,-1.331978386681432
-4.784435401722844,-14.214961036350983,0.85197867037175,-7.280529998140635,-1.734259605366281,-1.2358454360863027,0.5526410362374303,-0.1901476610141825,-1.0646769722740608,-6.152597414484834,-9.772506427378453,5.347020803558015,-8.806571115144315,-0.0565324616590281
-3.713249350276034,-11.605981895428853,1.6333738199250971,-8.697149926674445,-2.489253352220574,-0.6421938321758385,-0.1059445417690643,0.2559843009628668,-2.1698145392495487,-7.0515508153193815,-12.705478856851029,2.962534270403917,-10.80939048855384,-1.0467634572501616
-1.360297414424971,-6.859172331568884,1.2481171371102595,-7.211451252495516,-2.104882850690656,-0.3868432943207407,-0.4336963182804005,-0.03283792823186,-3.111795376845645,-8.620759130569512,-12.678551901243932,0.580656510404074,-10.944470928646568,-3.523553464504456
3.0137216717563637,1.429881044651622,0.489504545030849,-3.782284439562668,-0.9980099854164912,0.032718066949599,0.8884876616413084,-0.1421602319384458,-2.3470137355411005,-8.501029265911773,-8.514271600113021,-0.0572688120125519,-8.752845017700194,-5.288154084502504
5.378085384641319,5.715704001486782,0.267089869356262,-0.469839482621925,-0.3011671618178617,-0.1308515125152457,3.373366784726098,0.3072894040651608,0.0088235120799602,-5.6483867174929845,-2.8042970964051817,1.43035089914685,-5.397609934211299,-4.362370438068789
5.690517351416251,5.620695746007709,0.9886048384497848,1.3560296788093955,-0.7180818815184775,-1.1543612010040896,4.75821176210737,0.7582207671498953,2.337240061584101,-1.18001263594204,0.9035707304756428,4.041594607075439,-2.4228619647189635,-0.560572818566845
6.9173310056594834,6.754270624139077,2.4496001864311783,1.914864556594111,-1.7570234349024894,-2.1964665736912488,2.8263388175782804,0.2593636568847763,2.943518366818534,2.439177274121468,1.3765158162528142,6.176339075375893,-0.3133359474790378,4.250049107399651
8.24218305170661,7.424776921257664,4.109915292580954,2.377236894064408,-2.1384101930154564,-3.5151299196167543,-2.4481189919989106,-1.572846912828842,1.4176604940128357,3.1886549540349787,0.3927441412706471,6.58924038109123,1.7239433078371107,7.479808115154437
8.923857640773285,8.20774391216302,5.420944113794173,3.5278897108104967,-1.021773683824918,-3.372583424688377,-8.372411618087131,-4.06004957307387,-1.174787139086721,0.9428261333464896,0.6192442634692306,5.020471778025435,4.634363755229128,7.764555784384614
9.25127741569024,9.75499866060451,6.023896025438635,5.058979950217728,1.1433285253147556,-1.513618516249219,-11.294839899729158,-5.850001108350332,-3.2152378944810245,-2.416618444682962,3.079004483967595,2.3312500321638776,8.293948672409101,6.00128614240457
8.209219354524375,9.460470392118404,5.84970152763705,6.022369599537965,3.0117335189422505,0.6527252898548375,-9.330490349685745,-5.81651329286381,-3.613037929348096,-4.256408058360247,6.620102831385336,0.1316193685611857,11.480489727010172,4.598274556478589
5.612329724823395,7.511426160463965,5.148520901297889,5.824367852824526,3.633071585014701,3.602954050759693,-3.7998138863725632,-3.7441788884762826,-2.2208000601220625,-2.928080818952999,9.50395441555379,-0.0307075831330134,13.037713951695816,5.489787017212143
4.069817218769405,6.55325520078354,4.3626016754266,4.760537311745386,3.362738583579146,4.825136081809161,1.828482653976053,-0.3708834336412856,0.437038617651261,1.185289942914972,11.171706505316736,2.372595628571497,12.975949826022894,8.513984998508935
3.47281960486802,6.263423613749969,3.8049232611367625,3.6760291839553463,3.447183190035183,3.948653929280577,4.566432583285589,3.08046011364625,3.592514584865784,5.983258413588221,12.39875341620262,6.30906130672359,12.329387646622914,11.505024350037711
2.823292750789453,5.886068799610033,3.3510740525892366,3.18779699912518,4.653956194845739,3.7910983954764745,3.8914247506130497,5.472267213296128,6.44416978115971,9.064659990940608,13.96312023170588,9.56783085174671,11.913148683151464,12.04340185721192
2.6803898338412435,5.910705795488787,2.4833689026051555,3.2092150813505658,6.314806400550916,3.7478440083718807,1.576722715474954,6.143848533837534,8.246049948660783,9.25321404830077,15.494619460422951,10.005292509118537,11.311934708484284,9.404803242654564
1.050669261420158,4.767347213721577,0.7621270219923932,3.117779420288155,6.791879232170757,2.534751962050831,-0.1786812633217209,5.087903142729619,8.514985955583668,7.1949631624040045,15.804944908808212,6.881798405403256,9.23413301916614,5.060993545883356
-2.237347408721265,2.346544476706663,-1.672969299934259,2.2951463105887004,4.965986476119491,0.4487552540196056,-0.5078917428400569,2.9362435409901,7.293907624384232,4.673101441102709,14.272967083033766,1.3170093018582456,4.947661947277771,1.3050553214047973
-5.460907666538945,-0.1944216605395506,-4.115027564258472,0.5255852713291453,1.2983817132602835,-2.4938539699625344,-0.1195935491896307,0.6941840500377099,5.141714180857367,3.2113579003990536,11.67352692680883,-4.505225766480484,-0.6717443868351181,-0.8176226199178709
-9.07439445095119,-3.217086065802466,-5.890809452335608,-1.9999102235689072,-2.575735616005095,-6.51036415942549,-0.1840603822467539,-0.7864898562641454,2.719174309496492,3.0330863713040275,9.449472096425694,-8.77495589387919,-5.635619464771443,-2.454764848441755
-10.067836447124655,-4.315241348896249,-6.964069107474995,-4.899491373950005,-5.289783491845287,-6.77010367199089,-1.128621990357301,-1.3330993883534976,0.3250930611933995,3.1318503460206424,8.174962077402517,-11.011766827336327,-8.471698456721404,-5.842023374389886
-7.914812748435795,-3.1275531870625897,-7.848105687565398,-7.705387133729152,-6.750657937820311,-2.8815383365808462,-2.3582176828436454,-1.51471043199619,-2.093959223382007,2.327581801283701,6.956340691264016,-11.84148144184911,-9.350539432526118,-11.951836190313402
-7.042238646534216,-3.3120323470345334,-8.823836793700298,-9.764611049329538,-7.7133921014426114,-0.2534301359897131,-2.8455986399921924,-2.034315121218772,-4.402396689261142,0.4115283696538738,4.606218347074585,-11.926535850498368,-9.526207043014738,-18.88047741271714
-6.7814439424848665,-4.380245378717153,-9.279908245190391,-10.194707957329229,-8.455203838007927,2.126939315598084,-1.84985491999464,-2.879823493085284,-5.810383947636947,-1.5664210715117175,1.4611244843854392,-11.101831306859795,-9.667609070248169,-22.56781226303167
-6.121084507879777,-4.572880759988334,-8.015361684493861,-8.208464512367703,-8.070001634257963,2.9966086226118005,0.7674696746436029,-3.0644041248298954,-5.185966965356707,-2.104588227216701,-0.2247339268111785,-8.529281558430991,-8.908554968074398,-19.650396890347736
-5.794273128318328,-4.440592090595527,-4.410716839978929,-3.7597569918377274,-5.300105324515243,1.302745412163939,4.566073507768488,-1.3972787225605463,-2.110182171495686,-0.4863689467440704,1.8836285249708573,-3.7076890955832384,-5.777119362172524,-10.37203739084754
-2.671102283262388,-0.6966325964318907,0.6141691817805772,2.002690627579432,-0.1879844992678014,2.513823165973069,8.612130816805827,2.2578626670083866,2.2643802354753686,2.5691431499867194,7.66196823583002,2.633839117317958,-0.1532132778636757,0.899144311977059
3.4671546961194704,7.199620627409085,4.90133403949145,7.038935823941984,5.177101461737625,6.284282083958539,11.612048025985212,6.411682787721915,5.562697717417255,5.368778538583777,13.82818983705702,8.62291306319969,5.850509142701453,8.328133767946166
5.703828322551611,9.97789123682882,6.530182930095958,9.500359766500395,7.837275167850183,6.705599737125499,12.310867662206244,8.775198128596667,5.744489091295451,6.431035206203831,16.10106949904461,12.283221846092296,9.2431806120693,8.649365995813588
4.29667526950185,7.889687170044572,5.232818901474356,8.887271919061423,6.263513832119946,4.4592829068567,10.16680224648903,7.929730825049738,2.6656339763906978,5.447839039831235,12.520324696522136,12.680320427769889,8.619799341216986,3.4499812787578774
2.774472585469916,4.133957065550403,2.5140743617003976,6.362247800592603,1.769502445425677,0.7712199086625681,5.883965346725053,4.433990082804366,-1.7278348376712187,3.324243102704026,5.016197291812741,10.323649497020604,5.361097485322866,-2.1933581579602803
-0.2842431450481383,-3.3942096810746176,0.4134237506985654,3.904652290323366,-2.322797048742041,-5.518348395153117,1.270103564817596,0.404637241824199,-4.802055127057399,1.404487503054091,-2.149031512036246,6.693133572064244,2.376985061251702,-3.653997217135792
0.6661452532958491,-4.701255905355587,0.0496467756569334,2.9533929355953514,-3.178165139137101,-6.717242715771217,-1.6771716171167936,-2.037652192650418,-5.052218596636743,0.6123334135554481,-5.627855484529691,3.436992882088407,1.643225477460577,-0.0397763730497571
6.388258549133489,0.9505977975158716,1.1707810894651551,3.622896643110346,-0.533317746335987,-2.319644815167507,-1.91408887573869,-2.109895420288556,-2.8401893886078198,1.1501805332748285,-5.106740653317665,1.8146228173873205,2.926200542468628,5.787738956112131
10.590249990792232,5.263447618300252,2.87937694821432,5.0472761975493246,3.3440547983020696,0.6675430321879074,0.0846890704066201,-0.4847694847908297,0.3715406469199642,2.7726837205130987,-2.7573860094315146,2.47747681158668,4.735058795230952,10.1642788079141
14.550902044391885,10.512677498010143,4.608567335915325,6.3845864042035885,5.673854540420292,3.917693097280237,2.769960402012954,1.624147131785049,3.3447085711930136,5.135316750841707,-0.9935738699321864,5.330888173180217,6.174285336790952,11.704790789578125
15.231779637967218,11.089783779760872,6.35001351000513,7.470176093765332,5.348824935766011,4.459739907270379,4.6419616974824365,3.3884700835934964,5.6789003042101935,7.798380121160278,-0.7816639053567407,9.37720025930468,7.557147301166365,11.815497561334396
11.31820020127105,5.4196235823345775,8.060821620029206,8.55992951042323,3.4777029043676304,0.9984285536702596,5.19296839586803,4.552745735229729,7.373415452487482,9.98896414720677,-1.772210253548991,12.819758960595667,9.230771303392991,12.51956170597751
8.14363613106779,2.143846263537386,9.090833315355583,9.577521650058053,2.040895759780316,-0.0960441802885652,4.959808515170151,5.048110972777257,8.125907415975345,10.596515995572632,-3.542382985888267,13.73647775715775,10.230763614197285,13.98600311363623
4.713090550638004,-0.2162441606818079,8.436525662927497,9.783524022401814,2.0404483885935143,0.336180849784818,4.728472581109866,4.711902203394359,7.317942834407873,8.69310957770334,-6.318537803705464,11.151129416023135,8.664367564351142,14.240975486451104
3.040069348897092,-1.32011427039445,5.7042619873610185,8.319462563326695,2.784538965830105,0.1327177368371099,4.668010501996822,3.46650183337945,4.751823033025616,4.297498813260518,-10.422725088627203,5.798652223002506,3.742559763489552,11.27115196567896
4.201165348485755,0.3774989822213097,1.822166557028172,5.133605966091015,2.7624882121719345,0.3205870038449825,4.212246858319489,1.6460500220318472,1.2830422415786842,-1.276689927401545,-15.236146639000848,-0.1029854226986906,-2.6810608415789865,5.382518905163064
4.419325438251794,-0.1346347144770701,-1.3400389678945146,1.3358929695764843,1.1472536798706798,-0.771165275494841,2.77215391955675,-0.0450519564368327,-1.485124966860397,-5.936846715333662,-19.034221368601397,-4.088207761581337,-7.005667335730919,-0.5310804469481738
4.439280828690334,-2.4634346285331463,-2.2816695785931387,-1.4738883309335868,-1.442769368428927,-3.374494122492953,0.5163452934501969,-1.0201540592203102,-2.3469876787152835,-7.976076769319714,-20.10779847149529,-4.904160050076943,-6.744340729036463,-3.154796603887295
3.958921049758566,-3.313656565019207,-1.0274069612655872,-2.3895785700228025,-3.481181474031157,-3.927579981175586,-1.6347193108264833,-1.2864535717454082,-1.4938318377788455,-7.108611357880971,-18.1840696125266,-3.177589181446887,-2.733654413624965,-1.451047481949761
2.361064892965452,-3.4576769404615626,0.8973163888314843,-1.870088209855865,-3.774521724357768,-2.617944013637439,-2.845309585918951,-1.415880094734078,-0.4147414247324477,-4.61382587553987,-14.746398862534306,-0.8338591651427123,1.506418014580902,2.463268555121953
0.931066215688476,-3.5432276226293857,1.6805945577117605,-1.298443385845541,-2.3204360826298758,-1.742426374252744,-3.1597647608038777,-2.001076540853351,-0.6844344274795802,-2.437645950054144,-11.85182561312824,0.2709232965914729,2.7909732128204183,4.982481654269446
-0.6013258031424898,-3.134318771145844,0.6037741635826599,-1.7869068119301057,-0.1577654025238679,-0.6551347048735598,-3.35904859707912,-3.0832769622753347,-2.6122561848002768,-1.861770992431559,-10.480890372227233,-0.5005149335392964,0.90590736329084,3.786773577193322
-1.834202711095488,-3.5189160663081283,-1.5426863818331,-3.227494938617117,1.5279590118129676,0.1245378650253618,-3.9620426207459616,-4.068798434392569,-4.893058373092512,-2.691857231782833,-9.91382822453208,-2.3952680335313232,-1.521801068372497,-0.5215581908838658
-2.547874442549987,-4.798303027841157,-3.2513262148375617,-4.375008236111974,2.235862928504023,0.2580727143401536,-4.443770979271218,-4.218912453831916,-5.597055667004241,-3.5580455632257757,-8.651236779325487,-4.047373300864706,-1.6477045628855258,-5.096993701464637
-3.140594708284481,-4.44777565051807,-3.520941607508284,-3.895895219255401,2.284205482534766,2.0463734455566294,-3.634207593883989,-3.3030810207990555,-3.731289599339359,-3.087101463850132,-5.929457830032412,-4.5047458136509135,1.048728761269011,-7.121210913231412
-3.427661482925853,-2.606749769314317,-2.487206179260234,-1.54118788853188,2.2796554949972005,5.417106204546013,-1.051244990040022,-1.8680001408209463,-0.1093960928466089,-1.0196672600615455,-2.362368304403077,-3.760066782513224,4.616017532745538,-5.809778872058022
-3.4038665575295424,-1.876801557581737,-1.0879812256022845,1.4863140887355044,2.5117140115827183,6.4946285520442615,2.168642435338427,-0.8866927581023489,3.196907951283329,1.6294069360422083,0.8244264108294246,-2.555866882867736,6.73669682202663,-2.712850351194085
-3.065030354383276,-1.90111372378488,-0.2302402670825856,3.2670581783333468,2.837078443101817,5.469133769096647,3.845333673409289,-1.0552851597817607,4.404687721579194,3.478802943789084,3.066152056471552,-1.7896998318412969,6.820482639928159,-0.3074631611061704
-2.500752849323117,-2.4720038033829748,-0.2055060465861373,2.462540490209072,3.052129434923266,3.6655604176139343,2.490797892730118,-2.299454955194029,3.31617739550013,3.938306689422717,4.86812611263386,-2.001612212806151,6.06998858880884,-0.1293608408672355
-1.7079145100577655,-4.101357840279071,-0.7054133823116757,-0.7647103026530004,3.218924143478908,0.2374023386427526,-1.365174061831791,-3.8836401965458194,1.3077641734463512,3.5544825784275176,6.946051147444727,-3.1849676901263564,5.721069019516612,-1.8712410317360195
-2.723162412996375,-4.432070617613489,-1.235825448313946,-4.848394620984792,3.480382201308906,-1.2734464911631618,-5.546917554759354,-5.002238110458297,0.0408452746408229,3.226468487303851,9.079880279945538,-4.87261583915226,5.493769052272121,-3.9883095702487807
-5.779314123441891,-3.4387498256244484,-1.5145819162503749,-7.837478268348907,3.548899823565854,-0.6044979180860118,-7.992535335179227,-5.318476385540663,0.0132071218985956,3.0746231444637964,10.01548487711618,-6.371031545878953,3.9155520149599177,-5.15611622513741
-8.778534340126107,-3.243396059559424,-1.607109006603931,-8.613280649200263,2.576128303185122,-1.357139989483468,-8.26410275041166,-4.991544069792923,0.2159727286091417,2.1486585689524524,8.683527961384783,-7.06877554642579,0.1184809646634796,-5.31282714677544
-12.209288809776805,-3.411771757154144,-1.8042544544509127,-7.482150779553208,-0.1608738731090682,-2.7969674761521737,-7.45257200221922,-4.252428493244636,-0.80515579006331,-0.6098924173907712,5.613018527830953,-6.730664369954567,-4.836486533999722,-5.424903564345058
-12.670178044165525,-3.223745929827987,-2.3552278680866543,-5.778764570579881,-4.239293766428339,-3.7337811020353904,-6.740888072046968,-3.0438568414140974,-3.4357257632217824,-5.005112840179216,3.111679020021704,-5.603956291961396,-8.532372867970782,-6.239319259410429
-9.511451975196213,-2.952087147995361,-3.1975230931992407,-4.807248148565186,-7.8246382170208015,-4.62517914845346,-6.194130514264195,-1.1438666841042178,-6.40186419838491,-9.19542915664002,3.871787185546197,-4.213258461522422,-9.144721556686743,-7.227586170630904
-6.731591200893137,-1.814266434947864,-3.866773356567215,-4.91264028726269,-8.747860062384053,-3.55909603245388,-5.001178695362299,1.3690655611494833,-7.672008823510481,-10.824977163542703,9.068654767191674,-2.977031054998424,-6.911142052444816,-6.837713204497003
-3.4391674666120737,0.3368354297717132,-3.748493640461362,-5.381360118103654,-6.233845736120767,-0.2317895616515521,-2.7781885721794985,3.8747796689708345,-6.091164866151331,-8.805340904608098,17.443065429232764,-1.9861998674231456,-3.819201334383557,-3.986018711802164
-2.351791348591472,0.9644455726237056,-2.6017618725135456,-5.229521919852122,-1.773187514345981,1.664079968916148,-0.372725381603157,5.555967337261809,-2.3371692846611296,-4.223394578007198,26.00978652955145,-1.1478971843723471,-1.945294344699004,0.5557059048734985
-4.333406259856066,0.0984933720189652,-0.9554944546331754,-4.196254893718887,1.797934300747606,2.437390746265677,0.8540761690687937,6.053239585056776,1.6027509738163914,0.3964309536343648,31.77350079027505,-0.5018855533013777,-2.0107174760471267,4.334381817810844
-5.411663539396038,-0.6550192946467855,0.083218170654657,-3.0383647317026288,2.395255249791891,2.208675645203334,0.5875801452355098,5.7825118659747154,3.942972916827152,2.8284106311869763,33.23440186330974,-0.3037565775910096,-3.2677492695869965,5.045412203292763
-6.392342672544713,-1.819109109437126,-0.3684956111084112,-2.8128699675003404,0.2457344861407051,0.1438162631131845,0.2246446333318488,5.575179324900871,4.31568741750462,2.4891405159921263,30.82348934907144,-0.7333957432681437,-4.475206672196308,2.4669707410017097
-7.402029118700282,-3.3974592351147934,-2.1543905488617323,-3.797548139767297,-2.4060381443130847,-0.7341273952288818,1.698598802500678,5.975280086337143,3.77716377343212,0.5028211069776738,26.231843936159983,-1.557349183595251,-4.885660609701471,-1.3196551978212483
-7.837877546814995,-5.236504046235414,-4.028452828795682,-5.125791370968365,-3.19883760226616,-0.5416662263354526,5.43203450404461,6.843908210304489,3.771311130615059,-1.2897199396483805,21.22245028994759,-2.186620674827566,-4.494529263494753,-3.708898795068789
-8.642870991832591,-7.813782345954217,-4.572085670980482,-5.591107160197694,-1.5921696874226932,0.0560445660661484,9.454170126158962,7.574450047683748,4.988532159293548,-1.5133858014157306,16.662964677900007,-2.1512252393743383,-3.689103567312806,-3.724894048781589
-9.64285248626037,-11.115957185135784,-3.395920231357026,-4.908792901181421,0.7018747004069463,1.734400118367571,10.752692025650717,7.616342451860168,6.9360790075032295,0.0503142068324762,12.290496674507173,-1.5233904940761462,-2.884074750886174,-2.5703955678185944
-9.30775050114588,-12.592089611652584,-1.579844439901013,-4.164962639354833,1.068307070500533,1.4710065013494844,7.791549962792885,6.785443889241672,8.344392739235497,2.4338486098063745,7.288104762102648,-0.847609451695094,-2.4359667763685007,-2.1891887849294305
-7.617742853444124,-12.098999219835608,-0.8866860999201505,-4.892881303469273,-1.9860289109062144,-0.8521278167776118,1.919138678064043,5.1756418746444535,7.989015389719234,4.014173187093175,1.26457844457581,-0.6634136286586214,-2.641010329827284,-3.3841999444625186
-7.006139831423661,-12.733205022833078,-2.339630302287743,-7.564646700122061,-7.654878262253242,-2.964370412455971,-3.654892161602701,2.9341964121458304,5.433634747236197,3.4463842716549165,-5.083941007899913,-1.1239541837125095,-3.5650100766573862,-5.310146214635777
-7.27454389099383,-14.015023343982238,-5.333753288767994,-10.930684409467815,-13.291745544404389,-5.51672102883831,-6.41538109375945,0.2303134941305433,1.3775021005893375,0.6485659222187437,-10.210447458581273,-2.0340904816510736,-4.817202275903863,-6.5955540502059495
-5.569340863096556,-12.546672061076402,-8.013769329747342,-12.873573806069729,-16.088205385990022,-5.63006378160597,-6.3654598008958025,-2.588744807462445,-2.5769590943384184,-2.8259668263509248,-12.785222704141969,-3.1029059456442347,-5.624420481704032,-6.681615199568228
-2.165855954153513,-8.567549311124392,-8.585695870197952,-12.005822599526589,-14.77356875749431,-2.747314242898117,-5.595231908245122,-4.952234352453992,-4.754770158113061,-4.586050596078973,-12.806121542402735,-3.995460519647136,-5.315036702547985,-5.958660947028516
3.4293007478520434,-2.044055669523034,-6.494515054844573,-8.562189894769634,-10.236826494094732,-1.4834401413706468,-6.145301297717449,-6.327525251903769,-4.482207385051328,-3.101744430169294,-11.800899069751887,-4.15444467193381,-3.8472173720506007,-4.80321914352114
11.920124493869936,7.866674008790573,-2.606201651658882,-3.8884808342299344,-4.77537654904182,-1.2174195266060852,-8.14545497162429,-6.606551444184074,-2.6625248584903822,0.925270852920292,-11.830137878855716,-2.8310306217288392,-1.879875567945522,-2.878628497890851
15.60057280517065,12.086446214692629,1.5775522652455578,0.7917725579128749,-0.5855365072197074,-0.980085153884022,-9.783763084859435,-6.213288192862429,-1.241314170768156,4.7956537009121085,-13.994015147018551,0.360437675407077,-0.2912650281690077,0.3426922133132066
14.20481003444641,10.159962999941577,4.903797691633969,5.061405099599384,1.4569029599118224,-1.5874489643734695,-8.950767328531931,-5.744174924802231,-1.767245663717226,5.714287620156604,-17.61667839428725,4.736452908473716,0.4199995217526577,4.427805686523136
13.225791380885118,9.323273790785937,6.999530333011414,8.91159290802684,1.9724923262882184,0.4065977480838587,-5.039025974727515,-5.417806453955379,-4.136917548559332,2.91921865429655,-20.773124602744623,8.515285784104577,0.3385278346647453,7.673660242603709
10.94632466494792,7.551725692425703,8.021185466412376,11.947500429273155,2.244854585785617,5.1920162179679865,0.5524145918945749,-4.8596251704617615,-6.638146585407469,-1.746287412478971,-21.744501090131465,9.833301241394976,-0.1343880242019466,8.278281278447828
9.17179073153742,6.565977902686943,8.167965682760709,13.266272003101676,3.1119328473083385,6.760589037700853,5.445239631133767,-3.490322710527046,-7.361305837605592,-5.329210568242317,-20.25974938322946,8.12208167277295,-0.653135238552629,5.969689934307958
8.638487522131701,7.398885895628269,7.4514306158991985,12.248064731570636,4.424970293723774,5.532130837430254,7.885849192287999,-1.2141679254640394,-5.823089486512451,-6.060359183352801,-17.607169671380447,4.605541697342197,-1.071804118833775,2.4102028996394083
5.163034584225127,5.215495317010411,5.832016451639241,9.404254107986311,5.381930139905769,2.8835673609786743,7.706108538486795,1.243711106780978,-3.407466800557998,-4.532561358028659,-15.626387011566464,1.346362298282358,-1.4050394575834062,-0.1725659249787341
-0.837391271051554,0.4971244565336254,3.4806810625574585,6.272810562825995,5.326547323395488,-2.481919580039673,6.092502136265551,2.748542501675672,-2.238694228569585,-2.899600921031628,-15.421168521286951,-0.3676090382410635,-1.8316515791285328,-0.877724694392569
-2.932715690009111,0.5718225040649955,0.8954895137320449,4.331633813640906,4.305191893877094,-3.9035405137446553,4.546843684324173,2.6309496487468067,-3.4326825030234858,-2.9496138414027726,-16.719854476650184,-0.8065255275037515,-2.71238073845889,-0.7019889335972636
-1.3637052527053002,5.158556552665941,-1.211963459535113,3.957414872337836,2.99120274192812,-1.0294452900333009,3.904097963707031,1.2650750097064218,-6.156822742452789,-4.72848046769785,-18.207464503600704,-1.0413760150413085,-4.330841325832438,-1.228336261689904
-0.0021053742914549,9.586319820261414,-2.197713368824552,4.442219192219227,2.1689270500882856,1.5847464497301602,4.051949540305884,-0.1968482240025508,-8.216298336127608,-6.717687631105264,-18.45260227356165,-1.5044408127274664,-6.334870481001232,-2.779107211242575
2.4405822501060017,15.293420113525766,-1.828593770395628,4.976172944739503,2.263797428763084,5.481055657577883,4.354121027733328,-0.7326303375727008,-7.679625521775932,-7.196095556568494,-16.7822726598625,-1.481095641116923,-7.478786815011205,-3.9738826360862447
2.166707009793305,16.430772148857066,-0.5274567057538206,5.491275596974546,3.216396624080417,6.3940546552221,4.259804647289798,-0.2174583759468049,-4.332807836675329,-5.591442546319655,-13.673245941837465,-0.1885646916688728,-6.3757575884532685,-3.249271223359329
-1.577767285156777,11.892390569075198,0.7114602978264486,6.447385218213569,4.6226065823451,3.5014232846112905,3.588879835040373,0.5958541566620283,0.0578708177938551,-2.8730585743715693,-10.571570565369498,1.699617059351752,-3.0563527183041828,-0.8590342042936641
-2.845996409655269,9.743377593191749,0.8649575203626938,7.85042631102624,5.923461343054512,1.0263624203399326,2.4219920176338263,0.8108741280189236,2.854088090501051,-0.8715130144554735,-9.234092968277396,1.9574345535949789,0.0806415072688224,0.7683129545889074
-2.462778627751186,8.607223017868462,-0.3590069116724734,8.719413556649869,6.583981093142029,-2.191947506487788,0.9180140960509746,0.1490629054982903,2.307484164829795,-1.0732493718436589,-10.761245122285246,-1.2960229139574295,-0.6134524635441352,-1.055690527428446
-1.6450352499637653,8.105573534324309,-2.132357581033112,7.809069552534034,6.333913510392755,-3.948687304130571,-0.6793908317442217,-0.9072888552550396,-1.187591016061056,-3.608045169110071,-14.67533921947885,-7.332993903665525,-7.059731551500612,-6.7033023451654685
0.6463687548028961,9.627700108058264,-2.95516346473692,5.0085079048754935,5.410967433953751,-3.531189983610679,-1.969992355413531,-1.6395132616436996,-5.246828593826791,-6.985557520672835,-18.656283073230213,-12.59794738756041,-16.91013442966161,-13.397149348240902
1.4738177730688666,9.886864514139402,-1.7440159794221657,1.933112992798016,4.530167312981497,-3.238742559904123,-2.5658466504949544,-1.761654737925994,-7.054849368061859,-8.81157053872387,-19.467171309332727,-13.240810472854292,-24.06562846904511,-17.02119396471293
0.7480178986719556,9.16756816176762,1.276304547126614,0.8492804928150264,4.401649325995962,-2.335983501794135,-2.493589628018768,-1.6509104835011996,-5.313311667990462,-7.228168603077464,-14.88401273539538,-8.393812957308036,-22.62008299731771,-15.083738156152007
2.296267110275946,9.459722607295744,4.657797140056495,2.7082156758793445,5.076916332790972,-2.0181043354283528,-2.376467588974471,-1.9775367103279748,-1.1669702363542598,-2.2725402814430997,-5.4686031062879366,-1.1698061843060756,-11.459756560736707,-8.334193002221298
5.684695113824237,10.271615633497786,6.7692248675945805,6.094610182257881,5.752528910719583,-2.601435573382904,-2.9993781295282678,-3.0725380330361816,2.644393171542717,3.850189481048517,5.27948475337859,3.73571367125853,4.342628140312492,0.1648083488003138
10.513633357119048,9.209946751395847,6.941859720430124,8.213538793628814,5.385214854689522,-3.7388872804488233,-4.506876115277166,-4.557215249748332,3.826716040638594,8.020747616231354,12.876972308131542,3.8377259706429774,16.881035145622143,7.426767844607866
17.564843483849664,6.319656084250175,5.80208598192695,7.192196580187122,3.698466344000799,-5.876852614879606,-6.034550895096437,-5.5386482831507,2.211942223137811,8.29299904972465,14.727722201937624,0.7242721648812136,21.08126713625616,12.242325378080594
19.25293008497744,2.814581334467088,4.61695111345572,3.6973562844393655,1.6478758502761297,-6.01392867030641,-6.293525349710386,-5.234894003058393,-0.2289191669489696,5.307744185560949,11.79509548951848,-1.5502619361816912,18.12319063148159,15.044137237806956
15.110822382302867,-1.8492076234733332,4.300224526454812,0.4085334147463939,0.786780643479652,-4.012880112688576,-4.674477094379661,-3.5612034844849134,-1.0128059215827392,1.869730582277569,7.766325249795997,0.058944962624146,13.852128128170662,16.637782524756197
10.44923648701175,-3.9586599598062553,4.8877720988302045,-0.2200983477419313,1.9771298521560892,-1.1244393872615477,-1.8186266823219484,-1.2243516089927766,0.9359583621921956,0.9166626659540782,6.374044680865119,5.339435179360983,13.654873129255556,17.311622332131044
3.4548982183142374,-3.098972610145617,5.7499805781387465,2.035348635083104,4.564900580236191,3.422989633478505,0.9249618456995492,0.7520376513485942,4.601845963965992,3.4245862153055384,8.957396840369846,11.48280865096105,18.21744844846245,17.015367994399
0.4301763452248456,-2.6766638951974584,6.175106037357722,5.0899407744038925,6.770911275982563,4.668686334912845,2.606821176096492,1.700765116051851,7.863260188777541,7.867286783173846,13.985930561558025,15.613486976551034,23.60357848190657,15.98039882562799
2.4590339179888883,-1.7884318173906335,5.798662525800783,6.35595619576857,6.965574970024026,2.1972910031547763,3.2306337079970118,1.6694474784596345,9.183756629195395,11.56684713830514,18.55514043137225,16.753213468241558,25.16570684073261,14.813659043511713
3.166334841152929,-2.7459869627086797,4.668456610207645,4.789443994861221,4.755659266307418,0.0026722232636167,3.2897158253600587,1.2421117555374934,8.56755879115423,12.740366185601983,20.41047414807216,15.780220123805412,21.564159239861738,13.92711078351826
4.199984243866643,-6.209343661933776,3.0960486088159254,1.4899059921636637,1.090388731008904,-3.0981251115915294,2.977891903557227,1.0538413417556036,7.134373099853049,11.58503919049067,19.03226819233945,13.986919752824836,15.478631550489206,13.058240214517836
4.815146566829993,-6.574638727001729,1.513362977158489,-1.419065812634642,-2.471736591464872,-3.3364918414383173,2.101556649254645,1.4183198414195388,5.940431938988255,9.692472780710014,15.422889455258453,11.894937972727249,10.872818145632662,11.551777182391186
4.135145177961521,-4.248913242343354,0.3799206537906636,-2.447157508866306,-4.590997850332846,0.1029161389397319,0.8100192641958177,2.278732043434645,5.226303922426812,8.530365795482481,11.243026989529833,9.31181261991427,9.676857727492967,9.170921443062165
3.999921109557271,-0.732576737326979,0.0545501805733827,-1.5459578041405528,-4.5613743021804245,3.15971408167775,0.1432415667146855,3.356522147362625,4.662923265666799,8.390837804952932,8.04788414647114,6.208513025360441,10.797246598569702,6.5631041671319785
3.965566690064132,5.130624733029353,0.6099795816470852,0.2988993986375021,-2.4109299305104805,6.8845442864385005,1.4241003676414898,4.2687571004471,4.0911832913926,8.584735281410996,6.8462042137072885,3.3020930998076103,11.815459203267404,4.841006915681778
3.6272622399479584,6.383889497716962,1.7223272123062223,1.9789546266001563,1.028990385921027,8.18496255960409,4.805793842008423,4.573494986379053,3.818147771345743,8.439955475603917,7.836985463225261,1.7191541824475465,11.320598612840048,4.651219551725397
3.166373331654013,2.5306513172374863,2.7887596359571845,2.8172525126024226,4.182552857726975,6.239486980076892,8.455087478813581,3.886565520325739,4.143404034662609,8.003222283735752,10.296567467569131,2.094299219335589,9.728746723322573,5.609638592194017
2.7248888878591173,-0.3853827760479204,3.251121492400926,2.574835520199734,5.296893426406776,4.035089120348626,9.514675823915915,2.147402391266276,4.729179510642624,7.79363508545957,12.824052683468231,3.956023689745592,8.303686868746766,6.599071161579047
2.2867957787563524,-3.925166130033881,2.896667641344031,1.306832913789208,3.49763785792549,0.5908751369650538,6.313586006591869,-0.1381158017635257,4.652346857105407,7.984197299006674,14.031380169287054,5.935087262019088,7.770026253061189,6.606137262761173
1.0637336583611343,-5.310296122097195,1.8955244394055768,-0.6277785582395836,-0.4338135379898062,-1.0943840043301083,-0.0649891180616606,-1.9733805835681293,3.230177273896132,7.958015086065586,13.331459880326022,6.612033075479943,7.862858483993492,5.349898677847122
-0.9863732343125632,-3.4712101464763987,0.5635103762265743,-2.561109797656229,-4.442216479074958,-0.4706959236831134,-6.350928396068895,-2.371681622483294,0.8097739617618771,6.771587847698015,11.23337990700216,5.354808335416891,7.861549719591423,3.256542063270772
-1.990124331209551,-3.5839394405860663,-0.9068670553804878,-3.807846679470998,-6.684243008999971,-0.3961778700101651,-9.414293344742148,-1.0189522206316326,-1.3486316603712396,4.1024814796840445,8.863261766994995,2.59257774904728,7.215852408666848,0.9677046042789924
-2.000742217230711,-4.863061686384959,-2.488281672246956,-4.158913052029078,-6.901729700139029,-0.0546012300746426,-8.419056915847975,1.381966084950605,-2.079124593910862,0.7231526057076394,7.079325585937241,-0.5611436151467899,5.638352632372019,-1.1002194216274577
-1.6822457436256408,-5.563682590487409,-4.127230787832914,-4.092062674797177,-6.384781512208278,-0.0064775155065022,-5.0784794657211165,3.423718153767197,-1.2841045999388,-2.0347514497482706,5.929898086374095,-3.0074703267462723,2.9018976673264945,-2.826018297025044
-0.6093435070097052,-6.462140771040783,-5.573199893916126,-4.377770055084426,-6.5136995689303205,-0.6210540184116273,-1.994961370351831,3.863455237018115,0.0387818705896165,-3.386965977302225,4.907276952996909,-4.248130542679121,-1.0917141855315151,-4.1917878399746655
-1.4293847227917802,-6.625207424617972,-6.464386515415697,-5.366938192113764,-7.306816931779281,-0.2805991120330035,-0.629345383684182,2.510899318010928,0.7136584894793714,-3.746026271700657,3.710031429636558,-4.571959137479894,-5.912771612448296,-5.137995008144685
-4.361169136583587,-5.873612266452555,-6.619028832739303,-6.634808181735565,-7.449811902641215,0.850999965706615,-0.5127323568098916,0.4797868315547475,0.3663719111967225,-4.277749527973953,2.7232023808258816,-4.774349044670373,-10.422442860970191,-5.619275640609004
-6.8403470851329775,-5.834326034851089,-6.240862449578401,-7.361250241054989,-5.795317253753495,1.766280619508977,-0.05662739159078,-0.4936956091624438,-0.4121289325781845,-5.756499176535641,2.6846422689916665,-5.558559691402195,-13.269503212818677,-5.742926667875139
-9.451396261164778,-6.346292742404345,-5.809824779803307,-7.115793046451984,-2.789471888369775,2.705242121788877,1.9725598339519197,0.705203811534659,-0.7713239119457,-7.807153852542768,3.8280986642060384,-6.976111877746035,-13.809640284747672,-5.796557518412527
-10.98532824122496,-7.171133987666216,-5.735607394431924,-6.301871760419516,-0.3186466186815835,3.665275887503975,5.516092730018926,3.6438734018194903,-0.4355385991965192,-9.288843289246415,5.3909345391014085,-8.345764931349748,-12.64772516836544,-6.121822393785322
-10.941207928336295,-8.640959484227135,-6.070615809127276,-5.821473779150608,-0.0589917671764226,4.492623625531722,9.339668974989593,6.505598442622187,0.1068822436067478,-9.481940183362752,6.089810368552008,-8.828920203599665,-11.25024288976948,-6.953328482078433
-11.778141313069083,-9.284812822639854,-6.506242557936957,-6.255703053251864,-1.9258473519564632,5.064714362938885,11.893727498481384,7.342055687888717,0.1573346509426869,-8.90893883631162,5.207601759519662,-8.263667015425824,-10.895170262250474,-8.32457770471268
-13.151028156561969,-9.066369538685631,-6.625226503724832,-7.325192978123027,-4.118248498152696,5.291545931162728,12.261691645311942,5.518590827999958,-0.486670032879374,-8.901429744370205,3.239907660085805,-7.473996015214084,-11.823058146480207,-10.027332719509104
-14.76137716196195,-7.493611912671774,-6.209658958584527,-8.152337051081588,-4.692458547470153,4.9792204321713855,10.663475505141491,2.209707569284177,-1.346522080908585,-10.2237278748469,1.3903607710613528,-7.61044167783831,-13.2640439014871,-11.6047548638457
-17.048957272004486,-4.0975062726149565,-5.417047883364205,-8.110679566501346,-3.179048677792082,4.014965550108415,8.272553449730765,-0.493089249762761,-1.7396764522426338,-12.05520782012684,0.3275667996512652,-9.016478208587614,-14.237725750105994,-12.47090108816019
-17.559867710549852,-3.115951744324072,-4.733277899333643,-7.481506768319775,-0.8398919715824036,2.263704551212568,6.43343628239046,-1.1663664917844585,-1.432344142804766,-12.412108020470214,-0.5753132134095722,-10.730850935348144,-14.375864906004267,-12.249493664829686
-16.192667824138884,-4.577858471204958,-4.699430063712839,-7.272691910299784,0.481089529966141,-0.4113581043518995,5.729300145704485,-0.0438117900289967,-0.8278695577655526,-9.782330119357256,-2.67793126073434,-11.253600260372082,-14.064394610122235,-11.16160930075324
-15.285809157706463,-7.774110979690093,-5.51022672172661,-8.29246421825792,-0.2492316970794945,-3.023065775096468,5.56619881162635,1.3743781741325731,-0.5119291110873974,-4.568772160542778,-6.622062682985529,-9.95274552027132,-13.859609963083187,-10.026177093311505
-14.353469550984824,-13.816360254236692,-6.718148759082339,-10.26598472962212,-2.7436231106772766,-5.590936332413542,4.686148805965871,1.689107346243418,-0.6193458249103116,0.9683611411972493,-11.371816609444837,-7.733759504971061,-13.789962260982476,-9.620747501133934
-12.9579499573695,-14.872832722329504,-7.321604746773914,-11.798287570145902,-5.884193314199081,-6.6585571054937605,2.2977935779684917,0.7288530560609559,-0.691138006422392,4.273709385672504,-14.76956877568162,-6.222217595747395,-13.23013778953026,-9.815900879045644
-11.428936911037642,-10.573659531927111,-6.313568504002888,-11.28805218345792,-8.476225619751744,-5.816311812831816,-1.1085406249039238,-0.5021256798510763,-0.2120859747190024,4.27131358043323,-15.248914751273844,-6.171330522206176,-11.483053455921436,-9.385624677100395
-7.336617125938512,-5.112781734082346,-3.3925162562487685,-8.097747694802479,-9.614423900214604,-5.612094622095596,-4.035777336804699,-0.8946416714041447,0.7079095451871353,1.9453140589143916,-13.220426617839848,-6.628228748806066,-8.529825762439941,-6.99302640545892
-0.4736919110046546,3.436580845121778,0.6735132693809192,-3.091158841152094,-8.709768554935408,-5.666577563363373,-5.190294467852709,-0.2767382600154064,1.270196460171462,-0.5953188365068058,-10.867610961802654,-5.7226843031886006,-5.2365369970826805,-2.697607665671626
2.1748395403609817,5.834770731312754,4.345365348770315,1.8116630253882136,-5.634568900815395,-5.691024929387897,-4.596118044950572,0.5054935177461175,0.7096422803958262,-1.678479039380136,-10.477687943283229,-2.430625668106245,-2.799678128151584,1.4617322790018648
0.6751992539445021,1.0692686353388376,6.11902453319442,4.671326199258544,-1.1090792909948275,-6.135815278955007,-3.6308633612662495,0.447682865126751,-0.8836542960447105,-1.0495255234162926,-12.723854430778944,2.241179113186263,-1.9132828690297288,2.678132449110308
-2.551688517605602,-3.092854549575565,5.333587913272652,4.456448277035804,3.160701399486527,-5.615796712041839,-3.9569683063488696,-0.6866735775221287,-2.532299378271091,0.2757889083288773,-16.322664981921037,5.709100683155327,-2.38324093848388,-0.382068362141581
-9.170266908048347,-8.93486305619867,2.505833863268549,1.4193625177064746,5.151138032832876,-4.146751759681655,-6.266930139705323,-2.2249573869689243,-3.261240246302293,0.9407511985760948,-19.23429406976919,5.607257841822388,-3.461049217448476,-6.228977613313418
-10.18438375364492,-9.910637169241118,-0.9643174943323344,-3.084411686569979,3.829015778349657,-3.1132393311563678,-9.827423205731918,-3.270470438534033,-3.062566323004802,0.1973836572227014,-20.23887646285317,1.574677816124705,-4.4811018436408006,-11.42126405701046
-4.934653093956448,-4.514679857853969,-3.521869197429368,-7.123694320823034,0.10889143679276,-2.2986316580113546,-13.03512269507624,-3.4782697554448987,-2.934269274900373,-1.6979728610936888,-19.53354823501661,-4.287379021144687,-5.164744559220281,-13.051515764924318
0.1197669662590329,-0.8381866906961553,-4.21976992235227,-8.886005348952352,-3.517055640018185,-1.3591098095389378,-14.403373754794444,-3.175858613863653,-3.8902600315707616,-3.765585021740179,-18.04305701656077,-8.644107587480647,-5.414879306121236,-10.763314626941964
7.1390694426738985,2.8773355810564323,-3.105197471938908,-7.380724644299022,-4.621709276444477,-0.5251547864567936,-13.266383962621092,-2.793923153236591,-5.884113975985457,-4.988273652622269,-16.34114190294264,-9.022393334973344,-5.033597020829745,-6.648131912128747
9.56426231799397,4.048658174275561,-1.0100360212312012,-2.902909910821592,-2.5359546304638627,0.3621147021224777,-9.925531583610107,-2.275312514365453,-7.700734345409018,-4.938335572093678,-14.274565367681618,-5.3495347609433,-3.846486379206056,-3.298792139397193
6.169265328769073,1.2105798532238456,1.1052267393509112,3.0193986307029945,1.2885843696818426,1.2940886860151888,-5.388513827773721,-1.1311006968511492,-7.936759234018837,-3.947811811350874,-11.493743053021973,0.1199279506361676,-2.1425293088883564,-1.868422077149376
3.508976165829064,-0.4650278245470018,2.76040952301247,8.259858068119428,4.537104202989411,2.604260895764348,-0.9353645017552878,0.8807838398130912,-6.170848901169336,-2.7480427606082856,-8.12845278995934,4.404996055991774,-0.8204661234533717,-1.7565928689836312
-0.1831462457088321,-1.9257820278391344,4.033496214043893,11.01707305210516,5.816038296923324,4.356049247503767,2.3535154228029995,3.163090540590204,-3.3112676451038965,-1.907691372056988,-4.808866681800453,5.724735095552731,-0.8414397283289219,-1.860994373841578
-2.185482147831957,-2.7115903187169588,5.079729413898406,10.541738222204032,5.468177893934779,4.545189384816765,3.9690832906664326,4.466048131076633,-0.9121479994700792,-1.546248473679512,-2.060510018295659,4.342851787212794,-2.349188381601934,-1.910239181130976
-1.4416155205646874,-1.9310237754347856,5.601870908538416,7.325209764272031,4.84788827401276,3.0947761784018715,4.045475683637761,3.805252171767293,-0.1103131646185744,-1.5008561434724754,0.1878086570737736,1.85682238029473,-4.298016366970387,-2.534037226239533
-1.9477036998935475,-1.33567316608845,4.865819227356454,2.7506711858376605,4.860344540580528,0.5689561157463234,3.0526720018499844,1.3140972519283878,-0.9905336224975088,-1.6517594265687308,2.4305853758855847,-0.2494216901769306,-5.033909731536468,-4.1486253300284375
-2.829774143352813,-0.5118472494618023,2.348297793916629,-1.5236715335928182,5.144926204409657,-3.5778147059655385,1.3474030077981212,-1.7736557157216453,-2.679406808614587,-1.967151286424468,4.997614199872245,-1.4729564528129655,-3.3928179563116885,-5.95233312796401
-0.6365996906228547,1.867209162689799,-1.5284154814472617,-4.137854402986015,4.598951481750937,-5.406230039646164,-1.002513695202154,-4.045046349121023,-3.912245700329216,-2.211755240883697,7.759267123858606,-1.9891888958223944,0.5777991560310056,-6.179891488304797
4.412247206338338,5.723274920175647,-5.256491150999366,-4.372950935036577,2.682672654267492,-4.667114648237355,-3.940892979369721,-4.937158769295557,-3.6647896254302097,-1.7549980466889323,10.4217131598651,-1.7851305851428665,5.767608712420511,-3.4801732180985425
10.16294466860361,9.40142117315346,-6.906262032872704,-2.2299431493206043,0.2481981822122207,-3.9422217554315897,-6.987537395484232,-4.982356652476163,-1.604751387235794,0.0846938694026846,12.960854376305363,-0.3098448949707659,10.741288935885542,1.8610456505694657
17.277651800746586,13.078188574966504,-5.1809949079399615,1.684529852238306,-0.9362401948292494,-2.274374397979739,-9.153634716789083,-5.098410682010272,1.7398030985552246,3.3177166060410563,15.576105448744766,2.945422493330785,14.426382954771055,8.03306589816916
20.194450532648528,14.37712703748769,-0.2005758303863398,6.368662985413547,0.3625980041764762,-1.2452398069468276,-9.413692076755783,-5.604422664331295,5.178685504887332,6.913317308722943,18.1830962530492,7.590324236295453,16.393577015830385,13.085464789866982
18.103741056814105,12.686116617322057,6.423573965299767,10.670127835488165,3.6388075211108095,-1.1850392992522476,-7.40450105542942,-5.860121363457801,7.434239043686338,9.348838955762067,20.13019178907207,12.19477804257144,16.81319552853844,16.31668185156564
18.16146659226616,11.986330370992022,12.250053749779862,13.562959016761871,6.785538524990194,-0.5799560461601792,-3.7780056965342736,-4.8537126407149005,7.856239984688554,9.767198840735212,20.656757262360344,15.142641414259463,16.27889831709991,18.381460790792165
19.1114894001996,11.679411291179449,15.10007734792634,14.45710727398481,7.59085663933001,0.1374934469529165,0.0895147827901965,-2.239954146957107,6.81325130700484,8.69500809627918,19.72915132602958,15.739335878595536,15.523751555154329,20.078333909491494
18.04329947811853,11.122388488883724,14.08518412616024,13.451929371624985,5.44080567296211,0.947402128946376,2.8251442362080503,1.0575678651411895,5.405808667042001,7.539946596100297,18.30587776846369,14.548758684608144,15.019621047767346,21.11261969770547
15.912582137854963,10.997316079428725,10.037161180108756,11.346759030527505,1.8303348175347125,2.010834334176589,3.730293638774185,3.239800496417711,4.632264710484897,7.235357534543951,17.56167497512419,12.666721075742316,14.663741252520085,20.21251909001082
10.23553806805482,9.657168478041056,5.029272958808448,9.264056965279275,-0.7732216115014197,3.046731657160201,3.0108175686799434,2.816788451146511,4.626523748132286,7.324900522823299,17.715251846000115,10.65491449139741,13.86984241544832,16.608037944388588
0.4266991960031189,7.113383650948488,1.1911607194163878,7.992526130673276,-0.7959734986998441,4.092540223729164,1.5112295649281222,-0.2661995895998785,4.597166385122556,6.445041339519236,17.642886672560437,8.160866963420695,12.094121134642728,11.365084638377615
-3.0465890476794177,6.784435868651778,-0.4577046936024729,7.460919726586709,1.3728226166240916,4.616681722283261,0.1762551293711212,-4.443414733728581,3.544711895336107,3.7917741582518687,15.761486789158148,4.555329932820911,9.359014194197144,7.006127441976382
-0.0941478713420863,8.597713318022468,-0.3730103915092897,6.809447856394229,3.918381337425537,4.514302687365065,-0.4342999568822279,-7.510221966754678,1.1672744650651057,0.1113827812676646,11.40974333331782,-0.0907293179242429,6.251054609031122,5.489043825107075
2.763687788284384,9.788406627410067,0.164579590269426,5.152517979485424,5.166693311504147,4.8404320858819645,-0.3152041466328299,-8.081378330535955,-1.807311906138544,-2.8255018558927816,5.459917515088954,-4.700020853611072,3.3654062163627003,6.398055138576865
7.818825354312356,10.990729978202063,0.1418338025671772,2.5230267324796856,4.793914280744751,5.496353881667851,0.2068187043330027,-6.408297031794476,-4.134886266220647,-3.780136096167638,-0.332383436582397,-7.887816987521482,0.7789542071395914,7.22697706976961
9.67459599607877,11.3795746549078,-0.5275763438871408,0.1694272357025994,3.7422453663060793,5.82088821987787,0.9033318358399782,-3.93355835551111,-4.969992040321571,-3.0891869218165056,-4.537316711191124,-8.983390902083983,-1.8364417731423688,5.692523644477816
7.256322082782972,10.452204124219564,-1.201266989499885,-0.2376900329199855,3.117080158679564,5.981038617690536,1.9090134900071831,-2.02853864324463,-4.432794265376359,-2.1914353642532447,-6.721602860921031,-8.365705813591,-4.51245883753262,1.9581515502284503
6.9949613794134775,10.667482911266328,-1.217430428313861,1.996071833564549,3.167461474205176,5.611358178115331,3.542264821578364,-1.041000137332297,-3.4101255367392227,-2.193044005399024,-7.196995884072727,-6.8165028127544645,-6.443821142290744,-1.401872317811197
7.529929592372811,11.789315026671549,-0.4067156077205638,5.765222032684541,3.2195759588415958,4.579320956614347,5.795970988911421,-0.4142894007105511,-2.7957663494480585,-2.9344445272711184,-6.391969711824487,-4.627985668572627,-6.316804731652852,-1.7492320773543997
7.287286314615297,10.91892141637469,0.9636665785762232,8.7820161293362,2.483157369367696,3.759495607816191,7.995702475612106,0.421618560454803,-2.7705027817965657,-3.3643507748756747,-4.562724708727217,-1.4664180568088838,-3.389418507991905,1.13847507745335
7.084999921126373,8.290437604530592,2.5580025270920075,9.273982287221038,0.905096224091814,3.07140714866306,9.068206195701222,1.379980574320669,-2.643883227269022,-2.618739552788078,-1.9613881851756787,2.826883109106369,1.6027510395402942,4.765504980222609
6.673078439218332,5.635692278589508,4.150991029584453,7.331858863920019,-0.7018580350193417,2.052022435537292,8.309712185366926,1.912400398241012,-1.381032275252295,-0.6286961448112436,0.9671995215303112,7.38395329018455,6.593565744971869,6.033033750491327
5.987856297340768,2.4418298942188037,5.465990113874852,4.687843711735425,-1.3247096357477446,0.8472094530410459,5.988789955025233,1.746343495737683,1.510914433987871,2.148408483625694,3.677383020800434,10.452958750131067,9.36280225167011,3.7930385056033273
4.42205451362002,0.4482374475394619,6.021926070396795,3.127527673614132,-0.6008114398541693,0.1682105276273944,3.177618117271294,1.307869408701336,5.344644869509779,5.222035790674809,5.738465527412707,10.595608695362053,8.828374074344687,-0.3997151625214812
1.8442994032250328,0.0384101448273166,5.380348421874658,3.0288406052553256,0.8659496368347916,0.0377365396895885,0.9201728988436172,1.3871609674335232,8.41349041927765,8.067645744835545,6.842901747890863,7.868634660017165,5.508198881771904,-3.7959960358702247
-2.220477556590807,-1.763677015659608,3.67505147937888,3.3455200901554107,1.9687671665278828,-0.7819647757625702,-0.4730791933072069,2.434024416593552,9.013923340880382,9.809964006258795,6.617423045119921,3.848824351636857,0.9950725146212136,-4.681706263431749
-8.069515974663421,-4.580914576302787,1.823407103582653,2.8756559697212154,1.954306270741874,-2.1989634648001424,-1.3233452528195642,4.203576280652996,6.688024126146949,9.382160044758765,4.594854506705829,0.4603969681219908,-2.949994544002216,-3.399850471638757
-10.086877620176656,-5.76949904060393,0.9806782373491104,1.413901244837497,1.0012140828702272,-2.6405991503333706,-1.845068585577593,6.025514871286568,2.689760101385751,6.416022204165543,0.5584451953999903,-1.3011092998179876,-5.049028151158602,-1.5651715045389878
-8.003442950914055,-5.660056701812652,1.5591557002756744,-0.3205873032277324,0.0910683816036055,-2.239001104121903,-1.646829276764656,7.331258667104421,-0.84370768059906,2.027388470379975,-5.020812273580155,-1.6571168723992358,-4.797689846523781,-0.4818541499678872
-5.58635185753085,-5.556207476136934,2.7289850224922176,-1.6587766375517958,0.2797242879297528,0.3080464370350738,-0.1004184590938379,7.928698092319799,-2.4480152742107606,-1.5906734579150452,-10.955767635264728,-1.33162124415513,-2.6283759154193262,-0.2261633817157431
-1.506954051747367,-5.021145564041589,3.0223718106462485,-2.6058876784877825,1.891783178156622,5.504955087088536,2.7844500332713054,7.913431342489417,-2.313492497106097,-2.770520727744362,-15.871271246324484,-0.7664548513708951,0.058284975183021,0.0137455993006128
0.6374516281872528,-5.243577212390525,1.642027688193636,-3.441991330746184,4.185910542265631,7.43770901886927,5.992311698861727,7.4956416503356,-1.813662981462848,-1.8075721269620504,-18.87095576641672,-0.0298189275355511,1.358810942838268,0.9333600983173866
0.1891727873565543,-6.477914123499602,-0.7005413359636847,-3.951711042464254,5.716111176559629,6.1447525302528,8.190069815591073,6.969274017213969,-2.0092697339277947,-0.7508092618665287,-19.77771180105788,0.7797853735896183,-0.0193211887944855,2.460845111212421
0.774589427051269,-5.485182741088217,-2.277427685091766,-3.405567120686974,5.186416804580041,3.2193145501334515,8.873042732858082,6.722264701973224,-2.533947596135988,-1.4988735105658575,-18.823699628249585,1.390354345759533,-3.6130963237077935,3.9397980255169074
1.443095334514897,-2.390708951027994,-1.823068258044188,-1.4690469965507449,2.2953045054790167,-2.7897563080046544,8.788132244368505,7.061846106329099,-1.926341073371287,-3.843345045265842,-16.226012257300567,1.7531316876771117,-7.099029594249458,4.784978350308073
1.152554067530565,-1.7131775301603378,0.3087250107507451,1.0002685384948151,-1.9669187819778529,-5.690120491933245,9.11718108013054,7.891415432904708,0.8900568650443397,-5.35124234698495,-12.171199932564084,2.392551606647892,-7.701285052747643,4.908271382985646
0.241334378266358,-3.091589195243459,2.376433214458384,2.3238743830658635,-5.824146708289707,-5.222986512269978,10.170962407666902,8.59351681765747,5.359024752103021,-3.4148309690652923,-7.244845967733578,4.0145335038217205,-4.26921775693085,4.578618620284772
0.3271734746849427,-5.04942800776472,2.6808556776466013,1.337629929899684,-7.773542251623848,-4.353950445891557,10.894094912857458,8.393092835130336,9.432596949766529,2.2180779526961167,-2.7751811121521897,6.541445815072287,1.61718826201324,3.9881431842580106
1.433277696884406,-8.503144159374445,0.913895828059168,-1.621808717551957,-7.510689534539949,-1.5690121125763172,9.722771276862126,6.992310936444376,10.990554470551718,8.708282986589172,-0.516514264890997,8.591835010567767,6.53258055447025,3.0236400844854145
0.0917555097652075,-9.977077707687128,-1.7435146931213978,-5.078252708886758,-6.041521396140787,-0.9954009436821823,6.034166706843713,4.888187721497317,9.32410161135416,11.986330173205602,-1.6814655019883349,8.189275149755687,7.495753382941011,1.426122214571464
-3.571391810064904,-9.205039220509576,-3.771356894936911,-7.729555171413329,-4.864649405539776,-3.0150980573531587,0.867530162913301,2.986874356504895,5.489848037311429,9.740052503462222,-6.02411614622385,4.297123282815736,3.903519320413233,-0.9263330598609336
-10.383513501409192,-10.349242120258689,-4.601248229772949,-9.378375256048802,-4.842857299826264,-5.3616899191926,-3.7236051688238,1.7988610779165055,1.3538614121550283,3.049433459698191,-11.796885579953209,-2.1486695336140205,-2.337894226205321,-3.949361335431636
-21.330399733288665,-12.752708478827184,-4.9250411104356,-10.659972394704974,-5.651489394183702,-9.108763063808157,-6.117235154922351,0.9701167241775366,-1.7974643179248542,-4.62381354190244,-16.764969108308044,-8.703371224971189,-8.420468191751112,-7.498330733512086
-25.865124841682785,-14.297166469322452,-5.891604968822533,-12.08189783528218,-6.219184845373078,-9.9779486906583,-6.181028862594282,-0.3616179426338934,-3.966788906014108,-10.09265601457665,-19.56840427525639,-13.067790285723529,-12.55046050448442,-11.42657243696594
-23.690776920368084,-15.54611912934602,-8.043226263256663,-13.532394360692916,-5.742186865847612,-7.522478310882602,-5.174295705739155,-2.690202486631206,-6.019069058092834,-12.45038226910052,-20.37486667901442,-14.5794579421562,-14.660384679476198,-15.374946740919563
-21.64454837659549,-16.055325283005352,-10.918896855651056,-14.699747558578334,-4.39926205493444,-4.873163151350798,-4.682054170078475,-5.57925163523326,-8.589393879496612,-12.934839093541228,-20.316980894811586,-14.3464516811666,-15.578467212381806,-18.521240008423312
-17.345313548398064,-15.47554786640329,-13.489428573013225,-15.676418619462138,-3.197158757934361,-0.9457507944072444,-5.446020756220844,-7.947347085797128,-11.262834042922265,-13.168615742375556,-20.218290038683264,-14.002952228702076,-15.664990771752215,-19.712624870040624
-14.427814781172849,-14.65690584347878,-14.85240430716639,-16.806664461194508,-3.13296296491302,0.3166585540505189,-6.928244623138116,-8.90270844899963,-12.69055738513878,-13.56980188876399,-19.71024105087805,-14.201390877750924,-14.29176763369533,-18.09761671960062
-13.813931269368457,-13.388928760347577,-14.591551462315117,-17.852465359036614,-4.392898831834342,-1.7317976374926298,-7.857200271945535,-8.337115351315248,-11.563159252899965,-13.22877285038391,-17.502759256337622,-14.112336229289427,-10.644348691748291,-13.837068275919878
-8.949720642424372,-9.870923225427314,-12.73306597163564,-17.587116682775314,-6.211867337729201,-2.4160499367494364,-7.304601410627321,-6.814860689643776,-7.711867354902246,-11.013049846304508,-12.580407418430449,-12.29467602408473,-5.003545272446968,-8.259402686752239
-0.5972229622652478,-4.020096535479343,-9.620068290412938,-14.647684816012696,-7.448556921943277,-2.6803354592072663,-5.468383256497265,-5.020779775685785,-2.492241475471827,-6.665845180548661,-5.299925302961032,-8.117718298539776,0.8789044263626105,-3.189404151152353
4.243200398270435,-0.0703427757068062,-5.887636625910268,-9.04007885307183,-7.3900331123010865,-2.209264188954616,-3.5335892251152554,-3.363646232615217,1.9180610001807812,-0.9840897672516072,2.566288611098292,-2.4667323689391925,4.896342078796572,0.1500174658086752
6.213892634748973,2.1049565684420943,-2.3717707199147746,-2.6949797140643224,-6.182386908335165,-0.2261541874577566,-2.679931576486485,-1.9855276304562235,3.90934128273684,4.802318405728762,8.919345452288498,2.8554417786834705,6.307865230588947,1.8467812678433069
6.895524935108668,3.086578097261017,0.2293357113259997,1.7968647789742125,-4.6175658176358585,0.0003142084008715,-3.0372072209560432,-0.9333779617321554,3.5543721316544623,9.68970492592611,12.682300818654255,6.4133982417473305,6.416571863720284,3.0076240594905865
4.816844185487678,1.8217210724968544,1.7527373452566837,3.263806575018755,-3.497206771509376,-1.378235647524968,-3.534052200770496,-0.2094379798291932,2.5433002501717006,13.057633116013848,14.298552072421666,7.885575163267717,7.356705201058702,4.591567544280984
2.354331500546613,1.3179165185798185,2.589257664000982,2.813123238964245,-3.085435845225448,-2.1887038098664866,-2.890246292667271,0.2289517979576736,2.807322248829553,14.425683789925111,14.96729368825364,7.649070189401382,9.907700216813684,6.2604122275593
-0.6132042820146694,1.4531561333092675,3.175819643855043,2.5213525870231344,-3.0441249347962227,-3.002841045101837,-0.9677259937230112,0.2958029109117923,4.748372654030362,13.28811323143111,15.28514769003192,5.8087585343386685,12.340181949904991,6.292848285019261
-5.234521745087797,0.941206197416136,3.402589024683916,3.2163309488137486,-2.83233881224805,-3.258358430906263,0.7581517966653024,-0.4691425912255447,6.523074555206474,9.34691197102514,14.526600055329602,1.8680731267968615,11.558547704962272,2.8730176875494635
-11.097498945033376,0.3759790173011428,2.585303591352627,3.635545362265717,-2.1794479372612123,-2.606426188670582,0.1957534753062439,-2.763647719109276,5.23092378099776,3.016651847618057,11.316459078356992,-4.462897240229815,5.761188807185793,-4.122826427831704
-12.217537601125604,0.1515328909595932,0.1613276895605331,1.903322813128046,-1.217201917571078,-2.443115186825663,-3.580515188534964,-6.799636246394666,-0.6376040082740566,-4.266000694467572,5.2596473744028,-12.116776536223316,-3.638401822968106,-12.357394737096008
-8.071659438265755,0.2804528135250406,-3.4797882696309514,-2.130132391030653,-0.2049025303817906,-2.5816221106113004,-9.235695403917582,-11.538130649356944,-9.387260397461745,-10.348293260613318,-1.8387174808969284,-18.484754186265384,-12.564697505533967,-18.15222384154423
-4.254186422256822,1.2915438747546857,-6.8525585275769565,-6.122193623570251,0.8154187402672015,-2.280051987150701,-13.793985323374416,-14.804145703233498,-16.634563877315305,-13.27450969400659,-6.368864098529301,-20.679651596846195,-16.93647160116594,-18.80970736706057
0.6563678179220999,3.38436055982924,-8.177644983242214,-6.977141254707266,2.028941692267516,-1.7313807413779287,-14.636881041039764,-14.571499552650184,-18.10249890936158,-12.28198622905138,-4.918888311957563,-17.366112163913506,-15.278837058166824,-14.32468544939719
5.0071819276264975,5.439731448882958,-6.545207440107365,-3.546856316310027,3.4737247789067,-0.3749157160278212,-11.383834110984877,-10.525487566605252,-12.688379020947847,-8.185392209614971,3.4639975583191718,-9.70572033648898,-9.282758699359398,-7.10589480404624
7.8923817085062975,7.605304309271862,-2.509522173148444,2.243281186861779,4.694875492212617,1.953864666662862,-6.177718240077216,-4.50622692530543,-3.3685075765424948,-2.841122132957839,16.44724898131564,-0.6659528613026069,-2.1313824460707487,-0.0235618677205025
12.72468070552194,8.665969340036815,2.347669991641681,6.924019318684209,4.921498684261341,3.355866879479059,-2.094989326990344,0.7196234516908255,4.879607415187135,1.932782263841478,29.71231283231533,6.788840398987144,3.789524630785962,5.488111246080077
18.940087646294646,8.275850318035364,6.489345990117265,8.30861022036493,3.7965392095649086,3.877975874130764,-0.8577021967276117,3.412897040878935,8.566400858833447,5.214298047161208,39.46069410751039,11.331043810960107,7.949389751390083,9.741353732641173
20.01397257867025,8.416041281412927,9.245369323574897,7.132553183440361,2.039478736575301,4.364605970406691,-1.608731182749878,3.895902033560191,7.881172507734988,7.088105878828348,44.29029644082916,13.643294768868053,10.979687686688774,13.54509357978371
15.86948216739638,8.758861993171518,10.783692313138044,6.160408499259315,1.2628397881871294,4.40383917257915,-1.734127681851497,3.841839264523223,5.955107569882756,8.108657553495906,45.151094306763405,15.357146692767824,13.251172492178856,16.811428739668628
12.778862327606625,10.25186675032933,11.425106447444538,7.651282177996734,2.804347294024403,6.677504240995621,0.8784330658717288,4.568551678386843,5.949003128170482,8.650832445491893,43.6778671183392,17.380488160538057,14.167591782573112,18.36892212228624
9.48625413897038,13.345954848491091,11.086450809415457,11.401117867731704,6.431313296376377,11.465929117125082,5.946779647467483,5.916257588690588,8.409975283605874,8.622086072586363,40.49826252817654,18.912703228835905,12.746073232597723,17.038094838833107
7.980729173241974,13.291063819983622,9.463232261587844,14.957329154637955,10.148004158993242,12.668155189372778,10.851985748069788,6.634944035521833,11.00568926775902,7.638108568540296,35.00681204192262,18.029863517634475,8.817074657822367,12.847135082808707
9.50807422954952,10.106364165120254,6.754050658958782,15.703566984775977,11.542082498569435,10.550018103968474,12.670408488692583,5.7615847733325545,10.733312425169224,5.455249590213761,26.67895289413834,13.520750042469974,3.658036413120918,7.269534613022852
6.44207838889252,5.94208161637633,4.062006961192157,12.992931522488432,9.693213929569808,5.997823421726574,10.528032223122704,3.623949545281736,6.684292426648607,2.3491260081575867,16.545006257919564,6.480838486941053,-0.5786748432485211,2.356457913934122
-0.7910890245986985,-0.2822937986195351,2.8155751719898987,8.572905028120104,5.976972315103481,-2.445445467811611,6.286798200325769,1.5756669740784304,1.0378843180635364,-0.8320070112530793,7.277120817388118,0.1137266748908913,-2.2348864842250578,-0.4401786655920539
-4.68983735716542,-3.571681610713628,3.543648091786782,5.044038255293721,2.946867134461481,-5.659183384094103,2.9700285765372225,0.7930813884087478,-2.560237177920716,-3.060999481487116,1.618029009753993,-2.425446654434243,-1.2513093288888584,-0.8842300941505172
-6.322599689768893,-3.4236548193554137,5.15541817570465,3.731053711260021,2.213526707002892,-3.274531655738743,2.298022768531782,1.2703402622311408,-1.9188290291923915,-3.796811400023508,0.4211942029931013,-0.5203430539686984,0.8167694353189283,0.2204913352515625
-6.541883565754796,-4.39063569897091,5.5958346329491615,3.766276269614981,3.211682207051176,-1.5506868536321627,3.471898609681249,1.871068795560209,1.8763935534992928,-3.4408936891662734,1.9604663141410723,3.2202588035505766,1.8286376634341828,1.6126235848440746
-3.919235281110352,-5.302068597121191,3.497903450332883,3.0855990983184345,3.93575185259564,1.5719090950809305,4.187956896371686,1.3172046041742789,5.255610686108168,-3.125526148152643,3.085338424109498,4.816947583479822,0.3354937237615232,2.090868140196388
-3.610686838086534,-4.986976641818623,-0.5772162206074878,0.4009589301031315,2.8790945528633163,2.292569367586547,2.8498421689747517,-0.7569966744766035,4.952056929760108,-3.8733418258333874,1.2786882607501973,1.8988709926073688,-3.7389230989652233,0.8273646723332071
-5.62073912617825,-3.912137539027436,-4.456561222198976,-3.5596215774873823,0.3392773412121439,-0.3454932680645064,-0.0542365691162682,-3.5132461261057824,0.538305314759123,-5.7722557828652,-3.926044972828692,-4.560042471407991,-9.268603526002028,-2.389409384037055
-5.834072986325767,-1.2970413368651104,-5.992163334936363,-6.55259449831855,-2.0162318910970374,-0.6192473893047669,-2.5380146325082915,-5.523512828367888,-5.2943342779101386,-7.889284406991482,-10.99941615370051,-11.034824657208826,-14.57201500003622,-6.933592784069392
-5.211431417515225,3.055012677813472,-4.607319226024671,-6.578470200278503,-2.7089103553722538,0.5424522021750664,-2.940709720497983,-5.757318423960163,-8.847722968011709,-9.021672905565277,-17.56189784279791,-13.993636837659908,-18.02980960519142,-11.365775426327906
-4.430956022974479,4.479790576074236,-1.4954979205344712,-3.4409794147290302,-1.5775830860667348,1.2185635466052138,-1.2477573989565176,-4.220525631887035,-8.157632492628757,-8.620222128511067,-21.643057264766007,-12.190455937494136,-18.49648834068231,-13.965957159763684
-2.9552834416065554,2.807025718229597,1.50579136744234,1.0689823406566203,0.4026344727099351,2.2442398622156734,1.142322181034504,-1.870431819954665,-4.244221234941052,-7.090831020067489,-22.40783724234208,-7.189013944902937,-15.631891354213302,-13.668743530118237
-2.255024753587687,1.9943411734792984,3.2263783503352146,4.380742737083404,2.0955368579240465,2.425404091137745,2.7082091289471,0.0434714676319369,-0.0979267478635073,-5.311250678390969,-20.342960069792845,-2.091701508566043,-10.195421226803882,-10.812392417749171
-2.409648750851213,1.051624768175927,3.578852903947801,4.7526175034254825,2.8662502252927444,1.533431555112811,2.8221597354308763,0.724175014107197,1.5799617544773046,-3.929092525850481,-17.102713215637415,0.3950729931720453,-4.032422227782794,-7.052541244355775
-3.150895104564781,-0.3471342858368116,3.009371870283889,2.1669560724894223,2.499816133912708,0.8449976237695087,1.726634619516798,0.203532406024967,0.0981122134049918,-3.090845779728051,-14.971340906259735,-0.6747693208415741,0.5674382774296336,-4.34709931179928
-4.884608936473631,-1.6969736101901318,1.7879442479802194,-1.9339330699515016,0.9089620873223928,0.0643175763643499,-0.1177278727131461,-0.80850349380324,-3.138474546915337,-2.6886822537167463,-15.815127664290513,-4.274305981223723,2.028262365259692,-3.6815098382149114
-6.2915267271241495,-4.562675454179697,-0.1236502740182354,-5.693195479224813,-1.7425947233278438,-1.3879699841293118,-2.4056194368065684,-1.4319322546869155,-5.923006510105745,-2.678530956033327,-19.85692123735803,-8.206175006032387,0.470485512958964,-4.481499550031817
-7.395666968770705,-8.954376522222606,-2.653797605228095,-7.885440829426843,-4.647460323173679,-3.392304101647286,-4.759415350435583,-1.1525719011924558,-6.783656132263667,-3.073361985226838,-25.17238442683855,-10.376282252616738,-2.2818417047954687,-5.151768137801607
-6.228700563540124,-9.71376288074502,-5.260120864618063,-8.34857746098266,-6.422602823156099,-4.087177201349848,-6.43546988699412,-0.0948869498068596,-5.7121523807588765,-3.697502624578002,-28.63920872408537,-9.882578116604208,-3.852336078359437,-4.296740965196031
-2.25002790000131,-6.7317244254056,-7.084647295492166,-7.689894423575795,-5.965874109653296,-3.389045389972606,-6.59840387310885,1.0978646857721208,-3.788555620308853,-4.089726549023851,-27.966748440812044,-7.358517432577504,-2.880649278403184,-1.676900760805856
1.1896646736354273,-4.173286230148339,-7.474641736064999,-6.623774606831968,-3.4646453217342765,-2.1020429845893656,-5.042445878715952,1.7169010566172194,-2.1798554824668246,-3.734421090086029,-23.31626271168099,-4.359929645557823,0.1607809747630519,1.7700252177588085
4.605282702626348,-0.9572761761214308,-6.351513374130825,-5.4564557348642,-0.5287694653456616,0.2667980775984062,-2.552349592536223,1.530218928907134,-1.3034329664677102,-2.384976859160371,-17.11807053119794,-2.1674171064470844,3.538555001619139,4.7416365971726
6.343042294377095,0.3547048474902421,-4.13517668314427,-4.035205977698285,0.8654098787226525,0.8066472804669631,-0.3479424590287818,1.0504704356263677,-0.7155391636516519,-0.152625619038881,-12.162316556779423,-0.8593282238264255,5.724868007435589,6.50726510028997
5.610595852498265,-1.048635508423194,-1.4253993727142795,-2.098372241685173,-0.1877908503462393,-0.7228615186106218,0.9518347093423144,1.246598606062003,0.2903205034506761,2.6508342362757,-9.596992028613332,0.5763982822790092,6.501142907964257,7.25968497123301
6.640060683904774,-0.213857711288224,1.1789239611063107,0.3148268002393748,-2.904954299965996,-1.9817331150584865,1.7758946653494032,2.7737775330446084,1.9172366857406744,5.626767259021616,-8.552718876953401,3.1003953444396344,6.778606814115687,7.70218054643212
8.974562903142948,2.2367982171598526,3.0478466447679464,2.7276444070347834,-5.483205148264114,-3.660693773030733,2.911481440431861,5.246305142492137,3.5807039525979514,8.19082861517488,-7.555966581460924,6.3935846211876175,7.408103355424973,8.293051189719135
9.6044825955208,3.3430501381438797,3.575276106920935,4.450907978196906,-6.416328140661743,-3.7187938097382336,4.360415848122663,7.222195260507497,4.341985560063491,9.501140918634766,-6.195785651941587,8.717243044598717,8.203691428538288,8.806351832904907
9.111122120926504,3.79859431417245,2.5456260979635053,4.990509511427039,-5.372522647355006,-1.6940364878291538,5.04396072508465,7.126124841169707,3.6807619511065743,8.799324666094698,-5.366633534676632,8.197800480926674,8.175127828503273,8.58509098805709
6.715613933065053,3.1939311136480515,0.5504272390792124,4.3584482227869685,-3.0802891751128723,-0.4034201215019239,3.8766608283856874,4.535948976869991,1.9452114482239555,6.131176378866576,-5.94732976003307,4.580527205659265,6.738775004013307,7.282043388998125
1.8034007258448712,1.0228687716784364,-1.1076250871477606,3.103602778161908,-0.559405372274437,0.6677828753924815,1.2340867514356644,0.7835385978862863,0.1221851223645824,2.812109762646303,-7.39672153679871,-0.0903511397423697,4.645773526298544,5.437194999774032
0.6127744849932096,0.5897612392048,-1.2170372590677312,2.044285250500037,1.5565836230393968,1.2489380492043027,-0.8034786498617814,-1.784614450161934,-0.8313276021087255,0.9474100892282128,-7.810216795894548,-2.6388536626256336,3.589324778543828,4.31020869090211
3.2434338172174675,1.862981758160444,0.4023830729701876,1.8299080180826337,3.1594476354928656,0.8361753402308968,-0.0131948730530488,-1.463408201198197,-0.52319522347626,2.0698637218627844,-5.474648989652755,-0.993900088305132,4.7466516113238,4.980913773664131
5.678995308646088,2.26413068893839,2.710213402906982,2.5480240261332394,4.387010979376615,1.3610110845463397,3.842879096786355,1.522079549671508,0.8359508431861373,5.898012612825573,-0.4525725542713177,4.261120040516042,7.609339629539329,7.40573815044222
9.28594800600006,2.4141361359024978,4.292367971904058,3.625708100752005,5.319179466706531,2.682586254093728,8.353418433289072,5.1899935975425535,2.7697638269485223,10.362541290981753,5.303298358220526,10.289458359418306,10.261621706727205,10.271734703397598
10.03789401936227,2.282502417955832,4.52301399573345,4.173264955790009,5.889854817597708,3.3549775227623213,10.120330881552857,7.342783649268362,4.857860680686443,13.072223913983713,9.416661649736517,14.047450478615817,10.943434501668714,11.895190567436709
7.176788972671008,1.494923349082345,3.961597042823682,3.643197048576393,5.971674059487466,3.6680843243059993,7.491056685754587,7.198340715053876,6.800270380372201,13.083646309238436,10.838032916518792,14.368939825423151,9.53543153785314,11.50637531298399
5.641887870589415,1.7090014357113732,3.6303124764884327,2.353536851404523,5.4793685949080695,3.931515376864141,2.0242930184110746,5.746396768323539,8.305777046992723,11.451575218889309,10.421672871434126,12.511778669440467,7.636178177590783,9.84214446925089
4.44176390615935,2.901878540348422,3.929770423628426,1.3712670200723842,4.417173802574407,3.930076921006029,-2.623418385532272,4.603842496820797,9.02774846696119,10.055344654169817,9.965181941366762,10.858376841291252,7.127435819177619,8.482216530550284
3.310770217542258,3.395712596987376,4.2920686738282985,1.675638900114255,2.888445468814818,3.5378963602078084,-3.494063650725165,4.480324397289759,8.650561981562515,9.75695182946134,10.613478635490416,10.88665321131132,8.43496303983396,8.437242283506404
3.007873794378777,3.452893728984643,3.88473512255593,3.194855474033057,1.0825317880436698,2.7195388859835234,-0.5128396380052678,4.656144008718432,7.04427385525206,9.585543742218867,11.93192435812682,12.01410591091958,9.974201053551011,9.194292085156633
0.996331153520814,3.0802600221441736,2.589923781264325,4.6092496612230605,-0.7730317780839044,0.6250037180648713,3.6341868153771903,3.856959304282469,4.359853172287705,7.705638484846633,12.31150322960146,12.167423517671956,9.302905172895304,9.07474186047036
-2.672286797329911,1.956083861814126,1.2206395252618585,4.295994642321055,-2.475689199959509,-2.8986464593273324,5.673203473141342,1.5817243123077995,1.023193702073124,3.2702410179030634,10.31053968564161,9.577840178598452,5.095832434752296,6.629696273522418
-4.425311047420448,1.2708093607902933,0.7374412994155017,1.7524794800853032,-3.86352891517876,-4.848253786893358,4.1393557668229874,-1.4007825225361543,-2.338978883137296,-2.5575947114276776,5.8853956260257165,4.360272021116436,-1.6392921757643588,1.8858258088052453
-4.542830123112141,0.9774684966556686,1.2472640811455538,-1.770730902417701,-4.771387968318903,-5.2421793070001055,0.2049494666805555,-3.762461728611904,-5.020053080442067,-7.345676669400735,0.6097485618203029,-1.3938962795758805,-8.105912426226514,-3.597688084037681
-3.922307194705204,0.6207176012334336,1.781199568916752,-4.147572426231476,-5.026737953669086,-4.883512373505821,-3.4698694623732225,-4.729613796854348,-6.419943940269978,-9.213023925831646,-3.256008620601835,-5.110398467882446,-11.617549902387802,-7.845289592917727
-1.8105161254483733,0.4463004136968996,1.09499969269989,-4.121236099130868,-4.5813331468448775,-3.0293303600679238,-4.787032633817455,-4.537135227334565,-6.283419074912195,-8.131532053085621,-4.175423633402852,-5.623347384374072,-11.362795503160315,-9.760517828218818
-0.5975970741270553,0.556892059741632,-1.2155419583494833,-2.361496141938656,-3.689447270394859,-1.9643369551443448,-3.5981255175515705,-3.961950249543851,-4.875324211286186,-5.684506149828319,-2.248468682924832,-3.928143539705809,-8.687648175840454,-9.582374499932124
-0.3648148327643447,0.9732251616196298,-4.2604137223126965,-0.801745634929472,-2.87012173359113,-1.7262870853002776,-1.5424299207739254,-3.57923830251311,-2.928020964157289,-3.671522919803705,0.9713357388153696,-2.19408632351702,-5.796918281568189,-8.333901198758367
0.1952470459965582,1.0662229529152218,-6.445422824735582,-0.8083063214337303,-2.520862718926722,-1.7716755660307746,-0.6303727375124271,-3.4680879711279604,-1.2960381384443045,-2.849082659376487,3.577008821670549,-1.9157661697704944,-4.053332986853702,-6.9412948948924615
0.5344663128465909,0.8230869080714879,-6.61636733050881,-1.8914911271808128,-2.452357279777252,-2.673314265401241,-1.6961979880149256,-3.435675039804812,-0.4810337562669957,-2.759859797766114,4.525833759128753,-2.8171367198120767,-3.2672078134253653,-5.792087197049837
-0.3037904328113271,-0.1573506679278744,-4.857824466493371,-2.2191865925223007,-1.8661177112146805,-2.240989699863037,-3.830310998149356,-3.301818411018837,-0.3620970319460563,-2.531441622199253,4.134509952705084,-3.4287140208912663,-2.401657129531287,-4.906793919051143
-2.367303137342123,-2.0993324239901656,-2.3795245517501225,-0.4951313910337922,0.0027387060780914,-0.4251090013034453,-5.135979488294687,-2.9391829300023624,-0.3786808068511993,-1.7721289674000813,3.5655631425287204,-2.7403805352378154,-0.8835253430667636,-4.316339175578303
-3.911215409138505,-3.03268151628288,-0.6514790120154892,2.574064596975578,3.035093838808286,2.693035539967914,-4.191841948341594,-2.232594231684035,-0.065199316070645,-0.827754079995445,3.759234129026598,-1.364450442477208,0.7052364815858851,-4.19546983698922
-5.0769516425727605,-2.9957084154304447,-0.4751897037851809,4.670394670736291,5.999728861107251,7.721881982471681,-1.1206162516278368,-1.2050666657053544,0.506378276351807,-0.360970153519053,4.662822082059527,-1.1042651732045885,1.1192987839651476,-4.6856267549865045
-5.151595578733549,-2.920914000844699,-1.6275095598659215,3.8456183504316015,7.329760547280721,8.933538442439868,2.4982239263154025,-0.1867173941877014,0.8041369763405117,-0.7538105534436255,5.361284175913985,-3.280577812049343,-0.3703148617575348,-5.667579075796098
-3.65477953709032,-2.3833484167783183,-3.1993857382836817,0.3266800166575048,6.335257920476384,6.064896436023314,4.738930852305913,0.3292474915918175,0.4086301065299453,-1.8271015567320927,4.9804649342286975,-7.303876467808125,-3.1484380138727026,-6.73285208760848
-3.4075203809161847,-3.1367702269988,-4.240298591060101,-3.5009016537670408,3.773356966236743,2.275125124466383,4.57986919002592,0.1562148374223602,-0.4609525457450463,-2.999897771460719,3.576741594201958,-10.799051459073992,-5.490761545319739,-7.375910592394725
-4.232584714189766,-5.382881821379817,-4.208993503142409,-4.970890072230533,1.2189528023192595,-3.8406910054513617,2.3907973745850133,-0.2996133159937235,-1.0541717309468384,-3.686515507900194,2.2044227574438637,-11.284163756974564,-5.72809859616692,-7.256257179208589
-3.880551125129827,-5.4598158659197615,-3.037151984759395,-3.282601054718494,-0.2096128945053792,-6.332003653702629,-0.5627522932497584,-0.4004525303890434,-0.8361765410647868,-3.649206414608894,2.046489510583296,-8.092721828992358,-3.49142205011112,-6.363336540879725
-2.7886637286592357,-3.578482888526278,-0.9836771482591596,-0.1058886385958968,-0.6094605717688473,-4.512795956032682,-3.052435923120776,-0.0357533712077868,-0.1800550378989758,-3.1266269890232694,3.350708188865827,-2.9992049943372345,-0.0941907517301672,-4.997803208024604
-1.1529617507881018,-0.9539414106851194,1.4615932899714137,1.830353086315844,-0.8972101079195061,-3.442188327758121,-4.496902420931875,0.0566472611958288,-0.2183294276855529,-2.6882896260223497,5.145558929383622,0.979958676294978,2.3057454743274173,-3.58296217194615
1.3966465278748226,3.18718917102975,3.59467735435976,0.9562883328841592,-1.738140044424899,-1.643761959110147,-4.923005214165013,-1.081390138230355,-1.8084549497872868,-2.873795273279604,6.041158367621614,1.7050569439307095,2.2186216690926117,-2.4223647297935527
1.734556612303571,4.623659443471664,4.630290425616094,-1.9333539250206997,-2.875885841968625,-0.7887588861960289,-4.559993862812642,-3.5474250263450675,-4.50005529934178,-3.791360847247364,5.418749573729595,-0.667621103287348,-0.1131806219082474,-1.567804026005347
-0.3250275308901422,3.011242498971193,4.075849400834112,-4.396518679120021,-3.455492928323284,-1.5958697599586316,-3.572145175104997,-6.15423723812998,-6.574632417273135,-4.935973783445638,3.927596285770216,-4.007953879623765,-2.9544870982062728,-0.8931333445663281
-1.1029007720868764,2.6523679143819514,2.1607946461775764,-4.3113965490395865,-2.9313892304849487,-1.900752108415117,-2.1384849867907314,-7.238154048879964,-6.340433496015455,-5.432525367433284,2.8470153127662328,-5.923549714372063,-4.458477128428821,-0.2947170907814502
-1.1867663666309238,2.644088469228586,-0.0786659428114839,-1.480674179854078,-1.6429035512747738,-2.291781384314396,-0.6383332859715081,-6.057415604643221,-3.6531937910696906,-4.646387125870952,2.93618140728687,-5.440305707318728,-4.056064439915785,0.1876537652059635
-0.600756219166192,2.9967998360244184,-1.291371585183038,2.329940736235957,-0.5563587005113608,-2.163066431832095,0.4287504808509417,-3.47303278122444,-0.2566133760384304,-2.7632770824179342,3.8551973434345865,-3.367662671478617,-2.687494771891597,0.467576914537581
1.341795829977015,4.388601474899986,-0.6501750336744001,4.806223067625226,-0.4892530853071855,-1.2132640983691585,0.8409923020047607,-1.2182974505003372,1.5183392010929793,-0.8283362807161225,4.645759328335958,-1.2527445261350727,-1.7319477401254102,0.6338145562483684
1.3426662084370686,4.039915922660841,1.5508534969517165,4.735495965595739,-1.533894085762329,0.3567773232185806,0.9958143600608064,-0.3865928350957277,0.6745752477634808,-0.0643090731641478,4.715962131983407,0.0009390924659089,-1.678923206791462,1.0294007622266146
-0.579816870019967,2.012762398057089,4.0259236084352255,2.636879042575287,-3.095119486443976,2.841279949627616,1.7500513459655411,-0.5226206298693583,-1.5889281590704627,-0.8931579495628359,4.324712109913324,0.632199444183069,-1.8014164911163943,2.0046889759032256
-1.742584216604086,0.5936442267632006,5.312135070704139,0.0570560949075344,-4.3757813857963805,3.54448017516225,3.7296451225706666,-0.1493848271509561,-2.8876272348796226,-2.4581036553589044,4.129133645901161,1.361364351262235,-1.0953444875635414,3.473201101185073
-2.7533518875878724,-0.6958470649320276,4.691042888372666,-1.7141749083349325,-4.843821977437353,2.3141802020797044,6.627860064960346,1.7571374016138055,-1.6892326924468608,-3.155122318001501,4.334504807031729,2.375076709946054,0.5076463238842512,4.683187503729619
-3.3623715219830927,-2.0819171792557776,2.5503177078802626,-2.425455192921849,-4.378703009256334,1.4956939155188096,9.147046171171,4.68688542334452,1.4076215921984572,-1.8692587655116872,4.366008755233267,2.9970237575004264,1.91504735743388,4.557073100161266
-3.1364609452301875,-3.215946524182587,-0.0299254677301838,-2.6471338617070823,-3.138538201592945,0.5003623966754444,9.764824668622548,6.872436919718709,4.256711254900606,1.056647406323565,3.412957322476908,2.3320525879960483,1.895505103559752,2.4983327222920035
-3.8770961660956575,-3.682673377548434,-2.066856295478137,-2.964233214940081,-1.3788080290804574,0.8056004596836205,7.792035259361102,6.66887751658304,5.02632809369769,3.959806321180789,1.2887264298472765,0.2147893447592386,0.3316259029842596,-0.9356210903805318
-5.480489489408627,-3.326035777688955,-3.2005322196021218,-3.4065096241074686,0.617780958821192,2.879160627936694,3.884061388813703,3.847404129516128,3.637285147960821,5.044122658657516,-1.2697136779693403,-2.470662913291581,-1.5763900504047816,-4.154562860112726
-6.1977597924369725,-2.686170711221666,-3.640514333886359,-3.581020265920433,2.5226599912228718,3.2181786828745995,-0.41699534243515,-0.241751028499991,1.55099143261773,3.66701259454312,-3.177621074662315,-4.424360303966786,-2.4091691900619776,-5.529746233128783
-6.275510337338074,-1.5970527798878136,-3.771214350702632,-3.2389452526496583,3.98106454119984,2.1165586265248075,-3.733197226529928,-3.6803788092077783,0.2609296959967688,0.6998058224228227,-3.9170354602638655,-4.970983886384923,-1.8797052058877224,-4.563822867923278
-6.521714034190875,-1.9928882955548672,-3.882000441368058,-2.6311246937208743,4.729520691314272,0.8290373944085401,-5.640907626978228,-5.2789795389782,-0.0105031910647233,-2.250120596797588,-3.946524425462125,-4.61070937109693,-1.1166447416768346,-2.290516426334598
-6.66443555019418,-4.122534958081127,-4.205796028872941,-2.302186579285869,4.72150404776733,-1.309471401985259,-6.62285634951758,-5.17309748509083,-0.2432930879317731,-4.018175640674962,-4.254869983973293,-4.6161842410615535,-1.589365305431226,-0.5614001739890204
-8.240239565238072,-5.361970358596494,-5.017282272433222,-2.5895855429204584,4.112535342270166,-2.5576995277357133,-7.364544610803339,-4.419678975367795,-1.4106828844953092,-4.49246907374609,-5.488147421084405,-6.007774943242443,-3.706921150002,-0.8059028279916602
-11.49036368251075,-6.1183948018277325,-6.4779133185917415,-3.370908583760523,3.09021196395135,-2.749967615867422,-8.12035483698013,-4.079413359033545,-3.40696943004746,-4.315610278352489,-7.419919632443669,-8.72317321341943,-6.425078912105148,-3.2292469276977256
-12.12248108066077,-5.819329250627006,-8.302607116212773,-4.279001529963384,1.7368629226647831,-3.616456257340365,-8.70964929515609,-4.528112328623444,-5.124526813497323,-4.164691544491616,-9.188195299016876,-11.608832698415142,-8.205581410976787,-6.912338400513511
-10.251221053811308,-3.912878738870989,-9.686114693194654,-5.073967712680952,0.1270695519392202,-4.782521437287035,-9.02253209035794,-5.403624280191302,-5.500575913545315,-4.325406971638609,-10.04764156594747,-13.200571064417574,-8.371216119140312,-10.476415689257289
-7.613237772550085,-3.2905717029557144,-9.7732049117447,-5.73395644122898,-1.406241354158483,-6.157195851368829,-9.390348741594792,-6.055800849388324,-4.464222785692332,-4.783149376593343,-9.984113513573105,-12.691910875391574,-7.572961937040204,-12.691012834748786
-3.2587531874368527,-3.793289661265361,-8.371881931144774,-6.23220084932837,-2.198897104619977,-7.995546008126132,-10.3221704012781,-6.059997817152061,-2.927542185392248,-5.457086177368775,-9.6876654720264,-10.417641273569233,-7.003563966780094,-12.78728946316078
-2.033421291675067,-4.834727737186337,-6.228186237578823,-6.394252519910316,-1.6587858252991443,-8.12101785118952,-11.79254676048394,-5.416424950201615,-1.9355014430713924,-6.163803378728764,-9.911362718269038,-7.578089020007568,-7.208265374719266,-10.660393383914204
-4.387136042253514,-7.050153470253341,-4.493703195210674,-6.131700490056844,0.0677799030846304,-6.412276871078486,-12.824731546381855,-4.367940957773025,-1.819712702401418,-6.401025906620375,-10.725374748523784,-5.431564994858227,-7.659961343606325,-7.057242743656342
-5.146211433248449,-8.745858552583686,-3.786623316245186,-5.801656206433997,1.8180623798500275,-4.460466723958397,-11.963878209139436,-3.076428190450816,-2.0674283699700235,-5.433704524427607,-11.272386829130728,-4.466797923941145,-7.433214646608095,-3.4633792300509687
-5.351358564572517,-9.93790507416199,-3.69950092103809,-6.127499077715248,2.001819563884037,-1.7608623398703245,-8.446450551591823,-1.5018813459506652,-1.896791508560549,-2.894698275198313,-10.282020379316322,-4.065536792523257,-6.213564492461488,-1.4069153040705764
-4.039666729909196,-10.469123161801289,-3.2347049223914923,-7.511262685076181,-0.2256392522775301,-0.7181489053744972,-3.12485049519355,0.3782686711269072,-0.9581355800075968,0.5900140795996074,-7.040300478281001,-2.923068620351328,-4.604601752397471,-1.4680086326490942
-0.2738321014394905,-9.886234246236254,-1.775601619536733,-9.327293540253969,-4.137212020314724,-1.7330919052830525,1.7692270994182169,2.240134438312597,0.4044692829696465,3.540601734380169,-2.1143431699926234,-0.0644051809320078,-3.4539331505907587,-2.797374926919362
1.2252413702431098,-8.673854291110043,0.3242073189959624,-10.046449680365331,-7.730092034780466,-2.960829808877251,4.057148074580298,3.397702965628673,1.4600117848441734,4.704744980280954,2.779966824371277,4.191658359046967,-2.901206354877072,-3.684523301656488
0.7286496587490628,-6.579961526272147,2.093878766243856,-8.351901525734004,-9.012771849407152,-5.09190100343764,3.226071467396605,3.2814937934893087,1.6794503494527406,4.237483548569754,5.8015572845094745,8.151005226050007,-2.094444376882575,-2.7991466944608163
3.3534294083527785,-2.556455064711608,2.8997032092663324,-4.362967682693443,-7.309697295633517,-4.608010641807976,0.9130185792734744,2.064088533287729,1.1970184393000127,3.795517205378083,6.231994556904448,9.876745937861722,0.1444429278843833,-0.0645172853000062
8.498690791805533,3.5330859832894714,3.086306278807061,0.2290953656436669,-3.600728747115701,-1.0413694570225205,-0.23660101087862,0.7963575478562253,0.8518628021437804,5.228687806636682,5.00537843310638,8.848514041724618,4.3079866284766535,3.5602351985785843
15.894076598302188,9.536385660846534,3.692409564759599,3.4322187582322106,0.2759510915661243,3.806748429009377,1.4812396444184852,0.757811068162157,1.7335863638668116,8.900175309346103,4.029563170039749,6.756097031567445,9.71807809965134,7.098457259774227
26.618055255183886,15.615544428483336,5.511704835707307,4.625716812553353,2.8529037317686443,10.973676062018328,5.5935131955064925,2.4601993110271225,4.414015313467891,13.152892432253708,4.727205376261882,6.4883066832394345,14.926777061525794,10.361386895537745
30.204725499999466,18.1249878160098,8.376369082245608,5.130874879781487,3.773336584287911,13.57302569912739,9.897744721725209,5.157786680532885,8.302488303752611,15.46791276425876,6.907784222746633,9.86246910889158,18.600013748849392,13.787598959442708
26.08836283175177,16.18397789877805,11.3002973602756,7.066805113256034,3.643339202302518,11.00343332774782,12.1798735796056,7.3412432597132895,11.647351300555275,14.324847252242504,8.90221914853004,15.89900854166966,20.154057097151156,17.52929248310856
22.505105046900013,15.746210757641492,13.287404402144569,11.39886941552161,3.3161184759912548,7.956047593592145,11.77144648578664,7.831200537057473,12.411118585195814,10.173337766237369,8.90499464676082,21.202043887605072,19.739011463976887,20.742105119377875
17.091518953804176,15.906209974959513,14.005326733195377,16.851302011212702,3.2535071808517437,2.6852219908019688,9.742785958966572,6.565201205670501,9.615294804520891,4.835490455841622,6.449891444620792,22.311079507784235,17.773500096497102,21.873739084595613
13.436788035340978,14.487583442201217,13.725889502709926,20.651951300990635,3.386163011897696,1.2805286542117986,7.764680149784541,4.484179327777589,4.222373117928064,0.1187332311249829,2.792112596582592,18.20093139754785,14.576145228175374,19.831333343998487
12.848560789148902,12.380788290822188,12.715164867144273,20.528508931546224,3.41800435888842,4.662485405947484,6.769446354315575,2.7316527773477435,-1.2438595407081907,-3.053518332109922,-0.1205304758626135,10.964085506531482,10.436551158804331,15.054416800130577
7.707439952922529,7.547757968221429,10.81501148857424,16.352267110320525,3.201021397937869,6.842649732304146,6.525441912352001,1.89241672701,-4.263278347469224,-4.509207953319229,-1.1946429117769428,4.231614015859742,5.947178963371798,9.497888241180965
-1.1261624437661977,-0.3660740798537392,7.723420141503385,10.184311004718852,2.846360655600206,9.358882826659627,6.248822768937115,1.803451920267829,-3.994770287482905,-4.340626243469242,-0.9286074484355455,0.6885371491280308,2.0900228906524583,5.407702252136225
-4.5525452215759685,-3.420996146721189,3.701068416525666,4.821734531781685,2.5379043883669654,9.634016192892336,5.449468382902531,1.8870823495425568,-1.7638372045162214,-2.86939190336999,-0.7469904803693246,0.5910872949523822,-0.2126051468789767,3.821741982432656
-3.2232241569789437,-1.5331793053990197,-0.0900347240277525,2.0707774313327603,2.2962233814860498,6.641046858663421,4.209856694144829,1.6039049489368764,0.0670605296516793,-0.9854470702347332,-1.5780042488740058,2.186692917528068,-0.7786626996158723,4.022639866387976
-0.7654609292555553,-0.8692457795862647,-2.1171116533281595,1.988149946478424,1.962811446937536,3.287780434136668,2.8602662323386987,0.7261067060882752,-0.036119050748007,-0.044637582689872,-2.946685347699089,3.398125044734313,-0.3963715415666566,4.387148765403267
4.6699917564390745,0.1965236157534736,-1.548343556283406,3.3822030221627664,1.4334225669943337,-1.3649727604491266,1.6204695927987525,-0.5926092517182415,-1.6809347106524604,-0.9345934388073937,-3.358176101589448,3.331676639252572,-0.2324356210818976,3.8604098000987337
4.593691820400213,-0.2729355000246635,1.0213855184879974,4.879083558502842,0.8876820389224056,-4.099649601781673,0.6142792560321451,-1.8790497200162093,-3.079711294360064,-3.080534373643045,-1.6275009069246398,2.5597658484305184,-0.851561395381581,2.725127200065608
-1.861775607665988,-3.277140051614745,3.829230042425926,5.645086823503115,0.7217374488329722,-4.351630528013298,0.0600335762970423,-2.5325163580673884,-2.696390048734661,-4.617884555493201,1.943852560507052,2.198018853751342,-1.779356872966002,1.987201107951838
-6.149683587213367,-3.70915906417304,5.018986741327376,5.421715756410361,1.162076894296197,-2.8245349889345626,0.1977372392208467,-2.139996056714696,-0.5760611104698752,-3.9415766732833264,5.486784201207642,2.672456854186281,-2.109411939558296,2.0045127864154755
-10.183241830860116,-2.08240538948454,3.740721850536701,4.217094271726408,1.8961902183614856,1.5913147610390113,0.9263655260720798,-0.7546085581573869,1.7534953696965774,-1.2946920418434889,6.692447297838211,3.199003120449488,-1.5980709264723163,1.7414145869857545
-11.345111849745548,-1.210697876235869,0.5421450633828473,2.165808886695397,2.1442154881900013,3.3870910544082067,1.6301292497977296,1.097157681897743,2.6633601522949446,1.2685011638038906,4.414373966580246,2.393473490654797,-1.0794942449480862,-0.4947882879151857
-8.09758570473589,-0.2887647151557322,-3.097347029144812,-0.3321085236387417,1.2585151161946226,2.4570895233716885,1.5679816699378146,2.730532822874685,1.851582455864623,1.7393781065143958,-0.3349249421017415,-0.4607075923426404,-1.6280343447301575,-5.349720840904206
-5.999288300061858,0.3622808525008315,-5.676011543582016,-2.533405873383371,-0.5846464869430669,0.1372622431564074,0.5440341459131692,3.699885176605752,0.5776624104113568,0.1389524433369131,-4.754492851470008,-4.523511612902782,-3.224196603098592,-11.256361176940366
-4.098599768692239,0.3551035146880872,-6.446401639527732,-3.662248411598005,-2.2650708080850626,-4.990643821518663,-0.8488802003874938,3.971766344380175,0.5198591750831674,-1.362933047319144,-5.927633373517878,-7.718927847673442,-4.3699143650158,-15.006887825862425
-2.9729220145558086,0.3409046246801457,-5.69145703327158,-3.470264500453665,-2.457255006139061,-6.531328710532027,-1.7434929188411767,3.809220553522592,2.259671035250753,-0.4505160640661536,-2.807624459554267,-8.175741084131865,-3.293205183472545,-13.87260272525145
-3.628715982192707,0.1126979181302221,-4.447186220723891,-2.513868849607647,-0.763132625106862,-4.265204487186238,-1.781926496325525,3.560357454471925,4.7028721796132,3.053792107378296,2.8688558189970568,-5.721659909626251,0.2297189752240722,-7.7533908586228115
-3.4334876456126877,-0.0106155723748755,-3.865074065810478,-1.7872953760200003,1.7123546684294375,-2.035913774385088,-1.3545336942017734,3.52294628600645,5.919234783963314,6.7992946345466425,7.546023958500549,-2.171179707647488,4.199349870542866,0.3251211491498322
-2.8086109208880217,0.050735855278855,-4.542703521817455,-1.968604731690287,2.980808777721923,1.6162974005812456,-1.0591838997620195,3.849898029031896,4.664388044010566,7.804452440499048,8.161508869499594,-0.0491615047247515,5.689744057551738,5.880824497756826
-3.478059965877301,-0.6354955919563066,-6.1777830231697735,-2.963310837135314,1.6517453907491149,1.8579358307586136,-1.0061650463483949,4.410897051507792,1.306079415503481,4.908623399074772,4.180030907188623,-0.7200027905282571,3.117755471988932,5.723867145118106
-5.166872371559417,-2.039765698545197,-7.762323484595072,-4.160513219129431,-1.8824418624928896,-2.0449169343475546,-0.7667939763039797,4.726776520374573,-2.5392995554565605,-0.3683043814147435,-2.163317856854391,-3.467594962709546,-2.4556793816897398,-0.0967714684985914
-7.249603347275237,-4.250747158983895,-8.233356487889653,-5.083594555416349,-5.596011378759931,-4.328129760642964,-0.0304356857094649,4.216079444935872,-5.223558884782735,-5.130332240420213,-7.556040156410219,-6.277215168134877,-8.079611176777705,-8.428005357500972
-10.008418688970274,-7.518762634382308,-7.181513490237609,-5.717780345116033,-7.28569224405515,-6.10675398265564,0.795065978407278,2.720323520288586,-6.075847116997533,-7.236795989589725,-9.885473889982588,-7.560208356834861,-11.023238390599678,-15.015557343579903
-10.884537833333493,-8.677256785164133,-5.127417379778803,-6.206146272736264,-6.18275139547535,-5.844847223539615,0.7927647813082821,0.8304844482553673,-5.519342265981129,-6.469696323982408,-9.382205178912592,-7.250131388781922,-10.50860201383011,-16.93700399281206
-9.587277336543416,-7.566593164753762,-3.146813258479217,-6.38329455181233,-3.414628291371216,-2.4358276222721464,-0.5548666557218631,-0.4766120014416479,-4.486087330940354,-4.116144818601271,-7.93451316202043,-6.389270244825667,-7.873670829135744,-13.942269473006313
-8.539890498678448,-6.345762742183843,-2.106631443316253,-5.837742271617692,-0.987498068067154,-0.6546416253243399,-2.6647527157121367,-0.7453966775764655,-3.7895815404082422,-1.758832822159189,-7.343626616615683,-5.840719236429287,-5.360015079754263,-8.121548924144196
-7.120659292945271,-4.268498293061717,-2.09185781280298,-4.531348799943647,-0.2042986180216921,0.0182395517057351,-4.134147723985032,-0.6366077591706567,-3.837064744316916,-0.3970968524492644,-7.965568268122256,-5.55384928911111,-4.625151756605106,-2.4329384730860344
-4.6396191231450015,-2.860706820855017,-2.459682085404962,-3.202200927800879,-0.8338248780721784,0.929719925327347,-3.835760718535205,-1.44691773055653,-4.562555205909284,-0.2773800626122629,-8.662825287609222,-5.06470777302961,-5.912938967920356,0.8947597935150338
-1.3380862330209893,-2.452593383487978,-2.43481341846023,-2.852660028440482,-1.5999333837669951,1.2251489015126569,-1.8609382448235507,-3.791085008601753,-5.380934734786273,-1.048562426612092,-7.875239986632344,-4.462290088624151,-8.097608772278203,1.307121063903585
2.714782257293447,-1.421896850082126,-1.7037064191647673,-3.643698075364771,-1.4002669208833218,2.734784426561607,0.5304312619869194,-6.6659900518028365,-5.292720957042921,-1.8705784606483,-4.8516729688444045,-4.515084257344665,-9.334851740514438,-0.0558384997799379
7.5965338960257,-0.1840101162067731,-0.5038548700339369,-4.375137091820584,-0.1494132737363838,5.561604321214348,1.892355609695798,-7.971284890171958,-3.398926319209337,-1.6199874377472625,-0.1532105760092754,-5.665043929533937,-8.00812879657381,-1.1682519467872543
10.045099884010522,1.4988114257470502,0.7813217172314033,-3.341915796104816,1.3658205917470916,5.653496815152631,1.6461933511733715,-6.25691680326031,0.3163898414100163,0.4953966295604584,4.78004314135082,-7.040938633217019,-3.67614996824358,-0.399725231195859
9.73842313156526,3.8543636444433833,2.028830080764864,0.0425534944335757,2.295726443330442,3.126607931498684,0.3474410682350335,-2.209260253611813,4.582007987749076,4.101328940421104,8.511098068709622,-6.839661737603649,2.4150993037893675,2.365733761043847
10.04386023043901,7.015013848360219,3.3340176453533124,4.418049054455777,2.389948251369134,0.3417811634313454,-0.9583073940721016,1.543595125545134,7.3648828022682515,7.375186658437205,10.245294154444402,-4.012160678850259,7.726217289098676,5.53409709521859
10.21212729128668,11.171941520669142,4.604883691504771,7.398684049396278,2.0121744067374845,-3.524570848638485,-1.6479017340408326,2.292537185130046,7.112167395251802,7.938460841621222,9.90000338882213,0.3675072675089676,9.757731657943422,6.873393702951649
9.131292250873887,12.088847843656888,5.327898549402308,7.51955589620643,1.6816472691409563,-4.951571448910729,-1.9084639336406024,-0.7213536205399169,3.807331236824327,4.575697731995424,7.83654416224498,3.618232371658239,7.612727098546548,5.266101422533833
7.190082659766821,9.486359075991691,4.892747698256041,5.4240420924976505,1.6682279314471682,-3.378415433996752,-2.3358421438078345,-5.754373705432997,-0.9683716933319496,-1.5022196421135965,4.701036914115761,3.650568486272853,2.7004711702848923,1.81008712180029
4.082934365835219,6.127408526887893,3.242411234045562,3.181872976072176,1.9412181981332424,-3.42755694233204,-3.1875806679831413,-9.858533928308647,-4.986393422786376,-7.048128607278382,1.5011515038792638,0.8960670335911125,-2.02583361902162,-0.7776724684403753
-0.3465265321770595,0.9565680276743886,1.1784228469626026,2.403836503347854,2.333519414139708,-4.304396583702454,-4.018118288066187,-10.905401454108128,-6.629565433790804,-8.804332139406782,-0.4386606255757783,-1.891824028074069,-3.850431242650739,-0.1826770850902406
-0.9661671582328344,-0.6339012365071148,-0.0977961102882254,2.933828566077647,2.6358990322619498,-4.427216974206594,-4.054883198757874,-8.795324170107609,-5.672585517297904,-5.760662970699336,-0.0356530409191044,-1.894639236841506,-1.887689799248104,3.621890325356002
2.5951841756669323,2.0718907835501934,0.1052444075826031,3.272045733741052,2.5812473869781414,-4.451912965746844,-2.979414096461344,-5.166395404541074,-3.2442012560156286,0.0888206061507794,2.672562074804958,1.4441175099026111,2.557613156162056,8.224137143424791
4.687933711750346,3.346264478482821,1.4050050840941672,2.189916597198568,1.925973109892201,-2.8049741855446477,-1.3692480876024504,-2.1120354419509937,-1.1082015769886802,5.126057377070728,6.135770329413596,6.063948299841988,6.981787552672911,10.565603012864244
6.375830195345647,4.473206001700224,2.6564807682484304,-0.0737777202416332,0.7228587884368913,0.7820804406578765,-0.3261379988491573,-0.9397751250163572,-0.6579370218053029,6.597924807322471,8.055170517803559,9.118611669003364,9.235090895153585,9.240188782626491
6.067726925810207,4.006292582593758,2.886614538500149,-2.110825656752265,-0.4815604539682674,2.088665159051151,-0.5550167501117294,-1.654394645890095,-2.1089398095298098,4.334438703071044,6.994696158040075,9.27003427119484,8.616745832954008,5.426099318532266
2.6375685352257685,0.9539097708905612,2.044719155563042,-2.705439346411781,-0.9012826210473488,1.2450413185886982,-1.6977616232715,-3.202724420570835,-4.34809551296496,0.4909633412398744,3.590407143357396,7.461054191259278,5.972350595789909,1.7572331332498266
1.4309751341862875,-1.0940469646801254,0.9428632143101332,-1.8773699372735368,-0.1821555206237501,0.6307253639543186,-2.5424829127558155,-4.148597822646746,-5.618200484538322,-2.293421984076792,0.2155557491811954,5.717919262029339,2.9500735882965348,0.18123299649341
1.9581941090477657,-2.680613416712523,0.4987872301443978,-0.6880840627026643,1.1020786425548683,-0.6075810463314051,-1.9558305253178627,-3.4234723930344835,-4.676375723601771,-2.756793701638655,-0.7996633742033143,5.306655114515907,0.9920543160097814,0.6253534852486915
1.213485544843986,-3.858499747294696,0.9920563615887126,-0.1731535141376596,1.749396303293269,-0.4456195954304396,0.2540476386573793,-0.8645995228650172,-1.6334344230824698,-1.5179369857967249,1.0102419622778245,5.937492909690228,0.6338344637038205,1.4694143525809586
0.0570484634806898,-3.980646184766942,1.9640771763172271,-0.5318521339279663,0.941951592049584,1.5123120836083777,3.250080615479277,2.7058342457691005,2.166555169621613,-0.1091741426185848,3.91824717512872,6.505919373761415,1.4064855702033938,1.207172398321564
-1.918853965132864,-4.25609327745395,2.7480223220969755,-1.2700441393640212,-0.9083502265804632,2.4621796476849163,5.843729512361804,5.951537674048161,5.132454397119631,0.4091969010592819,5.461265835653965,6.38473825628256,2.292633802242875,-0.2698627605794641
-5.131937219034587,-4.480027149980578,3.0373345669065515,-1.931752744087774,-2.3685469011301663,2.8700710288644533,7.287362204218908,7.797563179537317,6.478073184053322,0.085739654678953,4.4275822619847,5.95127235768582,2.41302791224852,-1.8365871026045009
-5.997131358713958,-4.5536911134142,2.951644463283479,-2.5236213289741407,-2.2010828544158088,2.8479282314719705,7.545901787991109,7.995158995968378,6.522874096329918,-0.3302766855440495,1.6779271200800745,5.990399625872595,1.516938310244928,-2.418096395365758
-4.458553660487851,-4.659763607171171,2.649431308871584,-3.2207112830958597,-0.5195770203834229,1.9041094590684773,6.983232081971092,7.082927743887012,6.118718412510262,-0.2117680684774789,-0.8307569912015591,6.749487595112473,-0.0007299947817003,-2.083358525320371
-3.941626481877663,-4.447303017784403,2.029345388963673,-3.824100214041639,1.2271380145709436,1.7906220219618798,5.915739188797492,5.842034557046574,5.827027623443659,0.5068639241554784,-1.839454010881308,7.620214614288532,-1.4929145531416594,-1.9217168671154676
-3.7798206376074894,-3.9472279807693305,0.9177382275531444,-3.7197023026613536,1.4858227115175673,2.4602692849766594,4.472625914719153,4.755776278475146,5.590951936783274,1.4900350596162149,-1.7406903077492686,7.648734232971204,-2.506206879651778,-2.8840450845719587
-4.089893833467012,-3.641940056835403,-0.4862697143156822,-2.4862492846142423,-0.0828026161598458,2.4146218701072915,2.781543777467295,3.9100343043208383,5.082364827503266,2.361625166731905,-1.9000064947489768,6.263371822125997,-2.938093182695539,-4.744779272812064
-5.4627873852725966,-3.508608950123949,-1.5197014639758386,-0.5116044516665532,-2.419807044112723,1.9417613922259536,1.1547630298199785,3.28420646570385,4.242749271025886,2.839417475579385,-3.1270024679776096,3.5655057345575685,-2.8787172212454912,-6.1944866364638855
-5.001687450151747,-3.374521985497597,-1.5779564407487,1.1111594284093549,-4.13186802728033,0.7794288742499282,0.0101082652718851,2.996468986940105,3.4140874805059376,2.67375987995014,-4.851605876109186,0.1184465857063052,-2.414066895192395,-5.990354295017156
-2.747571613168068,-3.3457301952362086,-0.7692040878346802,1.414303179659104,-4.711575936242475,-1.3579012273385729,-0.4093441631639258,3.179626511992016,2.9454425247359666,1.7252322786935927,-5.789093972799472,-3.375162188074452,-1.639626287974739,-4.105740773994004
-2.271442544462664,-3.2568778983365134,0.0461059803211938,0.3553419637426565,-4.730295024027349,-1.939105835264325,-0.2303898819434486,3.6341918336620544,2.742549268705174,0.269199603880967,-5.350343082733403,-6.237036521060752,-0.8188455861214905,-1.8263581216509517
-3.178184768981403,-3.1018924248612114,-0.0168568928157881,-1.1782854820896809,-4.917943349331733,-0.9268709306645254,0.1293161309016639,3.7124561517176673,2.292871767375725,-0.8724965413318984,-4.310279542935941,-7.9229756727759,-0.3928426728561973,-0.7063812140455994
-4.6401742474983525,-2.888298997875264,-1.0712666362649994,-2.157738929679073,-5.189809265846677,0.009331770444981,0.2288977824841502,2.684772958652712,1.184723157650783,-0.8075058753643223,-4.045890306358734,-8.252212039629796,-0.6994909023721334,-1.3179841796544665
-7.351267005587184,-2.571865913603297,-2.4258520699805146,-2.240053387419584,-4.687328765596385,1.4163842298706155,-0.1866899248193689,0.3321699920658663,-0.4143434709459885,0.5394406958988682,-5.151927857441418,-7.625930786910052,-1.6375436036644686,-2.890857997747691
-8.186948159988528,-2.167641044465036,-3.3476767904803566,-1.8855150010521644,-2.785274445124428,1.654073277162161,-1.1787156737194326,-2.769879221229665,-1.8463362196766084,1.988918631959656,-6.874055076252317,-6.903489233826498,-2.6608160231102733,-4.118691087204004
-6.970816973390368,-1.6537797444873006,-3.787227577619136,-1.7448640361493908,0.0316703073704243,0.3985107204340261,-2.717176271041586,-5.563118404676255,-2.5558019322533063,1.813828335860325,-7.9139484381962415,-6.869762425089327,-3.1890715006549986,-4.364739960400318
-6.423419730448431,-0.9070739574609278,-4.283608460812562,-2.0011999836214205,2.389100187804756,-0.3791062258583692,-4.697549510589322,-7.175827213629869,-2.5826139907450525,-0.7768731420451314,-7.727450749652467,-7.702047849781376,-3.070852530371143,-4.1613321504846965
-5.878934525839982,0.0954272184230462,-5.201643622646353,-2.330367745681176,3.153804700569921,-1.0959127643769293,-6.823123224859371,-7.419453846162369,-2.4527741699802093,-4.695601264781919,-6.964806532477526,-8.93594583593267,-2.6446024392772483,-4.569080924291326
-5.568100097634384,0.9725787287914422,-6.208547695946473,-2.4467695083121885,2.347836300758328,-1.4578968697900363,-8.539939578899292,-6.78133174606716,-2.6049563832525457,-7.621121970889062,-6.652361162145924,-9.96643938043698,-2.349231920944004,-6.018827024531527
-5.890565848221435,1.733832126846136,-6.605170799908734,-2.5573263104127566,0.9859614170278768,-1.1342153779484818,-9.242933640330683,-6.02047659604586,-2.968538749087541,-7.846873707729983,-7.02966828269326,-10.580629553882863,-2.3031599932610067,-7.748908922794158
-5.702595637028709,1.9233574787875736,-6.128780947745289,-3.135534072753272,0.118136906551113,-1.1284380277770245,-8.704567885186787,-5.728510902741075,-3.1072921235937248,-5.717621814635406,-7.260111187754392,-11.004827356686327,-2.28570700593766,-8.408715974332093
-5.148544905830989,1.393680883486926,-5.290728422261777,-4.188926432955143,0.1135010796010487,-1.2918216414628154,-7.373014600746847,-6.117907205256592,-2.726812373336868,-3.3117097129647397,-6.282634877438389,-11.484906128134154,-2.097188894264015,-7.307507359337434
-4.059168570322157,1.2306378849027133,-4.8416758676847005,-4.844748120645741,0.7958346587466876,-1.44745521847759,-6.194845091243466,-7.052050036343299,-2.0045636005434613,-2.64470431348877,-3.923116851538998,-11.907213914252353,-1.864306386025679,-5.145736910250475
-2.1966732926978505,1.3343530748912291,-4.950915077903704,-3.884718790365823,1.9916210820607407,-1.758814682989264,-6.0027051053619545,-8.188998476702896,-1.4644547301364603,-4.043023577324183,-1.189100661843967,-11.875166335334368,-1.941896483625265,-3.4873861476476566
0.3995476415782978,2.2557180813978523,-5.00785399330538,-0.913053593051945,3.6407358801838576,-1.932251122352536,-6.90984465602246,-9.126065641836458,-1.5912483683858456,-6.107147344248117,0.4943042045545587,-11.118570420336823,-2.523012815827176,-3.3700179566192423
3.901933534175378,4.2925234660020175,-4.252998561177842,2.9404201903064067,5.320302526557031,-1.9742671396359175,-8.177743087002838,-9.483090604878807,-2.5260433495177903,-7.115545744741512,0.3955221491784844,-9.741236162480948,-3.373033534182923,-4.279534607982424
5.085817910547108,5.229735649110302,-2.5444201164950666,5.625906247841735,5.971171414018093,-1.4087821987358489,-8.642910497524378,-8.905421514048815,-3.9652391824535744,-6.433220211651461,-0.9797498971003796,-8.0255595076368,-3.9391693902255063,-4.459343568460781
3.717508304530369,5.159258236085431,-0.4627008864570463,5.753291414229604,4.566767973752263,-0.1155835230452225,-7.379619351866415,-7.053790394512252,-5.211396333697207,-4.7034969057666025,-2.259270638724489,-6.041458371289673,-3.699347631184615,-2.3676711587260613
2.424120622504866,4.18031167927545,1.2810642567555703,3.7964466983078218,1.3303757666163136,1.7998994115135687,-4.188655644148721,-3.7328775054653,-5.403338526851218,-2.935742304966056,-2.139215693865232,-3.5525502166621123,-2.4519770416672664,1.937653638201823
0.4454393481868981,1.7473845099152214,2.437713421436598,1.772627147481323,-1.8381566828738087,4.528729461867282,0.2921965277702405,0.7789353540706223,-3.999285144672285,-1.5918380722236467,-0.2393748758119986,-0.3956822210159831,-0.4191531293584773,6.687897208079953
0.7628676534658764,0.4496137551684178,3.2130796676021003,1.5745427793916935,-2.584171388179655,5.296289735330085,4.840051530059162,5.441558504293687,-1.3167194529783863,-0.512326774287942,2.613715725404946,3.0322731370537923,1.7721926253189615,9.684488749930749
3.9764844853262455,0.2744622290411633,3.79727679073501,3.3786852400510465,-0.1783568517287772,3.901886249305463,8.150120086228231,8.66077887000858,1.3971440572470648,0.5077923031583627,4.826699882115513,5.735428752804243,3.215745140680494,9.905701584394189
5.059811515227885,0.1470627626645945,4.071774355399905,5.525345355152517,3.469098973965079,1.535039199397678,9.42196462906066,9.169519618461056,2.7072151478244493,1.3038370186238175,5.0031991441145145,6.716176804316053,3.079789857637161,8.126358811400582
4.639726218769198,0.6513962553379528,3.860356864529047,5.966712094577755,5.07490444482603,-2.566419116675372,8.756480410671209,7.078927136624229,2.1360239053764616,1.5558087715073403,2.934763599708109,5.808177988333197,1.1907206984991363,6.133046819159107
5.041716380033667,0.5460339111514729,3.400949340653221,4.013847853576512,2.675303566888836,-4.622598148751485,7.086884431888444,4.162840690975452,0.712862838102752,1.3221136145630608,-0.0059674412810242,4.067408211373058,-1.5175660918798553,5.318238505689356
5.479169887643053,-0.2660728366399969,3.4055447419401896,0.9121642801778282,-2.571870413504897,-4.354408986068361,5.625162486187946,2.867600682405321,0.2678440163381621,1.238834885294895,-1.46496600672379,3.3196679122884003,-3.2244243077086283,5.860820680505222
8.760141342371053,-0.5882170802616191,4.495972595276651,-1.1601643041853729,-7.155507612954771,-4.336757945735579,5.179236999548454,4.610626965693826,1.9219117546295363,2.0946818212135936,0.4966887822276415,5.066774129470183,-2.253639271198825,7.031334827329408
15.406720413528578,-0.6742198799267227,6.49451882495118,-0.7741936852657778,-7.999303219128235,-3.649420899484033,5.814959536550152,8.678510165478095,5.044830141870636,4.113228399025777,6.021949072112088,9.43538422759119,1.6694894598900245,8.097628665625754
16.28747370363651,-0.9359612195560828,8.281481865806013,1.7127880236118376,-4.928389919318779,-3.255549057997664,7.026750236231772,12.667034261556726,7.622239767130138,6.565679340539923,13.048499576310189,14.88087571880768,6.897578987453337,8.870941139034592
11.512390373445358,-1.2291052404896208,8.461296856289866,4.439634941638559,-0.7517596859099349,-3.4394761843204,8.151575874583212,14.167189048304976,7.763941831560656,8.09929781270856,18.288497352142475,18.90678843359576,10.62531771733364,9.463077281939558
4.732539233358595,-2.6243454907667445,6.354957974904869,5.300446927017148,1.0501598275252686,-2.3075668348158147,8.665326428348791,12.38316383777525,5.121113745261368,7.637322214882715,19.103162642399937,19.41604119944256,10.551719343292133,9.700545232958554
-6.15304014027733,-5.276875650694289,2.535569305040225,3.277135388902293,-0.9257054038392027,-0.0551315015519575,8.276788029948214,8.47397061243685,1.109916635783275,5.256377869992816,15.124526039626756,15.88915034524084,6.355355615105266,8.963095575169781
-9.649769581472716,-6.261123919541273,-1.4991517584905392,-0.9254658260346496,-5.0109341704211445,1.117327376947567,6.982301974579023,4.501617468832961,-2.14528883052507,2.366406479096158,8.553368892144317,9.682507805572737,-0.0079862487840962,6.71052786735587
-4.742698166766564,-5.658411080403602,-4.235592067246271,-5.217102338664198,-7.875989948005543,1.3904480016221628,5.14164190920985,1.9582483083544524,-3.261958367650845,0.921215935896047,2.862952942661096,3.2981184886981314,-5.385631458810952,3.199898246145052
-0.7253772798039794,-3.529648280910054,-4.949793711139513,-7.230160800484969,-7.090396605866166,0.9909991176821936,3.3888659429503925,1.028119599594591,-2.3698649067768507,2.088836534739245,0.6764674802924198,-0.893114521241456,-7.186409011541279,-0.342482475296503
5.154745094884172,0.8866876451428186,-3.903310596001473,-5.660231305972198,-2.836423095698624,-0.5813970324238954,2.2402417153503986,0.9761571561182728,-0.7410933429793545,5.328561274059934,2.1832284718642505,-1.7257910754938663,-4.719019468411355,-2.346457100816302
7.335559467080175,3.047254955500036,-1.9532405186217725,-1.124438457701045,2.393141871895317,-1.0363619922761542,1.6555191682034724,1.0891570734865486,0.3194333008930226,8.654775858330622,5.170886469599164,0.4087839240151023,0.6493586661609339,-1.8720512559268272
4.252079419912912,2.89788182587937,0.0076384755461393,4.053211169891112,5.703874588258699,-0.3515542413611636,1.0450512175099984,1.250220904266257,0.4265188756168498,9.997395400814463,6.669212540563116,3.969446820659311,6.457202826443101,0.7877863149884732
3.780950606439336,2.31837300602616,1.3915079107032238,7.156409968863953,5.803853762328087,-0.2531127990947138,-0.1325962204888586,1.7186744895225452,0.1926664023274575,8.645337548724788,5.0379855959624535,7.080728903029076,10.473367881590203,4.259020277577283
4.405500905754534,0.2308767059945425,1.9599574187286155,6.731036139997775,3.67287805768048,-0.2859966329708603,-1.7015331114622114,2.4887791837081927,0.432870914439956,5.622147756877487,0.9702016888169728,8.32052073456836,11.533330935715624,6.8116589442006905
4.1454734551302845,-0.4415675459660834,1.7421117307262328,3.4360830474877844,1.5448758624650054,-0.0972142926187767,-2.7659923446309325,2.969060578442006,1.2289522748818644,2.7161659042836632,-3.2935707745375358,7.183298203849921,9.600176121675648,7.171449082714048
4.07129341305037,0.5124145391362515,0.9812035713533048,-0.5550937921786296,1.0998353688022515,0.1255323759418236,-2.515460173453583,2.3564917974131845,1.729049624252827,1.0378859202854276,-5.8201259239365815,4.1346427204643525,5.417720812840061,5.019201268748244
2.165487714432108,1.1620156734670843,0.0889402781632338,-3.139873677044383,2.288400896333369,1.945926101116479,-1.119927642241798,0.3630962347163908,0.9190229789337608,0.3532262326525348,-6.346936255901074,0.3235892455727978,0.2470816069381349,1.053953350769099
-1.7948017232377795,2.2000682254248587,-0.4965953909442469,-3.610709065023954,3.648166609912448,5.537895659245252,0.1947526705643945,-2.409532998255891,-1.315642540767005,-0.3297509646786452,-6.095612276017118,-2.9151640120921662,-4.287083134916358,-3.3213269643492254
-3.717502314911356,2.5765395004516467,-0.5522651813206281,-2.7560803926463446,3.7449565694790223,6.551203841468162,0.0536114993589009,-4.828140027448178,-3.8689720756052415,-1.627573433920329,-6.389241793592376,-4.618310243469306,-6.6290979696838335,-6.587209473593612
-3.825650792158652,2.0461704220168344,-0.2519086493507281,-1.8778306171072128,2.454677849945636,5.067618442029762,-1.9748484960837052,-6.022117142104149,-5.236293802104154,-3.250523004273063,-7.447099915953832,-4.631552768091121,-6.141209164975123,-7.805369925398715
-3.423572113717651,1.696270024763072,-0.096549657829323,-1.7307906126400816,0.9810460330089388,2.157772904156431,-5.074274179317939,-5.947994679962946,-4.80069277088759,-4.509070429895413,-8.417655722317171,-3.7061552132844113,-3.785039068172056,-7.120468852404159
-1.6341892800375126,1.2359662687975277,-0.5541261726007054,-2.230617642339441,0.6550998924152687,-3.2347610324246148,-7.866282347456973,-5.297133964278718,-3.3980706981193087,-5.182910709856998,-8.430793453575982,-3.080959376976306,-1.7649841660924626,-5.695261252197666
-0.3227416109004363,2.1036550527504296,-1.610272347255414,-2.87603247031009,1.6796151250853626,-4.651940850580586,-9.376752328880864,-4.888659084126456,-2.58292167712418,-5.73265143061807,-7.4928525896468035,-3.649342338628149,-1.9969698467165635,-4.952742831980885
0.4425750205937413,4.575462927558865,-2.577998261572884,-3.201984204211586,3.0104962638110564,-1.7272204337717023,-9.437469206255216,-5.060150472786791,-3.208444661466805,-6.608702968815061,-6.333332924334952,-5.21710464410061,-4.468901534746902,-5.527887365483599
1.5078916956003918,7.343604895514564,-2.4248659826306,-2.8322092008934163,3.453357440980689,1.1689341793778143,-8.367230523065865,-5.490513294683799,-4.599438155991329,-7.461919789689151,-5.471371013929527,-6.50832391351358,-6.975564868171219,-6.721140737972281
2.438114432347911,10.821381346103898,-0.5350165537186289,-1.383730663336081,2.855581897297311,5.560123374891024,-6.490561091989768,-5.528641211648633,-5.096276896257852,-7.234253972357306,-4.578308711233017,-6.120250299824777,-6.709405092912714,-7.02006354728837
2.622956734463631,11.407040409664235,2.5923717490132265,1.306076386229904,2.1837150418831293,6.849650592963189,-4.05180862792289,-4.761969150529726,-3.5234503833901023,-5.188475443986105,-2.866487800602025,-3.773529457563388,-2.563155122486892,-5.417840212641988
1.9858544260670303,8.61112750584752,5.339325554546601,4.682078128701329,2.4116780007189327,4.223247015333001,-1.4713920920764243,-3.419921388599441,-0.3061421850088148,-1.8849585484997464,-0.1347581818611871,-0.7472054344609109,3.740966546515125,-2.472842388384871
0.9809821709867788,5.322301244116363,5.889184533406393,7.339358091866211,3.377686432329508,2.5563910045944263,0.5674684268361823,-2.304379112396252,2.744180230640735,0.9505770900066216,2.621574363662498,1.0368028983479167,8.693705911313726,-0.1053307256338236
-0.5799216462169655,0.566615918212631,3.54144353611156,7.730227538077407,3.82500059850609,0.666148564072209,1.4899245582656313,-2.2382734131356905,3.8056271856476176,1.6925929634051151,3.7582266554662223,0.572356375862074,9.447024111288428,-0.1338164000730435
-1.7582804710144933,-1.9363366241062057,-0.5952157534789979,5.338306214446392,2.633496933220401,-0.2100261778573126,1.3312055599922132,-3.3930534399706263,2.4379316480148434,0.1346168433893497,2.311910759267126,-1.4457419300470722,5.786375999162104,-2.6967585793171542
-2.440876066461123,-1.5707327299340177,-4.207798890479485,1.3187022253122658,0.0050075010823675,0.7118366277401882,0.7831771612615048,-5.024437420638071,-0.1260077320501418,-2.312438106655125,-1.032465925326388,-3.3594283363837034,0.179296112151186,-5.921674937866123
-2.9604287636457705,-1.7544255721579038,-5.336488835874158,-2.073580020627378,-2.6167905476310844,0.9069529486990904,0.6363882785345449,-5.890937847154205,-1.9438729836088464,-3.721813816277781,-4.221215696664336,-4.069784050118166,-4.012687866167024,-7.210837597532178
-3.0317822162155603,-1.4885756587931054,-3.694210891378845,-2.9192979376695334,-3.826529659379792,0.8555490220016755,1.1354768162018374,-5.0815033914578365,-1.7185868063560852,-3.100024432179272,-5.187535720764702,-3.80572356643764,-4.724503120751002,-5.147091922937854
-2.959670673146353,-1.4548256263163863,-0.7043661375375168,-0.8429002881994521,-3.450755768842657,0.9931865091193356,1.9060878116311728,-2.6098471819032483,0.5216461035067725,-0.983663070409424,-3.215363490428965,-3.397736706063749,-2.207644902132522,-0.5029753140272675
-2.701025154812005,-2.084851434083772,1.7245413365519149,2.873818810280641,-2.489552501398352,0.9658536083608372,2.517905846453874,0.6755881713106646,3.775037646609954,1.2198083535954272,0.7199381997042718,-2.9358973982996464,1.637860835981484,4.385543410505616
-2.2418634565999285,-1.9240858585316545,2.622950545968175,6.222969936207044,-1.9653189853458208,1.1559626654468118,3.040257971317371,3.711896620290077,6.900039101146219,2.466610232462492,4.761414613239964,-1.4144367582224842,4.819086365135075,7.265282870118933
-1.628615194246862,-1.2144217012199097,2.4329544258831994,7.649867015707932,-1.9587852558023744,1.5453393955795678,3.920811915895777,5.793691318595068,9.123968705233343,2.782616894294668,7.334541490283544,2.0638469553725063,6.3812228665781525,7.295762075504711
-1.0059958880559556,-0.861697713695653,2.2754148810096817,6.698175638935906,-1.834639398206728,1.4927503556490154,5.257064808013412,6.682323835674948,9.962013843904243,2.897448266003007,7.75516878996785,6.723083324275692,6.41567292069618,5.188578220389581
-0.4094751848499002,-0.7086212310135611,2.786771325748545,3.927271065335544,-1.301122530804995,1.0128991619286751,6.281835279057301,6.373859357064566,8.99330102337086,3.2729971027095983,6.096526769167656,10.018754634924871,5.344102993223884,2.3760391287131646
-1.066732681175243,-1.599541059744084,3.570577931324181,0.4482300453000429,-1.000456074998425,-0.1241305894426495,5.80011024045685,4.962631443022154,6.053655682390722,3.5453539976212536,2.8805848829071765,9.531883989982296,3.417593316890864,0.1087371070231313
-3.167127313507767,-3.7970862171785273,3.6735608817904577,-2.50907070218041,-1.8390865271873904,-2.114471550621886,3.373875645920995,2.80485911363548,1.805187525365978,2.983043942113518,-0.8797539494713611,5.31647980191739,0.906345896248098,-0.8798623739250537
-3.5658221408393755,-4.575128713477169,2.592935425958027,-3.8778119819477546,-3.705658502763698,-2.199191901190389,0.1581041611843634,0.7094707942553353,-2.003049511359664,1.538747518888533,-3.502051140178507,0.4251393075284069,-1.4484534207889317,-0.2659669785647525
-2.393396850090614,-4.0326532898358325,0.9054495286823006,-3.0181372825386283,-5.02739224356419,-0.2700409240298107,-1.5923991304325045,-0.2650272642013169,-3.2123603006111177,0.393106515792371,-3.0463969243305487,-1.2043175683014091,-2.499090455976025,1.894830725685196
1.2422613689041395,-1.1374353991771675,-0.0455665193137555,-0.0394560071524665,-3.874961578348,3.1609177333047684,-0.1819161760860153,0.5513838765804218,-0.6798520690807193,1.2519149238735157,1.4279601294269135,2.094736782027574,-1.4707556662757313,4.943289912426555
8.232661767897609,4.913558886035575,0.8105550155287076,3.996633929338101,0.244838498389095,8.868223372704236,4.018287082235297,2.8443966835232786,4.58632341666008,4.811068069374758,8.606933331039212,8.218171882117737,1.2167765481173034,7.554019898938254
9.77711831614556,6.573867940175204,3.318009547425796,7.305185448135521,5.56978876630326,10.528261661636336,8.570010409958932,5.334150021860614,9.650694223300569,9.7030389920513,15.021190448202582,12.827553328845712,3.9642030712435137,8.30256295701363
5.722661453814983,3.809948690853432,6.006576194012361,8.144024280453682,9.103684693337383,7.793104015704252,10.626466220739404,6.512735723302269,11.356443478073473,13.011722463320824,16.97645127829195,12.681406220641566,5.016775522585312,6.672318258479555
0.4618726937981413,-0.7064560984443066,7.000110334689632,5.782860662433944,8.720489833744752,4.355828597012855,8.982862387080706,5.595291037347374,8.43273068826032,12.193823127023762,13.128179686693676,7.978111949645046,3.7294914676329656,3.6347860961126353
-8.070011568475595,-8.80109028962729,5.272758418211508,1.034432833334713,4.663414358996536,-1.3414994923316763,4.882614878074714,2.986842202833208,2.455797969663556,7.018582129352588,5.637208822780117,1.849165910858321,1.0333058180426766,1.0799942786808103
-11.17772729155471,-11.5813098067767,1.319377042554989,-4.126479695366951,-0.6983163348330788,-4.261962490376535,0.9580169997113296,-0.0492626034255812,-3.153103366664449,-0.0191509611296973,-1.2487614602790078,-2.350765326547517,-1.3149483791514078,0.365814365905968
-7.917744105695892,-8.42455361399707,-3.233425194144644,-7.724753505434243,-4.5574450866407865,-3.7548714367394105,-0.8043353390059247,-2.2315068898805617,-5.472502405051646,-5.268655695394219,-4.264259381145228,-3.528186578523038,-2.1414481615356875,1.1661100467179466
-7.080118076889281,-6.268292954288342,-6.717120238162352,-8.97048985275738,-5.469010304820231,-4.257092155773973,-0.4507995424619064,-2.999666505513707,-4.094620357850382,-6.423907487525703,-3.464247296072756,-3.1568382924490432,-1.8269295824765228,1.671321468920295
-6.685406793594456,-3.0590490006398667,-8.358450267921837,-8.608142938144955,-4.0349512576857824,-4.511832295248574,0.2161661183809187,-2.7089679425791653,-1.3249078423613794,-4.131483019436695,-1.9460060838837592,-3.548775095642018,-2.0356442787054263,0.051194750136025
-7.182332687656382,-3.268509317467572,-8.451357796856641,-8.158962883746925,-2.196799336534496,-4.960048025134517,-0.764971967917603,-2.267639011688665,-0.4254535939153268,-1.474013292071798,-3.1779128961764087,-5.891678333162481,-4.3290311852226,-4.028227669437442
-9.91241992195763,-8.104740840229095,-7.841470839343056,-8.654509679570474,-1.802837135908785,-6.145991225303057,-3.920145198415137,-2.537073555800463,-3.232096815632193,-1.662329563336609,-8.120145235012643,-9.664666137043737,-8.716949616761774,-9.089693908332736
-9.179215526950882,-10.85671247457131,-7.283968695219872,-9.888129519266492,-3.444312604687344,-7.214398252336313,-7.950094431931922,-3.859664729900752,-8.903447978900592,-5.650868863654157,-14.481340767802056,-13.510069141911488,-13.38339917998361,-12.94569748924879
-5.19640834939033,-12.683549184108047,-7.135906037200567,-10.787888753636247,-6.23038539509133,-8.453619797592888,-10.74264779335084,-5.914311830907247,-14.61882853099696,-11.488823699474516,-18.667378095024624,-16.408851031639614,-15.974843638133208,-14.273949016638674
-3.197629444858828,-12.463703090159298,-7.407567003111719,-10.54750838536102,-8.531622242643609,-8.8377370351965,-10.931270908844988,-7.908481586258743,-17.54104624531962,-15.867493168523556,-18.740509733277,-18.12667359576276,-15.495319809254395,-13.443030239839995
-2.3059720351868376,-8.914365715562374,-7.91573904495972,-9.463445358559731,-9.138199952099118,-8.210539347200188,-8.812751195854943,-8.979174905854062,-16.53109275961688,-16.573315545858463,-15.894984470547763,-18.88490548935454,-13.170834807924804,-12.06078906430897
-3.046390019400472,-6.632560194512167,-8.364434905108567,-8.664464725093495,-8.035802251871605,-6.5129986392133725,-5.991344011866181,-8.600379110027871,-12.51896210648866,-13.877290863165486,-13.242621637740935,-18.87805625274546,-11.39899601330714,-11.69226792342753
-6.45188426008961,-5.098298594691551,-8.390798656543607,-8.934229365643255,-6.258040150201038,-3.375199380918798,-4.10064019828074,-6.79261930147913,-7.576447244175831,-9.883946933729048,-12.993358634295667,-18.08739567848765,-11.586453367547476,-12.688160946509212
-5.802207629248718,-2.5795333660567272,-7.668162348449645,-9.721528000641324,-4.9376216301702645,-2.193018298208504,-3.6296520262671583,-4.046063518551148,-3.574962592646605,-6.630168201971013,-14.468179471432578,-16.332554028547534,-12.778025559771296,-13.878735532771596
-1.101824928452953,0.1670459817233354,-6.04302517589834,-9.351313073728727,-4.327684906596627,-3.081266021182516,-3.762979568972433,-1.052631889522626,-1.3131805572605495,-4.667260326289044,-14.655722069088908,-13.36007805125675,-12.37425481707374,-13.304828314914593
4.849884065576852,4.187839091432584,-3.609981472220252,-6.38813750037763,-3.640870975816784,-3.5363779826176,-3.311777695664456,1.54609872729874,-0.4419200855348064,-3.1977779092374963,-10.851493906117623,-8.99452663834818,-8.38513272725556,-9.550914766568097
13.601322010742546,9.669155081321424,-0.6899411677309777,-0.9982088499567664,-1.8805168916741464,-4.302465650079914,-1.9107861039585157,3.266708736814504,0.0001988440329667,-1.3201607855028223,-3.1569193103315243,-3.453474177228286,-1.275468171829301,-2.8649601590846823
16.197452775059514,11.19480464406974,2.24081084031417,4.938629390625215,1.0755637551517827,-3.806138298691442,-0.4259326624632749,3.808765301186221,0.8365702215381363,0.953144862574069,5.261248778641331,2.3618211348115343,6.187810948563672,4.710692730984495
11.813535782245022,8.57250327488746,4.643072337437482,9.139971908071942,4.174774565515394,-1.6122777883586197,-0.1913895662774338,3.1313195535877947,2.1930863663087274,2.7751868948796314,10.38463670210095,7.025608485827757,10.931871319468351,10.418098324636883
7.763219863145677,6.849569265969516,6.062327176622288,10.538560947541036,6.0160672226536445,-0.653192614122956,-1.731957950100548,1.577532503855485,3.458202353975645,3.3501826568412234,10.243939495120577,9.328367312683165,11.738603841120744,12.444963272318027
1.8861636661485144,4.923918338385787,6.324083419241241,9.80687379401796,6.061661712819841,-0.5750700832434189,-4.115936908975892,-0.1361383408351812,3.833228537344602,2.6716810610406387,6.22304215257994,9.099026574674426,9.86980159092778,11.013535192280052
-0.1676835719322275,4.694825720862602,5.65448673631344,8.410459793160818,5.079681882234267,-0.3625524295022536,-5.550533211957259,-1.205678149848593,3.105590076114168,1.503247381528598,1.8485615301693905,7.371409755751661,7.824664055661873,8.079637543570456
2.966384189851905,7.1373476489253465,4.583451415483017,7.1854499865500765,4.394867263963603,-0.5125237652477049,-4.736421675191913,-1.1641639927979952,1.992508173621423,0.8003676203076635,0.1721601994417358,5.683846549033982,7.392069289336714,5.895556549067913
3.180486466190982,6.359800712497091,3.654153202804648,5.833114940928968,4.692045273825295,0.4031361990652471,-1.8288323075597692,-0.1027619361839935,1.6652779989235675,1.1813089188539925,1.850449007519397,5.104497490388077,8.580118418266395,5.603618612830766
1.9051690083398816,2.7943497938491864,3.155013753914572,3.758603031645196,5.539382658186712,2.549358940772253,1.7789745481939565,1.5108896719604807,2.782252389852431,2.793309375754517,5.259136933538151,5.794247488973435,10.128840988750817,6.922204866329052
1.36827615578469,1.9587365899022493,3.078306310869813,1.2965421086469373,6.034457579514651,3.829931787084188,4.584560170845071,3.232424972962928,4.869553860803738,5.4356456579308965,8.213452713340661,7.324243489631034,10.954900105624958,8.931241861509422
0.4016178588244662,3.0582366763958704,3.279490645316756,-0.0601638620708597,5.828973617244327,4.5012215751868165,5.999557198557149,4.864792878504344,6.634091044337191,8.64368155186532,9.661105055709609,9.21421285823199,11.15237577430132,10.98058157438631
1.5561072843447696,5.709137106284967,3.617072588254975,1.1597842300511516,5.45514236885655,4.642862009967305,6.44644155527757,6.322311044436548,6.958311334252178,11.680038961370308,10.00862609279552,11.065991799236452,11.660990220301986,12.809671490974464
5.119296513892305,10.987589465097834,3.9206514488693767,4.83793939658382,5.661812005781547,3.8283700429920233,6.605999965178105,7.357474277786016,5.715004723356723,13.641039354201544,10.12320276940909,12.288530970871824,12.978723449564129,13.965550748388916
5.349922888566276,11.288876548932942,3.890875013293277,8.832084980309975,6.509564715163037,3.3153890653861184,6.622036335270198,7.525755973524785,3.7468164948004414,13.822374079524987,10.192441774694478,11.99875918837615,14.228073555032823,13.453305785744169
2.4834250239691364,6.299719028994798,3.173842745513653,10.26800697219885,7.182666712289713,3.0242817364731387,6.005299761032301,6.492842968687793,2.134333206263628,12.152801125016016,9.555416467364882,9.535113444290594,13.605130693697,10.31562805191526
-1.1101758150395291,1.8492915855224572,1.6810393481685564,7.627198480003025,6.698631512957981,2.657371225553499,4.259075715220109,4.40668913034717,1.4464476945699525,9.30192320371398,7.547743278920554,5.267987372508987,9.942397671440178,4.747688320811654
-6.651199892831096,-3.72648426308176,-0.0991033585517469,1.9593382543156257,4.799792282322146,2.472044223051788,1.5802377345850878,1.976144523287084,1.540495530146516,6.277734172322647,4.425626236040234,0.8598990532255582,3.992825002384458,-1.4156603217008992
-8.76416226167964,-5.792290166063734,-1.1851541012637412,-3.775458714741324,2.1828272191556897,2.11129459685728,-1.0515625551084216,0.1660788650448585,1.9055692810758469,3.80006864594288,1.4252152199148007,-1.5384277362751448,-1.800925040119271,-5.58295198058271
-6.915565992728968,-3.198039705907559,-0.706121104963394,-6.739805262745819,-0.0984630764742244,1.5979395307264384,-2.518257074292033,-0.280444032748167,2.124157359460477,1.9886090517291048,-0.1151146104624407,-0.7204053668067161,-4.957214241019408,-6.138240076482646
-5.431909207465131,-2.6885830887432887,1.3313836177591138,-6.081388949721799,-1.4762904591531223,0.6091981404871636,-2.4162786716425986,0.7791446169504539,2.0802007573734764,0.619940021044644,0.2197649992373396,2.612945787920492,-4.675851365057559,-3.633537758140912
-3.001299607975484,-3.077495189057796,3.743842119058449,-3.277790438750775,-2.233111973373334,-0.963524958741678,-1.3981537022204025,2.7571712382798106,1.8627857504960712,-0.3750937114423633,1.6224006305516667,6.1730062318905645,-2.2708768966009565,-0.4374241176478151
-2.657973417881199,-3.506487901217658,4.734799354886835,-0.8360985029586692,-3.139030328304176,-1.3027097332816555,-0.6811556993824741,4.512356694121787,1.550862999070218,-0.7723406539497022,2.686298547721024,7.499485986162716,-0.1311345098977376,0.8849265696049358
-5.156094089242081,-5.051173392953607,3.0753546293022067,-0.4417059052734853,-4.707574287120992,-0.3727781157865889,-1.0589593032507167,4.847804091115194,1.0746451158535368,-0.4757890161484575,2.3862729547423243,5.454159170795386,-0.1965142205530732,-0.8050450731857204
-6.421315780413189,-4.764394982760102,-0.9035953989322864,-1.9437963320649048,-6.662725772026297,0.666618791520686,-2.177995350954528,3.1979535259450014,0.2466051574308529,-0.0105421147788957,0.6592592142515272,0.7963168039520809,-3.0558880336115752,-4.721343441066273
-7.255854777464321,-2.6607269822548503,-5.297904382575736,-3.7829771181817016,-8.007099002179391,2.221654612653854,-2.6992718123470363,0.1126226422384615,-1.0509663906618814,-0.3892976613609642,-1.7267933251369207,-4.395999356343387,-7.960999473659747,-8.907189522944481
-5.732787042098659,-0.9921680447840008,-7.729454786676518,-4.318977542113466,-7.652322540166457,2.3856723236985324,-1.332238776123762,-2.922043161813373,-2.6403558683765915,-2.2592718011481,-3.742020481499426,-7.919281522434734,-13.29649424827424,-11.470534332210686
-1.0021801371092252,0.7790611182426739,-6.858767273290524,-2.944033578604561,-5.200200873844526,0.8701525269157399,1.9715890448934408,-4.395486111244339,-3.9872665338966033,-5.092991211082211,-4.6128742611019895,-8.4938931662364,-17.07308539390021,-11.44565720033565
3.198119795869787,3.253749064329573,-3.26428714372984,-0.2557454115539261,-1.359107216229872,0.7813996045317421,5.617111475939574,-3.840950304221829,-4.45613416838289,-7.3415608818569424,-4.039373167477571,-6.225562516233263,-17.509104503293802,-8.978248753815283
7.472169038661812,6.167562859589928,0.929963393174022,2.567429651088963,2.3091882394396803,1.7580157809497747,7.234494808872708,-2.2000416696828866,-3.792031451244384,-7.625835969365774,-2.2040009985078406,-2.4325142794200083,-13.90293716530361,-5.0523194956981605
9.64842097266937,7.258801160149129,3.413275900315277,4.517198039345093,4.205250885665032,3.1067533241913123,5.356432775871877,-1.1006076317958255,-2.461173693354926,-5.9743329569587935,0.2515800327937931,1.011997824598323,-7.471600056495887,-1.0548816187943828
8.837619384380954,6.337306437487467,3.1035495059915625,5.139127867084604,3.598967162022511,5.408915956661917,0.7055447728341875,-1.5719350794885845,-1.4717808274815385,-3.928190094956779,2.3059431384569784,2.587002823417375,-1.2869645916705217,1.715149228818241
9.25384236027156,3.9224815952225103,0.7063267192041067,4.56225649452416,1.074320580509459,6.0977047741787285,-3.99613710545148,-3.239859950032905,-1.6724538594492682,-3.3047854832088603,2.8809780894054846,1.90461582863238,1.232497258057787,2.5486270036689174
10.24183562642637,-0.6877626280597491,-1.8730046084529643,3.402646684712653,-1.784170177846276,5.029208493130769,-5.758615478761289,-4.664966101055514,-3.017659673218372,-4.653500751457756,1.45030335290976,-0.0953887390946199,-1.3887957082538165,1.6506517881614222
9.958676398006045,-2.473873393604434,-2.8118876864842584,2.573125106054448,-3.300290504833079,4.192763568618245,-3.4297194618089843,-4.525613537913026,-4.437256325500506,-6.761296453558847,-1.3999933812138394,-1.7546370672804787,-7.2979241513335005,0.0428897432125872
8.983091972346884,-1.182537788975986,-1.5075890003524606,2.8626645919020923,-2.670255275289982,3.017206612405098,1.4147354274322217,-2.662343981162492,-4.534990731007184,-7.653543286033457,-3.995508417422695,-1.7750041818618951,-12.18938393244418,-0.9782391369941834
6.951259999237335,1.0922984882993745,1.1250981424997608,4.368381802130093,-0.3847812650575726,2.4592262280400434,5.542998182485039,-0.1728423581149734,-2.660751856203298,-6.234867211374606,-4.440158254773186,-0.0286500972549532,-12.126556314778348,-0.5295851988751394
3.608283464376108,5.656445409281427,3.335674078114089,6.234831074138976,2.154402486424625,2.843399794003456,6.33211376659029,1.435578098969673,0.4710994387984843,-3.1930630719380666,-1.920702331176095,2.4605791481996846,-6.314657579515423,1.4139208805588748
2.5253511415885104,7.341171756068801,3.721556218966038,7.107899666428599,3.5546727625064527,2.0373048991005955,3.5144434133504463,1.3078036988661914,3.155631869514888,-0.4477616626660747,2.487938038321984,4.277107596957174,2.3146564259615623,4.014043627003474
3.849158308735381,5.7830064811588935,2.117875246530732,6.109469777887366,3.265846436623072,0.2488681440656857,-0.8658265030770238,-0.2682981457763294,3.8521479475801215,0.3644445342635656,6.316649855527838,4.504469609694395,9.204378548996807,5.968328801447618
3.3146985640619366,3.361281739210162,-0.3941941886421078,3.561998623569151,1.7964259858299574,-1.5732283031204408,-4.110133328832875,-2.189959240606252,2.2875770935123825,-0.8549594652441543,7.399843258007311,3.168006592605688,11.35757980366374,6.176316617617214
1.5574675839498635,-1.2773724525633523,-2.322799045729834,0.8031834000419664,0.2527289325248834,-3.796463735465873,-4.743654884544045,-3.322940906305133,-0.3148012658040064,-2.628227448331896,5.61635032626215,1.0917160705543498,9.207803470359972,4.443294363151158
0.9505939901341686,-3.015471796418384,-2.797536005713804,-0.7924087081121804,-0.403999264855277,-3.9415951588704745,-3.2197694201269424,-3.159754662322628,-2.068419991663851,-3.06336804388564,3.2009862013919426,-0.6046815230512701,5.905754127203198,1.8156217095476967
0.9102011219292516,-1.446894401521018,-2.0339367562557085,-0.7700125307171337,0.107175533229217,-1.6871226163786237,-1.1383221610112466,-1.98686090684214,-1.7210184633816548,-1.300613232829746,3.1003399258096325,-1.0796159168141912,4.786330857193802,0.1151034077877213
3.05435933415706,0.3426829131987065,-0.9397218626808916,0.2245319151587761,1.3013386930707345,-0.3213809147380638,0.1742654439299222,-0.5653092681044578,0.5235097480260817,1.8503658313955995,6.486780196497562,-0.1913018813313076,7.033467460495047,0.7140531082452846
7.91206907216009,3.641675615242255,-0.2530897636072149,1.084843430565229,2.243446905148689,0.6796260779247147,0.559557124835611,0.4093181428141248,3.241657834577061,4.540650718909259,11.486782150334612,1.4439394508904604,11.155079182439383,3.37563397121015
9.272751081748508,4.483177244115788,0.0623325575025264,1.093651848563388,2.08445203707608,-0.1503758193262825,0.8398893055204733,0.7228510275208206,4.874544444632891,5.27465829934165,14.381747945036013,2.8761690670666225,14.354550675700338,6.256560286439898
7.22623892231393,2.346116855422117,0.7006233914882909,0.32742249113541,0.5933409305035697,-3.5718232062248445,1.8736136750256411,0.6722243525227016,4.811199366943125,3.981723673920108,12.46532277930315,3.514440647632971,14.553552099337896,7.339609611431842
5.33487775245633,0.1898865661963447,2.307344317007659,-0.5668213544699787,-1.6020303403748253,-5.426203880282952,3.658227609872202,0.672415624312019,3.637821055812464,1.9397877402323007,6.194924778155574,3.5201810925224963,11.605091005784375,6.175994284293576
2.297384459567281,-3.032466936312173,4.777357084641537,-0.926319893176582,-3.3301934673400533,-6.10670932656053,5.155773211702589,0.7332483987456659,2.409374272221096,0.6405139554000967,-1.2109164120777551,3.4671878222985875,7.063710764094466,4.286948370188144
0.2402320025123691,-5.397102144037939,7.1442878899716975,-0.5338422678255297,-3.692132586308558,-5.919792937620362,4.980280152389371,0.3032738312570586,1.6323202520755484,0.549367573145565,-6.349336870431733,3.5397532144356703,2.9543025841842288,3.686296752668501
-0.3556543760987708,-6.4962702535761565,8.203970589373286,0.2633160267175332,-2.831865129100783,-3.988786886575448,2.499375303947838,-1.2351125643371137,0.9094386566533794,0.8104007336073007,-8.10115389134471,3.145592945221802,0.5370539769162803,4.836122619129549
-2.791198105348678,-7.585327791243426,7.437698033719579,0.7814376967415386,-1.9537666733524968,-3.6937268485949257,-1.4292061048323408,-3.7347373810403792,-0.4073957490778981,0.1552170874169447,-7.929186893424267,1.5361173677975346,-0.1542632896171807,6.056721460740815
-6.594763439153484,-8.069007340849652,5.501015256161033,0.4085941179774526,-2.4021597306437057,-4.986651521998528,-4.724535257408748,-5.927364434142078,-2.208270171653158,-1.7699773721394534,-8.03070552041175,-1.0533483320812769,0.0979927966796898,5.098248145786688
-8.141850088139272,-7.814533631715959,3.799441493974729,-1.0414763534856544,-4.482481347675395,-5.199424971447195,-5.352064174465784,-6.123905256501433,-3.3619883818281187,-3.854310255253997,-9.256924757564416,-3.0076897642843736,0.4719028153848086,1.4377431148157802
-7.694957020257782,-6.802405854447957,3.3807782464096983,-3.2270200781150638,-7.057630177219686,-4.938627089579693,-2.80287423358794,-3.612146527653902,-2.6629336162356925,-4.320197229281468,-10.653634397959468,-2.425671679704517,0.6093609682464685,-2.952933080877987
-6.592826601689301,-6.036666844780448,4.021673936063818,-5.469749598595388,-8.340931601258577,-2.9927115179957244,1.3388869955976794,0.4400679603548845,-0.2097663771843585,-2.266337477129529,-10.730475719121513,1.0502204625970126,0.5710790804763022,-5.215192274171597
-4.083748413563423,-5.544885185851112,4.351598562649763,-7.097118881657278,-7.243001133197324,1.1683220378213763,4.3254328062845335,3.5634404668304587,2.1993504906454184,1.3712407509640965,-8.985635508501396,5.401073532147963,0.4753515505435661,-4.144063689965975
-3.820512116326758,-5.017168023790352,3.021050484324201,-7.714787389001554,-4.146293895378766,2.55380442802157,4.122213567085115,3.784053518369896,2.3230352341933638,4.360916405679252,-6.261387955764936,7.445181944342625,0.270104509854602,-1.2969997125181072
-6.13828694345749,-4.718314267940986,-0.0554899095670444,-7.29196250832206,-0.5393728484992746,1.2645365742725705,0.8468183008674792,1.1890248224801443,-0.5339396281937416,4.884307169297219,-3.861937458986779,5.280462226806915,-0.1526241783167465,0.3467228807930498
-7.294898910977061,-3.753998646655061,-3.524686195570297,-6.110758763974655,2.043901837246612,-0.3786285787279492,-3.3675974252440657,-2.1139886338420606,-4.614330573061142,3.0179727202720183,-2.513404417522477,-0.1305980374337423,-0.7201897195533906,-1.084867226258698
-8.087207320916532,-2.097460731420406,-5.712338016398169,-4.688792715827008,2.8617864290560213,-3.455989739131897,-5.990648627234181,-3.643891356475813,-6.90096918618738,0.6955853789736874,-2.135000699184891,-5.682918621716482,-1.1931377489479136,-4.922643433452292
-9.259644931689762,-2.627789959117992,-6.048032208116807,-3.682659326263496,2.076455051258012,-3.712155930467023,-5.900142102272369,-2.397219733027516,-5.540617919274444,0.0981886279382333,-2.3910316679878907,-8.573593850315435,-1.5072955104911223,-8.765413951694521
-10.308169403922632,-5.387184904478997,-5.49270227599472,-3.687464264966355,0.3650413788360094,-0.6690608867823844,-3.972034883233405,0.6037443456860068,-1.4293186383056948,1.7763466867282371,-3.248666367914547,-8.358913429240545,-2.081714346823276,-10.591706918970296
-12.724043166907068,-8.115583498216965,-5.599964617461126,-4.92148218177263,-1.4729555988291771,1.470626273705604,-2.125560273831596,3.3286439114999933,2.4307495953661107,4.087947357075377,-4.943710999247315,-6.927828669722878,-3.655224990561507,-10.20464123346509
-16.618936374820844,-11.411452892690482,-7.120096682372271,-6.981173782197253,-2.710766230785282,3.691920747439628,-1.762365355361048,4.253506618128554,3.243234489409053,4.475672231806222,-7.484271768979525,-6.617511025312275,-6.640933140115202,-8.918980234992308
-17.122940925164425,-11.11776225427232,-9.415927978852816,-8.924159108934312,-2.8358627874145483,3.996083218676846,-2.8739782250309176,3.130374129307505,0.4510480997920183,1.587408648191282,-10.27832265614719,-8.275878045123797,-10.516228335780426,-8.135790391890154
-14.193943331669708,-6.515409391441343,-11.098887745466428,-9.729612438341428,-1.747805839441149,1.5813200545491046,-4.317172481016229,0.7208231676873815,-4.056799718840381,-3.455819705935013,-12.28109810998697,-10.886957937478892,-13.83872003490328,-8.291609020850334
-10.746179736472476,-2.2276379773378503,-11.152731032017456,-8.855296863667899,0.1382861597547879,-0.0721535358572109,-4.751959471189341,-1.8557801798138092,-7.453598024506398,-7.665040340612968,-12.53252742881913,-12.758819831991673,-14.986988871502133,-8.95092929049008
-5.693579124810026,2.819298677678352,-9.530693063217214,-6.488849798330225,2.0821188234080346,-1.5792093474643296,-3.433095847136084,-3.505525386657201,-7.798550451490176,-8.223055574930601,-10.6521600055136,-12.901938382063996,-13.127407388137794,-9.51748387593577
-2.8142933663904213,5.820521350005808,-6.921457289961165,-3.340655560811282,3.4315341308960647,-1.321077935817263,-0.4986000564701527,-3.3120047311749694,-4.889497702693809,-4.443847620166366,-6.983930042157329,-11.36728661336798,-8.73630996399601,-9.612258067179448
-2.6939832769878933,5.834883217679058,-4.182198926524109,-0.2049234195763887,3.952350473690253,1.4583185491585484,3.122249621524457,-0.8772545464025541,0.0645581265028951,1.7625292323304649,-2.4016730832901025,-8.609312238947389,-3.364382695478021,-8.8942487382194
-1.0926621585652685,6.219295478470644,-1.9985946952233355,2.3565362341168914,3.869471453496296,3.969899637045914,6.055840685901632,3.1577221178727406,5.308609721587093,7.20555637016092,2.0272962405066477,-4.91638242704482,1.160521976612948,-6.9315222663086296
1.0813746843455074,6.044486368050009,-0.7961547429187554,4.081844645991971,3.704792603771456,6.783959052898097,7.132602921364303,7.05349348558067,9.2983414440912,9.506889936721006,5.359230077986503,-0.6301649817383748,3.623014654134362,-3.5986678514003607
2.97625841981246,6.487905850334367,-0.6013848393448562,4.990983329038144,4.090269921504092,8.219327914493318,6.18774949334259,8.879236247514982,11.1582974766198,8.459869525724688,7.017721290210805,3.2606945815160024,3.9584090129385743,0.398850702433009
5.149648240305867,8.039867369096417,-0.8383677674071173,5.4381463711291005,5.56061202193224,7.680004246879906,4.393602744734064,7.924679126600015,10.88916250004538,5.763033728609944,6.946595370925479,5.166015770703368,3.1767720516045728,3.686812020446826
6.841677970670611,10.268968408872189,-0.4680646263121772,6.11125498253292,8.21949965256482,8.105332055148848,3.5273552284919063,5.374955810085641,9.273366375464692,3.4967568810541394,5.634480198981109,3.9514076178345583,2.677140778510718,5.193560104403247
8.011253438871279,13.698251336831069,1.2836977627986386,7.710308934921116,11.38413478932008,9.01221268416184,4.462868133215963,3.438282332036163,7.396202692665241,2.639381593954134,3.979162445369205,0.1741239734240238,3.3076331427455408,5.034319598553715
8.815173415374407,14.654508159904449,4.074624547302289,10.322357303119414,13.601766383057146,8.13033296662473,6.155358455752854,3.5242928619325973,5.977701262003052,2.7596513812109187,2.997638755294332,-3.7928449279371454,4.790888562162415,4.349493508255748
9.058471080372472,12.959402922049732,6.3592590406597225,12.985373486952842,13.319188360676003,5.748240988098448,6.265137774789263,5.067916802974004,4.988662210056564,2.918470128376356,3.422600970004304,-5.180332923056731,5.985026992938401,4.217358375515801
8.651790063806905,10.420949636205714,6.430452409848414,14.021373606218043,9.911555586905532,0.9688547288886404,3.14637141724776,6.082801768492836,3.873667082686904,2.7543077446894277,5.275468439491917,-2.81635748434903,5.829861248734488,4.7649070804288165
7.5168654112464,6.116399328350146,3.8546443372921857,12.147588301128463,4.294614983009602,-6.795175261179539,-2.484649353904338,4.928461174067856,2.175507817113658,2.679572120559392,7.630326382202639,1.9001185168609496,4.205587313334156,5.345763819935094
6.321539275574541,3.6245022482782447,0.0225495197003979,7.587037393447936,-1.4601677859175908,-10.24528245730855,-7.779827426074199,1.6657200444194125,-0.0138450206427691,3.0979885633319384,8.88180200074563,5.888313027244237,1.9546502485206216,5.431907407509101
5.055862564906112,3.2867204481437016,-2.790525389403534,2.190868194813632,-5.298539419241678,-9.20376879903513,-9.808962095479188,-2.153769287158997,-2.158260068128776,3.5784764828812285,7.632190294603433,6.502013092955618,0.0682090048669508,5.111973288976685
2.6965481358273307,1.137221212065623,-3.1319102735216973,-1.7105449057037845,-6.298421611397391,-6.643014271832603,-7.716967500091627,-4.890416639744849,-3.765489998971276,2.9529671302438203,3.763130473396565,3.285699992129622,-1.1788688977610065,4.665612033885473
-0.6835200071264376,-2.075221958265528,-1.413071539322555,-2.927795206637999,-4.985489793419198,-0.7456751399438271,-3.232777159704696,-6.014029516144923,-4.75650703637022,0.3267671287328291,-1.1967298607610104,-1.8930751365279723,-2.350258802339546,3.850718836872385
-3.004604993092063,-4.362489280854043,0.5544741333744128,-2.222180852210741,-2.7990799556506367,1.5471212308075235,0.7195804130378889,-6.116588137148199,-5.419458286642588,-3.9804493272566175,-4.994071516158471,-6.320306555665741,-4.198050348541095,1.900301130671771
-4.298798891300292,-6.190532921911792,1.0511759913415195,-1.6315767823269525,-1.2396217275852663,-0.2688729294815681,2.022600546886302,-6.032455383009044,-6.105344265948492,-8.511636723350922,-6.347189143262693,-8.319880842450761,-6.9330788373135945,-1.6259259964425397
-5.53292828300685,-7.324564264898033,-0.3141815508721279,-2.8469058691407803,-1.2355723794217752,-2.6026023848456346,0.4752071112656963,-6.10372495526731,-7.010425483647843,-11.720834298102492,-5.958065135793021,-8.139123293721596,-10.056073448808114,-6.023168445914209
-6.23760471116355,-7.413584716692035,-2.5346934906151333,-5.934762765519437,-2.894788598178824,-7.237046079347381,-2.482503247732417,-6.197780798566281,-8.16054091500191,-13.010590476747868,-5.7341138662549405,-7.293247834611417,-12.714048719389684,-9.582474325278907
-5.920672914926112,-7.2964898371216815,-4.131401629535819,-9.359111574106372,-5.540882006913442,-8.541001887254009,-4.854339425836304,-6.137962309591924,-9.410625740403862,-12.825840957759898,-6.742532417865043,-7.032234873323883,-14.07644597753357,-10.659954913680668
-4.536665631401262,-6.814962679503452,-4.166356745759213,-11.154933418122006,-7.973331210764073,-5.966792465081343,-5.156349040193664,-5.8593615587929015,-10.310513691191638,-11.833870655446134,-7.8229275959948765,-7.212499448711572,-13.443920064646118,-8.769072809796572
-1.477228900124527,-4.400843048204174,-2.6066957382097837,-10.243230931271343,-8.979641827034548,-2.718512870349012,-3.052169105687767,-5.14377092709897,-10.026508618603078,-10.109645733791565,-6.388973790338518,-6.451209221874482,-10.32955297829528,-4.847013181915379
3.505944874138424,-0.021786254502982,-0.0288099347739443,-6.951121326955118,-7.986863136756233,2.685253888844517,0.5070115391310122,-3.45628891270526,-7.67637182817716,-7.189916029683312,-0.8956329193392136,-3.380589817247266,-4.831902966170359,-0.6130280558226939
6.168518473325899,1.9589853693756785,2.840648705385462,-2.5982955808994923,-5.476004903500522,4.695750888626784,3.683789681562883,-0.3571146696958873,-3.096553491053534,-2.929684861386864,7.299779538852942,2.049002309037675,1.90113372410919,2.4224135834861045
6.388111986878512,1.558326847388939,5.358000102587628,1.3032815663535953,-2.758924084671799,2.7124274679656883,4.717637262987175,3.770458184204843,2.5331737939751235,1.7711478097419224,14.554323807232349,8.269790780630741,7.775114634040191,3.686247153429456
5.641572385786326,0.2066807310501693,7.007439647814845,3.671807882681339,-1.130583514401538,1.6126685298488808,3.085946861624349,7.4849726076101,6.957578149310756,5.234724798343336,17.62095850216489,13.034970016369574,10.764629320237251,3.7070382940866935
2.831002717237184,-3.1625257133572213,7.5060551275161105,4.1643000428329,-0.9599531111944568,0.0664093068635955,0.0569957283190358,9.033969531923526,8.136280144653181,6.164465216140667,16.044785634688765,14.873748127453783,10.265889520753888,3.708189185962053
3.44848091863875,-3.345841064696875,7.022118215379155,3.291206031677142,-1.448993895469246,-0.0921146602931239,-2.017123635912234,7.634261769836523,5.720035082773708,4.678320701485107,12.235736167485232,14.000196189287326,7.637816032322255,4.830739986558158
7.842121693873516,-0.0136166848155698,6.257779946151548,2.307813693981148,-1.3143338655387096,1.9089468339047568,-1.3774915250104018,4.222325211245432,1.4921004203554933,2.255849193657629,9.372296675906483,12.093234351115251,5.303348213154946,7.395002791642703
13.80627549547926,3.899493188382459,6.146222830519269,2.682508656005205,0.1186151385612994,2.1077100500233943,1.7594568997162172,0.963351543107013,-1.7337143592655302,0.6386658856395204,9.15039518603204,11.206328270035293,5.037738971308967,10.699243082792874
22.80377038884157,9.69116050287833,7.257120933167295,5.191108172349766,2.30725614734644,0.9903358478383366,5.3474942956901925,-0.167892933847165,-1.9966652956986517,0.6790438501125688,11.190004279190976,12.58564751731838,6.854415392112284,13.565564899016293
25.20662396872759,10.960595710149937,9.342633058988962,9.195828321048038,3.884159387012512,0.5458914514605838,7.176066901278486,1.340188556163953,0.5955041870012447,2.088246890707678,14.0954095625471,16.076210227706667,9.373849404429382,15.243663330465164
20.25492209629619,6.980363553110935,11.416587777352971,12.797561878091011,3.720410843715304,0.1796520811929853,6.645332868534094,4.324779475380047,4.210935124633714,4.07919432970175,16.70395992435261,20.307313795294696,11.183908950219072,15.89365320971928
14.503652110359964,2.0747481303973565,12.340102083704831,13.958143288828602,1.7780843071165222,0.2773910740808483,5.05958681856135,6.841118341609825,6.786536694744685,6.0642914299840776,18.31843105241641,23.40639166457876,11.84130004563624,16.173675089015916
5.558498851306059,-5.463261326804138,11.473466139754358,11.83884067819466,-0.8958157594464211,1.1203906105327228,4.19340188563433,7.406178614307279,7.388895641961483,7.72326801577249,18.146987917085276,23.835768183744037,11.678652265137211,16.292986887574234
1.0028470471977045,-8.393726594618538,8.928507578574983,7.335175389913711,-2.9201144075360226,0.7753035358476419,4.525393540661582,5.742377186020391,6.457180214604151,8.633191508240873,15.09998470803442,21.006487686770623,10.903390551911857,15.485404240183144
2.0569700024868407,-5.764476895147065,5.3297504602223285,2.413463028092071,-3.410007237756989,-0.7155050918874677,4.851145348445158,2.6873325465099747,5.006668349491392,8.191107620929117,8.571808761311647,15.454998652532907,9.177907319662031,12.56541457437682
0.444834436385816,-3.0504600419552323,1.3960795475274992,-1.1858075520703508,-2.332793117779026,-1.541767673225564,3.61664079990306,-0.4683833047777206,3.674608998482832,6.132032217022712,-0.4588790867361467,8.538951508392156,6.205208749266379,7.217078119691045
-1.9706758219347755,1.6818184342575804,-2.2875296177464115,-2.887192450486033,-0.347609508393603,-2.022808543264673,0.6010737964929405,-2.7193995639718302,2.398284021432396,3.0841042933196405,-9.28780080814473,1.8262262772013076,2.5879917569842306,0.8449972658339817
-3.949458326303072,3.621003797016144,-5.244637801590635,-3.2774915054201514,1.5882459640660898,-1.8383974339113485,-2.750090174032106,-3.780942773299543,0.7981738980090185,0.3839653743910176,-14.82305553920979,-3.4911693650450246,-0.1780836352754278,-3.976728533308204
-6.568646573590991,1.88137986846158,-7.066721631605574,-3.363802253554113,2.633767113261932,-0.627538696524063,-4.654434306189458,-4.0706438608507725,-1.2425550682731554,-0.8806594977249418,-15.52858417680376,-6.882554797506977,-0.7866969922047815,-5.2495773145690805
-8.324313735149106,0.2478627066852252,-7.566378356247313,-3.772592470561385,2.434186473176382,-0.4722984534571778,-4.622240222062317,-4.288665041057946,-3.3169156872093595,-0.743472521360431,-12.432837053539975,-8.44040155288043,0.7375284151022115,-3.144904827852386
-9.242149596577727,-2.6568906588703665,-7.020969488869,-4.452258978258918,1.3128260947025296,-1.3058881065403003,-3.7735223056464378,-4.84920886852683,-4.6884938392744,-0.2792960005736802,-8.367376957957887,-8.700585307093654,2.9837905971579346,-0.0677644730499125
-11.455266569294343,-4.387195032348024,-6.185356385929183,-4.961384034337826,0.0513464787743558,-2.0336116785004323,-3.611090240839367,-5.567349448050422,-4.756004679192515,-0.6229183625734791,-6.032659029832637,-8.46374116031231,4.222221868368749,0.9790498736678188
-14.825223499071717,-4.455039469454126,-5.910379988470581,-5.005526362754921,-0.7344253879773319,-3.072602662116277,-4.571311770358264,-5.898916054558725,-3.514936829710379,-2.0205081898888797,-6.38342215819857,-8.57703511537423,3.526126303984988,-1.5328876862668466
-16.62352238374513,-5.061428476397367,-6.599011371133756,-4.773747782224753,-1.143963497156122,-3.666627581300877,-5.8024854155437495,-5.586759375851308,-1.7649588367162892,-3.7679974525047726,-8.46070489102216,-9.604562737688326,0.9861828571365124,-6.7727107944590585
-17.090379300583134,-5.531353381459992,-7.941749499286061,-4.828075778012455,-1.8759089645857472,-3.665358947091738,-6.262432721667402,-5.107724833156439,-0.8456861827241866,-4.9862058227920585,-10.571329718643838,-11.511389198899964,-2.858123731819326,-12.421278438697088
-15.657126621385771,-5.234738460325032,-9.155088011748866,-5.641399965175644,-3.4360812435558685,-4.031778414389574,-5.865298574949435,-5.371793971739969,-1.8568184187607315,-5.411414017895012,-11.70678352941755,-13.647830557485475,-7.469742326807072,-16.377745628393384
-11.629879295959586,-4.317200797839434,-9.508578896521946,-7.136349935168816,-5.410739376641132,-4.586157034350356,-5.451729218910749,-6.807004101833456,-4.723278875563111,-5.477666737565812,-12.07678658826601,-15.14779861109323,-12.132882673122296,-17.845471621602414
-8.275642867666553,-1.98194732771825,-8.703900192249321,-8.585283335519904,-6.593174996100949,-4.469621556407128,-5.702803887198812,-8.673143537251235,-7.842712371949325,-5.737735320768891,-12.497113147803503,-15.459490303700363,-15.598676619337922,-17.156850435398013
-5.386354351084186,1.9779218696872556,-6.871332046656114,-8.986647719605024,-5.92899352514177,-3.754689534964592,-6.2782579698635175,-9.401914905562016,-8.898621000090188,-6.282745699696896,-13.327620192986586,-14.558484477138071,-16.368684786742577,-14.942104597706964
-3.487733959579958,3.4231813596940683,-4.341158919210329,-7.710649827353301,-3.411923291510071,-2.586186400415182,-6.192755298511244,-7.85557796848758,-6.563326123548094,-6.726228868122902,-13.954683549815186,-12.708403580587422,-13.72046716774139,-11.66255133800744
-3.4004751365277794,2.262766017863326,-1.5146538002552532,-5.009045881109877,-0.1276481746265787,-0.7709946922280564,-5.044238900056655,-4.446478053112728,-1.8581713971984184,-6.704552845724493,-13.284135519433647,-10.126979100128167,-8.623188021487508,-7.842816802473223
-1.381850754326976,0.7087797136817944,1.059563911164382,-2.026504491639443,2.4957594229430384,-0.0373561327414955,-3.6959292028774655,-1.0436216851189286,2.1453091489785905,-6.348045900854849,-10.822929975515372,-7.0023322307636775,-3.5580979154762744,-4.431071940857734
2.34729773893568,-2.2155297197058443,2.639958915134315,-0.210022282926964,3.4985432560370318,-0.4970133999402322,-3.5163958394466874,0.3928031302272501,2.4214804857540955,-6.227515302079588,-7.380193176519178,-3.831967166757167,-1.1260992795481997,-2.588917317891685
4.049969688558372,-2.7366802162160595,2.575080774026219,-0.3902964833970728,2.71414920543355,-0.1046272763756842,-4.82530744132108,-0.6255613227687533,-1.5809286552918138,-6.781996650718938,-4.657896831736409,-1.5403684393181578,-2.366450506613525,-2.9160299536005567
4.228521077000448,-0.4065086793682468,0.8580982938882116,-2.1070548012887613,0.6932227386120076,0.8103062283636985,-6.157666062743324,-2.6393360163981754,-7.198738897164475,-7.71993614392607,-3.9017826263492665,-0.940686465355121,-6.011206573703326,-4.813455858912498
3.3803428626452026,1.018842614245832,-1.5364666293368003,-3.730905832621161,-1.463610338464754,3.508967008773774,-5.271936589321335,-3.249740787310934,-10.317280047995794,-7.960907254355845,-4.670532502423477,-1.851037704352791,-9.265573109701704,-6.653894358150318
0.7838751634052229,2.422770009166351,-3.0320373634637505,-3.468690056120465,-2.397041294070739,8.502306778777129,-1.114921440353804,-0.8411146006982904,-8.37050305023849,-6.289942810646636,-4.879784319612753,-2.7866170266091643,-9.651097403877934,-6.743133782621143
0.5854463343128115,2.511248806423859,-2.47607890748165,-0.6550283204570206,-1.1467994078531871,10.365860652746028,5.066254375260947,4.244784119145123,-2.1951591518493245,-2.3197482236033053,-2.3409722370673336,-1.848573678805451,-6.7007731073752055,-4.405450406983078
2.9630584128011868,0.6210464746290443,-0.062398975727568,3.62714721648868,2.0215110477958973,9.17159405723286,10.54167857938399,9.865978100669658,4.72343558691481,2.960503381896288,3.2980687053163606,1.6847772006188393,-2.320175497741161,-0.4388163481998361
3.817112147967245,-0.7856758626323075,2.697650465817553,7.164369359299165,5.414006232683995,6.633776081130258,13.136173528718324,13.39466324038652,8.895088403316144,7.556622342379327,9.84795599118705,6.4331378228538085,0.5370637243428149,3.367522773607483
3.957979624098172,-2.1563899629084604,4.071828044812811,8.099872484831131,6.914265591666645,1.4705675312268602,12.694814709921925,13.296947518981678,9.14548514656991,9.617239621275242,13.897443567763348,9.676776753335798,0.0392240153473828,5.348115918166407
3.301905653958824,-3.051774736690321,3.420890951820219,6.195814039152904,5.656733223378684,-0.3013770105833373,10.81328584990515,10.00717283752698,6.890415463487898,8.595637640802344,13.28554874094927,9.387774931569249,-3.076851085929846,5.000678676672244
1.159736421475838,-3.0211109825932496,1.611431356858354,2.9216941158569973,2.90657745391589,1.6907369950063909,9.304936069369298,5.6145510234972384,4.5282406559847495,5.584647399842218,8.805538715279894,5.876066400794617,-5.955452989414635,3.2531962885644816
0.5556057214230248,-2.494768840801601,0.177424999009613,0.3420619306504697,1.1330838336366718,3.3691338155915083,8.887187092225219,2.5934169913305425,3.596655233747061,2.569330598378265,3.755723661422099,1.5971820483210912,-5.737386182373513,1.7353013413346936
1.4215091369320672,-1.157237670309579,0.006078627418109,-0.3115124228122603,1.8858694638026563,6.156822405385649,9.096421869090031,2.356305906816217,4.155398592519159,1.1644571915618336,1.659960016857008,-0.7694294731253208,-1.7505158125725266,1.5340008536332732
1.395118360146979,-0.0331097332781043,0.7223051023588454,0.6671465109816079,4.336863614721846,6.855521825839212,9.149753875832838,4.503204634795766,5.450233871113799,1.784234048183393,3.903264323920716,-0.3448180925531581,3.952950531736793,2.3690915337972065
1.011770659000039,0.8520112651572509,1.2421707393132504,1.9124149709386788,5.897229376041024,4.819989615983115,8.722906899838547,7.219545621638684,6.8105657892014975,3.792500041720748,8.99845988698324,1.5097695633160235,8.14831702907013,2.877889076867609
-1.084466152967099,0.5465908351241726,0.867373837063508,2.135586530074379,4.470636031309651,3.5031049513428685,7.99703514752025,8.548907029396723,7.907519496684604,6.330190626930874,13.851495283490294,2.586499815082547,8.833171772282526,1.8360251028991048
-5.3941571823291765,-1.3350423600498644,-0.1260753284844611,1.0782668268559128,0.3737483532216306,2.059862503099019,7.207636740264656,7.67890452415263,8.476599872660213,8.975745372912193,15.917770344762875,1.7317130869897364,6.571128322669405,-0.6759945559602367
-7.392169757409216,-2.560120829042137,-0.8658849419897288,-0.3977562797646585,-3.805179504398808,0.519392480590726,6.318256775662973,5.351854204891807,8.173170257605216,11.64956901224262,14.667211247453483,-0.3735787760569056,3.8082601089650296,-3.170437780010253
-7.254246689715668,-3.3870908052600046,-0.7611361181623373,-1.095145463677503,-5.325148844400011,-0.6575767621107792,5.084385811363318,3.1200491621340283,6.83947587487214,13.987431113907093,11.482001349917326,-2.060749771230465,2.8478021530954507,-3.8677223619490833
-5.949993469077961,-2.8828142170609588,-0.0392892590617925,-0.5149362651184903,-3.5552172902708903,-2.9691312843668216,3.268047615876485,2.028274600222591,4.772782013544074,14.987071041945692,8.308847924557103,-2.241036356995722,4.172532258756599,-2.14922978443677
-2.432105877162404,-0.4895661382425511,0.4829044624455489,0.6872455063006138,-0.4233383012223068,-6.337395181872108,0.7301018303877491,1.7777111948642084,2.53105657732639,13.49337993877844,6.1923311477781455,-1.3108279301693395,6.374904369319001,0.8524050074142968
-0.3796977218754661,1.6946252041240946,0.1277054976721725,1.237351398905206,1.3109505342479668,-7.461817987400983,-2.5384741379799625,1.071885539072074,0.4515119558519807,9.227796985593995,4.761777667881663,-0.7250490582030693,7.557538089108867,3.0475345408958443
0.1455596664402852,4.021971940525311,-1.035315523497113,0.3994039687527397,0.4323528649083368,-6.357626242581294,-6.2392393254285015,-1.1263277256181323,-1.4877228122390722,3.414969398614428,2.9431928030756467,-1.7104422684743703,6.909850360705878,2.970686212648287
1.0155516885642162,5.561442813264393,-2.1579274575754663,-1.2006491426219998,-1.7612011492725834,-4.561649095100772,-9.538814993421736,-4.50817795808825,-3.231075653505661,-1.7139844009129543,0.1989018114736129,-4.213699702269356,5.171879245642977,0.9051842815464308
1.4030995550328371,5.854748105360248,-2.185460586202602,-1.8715228265766868,-2.682125845949159,-1.3105950611904138,-11.217957031877663,-7.48872081803521,-4.20989883032782,-4.307823720429633,-2.815282932961429,-6.901886010126095,3.766517902410005,-1.3457072154881011
1.998622861440847,6.166349046453754,-0.6564465344995867,-0.1704743064281579,-0.7399246916952364,0.405969186855737,-10.410719770117216,-8.427210840173675,-3.6405024716686754,-4.112424795273855,-4.772602161166079,-8.166441279473089,3.5200384460603136,-1.8674627659171712
2.9240878682611955,6.11984909298507,1.8302368861951948,3.7883538365851592,3.3077290262498025,0.283510582032433,-7.4682131991329825,-6.958545809080512,-1.4547865988434232,-2.531306921592286,-4.899213264563276,-7.304756756954113,4.122312666957924,-0.105447802963603
3.792352254292161,7.163985042744596,3.8851895253329474,8.162308718439132,7.030362639420318,1.1021266473480775,-4.072701064550337,-4.286417324794623,1.1425033083120866,-1.4888536015295415,-3.740413900131575,-4.94610469783342,4.674038061479674,2.7690495180568533
4.788903210512447,9.567103875527776,4.249200628686829,10.58653369427627,8.319259167742803,2.170125865348423,-2.215801515408277,-2.219081153863641,2.316884880928882,-2.0392089700872558,-2.715914854312924,-2.43923400054398,4.643970161713366,4.856373002996495
4.897761026558305,10.068594117411587,2.724506481414789,9.835993858129829,6.938503428431197,2.5359806396698312,-2.726254471240143,-1.8277182868058617,1.051610523938379,-3.827285688109267,-2.878754469995929,-0.8060061867110093,4.275336088308844,5.025145530191232
4.017064752458276,8.875280802567433,0.3520087496322901,6.611534941287601,4.425692911085871,2.473717692929397,-4.625634375787023,-2.8495264735193797,-1.9537495572431207,-5.718417132057521,-4.078443472354589,-0.1938962866557361,4.136598934126905,3.66410859376516
3.0069023278718032,6.874432121599323,-1.3852831694044738,2.8631234179294083,2.652642787271837,1.6450926858541772,-5.98146260948965,-4.185462344094855,-4.850590490129459,-6.89854877055372,-5.310566263277835,-0.2009300091250843,4.391771381627283,2.1452344492398154
1.6210201403694238,3.3723098319339098,-1.712548623781096,0.2983452266219117,2.399265255043748,-0.1273692941393294,-5.571772838189236,-4.8788159558113655,-6.154368933535299,-7.415950743641318,-5.825259857570877,-0.5437992005435781,4.580163379852358,1.5980404104916983
1.3362718435351315,2.43720647616551,-1.0894512419065805,-0.655551931949649,3.0390095368264483,-1.0524827491136637,-3.87557121065651,-4.707433170821108,-5.774499314528136,-7.760181397861807,-5.827725765884228,-1.2497889690862536,4.088467801752149,2.120694562548401
2.40099717612294,4.350817252479655,-0.6595265870067557,-0.6987421343946494,3.332617733342989,-1.1294500073411142,-2.506774154057432,-4.073951780556527,-4.704586794287984,-8.034371074029792,-6.098453409873791,-2.2035650540604586,2.768123302538239,3.012611898887439
2.802066059520503,5.325411187953089,-1.140984481181281,-0.701223826242753,2.4699972135512667,-1.4855617155771714,-2.6731597392332063,-3.539281285824675,-3.899839750482876,-7.656682016939428,-7.026921274900285,-2.738626471909921,1.0568415430701172,3.5927666882819977
2.877177837521125,6.241973440973358,-2.1789492812728177,-0.9578200634812362,0.5404945325975348,-1.741711249054237,-4.137067441477232,-3.470864837314572,-3.5598199794717544,-5.963596280503378,-8.134398698970408,-1.9971074636498292,-0.4632654305969979,3.70423619089906
2.025486962142637,5.067097982941209,-2.7263139999301025,-1.2602314516480462,-1.7334467403881568,-2.2239815029289653,-5.598866384865751,-3.9330475523250743,-3.3846456130990568,-3.1329073481883043,-8.576270168811558,0.1224156707921899,-1.5660603493715115,3.504180474348992
-0.1759847282385548,1.043545878555155,-2.0551723080699382,-1.4548714652163142,-3.591426436709728,-3.066153408473176,-6.005889940451386,-4.673600330467163,-3.2372877820046178,-0.4461678572829228,-8.047196587517373,2.4479710128661267,-2.456557487277585,2.9791575247398328
-2.331185948206508,-2.700335088510879,-0.4441506605366605,-1.7134203897710345,-4.665695002345583,-3.806598967159635,-5.442033470065056,-5.15063717633506,-3.3194954060293256,0.5131312897424962,-7.119554765272007,3.2178939427908126,-3.445929323761213,1.8656263763249967
-4.690801895664157,-6.804741503608834,1.0554681809596502,-2.220800568399913,-5.0352672251789485,-4.548205883694591,-4.789933885712998,-4.741314811642578,-3.7135346500774062,-0.8968903132638921,-6.683749592491896,1.5494220641658032,-4.631158660067197,0.0847055144599302
-5.887254520738134,-9.446871405654228,1.4986299093036166,-2.764152223302176,-5.000520001468253,-4.500248926637301,-4.646934098276031,-3.1797090004376862,-3.987323867607323,-3.790390733371094,-7.084960657476081,-1.616134657732541,-5.86775405270042,-1.869222524821705
-5.550286980936663,-9.960821274012448,0.7458792832057206,-2.8562840635363536,-4.809435617845612,-3.5165764199275,-4.666427196287621,-0.9229214851581666,-3.4891171236707024,-6.377042323681696,-7.795732638843697,-4.0360520108355225,-6.930494840011551,-3.125062804260629
-4.9004681794678255,-9.89482523604706,-0.5811090684558557,-2.361171967279976,-4.525400308353422,-2.52847946986714,-3.9510899411622376,0.996594212179378,-2.0822064809187424,-7.271903070113176,-7.857551423202612,-3.795700879342366,-7.606867763289287,-3.0939783978856603
-3.479867316702272,-8.546182586877418,-1.7111636831444024,-1.8976949737691164,-4.090236312417584,-1.331210381238042,-2.0069565713890505,1.70300660751219,-0.4437270739084429,-6.378119730103954,-6.5887050447688935,-0.6990434444073745,-7.690133724202314,-1.950553121909346
-2.402466547092528,-7.731012978055378,-2.2516455762631047,-2.427136518316491,-3.49092655751571,-0.2006508355659476,0.7439332401967285,1.262554448086405,0.542255796353702,-4.653098367960533,-3.9342634450798606,3.688172574360833,-7.069738570698638,-0.488629573200015
-1.8473817718511407,-7.639491483429342,-2.189721093391526,-4.292560726529199,-2.8631379231487277,0.696853189945165,3.3624188996536404,0.7921737084563176,0.738885164843321,-3.0849997013764288,-0.332493235710535,7.280138448666154,-5.978750111356023,0.4613081040595119
-1.4672867675401529,-8.396479465278475,-1.5256891390846017,-6.635661252374241,-2.4251919010031067,2.232672689605097,5.242386507511153,1.666342522883685,0.9998495719835994,-1.851805366544374,3.5583021701752084,8.922380178919436,-5.089682471866425,0.5254520409102792
-1.6202558450779372,-10.600817055649095,-0.0526818144703806,-7.83238123498667,-2.2941288881982267,4.3335952266678905,6.572696385808783,4.40200678276098,2.305173034567245,-0.369779785982038,6.994951028309886,8.946794561614125,-5.096171708011255,-0.0902413151323475
-1.1588620450838962,-10.853910119674506,2.42089850520958,-6.644833207793564,-2.3609173941887853,4.981445064655648,8.019365625951915,8.144454680581102,4.596159887062267,1.9274586660527968,9.263468272723449,8.570905252002895,-5.928529561201902,-0.7324998960444962
-0.0799531614661382,-9.191275669466515,5.621863295062498,-3.150686069978452,-2.367682846342566,4.163705698694096,9.976808971953515,11.204159547020552,6.570691362683574,4.865822230786487,10.013624312249927,8.805396453472587,-6.36514679857213,-0.534306204402526
2.6525316233698306,-5.852190037435968,8.620319018048756,1.240078620591758,-2.148131410754237,3.515752315791352,12.073502236146924,12.20794064286633,6.823007431684729,7.517525384467245,9.665794525307476,9.782835866147172,-4.727046194508748,1.181744524706259
7.452685356282743,0.0450203038742376,10.167984884890195,4.587756374551553,-1.8206703269235744,2.628836703711565,13.340317588688642,10.938788187365628,5.303901824452353,8.863582447625046,9.334114435658227,10.896978359904468,-0.3921352098569528,4.304165180692015
8.576319487016509,1.3594763925992597,9.381073505756463,5.4182749595500885,-1.731807217668505,1.899148312664529,12.887890913709391,8.27162294325978,3.5944061400526106,8.519579084685823,9.964627773935945,11.40327760557763,5.143404326300201,7.538437735946564
5.959351065316031,-2.209802698852597,6.304446788947174,3.351776787925353,-2.157689761691932,1.592876941029121,10.559322702427306,5.414390933139318,3.5386684756142923,6.923093118972028,11.24872383664889,10.8533002009422,8.861445950127106,8.844898465053003
1.4326971412458689,-5.7211098617370215,1.9763034125408476,-0.8108936195029441,-3.01495580780364,0.0092155206752407,7.056944631236904,3.1676776520425536,5.41442583235448,4.89593777266099,11.436522259081194,9.098204879304802,8.329385159185687,6.7809962750771335
-6.44528087815879,-10.801587925767375,-2.0579486181878224,-5.456902978050714,-3.873900508758636,-2.782663764555558,3.4377706855174885,1.7063306139188177,7.399288523675989,3.014205358010182,8.591716760537363,6.138493756883767,3.675462319791805,1.815998322704676
-8.01989449429981,-10.553000471341162,-4.50555585624863,-8.827069882023762,-4.310446050472976,-3.889413558534133,0.3641289417141182,0.7952312456775381,6.968276855807202,1.3180785798885504,2.436091432972855,2.2034771963142443,-2.339082381684424,-3.659010952328946
-2.608530820272848,-3.819847813973823,-4.921291821417492,-9.751619952061596,-4.281497039357295,-3.438998207199188,-2.2688357237198384,0.0333646285276971,3.06617103355113,-0.451017768899038,-4.892728922881474,-1.9856644141207749,-6.3506184919771815,-6.940068249879393
2.3450832210386534,0.8785723799068852,-3.7865215155708847,-8.121590689722678,-4.12172456067097,-3.246437382589847,-4.966476507989539,-1.04679683152176,-2.844918412260246,-2.3535693830516475,-10.065400531169004,-5.22972130157163,-6.830010863157924,-7.018956890617082
9.108168114963188,5.186106432497655,-2.0403913281129324,-4.820167610427723,-4.106343458871745,-2.756088969363897,-7.807115276407597,-2.823048240964632,-7.763293348211732,-3.961624571499305,-10.86941941858344,-6.431131959115225,-4.8454489305114805,-5.20924409752332
11.219810360653392,6.754913312030327,-0.4247381986982445,-1.16189241559586,-4.013216105869197,-3.009888692796161,-9.93705243785039,-5.2104061995793565,-9.295669329387572,-4.553391692052568,-7.65370038916497,-5.388473273742173,-2.6421526122630503,-3.76328258264909
7.249731436866097,3.9423503277612695,0.8510767854209823,1.7601968504512056,-3.21749930980411,-4.313610244421453,-10.009027954205806,-7.361661926087139,-7.225257276316823,-3.6684639115182014,-2.762162050602232,-3.060279846244983,-1.5490372356107194,-3.735977999827146
6.1270766448200895,3.775082490381573,1.9049509506345843,3.407298258031204,-1.354406837951335,-3.9913203788805,-7.3654871567750035,-7.967769327721833,-3.3980670444897685,-1.5853069667016042,1.3382186436856087,-0.9283991321363778,-1.1930101990664947,-4.112602718913535
6.2456861334,5.456016478456214,2.7355802431984606,3.749348060916608,1.0770344858648726,-2.2089228248206165,-2.9709998871613763,-6.222775130677745,-0.2571963916456834,0.7041392544881487,3.5084927274658657,0.080929412790023,-0.5040744870953486,-3.0176360178940524
6.747885889445752,6.939498640287956,3.075838579408873,3.1161642335875883,2.893758454332986,-1.2905789118918425,0.8750875369548643,-2.716214912529372,0.7310887042093048,2.0904442530225698,3.98150077853618,0.210339851107668,0.8620062924650966,0.2233166932332668
9.070282917814083,9.45743037725392,2.748007461170482,2.1560685150182897,3.2088348185583766,-0.8329747060690507,2.039663818821742,0.6982263367200665,-0.2853025784874563,2.110776625995934,3.528258217295702,0.5056365519596178,2.3119499465046305,4.252952746364003
9.078406593908142,10.944492898569209,2.112821534711843,1.7712378092675944,2.3471135350923493,-0.9620968765706546,0.1440198084010573,2.1820512198339266,-2.01015515638444,1.275316965138224,2.879890826887236,1.8071171001686177,3.3961319794433287,6.934928082054799
6.8513710602069535,11.279740014514376,1.9932316598376567,2.753871770389595,1.7187950619293035,-2.1209962257139683,-3.1089906944664585,1.3084246435921845,-3.0097194391779847,0.6406706607439583,2.75777401259222,3.947980567599508,4.691483585656583,7.419769939158039
6.469863662632165,12.090977310674797,2.954100711251741,5.17750100732635,2.585169087294076,-2.49590154038684,-5.230873967886108,-0.7106849005993459,-2.5620333738666385,0.9370123251516308,3.877404449534138,5.785338261830752,7.201551337724242,6.898200268059119
7.304428644763213,12.953637036801362,4.570992197609239,8.069080860708429,4.777456446104767,-2.169621580299069,-4.839533605468327,-2.1993842919304827,-0.9347010063164736,1.986242247511712,6.392236176585032,6.010441999400239,10.78335257050859,7.23457292205749
7.830849182737887,12.326849806097982,5.512155090002445,9.880020342222991,6.632027317154762,-2.744742505701975,-2.57974641875946,-2.4638365882774407,0.9252805280015224,2.931186384037689,9.255033403670131,4.123689192799887,13.469455417697407,8.861270205005352
8.682468819297991,10.261285837088543,4.570384625515067,9.603871362872496,6.3605386540714095,-3.944639976105848,-0.338106987946583,-2.126805443185717,2.0259066477723437,3.060548303763228,10.507094984658297,0.873966353414227,12.829701843970968,10.125878371878551
7.508283541889799,8.02351017474254,1.8143359533607455,7.648298663948063,3.70185132454083,-4.236295918333905,0.4807927875348943,-2.1326542454261075,1.9120592163703856,2.434395137308208,8.70610463707407,-2.1608119417198117,8.339131837581379,8.843115001738497
3.9706610136969687,5.32068433295628,-1.245771158972638,5.594644257635906,0.3358277704116652,-3.757858464426097,0.0579567115476677,-2.5729029029179857,0.8719248091884415,1.7149024704991582,4.356449202820338,-3.5956871731964224,2.401002273574461,4.546264073763497
1.8573664699070864,4.289368353139653,-2.7840355481242955,4.920644337598327,-1.3980158745839004,-1.6102142860394502,-0.2754244729795534,-2.606595893810653,-0.3327290069718067,1.4291780516994486,-0.1147162682426117,-3.156289190493844,-1.2483187189599505,-0.815935913382198
0.7348410748465476,5.340366621107024,-2.1805209639565684,5.784207535964203,-0.3813426255185543,2.663490503765136,0.5395900353026333,-1.5124648265226384,-1.0143052754952633,1.4909215483157077,-2.0636227164525085,-1.8029449850409789,-0.512919058337884,-4.456187145178815
-0.0919980408097981,5.69248149164125,-0.571829713285485,7.001603009308409,2.470282612449439,4.976504759726884,2.3185167476427457,0.3320847395653077,-0.9958995844683364,1.498136600717638,-0.6329513021510929,-0.9375621003059216,3.376081605851919,-5.066871504192262
0.1058591329143704,5.880072973365884,0.1372404682535828,7.2536265983215795,5.150521620247797,5.414790100469327,4.01048537432349,1.6554816915226116,-0.6274461902507618,1.4098046474466803,2.684015754813278,-1.317926445950956,6.990337782726459,-3.68014129765299
-1.5388535869738602,4.617605770924057,-1.0324354161126736,6.346637168239689,6.3199608664177065,5.148908098192465,4.914971839838415,1.4923851985859449,-0.4021379111080385,1.7132882094269748,5.359405462106551,-2.577914676948038,7.579700568983365,-2.4061881819283526
-5.120567864832074,1.315637254395635,-3.265919833877592,5.281980862141233,6.22177248183477,3.222092578586474,5.3860702704150185,0.1215322656652988,-0.5153273929123063,2.7561533127688307,5.7915554602382535,-3.726756401199753,5.097601398625534,-2.467922449089236
-7.624820953039493,-0.781578566354671,-4.723875674670941,5.071469342745036,5.990455537090723,2.907215687577926,6.2593365199084126,-1.2199142626163215,-0.7476584104369373,3.965079722879903,4.2145251693122985,-4.112812535435294,1.7352666526152296,-3.460551520954845
-9.56659591933606,-2.012599080808475,-4.249978841383979,5.509632502274061,6.201835423956611,4.32805608054724,7.641416215351296,-1.5116934518318723,-0.7542514682942345,3.989725920249099,1.963270586630565,-3.9408853304228586,-0.3029486594419266,-4.315404145736714
-10.98718750507894,-3.3101315167189536,-2.4384262079992403,5.172960762606143,6.230491234436339,5.188440952877296,8.450072795103903,-0.8018349224777896,-0.4675600292478932,1.8935698680968995,0.0251227985152144,-3.9338351461431342,-0.5969994702206698,-4.685762009254024
-11.342635401800162,-4.079608596339652,-1.0955297033846343,2.69600210484112,5.075494365535461,6.19741674333566,7.352138580601379,0.054906371975866,-0.2196581517576943,-1.7237429274660423,-1.6862042990762145,-4.587100412234061,-0.4111478015210279,-5.226815742349014
-13.093685619877547,-6.334133470775061,-1.6420566971316646,-1.893617754065576,2.7214291030803563,6.072938627519182,4.247004066138838,0.3727505681702743,-0.4586761762376099,-4.938981916353433,-3.779612733924268,-5.790956813709414,-1.17426801136582,-6.602837457155431
-16.21867006939514,-10.219234161258528,-3.9471111794589135,-7.04441859135974,0.4898369358639316,4.448513137505911,0.7472464709981583,0.2665678851678743,-1.3123624655412476,-6.052534354701607,-6.299713887879518,-7.093140164346291,-3.2079077041265567,-8.455338724374702
-19.21381292358287,-13.379360197165466,-6.5896259273774085,-10.849383423256928,-0.1298074507806887,3.66695240140848,-0.9960415355208658,0.3728753792349693,-2.3875861543424834,-5.039094457752275,-8.299594323143815,-8.172998630482942,-5.785698279748152,-9.536504026738209
-22.57776666549205,-16.192849946492785,-8.161344532597166,-12.425028486520109,0.95563731969775,3.4330830281861053,-0.1351303609121625,1.0944167956585034,-2.9856583232814597,-3.4336146442928968,-8.523070538350048,-8.987048994469815,-8.094238129332528,-8.901375839000298
-23.5127208932089,-16.608348529036345,-8.34116540880612,-12.333836646563904,2.126689314271534,3.574806531533022,2.090701395181592,2.2126490604568154,-2.5808106638786565,-2.707552087563037,-6.519991916943972,-9.551883629054617,-9.869528132065142,-6.916765540254433
-21.59193087548145,-13.97589358925458,-7.849356399239455,-11.850517724340254,1.4402546138417645,4.546913100900738,3.41539740042285,3.1883979999267744,-1.2245824423777512,-2.751492701628873,-3.1206818438850705,-9.766840780713974,-11.101191156458,-5.043856438781223
-19.09638048661705,-11.771130247825525,-7.52193695180722,-11.861418673271489,-1.53371514444106,4.842017734256179,2.507542924324559,3.6985225684996568,0.4052345077474713,-2.036951342264028,0.1615318550675337,-9.52049628904508,-11.395590866170412,-4.594295425639248
-15.254961718928946,-9.422632441369537,-7.478571930423133,-12.320849285501104,-5.186143447397815,4.50245274673399,0.042265004819125,3.7933741285101,1.3819533552912602,0.6441755276191881,2.237647090816604,-8.851544216164946,-9.99605409030482,-5.653413245687518
-12.345408641238985,-8.052501440457533,-7.103890523479672,-12.537921845917158,-7.185988794281915,3.976023295686259,-2.06111797880335,3.5952251765890084,1.1454113465191784,4.587490889578104,3.105405874659504,-7.837976709873064,-6.64636009688831,-7.143069234578409
-10.783106195562205,-8.39617210314508,-5.736732303486011,-11.86786419996564,-6.432172791626506,2.930710146132688,-2.4741125380074767,3.0035383545205923,-0.0417481190625679,7.379829087609494,3.591866805532253,-6.326552912599536,-2.389828323582241,-7.869022229996206
-8.387672022295039,-7.20208678672301,-3.3898171407734448,-10.212357238988355,-3.87490480989321,1.179262012395938,-1.6500687397900975,1.812325337646115,-1.1903853850139825,6.827468715291178,4.493574503636911,-3.980745959579213,0.7329583433264435,-7.504080025911597
-5.775553490776287,-4.8437285236963925,-0.911298036875781,-8.051198168841676,-1.5583187453985263,-1.3592946080169557,-1.3110707769427452,0.1092527490909209,-1.2939965805983862,2.871372732420934,5.822641483418305,-0.8269827406964145,1.0652901140948146,-6.6339109103632
-4.382655736235334,-4.329886191421302,0.4917973550873853,-6.117967576985608,-0.8885665402164773,-3.3133453553395933,-2.76673702756991,-1.5377032570553038,-0.1938788573750427,-2.2617792223049804,6.665309074524091,2.2262960846726534,-1.3974674996706935,-5.980442686100248
-4.115356014814613,-5.30427119505968,0.0008755573450347,-4.997254015892412,-1.7335012602141142,-4.655730773511533,-5.644238346156079,-2.386637842125538,1.1144619002834206,-5.8149349599982365,5.692947151461535,3.6530615682019865,-5.06966779121208,-5.696250982736247
-3.6156915514509977,-6.696213264230999,-2.278220713805431,-4.8626050108744,-3.0157733251097394,-4.71372380922513,-8.178152542551128,-2.0776191096825154,1.1043631954066826,-6.62797636976359,2.0092714815995767,2.423591524574805,-8.156398434856996,-5.440222753203584
-3.121955182143253,-9.05415751075852,-5.292232267289525,-5.426221155239065,-3.985594816844739,-3.021253760693326,-8.759968930856367,-0.9305475103969874,-1.1126678025626244,-5.853029150792824,-4.12824124459894,-0.9425170860772076,-10.053938919226482,-5.040628310087033
-0.9596474441110824,-8.087406120021114,-7.52332289399794,-6.057214500260571,-4.806219666950126,-1.8285283439757545,-7.314941229951772,0.2883006902699638,-4.9598098384475495,-5.754977258674378,-11.152953890975148,-4.452825148620566,-11.443266358179908,-4.891313230961439
3.29321905191502,-3.350143123012817,-7.704773661334296,-5.9873228590229495,-5.93383579913582,-0.9112416287057707,-5.262831524040211,0.9457675377904646,-8.568239260734344,-7.676322498366776,-16.79272073018969,-5.950538517801968,-13.049585001154782,-5.51160197961193
6.101994620872556,0.1818009262488091,-5.395149245445944,-4.5590696722783335,-7.104880542181073,-0.6754528505925993,-4.122683280306927,1.0264141343855218,-9.841837557032765,-10.82814528894773,-19.162702830353933,-4.583764900521132,-14.389518243177164,-6.656136117153173
7.80265569394264,3.4298423588587066,-1.1357674068431938,-1.5078564067786793,-7.176520637896487,-1.6453029793220673,-4.060482905269505,1.171258189602853,-7.67705218333324,-12.815975711334668,-17.675880994637886,-1.1902997464744067,-13.864347387356531,-6.982454384183596
9.67383654376826,5.200109531674405,3.841513551077876,2.7857845775991623,-5.15438165907863,-1.7597148346671,-3.738055719257232,2.211359463128053,-2.593463571916208,-11.460928309271951,-13.177532832961132,2.6156260759624974,-10.22239600269762,-4.867977947235964
11.065877356412727,4.518845173663392,8.161912386085525,7.256562888721769,-1.417084657814649,-1.2091506831953984,-1.643959214845461,4.441817362793197,3.4994822554750478,-6.5501235616151146,-7.316632163204606,5.681248666347458,-4.021346614704133,0.1565874562089408
13.842871382945637,6.045970980460786,10.821799413701084,10.521920909289545,2.1959373995694644,-0.2131432686983824,2.2837765443529445,7.101814002644287,8.19681528353016,-0.2275866209595456,-1.7498722199481265,7.753896581193199,2.3583254257296264,6.627383707630719
18.20058300124177,9.412996892178905,11.461695014077286,11.596813440172893,3.714833892904859,1.6515905416790366,6.254113039190271,8.538197598456529,9.730379569856266,4.316387537989142,2.26677028924738,8.965767775524977,6.284213738544186,11.86950037626809
18.517349920142458,10.403749436604794,10.363030106967727,10.522440102561706,2.643590840826188,1.719903664998,7.898878687175149,7.1767174789321295,7.871582411415285,5.005978222535205,3.936953414428197,9.213068120255691,6.726141073916796,13.797835547056206
14.81960959383854,9.637501824574672,8.271767484354106,8.373637414908602,0.3506552528746571,-0.1115110234873997,6.176006680521904,2.7758177065849967,4.15630608436941,2.377408885120573,3.0743332714979075,8.24461202647651,4.867689260661223,12.402763987560572
10.782616346330418,7.174386268084532,6.156613906706274,6.511823468110281,-1.1256582443420025,-1.647994323925659,2.2429185188765324,-3.0211352183312883,1.1640749777044055,-0.7317318308829741,0.454433192019295,6.298664694210839,3.0624800262372243,9.71630691227184
5.230553055699847,2.173204300664586,4.912170165969707,5.596602486624876,-0.7504823175746518,-3.4512963403987102,-1.4802853087774226,-7.511629441468469,1.0623682765180038,-1.1878681048659998,-2.1757446134431278,4.352717443993548,3.0846209245732754,8.249840595569939
3.3855919656823583,0.6452763586021126,4.978909657791403,5.160200626695696,0.8451925415082848,-3.737177086439861,-3.2375557784384648,-8.750757619119256,4.204336887993144,2.1544882664121032,-2.991437168713693,3.409053879021557,5.039947900683931,9.084244164758832
6.14764201517268,2.7749612322866946,5.994464727196199,4.141034549809023,2.171417897432093,-2.031000217206585,-3.1706922373871484,-6.991015950074372,8.75122511686747,7.603432282863476,-1.5284978287509363,3.395403434324951,7.581119937748635,11.052512864165454
5.514146552515172,3.913998215214308,6.79944550699617,1.9599426286217567,2.2559401707127003,-1.417994583442636,-2.834074792264349,-4.482196876045506,11.737508663430347,11.871497131082512,0.6182927082889274,2.928698453737072,9.013145506913451,11.633435307699497
2.586599400555857,5.337976306603487,6.061067104156022,-0.7746792149060686,1.3236836104322758,-1.4699677756389458,-3.5394908673755308,-3.672840014575381,10.986438517789631,12.427784979338885,0.8301674674724355,0.5022215857591223,8.384524186759936,8.923254260899874
0.7001921499345841,5.362401754751995,3.3015530687841057,-2.5654650325608044,0.3474987612536035,-1.7099192056203447,-5.102987373976127,-5.272296275299268,6.57457221177063,9.134196540165131,-2.3156467940433063,-3.823206318400138,5.93312205503135,3.255481525715313
-1.3787660956967869,3.244946587852489,-0.4369405610171797,-2.129305940722888,0.1038658213886809,-2.688838007001767,-6.110108466229598,-7.815389080281712,0.7791656415959383,4.017026069662956,-7.538882209022965,-7.895518000416807,2.8257437181213296,-2.7630659337510104
-0.1046565877017061,3.173274536230408,-3.0370334421568344,0.5587949755105517,0.6348471327383649,-2.759578071174105,-5.35348281312079,-9.057948680151496,-3.475042667731437,-0.3982128961418429,-11.590770794047948,-8.893803498045267,0.4874507879833833,-5.944756182423734
5.17083718441949,4.740834050005571,-2.788316788326647,4.090360961284636,1.4206753572496669,-1.9132356112205544,-3.0328907592925622,-7.908992636900113,-4.539830484803192,-2.7123619167271285,-11.799067038584893,-5.659250690566835,-0.1295202588824016,-4.80012790339423
6.214789312361854,5.015960179793843,0.1674757999740772,6.441375175145371,1.88260605394994,-1.7869960029376444,-0.6158763185652019,-5.198838470240236,-2.9571508032302862,-3.086329440539336,-8.249639496555293,0.1062973398956437,0.9686683764481616,-0.6987148110244643
3.4881597265659914,4.606501006458046,3.6940086404083305,6.187303111606888,1.7218888247681226,-2.107232310764363,0.4407577931243902,-2.7444575051424778,-0.7950463589746244,-2.539511311391842,-3.655274672906364,4.952352679675256,2.832204915097344,3.0863542624662275
-0.1296615572276339,2.2323749392760157,5.113631833320294,3.313849568027461,0.9685060067425488,-2.8543814375721004,-0.114233457907281,-1.7323324244749516,-0.0356947109147776,-2.019953256697396,-1.0190332097340722,6.266171309194384,4.162815717196725,3.836449230232063
-6.360845460822113,-2.7332265802221225,3.1894866391396315,-0.8127435327431511,-0.0882887088096766,-4.329577643679988,-1.2629553378067355,-1.9075311117563036,-1.2588074482699168,-1.9705815331847496,-1.1682869310507789,4.180952301136541,4.196227225428253,1.4513527285497778
-7.453348334118727,-4.362456684254652,-0.9465243022796592,-4.197375092323834,-0.9765277293823882,-4.61192873426321,-1.7305954348208914,-2.1099954946022743,-3.466925582667268,-2.369412278689194,-2.2842959255112647,1.242674776974586,3.264252309195319,-1.5737667230096903
-2.761900645530522,-2.7340460766704315,-4.668083716161483,-5.226931651090466,-1.2070856775571794,-3.6573823001516583,-1.0832311471360332,-1.4130811395884404,-4.9507450388124745,-2.844822722973558,-1.6977616447947246,0.2127145228332407,2.545427431290097,-2.260598179167212
2.275073200982407,0.2987997356654347,-5.80837884998785,-3.4470017594249223,-0.571614605113818,-2.802020866814551,0.0419945008670952,0.2366978241406978,-4.425546360942683,-2.7441843526524003,1.7540705076791303,1.9169509150613804,3.1244622565841635,0.4340496352731526
9.56285995655634,6.135748289956836,-4.129372063784495,0.2407190074414904,0.6294391112276028,-1.6328345399067723,0.6740266680771749,2.2438765156385068,-1.7052628470833446,-1.3985022756621643,6.84028088495955,4.871408184807016,5.101407953317109,4.935420201435933
12.399760293776849,8.519650637248251,-1.2217413912140636,4.073485765434612,1.7237887523865818,-1.0275589818148243,0.4762309110097185,3.948381548743797,2.323526673607711,1.328282005051702,11.096405973760344,6.796610135357811,7.511353825299734,8.574929007867443
9.685530193829395,7.0808436058004665,0.9259907780115908,6.40437035022852,2.172229390570831,-1.214046968199207,0.0827799417263475,4.948438960449062,6.228027389563218,4.623700015932911,12.82468012247171,6.562938699248871,9.118412387961277,9.8135548966587
7.824963251126237,5.802778713352002,1.4178169722275973,6.620169985860244,2.0284862700247355,-0.2823735940179622,0.5307606155200428,5.07937843068554,8.71431230897681,7.000875012490135,12.191645624830974,4.903610637367607,9.357479740607603,9.136891153609309
5.056047800438521,3.192428819372589,0.8205602782892258,5.389711384710931,1.886017647701048,1.6066875843539976,2.286006785307435,4.36873321611011,9.166833974321392,7.256219239742228,10.686574513202553,3.4420520085097417,8.596808832153314,8.010709192765027
4.691582304295299,2.551067625724111,0.3007712973606447,4.046206969713799,2.298656730939132,3.3062572327889184,4.703075418331041,3.116964264176933,7.822960391380102,5.377016639837785,9.688293285027502,3.078293878382352,7.595437559794194,7.214979713155568
7.815065896572817,4.468269004163462,0.4872261143488536,3.580983843134364,3.206495867666805,5.13229325722011,6.424598112651687,1.887961913987188,5.517805798964877,2.6012467318854635,9.509677547718344,3.2698134309738496,6.8159035280777935,6.371114560848343
9.113650060539308,5.6886241691452,1.146474802142452,4.058308212419253,3.941498020296483,6.179652117709804,6.4565191093442245,1.2187183227808478,3.178259571035269,0.5621149155160916,9.640577204712104,2.850014543057753,6.295069780658825,5.049924481368209
9.507397919619857,7.071407613440968,1.8552248769975344,4.864339952764187,3.830408692178573,6.206001982715714,5.03550107962802,1.2567419886947304,1.4137417216467334,0.253021560746137,9.713628981638609,1.5585144661019588,6.051659858407081,4.018155780307311
10.39541666083296,7.757308549823507,2.7980108990448733,5.421947217232347,2.8069053717060037,5.604646146793877,3.4895540582397047,1.7281065209566886,0.4404459751539846,1.6127199982334124,10.101372399140429,0.7215918686070155,6.359281586211387,4.936726543277159
11.0047969990189,7.261161255085253,4.684327381394096,5.626643795627273,1.4403272211244025,4.038286291244541,3.1128108173325133,2.3000651764663105,0.2539915915498067,3.8675006475307385,11.51410513780158,2.2382879801683297,7.414811620922485,8.530330401095762
13.698226941096337,6.764114368608173,7.7451571702608,5.66510320414598,0.3969392721376059,1.9537120035918316,3.991029332465791,2.9197573596535764,0.7673281518395323,6.122340233516465,14.012290324108598,6.639442663994068,8.769094795435475,13.14278351074246
18.71318778758528,5.909326981329548,10.872394904011127,5.58948973355664,-0.0806078290593408,-0.6961934679106434,4.868885751909804,3.717084396928203,1.768683878263068,7.686118010469376,16.470736374007615,12.03822441458023,9.354057228665589,15.543232807790575
18.901862732906974,4.621504021820889,12.015623944313216,5.221217822576337,-0.1771203640276639,-2.645814828836885,4.274757730675939,4.589873178438651,2.838950832360561,8.102089507816832,17.150039845691722,15.183140303249088,8.367319755765132,13.65450610576746
14.291696147150889,2.998649732681164,9.768217123745972,4.45190143240028,-0.1138485379695901,-3.6818387372030528,1.9359966835575064,5.013493175048652,3.4384687084389784,7.173444748243981,14.990797827783794,13.94423133874776,6.207478132227058,8.686471063749924
8.267166893692359,2.333718846596255,4.783960594321551,3.4584121884122334,0.0927475831891451,-4.075674416101112,-0.8390948795615478,4.396148839102497,3.148934323085505,5.095204927247592,10.524758578904224,9.096898511017674,4.334866582487322,4.367276218404526
-0.8034245004388971,2.7781394551021226,-0.3935689931797625,2.4594924104650757,0.4341674715987353,-3.38046309427656,-2.2387134704955267,2.6750432619178346,1.8447517674232423,2.4670993643303927,5.577378828460463,3.715715447681966,3.913644866943187,3.655621531857274
-4.988745815617775,2.489422946684372,-3.149582085319289,1.292654548038601,0.5939728631412984,-2.157264568433444,-1.5295166953534045,0.5353869511956943,-0.3428243442051648,-0.0087005911753386,1.981685801869016,0.6159804475129884,4.46781189947966,5.924533547124802
-3.4516196482230344,1.7317700868200034,-2.7891738483730038,-0.552487438618257,0.0312912881265396,-0.2753530177085224,0.3391637351330172,-1.0074624192635548,-3.138723092783592,-1.942893882419347,0.3760005369268762,0.1334890294342505,4.035665496050988,7.408114889393723
-4.449359058332801,-1.5860433819707425,-0.9742045649447444,-3.270977416151137,-1.4848483209787142,0.2712097787506726,1.7016280452870358,-1.3031695901549902,-6.112527440228228,-3.355676058372583,0.0441197168500142,0.2606143990807243,0.9593877952139644,4.675464113827678
-6.202883953725163,-8.038874016895226,-0.2104447764299357,-6.0949196385681015,-3.4362734107600663,-0.7852244969605546,1.7995089631106111,-0.4563852490737556,-8.594034173188517,-4.343858006162842,-0.194903700828088,-1.0872872524179469,-4.267108311202392,-2.069388257839318
-6.9431982602542845,-9.869783706248375,-1.7022108376590848,-7.499585899032041,-4.756855928838904,-0.6520523337448332,1.4772364266353295,0.833490082048465,-9.80555255009376,-4.75216731215908,-0.9301783664346944,-3.9499730870663976,-8.963544266546283,-8.996867336880644
-7.753158721739915,-7.183126439100665,-4.433937363423063,-6.323766529022921,-4.582188141977649,0.2517340229014067,2.2291059025104776,1.7555773738520428,-9.34106847321546,-4.343685163511766,-1.8468737672466933,-6.416340645063624,-10.31377376893643,-11.992638031741702
-5.016737871380316,-2.649205503448719,-6.216797154715211,-2.865431553243176,-2.8784400846855545,3.640909582119625,4.490337975076455,1.8119197615622653,-7.65260352616525,-3.3557879429684982,-2.283775395388378,-6.726035733770756,-7.751838435972582,-10.207005152685532
1.5991362115355623,5.548808278859386,-5.687049210662998,1.1257811464188228,-0.3939875101765038,10.224684518843734,6.874340255607871,0.9789501617125822,-5.97573782110464,-2.716599966880093,-1.9917617913552956,-5.145646468260518,-3.496513322603837,-6.558115371680723
2.5431732339117046,7.635268252330959,-3.445437764719622,3.671651339820024,1.9518554138401532,11.912317175098211,7.216097148741505,-0.3821810232781408,-5.529278593783517,-3.408689217833844,-1.36038500573768,-3.68735140357988,-0.7126043682760651,-4.870878869997908
-2.0124578556641635,2.88570110901269,-1.3930189549521346,3.96352664777482,3.6292958956705417,8.737625874728941,4.537883423899486,-1.7706710881968988,-6.562440795711727,-5.420219811575512,-1.008982144183896,-4.031257055771309,-0.9666196675699326,-6.442193815484844
-6.702902425056426,-0.3537766267315024,-1.0101761370873388,2.70350019633622,4.553941984641996,4.87705008019543,0.0826390423644902,-2.830129080097204,-8.121963375931173,-7.391243016065689,-1.2644811394550586,-5.867995531793026,-3.23545669201606,-9.173175936237737
-13.543818738997787,-4.298073954433385,-2.232415349059198,1.1558513471712069,4.759930144130735,-1.4589695745332831,-3.6362509734743256,-3.509105107527217,-8.844094609391558,-7.557686108399209,-2.048661162178198,-7.366181872460048,-5.180865517807183,-9.84708475383282
-15.929841737019975,-6.105507947169088,-3.87219980303178,-0.1059212309520898,4.165972874214094,-4.120104513860077,-4.945508052796487,-3.965229395285048,-8.112238961704193,-5.299263579847139,-3.1654848624900254,-7.186534492020521,-5.299107029964332,-7.23638376506
-12.816643136226704,-4.4370907395407215,-4.964844576062343,-1.5350288325740655,2.7114022665028434,-2.3199067775660085,-4.320970823300568,-4.280084056105277,-6.527975451354944,-1.8563396502942624,-4.548136229014146,-5.866123694753331,-3.958230089831044,-3.171876179607171
-11.97451572805505,-5.903637207567518,-5.579796874351235,-3.786925762693605,0.6669996661588893,-3.269169733591525,-3.682682593710554,-4.282191525663013,-5.284076646379499,0.5318113655979307,-6.1650872169160085,-5.141674934857782,-2.674422601124268,-0.7915750758726494
-11.846012839860316,-9.726064334176275,-6.347665200056602,-6.690815369187899,-1.2976054834113593,-5.617278551168136,-4.408565309008256,-3.7245217155895993,-5.083767670122759,0.3375630518663849,-7.776934813546426,-6.00145232982892,-2.7013826709475848,-1.780960858254839
-12.679911194412377,-12.122488686145722,-7.393230171840864,-9.16549928960421,-2.469750082223297,-6.315497506977763,-6.021857506183453,-2.678693836792111,-5.64105513219764,-2.190274516683812,-8.95750091256929,-7.560815242755385,-4.340956927435956,-5.137049640926822
-15.74691192489061,-14.05359510468046,-7.968973647621816,-10.205862193539362,-2.6108091651104486,-6.267864100972033,-6.788036147676966,-1.6673808314535905,-6.122407666098632,-5.407759205523199,-9.449517638024355,-7.921971905418097,-7.226042126104742,-8.379113159139017
-17.024708734536063,-15.115728639638704,-7.228535375744187,-9.899932767412777,-2.170024237398957,-3.477980379419684,-5.528694929035281,-1.2233392452700285,-5.914060228835528,-7.551226249131855,-9.432958669380769,-6.083808325294621,-10.719962458987323,-9.85816116750233
-16.822200163481085,-14.717704123766875,-5.251685010944815,-9.366432095656052,-1.961112531433308,2.662060048815176,-2.7915479983887472,-1.197658288497292,-4.891532980599113,-7.732098055535351,-9.292025222195134,-2.939717924712443,-13.814369802868486,-9.9833491008649
-17.070607766649786,-14.609641913474976,-3.130513410595482,-9.631730533651218,-2.531157415003028,4.683267306721152,-0.264222395884516,-0.6001127515783704,-3.103174832095139,-6.054728599148112,-9.064595965762804,-0.4265628493873938,-15.017939044326509,-10.395947310561583
-17.07413851520557,-14.565383447146663,-1.973971524393217,-10.598348200293293,-3.736374329376681,2.682430077023088,0.8438626238826918,1.583632781362989,-0.5184174743698055,-3.198318182018407,-8.26006136573847,0.2190050902214628,-13.093967609625867,-12.08920349905792
-17.476565733986533,-13.426779502981256,-1.8980442828087103,-11.178257982405476,-4.886683556853368,0.5286981900423695,0.7403367206395849,5.148992975964594,2.683111008711233,-0.0627284688031721,-6.438544385843587,-0.6410114046576727,-8.443799495742768,-14.339894334321398
-18.503691956806342,-11.409760610265566,-2.087137888123151,-10.440326494475771,-5.340756386280635,-3.393315649941597,0.4374715618282294,8.24335366173138,5.665371353764182,2.399219955700941,-4.043144727155829,-1.718500493657003,-3.6710912581042674,-15.40671449130116
-19.301676339587484,-11.213878157368548,-1.8236706674907768,-8.571080227590897,-5.042482421463438,-3.884440254241148,0.4202335329708111,8.503173244135152,7.138687260627715,3.4485558360351893,-2.4769621565938724,-2.1611421891757634,-2.1626676294716622,-14.251739972769776
-20.06013784806348,-12.90461643279933,-1.3201389847176708,-6.684930323955677,-4.53397448332981,-0.2401660783067586,0.1479415973783786,5.070679966129216,6.3514885272476205,2.9868390604045096,-3.0548301080773026,-2.19185057111472,-5.458269413350783,-11.663919614893285
-20.47501519880038,-14.772389214821366,-1.424128938362411,-5.758476568093869,-4.435099915803948,2.3941654541011665,-1.0519163860947205,-0.27026373028716,3.969316271484756,1.7279670405752023,-5.706722395006067,-2.564036774254806,-11.760417931955576,-9.796896830606745
-20.39384041370427,-17.446366677530456,-2.5342624243050427,-5.839860742793665,-4.848109615885967,5.276025374465606,-2.745460581990554,-4.106769784893125,1.798637162350523,0.7276918559240513,-8.79724192843782,-3.644801144422053,-17.21637250637219,-10.550716220090012
-19.5638414668726,-17.57036581993288,-3.963582215740708,-6.283698612651431,-5.213795121170981,5.869570282433123,-3.324340297950068,-3.978351926248992,1.3944385215241957,0.5259769088876975,-10.432840702195284,-5.168094613408304,-19.01624411091643,-14.128323859851008
-17.79540435474175,-14.68083707853667,-4.520885379214013,-6.598977849922905,-4.763037595635317,3.2188870582615774,-1.4248850617705384,-0.3942353245700124,2.7827195221154226,0.699624301194897,-10.071253630220488,-6.763085725763613,-17.482109517048492,-18.83143374514901
-16.478064596790052,-12.553092356055895,-3.7409853632193935,-6.88374255838755,-3.199408623701741,2.0834719758968787,2.482439692769061,3.5447404828853912,4.5147001907628255,0.3466979873989233,-8.8218546478644,-8.411566939202807,-15.21966280382815,-22.14122854548909
-15.568730421732145,-10.398094888184987,-2.4313692651463583,-7.384430065672767,-1.0411231203190274,1.7539809584050436,6.008021048204803,4.6970310777056685,5.002344664872183,-0.890916329511029,-8.12366307441788,-10.13927446381282,-14.28170869625075,-22.253400013783978
-12.305216675473932,-7.094607104078898,-1.868992328853409,-7.769339390552617,0.695731040119354,1.5413220638264042,6.586999978353286,2.4183346767764577,3.870075411146783,-2.28532733857466,-8.20675235909427,-11.3114895310814,-14.23470726271018,-19.066439482924213
-6.7600004821117725,-3.1157451957040654,-2.415123757635087,-7.05276309425575,1.2698937701899915,2.262190905466821,3.593871414224823,-1.114591783898609,2.1133456364472067,-2.59738054722429,-7.992093253530828,-10.610024559477743,-13.00935287806133,-14.083401823745238
0.4567561619255874,2.9533501787234897,-3.0074636761774856,-4.391829086408247,0.8507629667998147,1.2101876077660785,-1.0928624675221386,-3.006266145094172,1.0516037292151743,-1.319335805074302,-6.514921815443891,-7.155690170689096,-9.491919914462793,-9.37347488777873
10.018337774965213,11.33954571945434,-2.151406548580225,-0.0052533039691642,0.4756155281277094,-1.6535555767319048,-4.640398242206969,-2.221868890308067,1.1567234526357455,0.6142987788992169,-4.247082797289364,-1.8412044909227852,-5.006342445933065,-6.259469232348905
14.993473659500626,15.478560129823974,0.5201978793052553,4.726117757159564,1.2827728121048692,-2.240642324875175,-5.5541412976940405,-0.3460878715935136,1.8139783386051371,1.466238916065313,-2.7501213862577654,2.687115482704101,-2.0293426202556537,-4.534368497526859
14.878086135084745,15.199549513404513,3.711746483514765,8.144147101533012,3.570967880932104,-0.8746297716727829,-4.653325717423758,0.0516205296966446,2.100852024652263,0.26939739129033,-2.9170265306956944,3.887854587940268,-1.4335101374847996,-2.6998352776802754
16.099478231834578,15.455922625875523,5.570497425768277,9.427084786341004,6.439603162704747,0.8386273356767993,-3.904024805481741,-2.136274036842055,1.7574720360399154,-2.056459829127436,-3.688144180999213,1.606966946545596,-1.202475153063614,0.8999826654726686
17.116847493969416,14.827712767897436,5.392704445594903,8.997668369687883,8.346830592186107,3.695270503006992,-4.307550485836856,-5.512847415864832,1.456972542004911,-3.1792761237716056,-2.754355617774138,-1.4210451492716347,1.836134187071644,6.773417161140883
19.27372537000526,15.445520782588112,4.24869671653021,7.972613976084988,8.180345272030584,3.603165417188863,-4.923830779853321,-7.402994039249094,2.182531315400249,-1.20250413135869,1.2710055817354515,-1.6762762853147324,8.786178644012603,13.7029771397449
23.610817226639625,18.101537302730023,3.913573149071252,7.239109209437143,6.009132613147462,0.1294643672047302,-3.981274589831632,-6.193081356154935,4.2864437550806045,3.613315955707008,7.301025269333235,2.0596812952983887,17.129360648221528,19.36564466022229
23.40157623618846,17.274001977397774,5.1814107021601785,6.965774549067644,2.969709198883085,-2.147289506527988,-0.9467923408758828,-2.7248472135048294,7.025978680575734,8.770714496380572,12.406715741797168,7.409089376224736,22.511660103965223,21.80486289395803
18.85347735926253,13.379180811725805,7.217347246875877,6.847014337996135,0.4725003551449629,-4.11487182337295,2.568819788885829,0.4146439732484857,8.957350742212764,11.27279147680947,14.1117879255006,10.246009489085598,22.345661167313597,20.75113272945524
16.79480844737174,11.658941180584703,8.494229514326802,6.686047022691025,-0.5952272674746795,-4.454453969134748,4.091359647614865,1.0405352649694228,8.897911752563676,9.803793710613352,12.276539505530028,8.210404232151438,17.933130732734014,17.80645860327375
16.206237584162547,11.376533529602002,8.260826532393391,6.692796681799067,-0.1548643596834183,-2.271166374992723,2.5903051056592554,-0.882210334420467,6.747454375223545,5.592397849245274,8.9402144187002,2.813600554840761,13.189013114861984,15.295073264899662
19.058840409986104,12.709781503443436,7.058199244436164,7.244277005046032,1.2597159404356335,-1.8353133228882157,-0.4455925330445169,-3.3209174182946573,3.566694320239692,1.3177120289371076,6.407673681607326,-1.7473569072007549,11.217411540956522,14.608566475545768
26.900630333561708,16.747522414087246,5.907745709805697,8.418211970893344,2.8355116411270047,-2.746665785226696,-2.3031965789081195,-3.948429281789409,0.8604948261182264,-0.9535242345634832,5.3940673525249645,-2.027972363521631,11.898576750342349,15.321283200260408
28.641975028052265,17.90168007958827,5.184663633831177,9.807286793164971,3.754422277067104,-3.567156213596969,-1.5541684991932154,-2.0772380828034644,-0.4069905933122689,-1.091653829637493,4.832222585127118,1.963958401234992,12.546026778426556,15.772964931791089
24.530746677120025,16.234096188418363,4.391818155126353,10.808336637651776,3.474841194230474,-5.078160034955596,0.5925352245538873,0.8462931007536401,-0.3463270989553244,-0.5315040386689127,3.324755920695848,7.035925600908596,10.770753246166835,14.618382296867138
17.33310951047433,14.193246924084551,2.9588828258699005,11.095035731886895,2.045457777286509,-5.3460828535908655,1.390355875849853,2.5217818332761937,0.1435244180818338,-0.720109868689319,0.7488465971444214,9.59283438073075,6.773306743673631,12.02680983994052
4.4331145475461895,10.54774352306586,1.0732846644262988,10.810205315932706,0.2069078071293576,-4.195413996444192,-0.9232556435374426,1.685750386918352,0.2101680940624439,-1.820943259290695,-1.5081966358739771,8.391763374946253,3.057192640553575,9.522426540660415
-0.415046999774339,8.816487990321566,-0.3982871362919997,10.308878365004134,-0.9944255088464022,-3.462209672689422,-5.514346492824642,-0.9972000969372776,-0.2735157497178174,-2.750776807594252,-1.855665373122763,5.033012372074295,2.066877626435221,8.63725542282858
3.500364718619758,9.349603284462043,-0.7749243262676146,9.733304437210812,-0.9448721778190206,-2.7284732215894616,-9.638993551187674,-3.693475552524631,-0.7527059912714602,-2.390808737608501,-0.0748430416303804,2.1421627876396614,4.044225835007157,9.57100484685699
7.247291585586656,8.875772222551005,-0.2428699912633602,8.857575783366581,0.0344138035688872,-2.1556176008807184,-10.85019601165213,-4.988481523258927,-0.6838225594579268,-0.8021059145112421,2.3423897676944194,1.1354520739318843,6.946247287651751,11.01142169441599
14.053227323163858,8.189196438872871,0.3567843625288693,7.359603367156176,0.933336066338918,-2.0292325482743605,-8.68226102519009,-4.836488211561566,-0.1975773923223187,0.6837564221129587,3.428089233974031,1.4814184252308324,8.263410803570498,11.242916479625157
15.047815994564887,6.547666070441882,0.3571277370814649,5.249222815699264,0.91351588381308,-0.8509367471792741,-4.513642375979886,-4.134390856216694,-0.0469542297775114,0.6058826487459942,2.4235799487433014,1.7473091312354514,6.998526002101222,9.579697640771828
8.683959610407626,3.4254747529187504,-0.1679805111392693,3.027681611366044,0.0488003624798019,1.3445327217390717,-0.1268905961488955,-3.5344398602896634,-0.825058174248315,-1.2572861201716066,0.399042639307406,1.1403334904323648,4.196314291804852,6.925777592530944
5.072934415368202,2.228720890832716,-0.6054680711288025,1.4077332039416408,-0.7235345976437847,3.609298553157711,3.4974568763259666,-2.7721163188910425,-2.2016474015705194,-3.532775525851609,-0.7022029301974997,0.1087527524289546,1.8474917260258683,5.025294830486439
2.031389835127524,2.8363403176404414,-0.4374030443351104,0.8263891916851804,-0.4120074367273514,6.233494209130713,6.237947223580928,-1.1467600626801944,-3.0015375004018447,-4.290268092757399,0.318245568769288,-0.2898771776905064,1.3007815830049232,5.050058576429592
1.6927260311701238,3.204626002018081,0.3848924165675473,1.1555993783576142,1.1660948479992812,6.879520868361521,8.18110098898006,1.4623226460479408,-2.171998556471719,-2.620888080722909,3.05631078567429,0.6105109862344991,2.473223827518712,6.701999407954151
5.798727159360438,3.986199250198157,1.5980457694964745,1.830460135667316,3.207336573547983,5.204538029324426,9.271726772076889,4.220469654746035,0.2271787522001418,0.6008899509073622,6.038094422316743,2.687511568032044,4.2748279494226775,8.569210600208617
8.225380955376407,2.899025315617833,2.962916878923933,2.2685607674132653,4.555869482233888,4.253789066217278,9.588052953515266,6.06927184555329,2.9788664884575686,3.4311098992951594,8.015337097780764,5.391005464490069,5.658540628946478,9.418127195849088
9.834217375591669,-0.4988875352860529,4.325247679265522,2.2448530965363425,4.575985215111897,3.502291492112527,9.607002716143224,6.786229878192293,4.692027085205721,4.41035119183015,8.83769963701624,8.242628689186168,6.360560881868127,9.283326013288551
9.100818093645664,-3.2850220427059864,5.402749091213445,1.952039118214719,3.5089357636320724,2.8879432789680743,9.804470192771603,7.158849045380975,4.890262313182642,3.607000198707488,9.239983847398316,10.889729440548074,6.81858573743445,9.351263087252022
4.720526366578046,-6.021269011058362,5.6936322552881045,1.7188451200727162,2.047602329848462,2.9440743939570333,9.881571958063269,7.97194905231491,4.196372336408436,2.318828228681218,9.880605425098176,12.791883211973428,7.492970985987768,10.69054540787428
1.554439782087314,-7.952232093875991,4.745620816598344,1.6018653449168498,0.5896421449143501,1.0391975376407032,8.643005829342,8.859158933811118,3.5254645973553087,1.830394480686218,10.556163833922769,13.10352614234601,8.26773099989262,12.97357766764565
-1.0294982147680969,-8.520499568338838,2.537185034250109,1.1662062822503962,-1.0581315471108714,-2.834958005885261,5.054169628769266,8.383790143466193,3.166684263424372,2.401348400018687,10.296476713059937,11.098768461758311,8.47557905111244,14.433729225525964
-3.522129051194914,-10.393881501580235,-0.4625501228758102,-0.3298741757865495,-3.2004996375965318,-4.419813077914621,-0.3384635052019549,5.512900886660848,2.654232964248617,3.2995823728081546,8.283074610431488,6.844825865509045,7.526917023772544,13.218820191236995
-5.02979042231989,-13.342849766068836,-3.621160312068144,-3.398823647372109,-5.517092518979262,-3.9959613774123297,-5.15137659971052,1.0811241609892297,1.448171901932556,3.651660661821386,4.827453397684211,1.4830713673474092,5.59136532624097,8.980784048033748
-9.476173033924244,-16.022772753216515,-6.462481547669777,-7.790263985936802,-6.977753917336673,-2.738392609544914,-6.707842259454528,-2.398628903575996,-0.3641955925943583,3.212697844358372,1.5132755751201348,-3.209708748064825,3.699057145766391,3.2553671167288734
-16.922334365839287,-18.887645915990248,-8.62496246127245,-12.40195599677138,-6.734563778372426,0.2670715946465205,-4.239670773152643,-2.693425115157821,-2.056099639543209,2.425092996792264,0.2091674015377442,-5.685466780727476,3.082803553140627,-1.734195469228098
-20.341558599289836,-19.223838916906303,-9.627402196464894,-15.804664197281696,-5.214715101647561,0.9183384924846768,0.2649234932214597,0.1509053291262496,-2.874583627535351,1.911072911582602,1.619281007414127,-5.323523529745167,4.208122299251368,-4.767168652071838
-20.105809016652568,-16.622918267315,-8.948390024938824,-17.0609808026021,-4.176304229541498,-1.0282089377423087,3.5086826656218397,3.732653396252268,-2.618521707793499,1.9890678184804016,4.5744176425395535,-2.6093044080961145,6.248460490882776,-6.302712074499215
-17.46734709565012,-15.469996504297562,-6.571603544333011,-16.227608457431515,-5.333830308275794,-2.7705338690720125,3.4724659565419684,5.336485429849898,-1.6699055390560005,2.5759284908586846,6.788278633976278,1.1450004683087889,7.486460727778073,-7.638891424048238
-10.797373382290967,-15.242568315085624,-3.449568538641444,-14.151921889971884,-8.639078695911898,-5.268711830055586,0.8935078097420597,4.224462334546332,-0.5787762431293388,3.3613077160264884,6.565226129103259,4.313254961905763,6.444456218179413,-9.479565390902671
-8.324766806332404,-14.29152070563776,-1.1618871353450704,-11.76765067692239,-11.895196243634338,-5.665365889951104,-1.5997555625510582,2.033654227774373,0.3119248014576286,3.979807456010892,4.039362996704038,5.556835171683113,2.964397054537836,-11.30715974172749
-10.336244588124451,-13.361374537060858,-0.7802769432808486,-9.515348179962984,-12.311820923570664,-3.4385200913774945,-1.7926828374054649,0.9838299947297452,0.8825941973999685,4.114387829375201,0.8788447248884195,4.3819663708044345,-1.575915369256644,-12.069157987388827
-11.716473783286894,-9.253789289562471,-1.90310217632253,-7.350920535960217,-8.781481250710932,-0.9553975828842644,0.4707372615996248,1.716849945732204,1.015155063864737,3.6351349275527767,-1.2278183026694904,1.3828894216547405,-5.133556344667556,-11.369519713454835
-14.337662879338968,-1.5771800608645006,-2.894239461512253,-5.20698810675474,-2.877017294985489,2.59604334602725,3.5807645067608127,2.857345078594025,0.4775973285908492,2.7474855800346134,-1.8845863888562613,-2.0856062575655545,-6.36292391590949,-9.916262052268037
-12.92638663991563,2.092442984356674,-2.28672374205385,-3.337888061078621,2.32692839647735,4.06062254535789,5.782848035821092,2.5916917771193875,-0.897239541082328,1.9357701302144887,-1.9484353141697983,-4.685881169692482,-5.457468713130139,-8.79635507714017
-6.584759578296376,2.0622431503336185,-0.1110676537876014,-2.1466067648147367,4.555949767770708,2.936154309727637,6.459681593259407,0.5751246494781432,-2.8845016269770616,1.6062956421586014,-2.3452020370796807,-5.773878821838775,-3.8230587247600942,-8.357780408697185
-1.078255670871934,1.671351809701357,2.136510267988865,-1.6773235638569362,3.788518032425388,1.7223223229321576,6.062001547220662,-1.7285024926540224,-4.73313419095116,1.7042573336215956,-3.025280262943596,-5.480053131575439,-2.863156520635098,-7.864914195317336
4.906085568436596,-0.6701855338141098,2.8913898630275026,-1.3489900841644031,1.8030120038320816,-0.4584072206042754,5.152455860818661,-2.5107666504219224,-5.475117161974591,1.7289585815768411,-3.095287447810765,-4.288716365771335,-2.8981536476826117,-6.304695936533703
6.418769522679174,-0.1942036359226222,1.9448510045987435,-0.2987528452322214,0.5076888895263574,-1.5217989990128742,3.757500600109248,-1.3673101601838602,-4.593646331740754,1.2081482604698754,-1.920116701028669,-2.675620566553384,-3.13556772762992,-3.5728775088904072
2.121891958352624,3.634830417412566,0.5336665144030392,1.8996532857995367,0.627090328018507,-1.0751568305121075,1.6275525780818685,0.3411761033392237,-2.606694851269442,0.1612193283755263,-0.0370659962370178,-1.1450755235472263,-2.682471827100449,-0.8907681989915295
-0.2573084535004116,6.153482119821408,0.0774976678647099,4.771475555607486,1.675375958086951,-0.7272634478566322,-1.0812922742270616,0.7469680900944558,-1.0223255639379814,-0.9825419625202754,1.04855752653376,-0.3677152742327332,-1.6409292119498424,-0.0150386050394555
-2.0156087025232705,8.452624220624838,0.8749066913678671,7.170519919482501,2.831649834732271,0.1250064159352473,-3.580093573075252,-0.910574169630216,-1.479332810870281,-1.9659241198120885,0.0276090330790709,-0.9101089314406255,-1.2295690688700829,-1.882056772316671
-2.636829284132065,9.49384132071817,2.0204834027898446,8.054832369599103,3.679991156961409,1.1771827962098758,-4.957109358413733,-3.736395481789313,-4.541331507901251,-3.123030613310416,-3.1129076443042574,-2.6157720995518368,-2.7544600429764383,-5.778411549348573
-0.6996677231485767,8.507851704958899,2.490087493771165,7.211632298009462,4.235285540743529,2.3083301080524574,-4.887770336265555,-5.994818603622996,-9.04784142839024,-5.051864531762767,-6.9721741980314205,-4.360278362798981,-6.3311138156601645,-9.657469723761478
-1.7347292905531162,6.894063659468462,2.17659495999558,5.40102648272769,4.550446775411326,3.238949724858581,-3.8369763819497686,-6.405906891344734,-12.662062708540258,-7.75406065310594,-9.651820987267165,-4.731155844122027,-10.538214362938906,-11.355784861868688
-5.415413720513072,4.116433875789448,1.840741702237426,3.8599827547729273,4.532255546857795,3.8135671966984943,-2.6012691672488284,-4.851168126309599,-13.357456505668427,-10.158302638020333,-9.954853839888536,-3.213468194601649,-13.383480842160465,-9.916823039288154
-5.543118456550783,3.055071802320648,2.173634510656745,3.557634391160347,4.165041250109965,4.234433845887726,-1.6765510834065709,-2.161988572893032,-10.770031444570185,-10.71850856609728,-8.009081171550543,-0.7668620180879611,-13.795078926782663,-6.242761827521285
-2.780798083880444,4.058184677323411,3.0674305971477223,4.678669147720721,3.75861856414106,4.349667276961656,-1.0335014115726142,0.5407866492462261,-6.37230717030709,-8.732691629203936,-5.00860385231006,0.8633281507753332,-12.36953384054739,-2.6769087568223835
0.4213693809502358,5.757837359016383,3.8378998660020582,6.569449515783712,3.787181963337479,5.210617989094793,-0.4247702991648009,2.3564445120605613,-2.3532688885428312,-5.18378427283136,-2.4246070067419128,0.5456113481853828,-10.748848466999142,-1.6505825321172507
5.188269678981021,8.99571107316474,4.03387035147257,8.090889010198868,4.401395093786892,6.888506787056931,0.1575971875158818,2.790938620745676,-0.1290812772876737,-2.18844867920572,-1.280992028489341,-1.3790062787058193,-10.197661927413291,-4.095492676575978
5.741963063436804,9.146368842915807,3.866384736124176,8.188840668050329,5.1623506513621535,6.663519331805318,0.349219959473205,1.817633600137448,0.3609018512922242,-1.3885104958227974,-1.8535813988527916,-3.495915528614911,-10.64828378613558,-8.67267703406888
1.4109292621518068,5.84573581743749,3.806907778266744,6.468298711781994,5.389920747506995,4.58448540689758,-0.2704625754027496,-0.0708022929624557,0.1678735012094621,-2.664320985373372,-3.768598117151973,-4.522023403173849,-11.052681417278786,-12.560796040339358
-0.6380515149869285,3.0235692095219773,3.8814823319381584,3.510108737440913,4.853894404695309,1.5018849655128987,-1.7178284016655232,-1.9875501956569168,0.2589253426802065,-4.338319049919623,-6.296084248675859,-4.234021378270214,-10.69127221339368,-13.470338706600211
-1.6206096973526387,-0.3830857966529116,3.519003405715192,0.6610038432836212,4.077961874936464,-3.229163705370412,-3.436994102002825,-3.117605468916126,0.8190975440995425,-4.708789739823445,-8.684203618282659,-3.431718381298208,-10.176052716813636,-11.41151055037063
-1.1858105532736831,-0.5999114238791353,2.1705288670247542,-0.7456395727590093,3.840005281872247,-4.872763901328778,-4.603865598334525,-3.2870451160525667,1.393026687044276,-3.5321378108325883,-10.444728225988351,-3.123083686017166,-11.087212841826204,-8.66181731501374
1.9902332353067569,3.2418249269219586,0.0485728033088078,-0.3079712524394562,4.301938450326746,-3.06823400488524,-4.67321436359977,-3.081415566865858,1.541325868480365,-2.117863001139935,-11.468889165393236,-3.649085236774476,-14.382352784938996,-7.749725496062148
2.0633300889483865,4.814678657533808,-1.818240745755872,1.1219232593141812,4.696409735429645,-1.7562195850397713,-3.726712667341232,-3.238946987783338,1.339757988311781,-1.9735124356508449,-11.859724213418469,-4.365280429630768,-18.91554032540798,-9.063568499491012
-0.7704140222014341,4.973512083563715,-2.330082711943134,2.121402358359231,4.0217869816086536,0.1632409035027759,-2.342153132971899,-3.7881371989293218,1.3319349887273368,-3.257311706491535,-11.584477981071284,-4.051397207726573,-21.515290844907728,-10.232405198928989
-1.6713916125268438,4.196707763739602,-1.193252160177665,1.92531561655491,2.143958121025724,0.5320231588365951,-1.1120790679874792,-3.825568568792717,2.067011991780145,-4.462850331774733,-10.309361798048815,-1.783224664726507,-18.89856934848415,-8.016862580142545
-1.6093817464283573,1.2846863282517178,0.8361726780782837,1.104214538822536,0.1570809404158604,-1.334354900707331,-0.2401543200045135,-2.33820616638552,3.631513476333927,-3.6511794361959113,-7.71499956104938,2.2651481714331227,-10.14379629585879,-1.2305862081090426
1.1408034118585524,1.0774516621782226,2.4951016173512626,0.95698669046612,-0.5105209220674629,-1.3177654014032505,0.4296544394159423,0.5856622835030163,5.494961704851158,-0.1900756814657924,-4.107623944175381,6.63976212707945,2.1774742060616408,7.807203457125798
7.571313265258357,3.5626555730091307,2.8258881847802426,2.0744523669225927,0.5025117840650319,0.0600303351724569,1.0058201787401462,3.3698704749521475,6.734058996849915,4.465489073354008,-0.688686007126142,9.273922490393597,13.219287752109274,14.62609605496181
8.446291259121875,2.4197660453805114,1.6275434296593545,3.443058209793442,1.9538970226078016,1.0654447813400976,1.2076964589666943,3.957396006581602,6.496089853870151,7.613379015132551,0.992566627974162,8.66403805910199,18.689885653766147,15.74740050977167
3.820643913784903,-1.7052613959274556,-0.6515465786854231,3.0896053498752174,1.9721154624849049,2.3470777123534816,0.5097500544585949,1.4681608566520752,4.467384147944907,7.139787898795149,0.1232069886230879,4.797559540609788,17.334604078263727,11.117017624099365
-2.565713005051938,-6.975637987307203,-3.3049945326616577,-0.1615445825631516,-0.2410167049321416,1.922842116491675,-1.281168788507295,-2.9403886263702472,1.111393888399926,3.000290124420577,-2.65503794267107,-0.7990961539348498,11.394545604546906,3.9725060195746975
-12.843702705843292,-14.608855956246575,-5.683606551235149,-5.388388572680517,-3.518430015064477,-0.552043857939189,-3.571883872107846,-6.80980919701886,-2.45982241092607,-2.6777040291111613,-5.582648028960365,-5.915727698545378,4.882627685694457,-1.5854259362478569
-16.2783727688138,-16.33455724193537,-7.330486315010246,-9.995144908035206,-5.517343413569062,-1.6380675121170358,-5.208706350288944,-8.115740389128725,-4.931459846204117,-6.878557248251697,-6.949068890815396,-8.837321532765754,1.0464682756657844,-3.301371494377305
-11.927641759090124,-11.45047184572512,-8.051356776961137,-11.600070701502942,-4.579908478936562,-1.7044415717167487,-5.330206748994511,-6.575694107751831,-5.330529016585391,-7.4598703305936995,-6.135839310166611,-9.124128890750583,0.7787263795596941,-1.768011418021807
-8.458857298309367,-8.28504961096303,-7.988343091960202,-9.800337347255152,-1.1139606380531424,-0.3739490397577696,-4.108631799645987,-3.5652259308545577,-3.4260336676825727,-4.271009069174855,-3.75305406293972,-7.605922705715862,2.808759749115442,0.6854452465547424
-3.3112033195238157,-5.029244659430677,-7.582547312613935,-6.336826298853306,2.638427762254265,3.1313965128781893,-2.6139746086262625,-0.890794326365028,0.1547121295272502,0.9633634417502734,-0.938352278264289,-5.697256190899676,5.137022654614843,1.9876999346874944
-1.7158727077173603,-3.7356350610274633,-7.301747553249067,-3.601088487913269,4.227995978469018,4.038524138043634,-1.817541622736072,0.5006964878960372,4.123158681310064,5.762101695746464,1.456055666051538,-4.487602717453316,6.4514963953284665,1.590094597649918
-5.140697890282061,-5.889523758478416,-7.246254291927539,-2.829535918634533,2.708551874267707,2.3887602252748663,-1.6508003986702828,0.9399532935386828,7.014185984448721,8.22627995142269,3.172241934477534,-4.150781297346208,6.610168767288208,0.33111565928297
-5.476701359988225,-4.94246229068517,-6.976891622295129,-3.477033368999482,-0.8500285632620397,-0.111357370246156,-1.1011976445701577,1.4444786584524878,7.839856793812416,7.836730091953516,4.3423329278171785,-4.027554946036513,6.196281196703513,-0.5645269775154986
-4.077150703971115,-1.56054149890659,-5.816392611047029,-4.109198758228505,-4.303808262277447,-4.566785095115447,0.6367672272774967,2.699810498773684,6.61993479737672,5.41838655932056,5.171639065296574,-3.312120641812105,5.80181797078088,-0.3815548386249938
-2.497220729359184,-0.4211079885327372,-3.470218741330271,-3.823794792042992,-5.9798606179626255,-6.026494113790138,3.044856882632797,4.390728444917658,4.402553393682767,2.493050513467702,5.802714149972632,-1.8295218964526283,5.640028666411476,0.8130884660844986
0.5401559224523281,-0.6154440800408241,-0.4622274200683187,-2.8895001380838874,-5.641783507108359,-4.130074095072826,4.387438369282503,5.353584794433074,2.6238975404537186,0.4737482521791198,6.326156222902033,-0.28327305737767,5.5984931158017,2.3975250944071944
1.648901239637297,-1.2043194785205649,2.039394026802581,-2.180558367694827,-4.296493930468829,-2.728915790049161,3.107909637671732,4.45568325169233,2.166560341011735,0.0740425531726876,6.788136210352566,0.2551047094876635,5.470360979533792,3.5863484259778886
0.7099916827412472,-2.9165233611321075,2.944279043027176,-2.1602424439773094,-3.2076175016919377,-0.674793514624912,-0.708878966810186,1.5820623822647564,2.8232788899999552,1.1089951978758057,7.179869539542124,-0.7717512383814502,5.122102318247816,3.81857599484443
1.0398838685418437,-2.880869583328593,1.970887727593712,-2.501565505099249,-2.990557137186189,-0.4115053873402996,-5.194053498753427,-2.043662831435351,3.619201804805473,2.714534304446968,7.490489684430448,-2.85110173639234,4.5635515482215885,3.0842283510723085
2.0202156733363186,-0.9119988568892728,-0.1767353356057125,-2.6531655596076926,-3.415408418944933,-2.600367178880835,-8.071397423069227,-4.551611027874039,3.717482385823246,3.888403934359779,7.797091310121014,-4.611703902675549,3.976215224545213,2.0256307720907056
3.797458300814802,-0.1220566630473857,-2.2946373032981358,-2.60970473295245,-3.871889564909583,-3.89283216990359,-8.353206599966791,-4.688820725280863,3.090489371489173,4.094852668082885,8.23916235307852,-4.677884987140087,3.67002981113986,1.6072234403773518
6.959587755913504,0.0468550898140776,-3.408767974807335,-2.9343556831957724,-3.9619610291960834,-4.95464191241659,-6.897822905347292,-2.694632180574178,2.352330937622064,3.5516799104495997,8.82186511904688,-2.612495834870403,3.8966566519012336,2.437871191071922
8.380179916157516,0.4913684829601898,-3.197931522408456,-3.946207541964281,-3.738378931639282,-5.393869416075059,-5.45626488857752,-0.0960367736378726,1.96485623792342,2.9422343097738377,9.240225413279171,0.6645796781077817,4.584572845852151,4.234096231045769
8.085444346237502,0.756799878716635,-1.9013225148722697,-4.99300805145797,-3.51893115952054,-4.640232263669088,-5.1690768904009206,1.3986622873192458,1.6576741469738996,2.7183638004372903,8.989233138992521,3.325247323302503,5.237347328150671,5.9432800825436765
8.05247165297538,1.113020352446411,0.03839697996084,-4.754451009205251,-3.555364920860139,-4.214718164917868,-5.803786767550111,1.0344894570527197,0.7064904402291095,2.5793971300100305,7.770083710665972,3.8091086534442,5.184761300273754,6.526617694746914
7.649063787650378,1.605866831859606,2.203270378239785,-2.449222130001499,-3.8507132138227016,-3.86923015608839,-6.174968464412991,-0.6188238045655081,-1.1453774812755533,1.6813966329380117,5.86017463771954,2.0355040425319286,4.074552135400362,5.786762374705997
7.393881594322142,1.2355867304594492,4.176117039417568,1.2242208383529412,-4.207516094020528,-3.4647524962749507,-5.133915764657174,-2.167549258170098,-3.038827706414963,-0.4721991669572514,4.073846831675324,-0.2852382516805879,2.222484735863421,4.525560476311393
7.535993255722541,-0.019736775678586,5.481848127859244,4.4360859639178365,-4.401895339581559,-3.246240317953344,-2.249022867362113,-2.272506395123598,-3.381324148669444,-3.222456933823172,3.2823820050751094,-0.7204343701729584,0.4908585156533753,3.8710601853127455
6.153971195002013,-0.6175084660411685,5.7362335821897,5.626767361779461,-4.349637696260885,-2.4585058491044287,2.131478995023688,-0.3492991440892194,-1.0979866746169482,-4.8988189974628735,3.8557039590019366,2.0288283598634056,-0.2662962623349647,4.323664926574077
3.308617123815855,-0.6900040901220016,4.9360418224702105,4.655905760269863,-4.179921781870535,-1.1130833502136717,7.123541178878165,3.1660525818755976,3.2743865169861825,-4.030198816096942,5.44886875521884,6.916092331635521,0.2082455697977216,5.308897558884312
1.7564502748956323,-0.6122220990875474,3.5572536714705683,2.656101454013506,-4.1701243183604975,-0.0136557758600978,11.523422919414386,6.997404059429918,7.670203919801551,-0.7026856116615825,7.25528795397194,11.098263621112412,1.3934864480855098,5.61113659477752
1.2879248321477494,-0.0661498890377589,2.2603556613457942,0.8639258929101663,-4.536423904392293,0.9512142365495302,14.057413193560835,9.587517449572385,9.833409483017451,3.1850927114053,8.492681301983545,11.94550840345626,2.348495501054339,4.361469808250192
1.1026975356577071,-0.5328802870281039,1.4212484921320916,-0.3264090700112128,-5.175877827166453,1.140039631712494,13.878969681814226,9.86845541084153,8.892910953622483,5.183309776698386,8.785140601618405,8.931162715619914,2.3456388793129235,1.8208008063790573
1.7755265027420717,-2.094851356498144,0.9436025805390108,-1.215966428265415,-5.572155411884447,0.3241947307321505,11.167355068619148,7.863374617020169,5.887403153837742,4.131452788206635,8.26293253610416,3.906748825085446,1.3317015369161536,-0.6621236867525164
2.189125534843204,-1.8889187763594115,0.5466483716298325,-1.9390893560482687,-5.045274016821345,-0.0061873944448417,7.278961349422932,4.68294550325038,2.805541534041738,1.0160095596028116,7.411681864335044,-0.3323659196210965,-0.0865588125600067,-1.5418871692065157
2.3219703650566976,-0.0685586308975918,0.2113380282130519,-2.002686050067371,-3.2667510737262173,-0.003079918361953,4.076603195568143,1.8236919701339065,0.9789513432960883,-1.9267472061527984,6.795487022033836,-1.9142648778090663,-1.0864019917662262,-0.2005210307024882
3.164089617534549,2.5385228397889006,0.2738650300915441,-0.7927351163943288,-0.6548926168341171,0.6586686345625867,2.7871828348774943,0.2363749403640067,0.2151685537709138,-3.076980389878654,6.777245739496749,-0.7887563628556657,-1.163515711449563,2.536970071726156
4.5178895058829625,6.559590055456199,1.0313378828113655,1.5525259553635773,1.7665244266369813,2.333667637626192,3.2814826231109278,-0.1295175182693269,-0.637717235090518,-2.597317447659531,7.345388260811824,1.7226539972380852,-0.3849778404889026,4.929746448028478
5.240248870942551,8.328045451680216,2.2877511918955418,3.966169821896526,3.0763428561224457,2.5985767307409207,4.389622779746173,0.0188674495875744,-2.322801613980465,-1.9026254253522108,8.139564566346113,4.054395156859412,0.7716723635561906,5.546236564731284
5.377756305140836,7.584803885352974,3.383332148242653,5.290404839582635,3.2132901081631537,1.490494071281124,4.959407922252494,0.0912493470873916,-4.343230186957667,-2.052834913270175,8.685005062585425,5.308677170830364,1.8077478149902184,4.26768934280526
5.914624329271362,7.655176808432088,3.7507766125295534,5.321073489719854,3.088102598961726,0.3541764564880625,4.715201788176183,0.0937189705422725,-5.447267933133463,-2.6832875246604377,8.699446473910367,5.520970451480442,2.493215756227179,2.2939801274625866
6.64872645491339,7.733189008710432,3.4495802703602068,4.983566035506548,3.824719910423747,-1.3148054550557915,4.219730625014375,0.4176300389828382,-4.916007395549606,-2.4851642654086383,8.257602922188767,5.348000303970167,2.870041378203166,1.1610781302149684
6.709294768094452,7.927175583369918,3.100319897964828,5.426381312630538,5.699816233680688,-1.231299904226432,4.111322316257477,1.222223145652737,-3.3668605094629087,-0.6727839729950444,7.682903741585554,5.460350672258689,3.054483887160523,1.5781108810202686
6.169866847805961,8.710228218820893,3.243082530530277,6.899854449803661,7.736681666904177,0.9314418987930116,4.40674643740765,2.075239857337672,-2.2641817665730994,2.0903652076873693,7.246011157881667,5.994023726883382,3.074818548857818,3.010413472084953
4.350867084388602,8.171373783747306,3.756595095224448,8.477038086894922,8.43103716283378,1.912695340459227,4.47809491523409,2.245572857591984,-2.582758091463554,4.233824649176283,6.9119352235655,6.431230052965463,2.8822810730896298,4.272550466273148
0.970533404424451,6.37707132705918,3.940441900539184,8.841347454110192,7.072900392273283,2.1815040893456965,3.620248266442719,1.3918124237317064,-3.890218565648449,4.713919044157962,6.342901475679993,6.069451231113677,2.4679101241854933,4.538710331433858
-0.3918156610775377,5.644438075016,3.2058347937549296,7.397581246234703,4.504751704080989,3.1051957251759665,1.6514242097941532,-0.015318602199617,-4.727568759401635,3.904036173170696,5.151956366534291,4.744246051227652,1.9278466557212528,3.889087569185104
0.2841480379611362,5.735166512416584,1.7027949564648923,4.7780394937375,2.5709258446551173,4.191651892345773,-0.8988484003118635,-0.9704169048243748,-3.94941436907784,3.1234448084813327,3.1751580634401497,3.126854758981329,1.418313771578846,3.006895224996822
1.5138252402323986,5.778978947998987,0.2714137461138244,2.4435627693890787,2.669502001448009,6.789856663428622,-3.040242736943357,-0.7004016705974574,-1.7866633026400218,3.364114243209367,0.4969579467075089,2.213404875141202,1.074029299374426,2.4284445517973428
4.147878235877089,6.203935820690873,-0.2291339984109661,1.8043176922144128,4.654778217309664,11.16342501249264,-3.7797412966704735,0.7467251471748133,0.3434548348034161,4.482836204694715,-2.799299959346388,2.421535380199505,0.9692525559733562,2.1038512325980383
4.943352010077294,5.789777831010093,0.4388231450674247,3.467622075215634,7.046048553577058,12.48598999976746,-2.57899430359254,2.588438813596821,1.083258757965119,5.534562129365377,-6.848430148502556,3.1998131453779357,1.110819203048981,1.6572977981613644
3.635760608714721,4.399758899902042,1.8635370669412563,6.929126440766231,8.321598166747219,10.767184964069186,0.3242780190874026,3.9386016385068734,0.2586648915357377,5.757928086688862,-11.805582967281916,3.6158879959487553,1.4202921851223715,1.020202277403655
3.1258285858635944,3.398934308482617,3.5080067642026416,10.725424028769089,8.1121580214462,9.503670232260315,3.895329894502612,4.379006824185135,-1.150862896577164,5.192030172819109,-17.243615825752663,3.3779316619292743,1.735041813836251,0.7280365206370831
2.6900049101712518,2.5269412160040146,5.171499066782695,12.991229329118816,7.252635078656734,7.718050521038408,6.719754198265882,4.006447036828276,-2.099042426320457,4.420596518373356,-21.746476610435337,3.2145415504557806,1.8957687274886288,1.4793369544611683
2.281512520805801,1.3861697719730512,6.881813776460893,12.313038022273329,6.742190474855828,6.664603419246702,7.731701531908988,3.059353033629824,-2.4914963750999317,3.842876952398043,-23.41912086872909,4.120065830765537,1.8792231549455576,3.2921180676305197
2.285041379783844,0.1641289533404052,8.368687546584454,8.542805860159557,6.656578778469291,6.8970724355701325,6.788129037451736,1.6241373895542832,-3.107637122201547,3.248203093148841,-21.299216951003032,6.142109585109947,1.811193851244751,5.082278965704525
0.3718626699504868,-1.9690676530728124,8.792055104815656,3.0307987321331438,6.047221751853357,4.776332835468165,4.627996020230087,-0.2593241895811135,-4.5280577691460975,2.0794389588023026,-16.578582539556926,7.955526992706485,1.7855505426017546,5.244811899392511
-3.524737151566104,-5.115498828683148,7.215235581181885,-2.042320416987156,3.9133321882243006,0.5507821802812949,2.236206993828597,-2.290785896462077,-6.212460954796834,0.1016253173774881,-12.287019671750969,7.79674227478815,1.6838662499344792,2.9530491796790623
-5.196646663563971,-6.033632107555489,3.541003300602564,-4.898261268789415,0.3522742203137601,-1.922269269765772,0.1763171501133325,-3.8496314599646486,-6.758018110517001,-2.147953636859913,-11.247241921188593,5.012367568554179,1.2861321769913954,-0.8813035511950045
-4.884828574271398,-4.672383728855199,-0.9767982129944436,-5.101592849842664,-3.1569748116779954,-3.1002725500094885,-1.5217199694920307,-4.344033399684353,-5.192422754949103,-3.5632988280264803,-13.827318440338992,0.7821193768965271,0.6442608811954247,-3.973999997581921
-2.6491566172122867,-2.072866658291803,-4.311174807895107,-3.5376416302336207,-4.6383419983975696,-3.991145079706608,-2.925615792273189,-3.65842941079264,-2.0903985155483853,-3.26095628047962,-17.560040011912886,-2.760807530284401,0.2508945904102888,-4.333878593110113
2.54507452303437,2.592207965569551,-5.047849587516222,-1.5660132835458398,-3.021645917332988,-3.865222697760105,-3.8242021766993135,-2.278008799122589,0.5892728379022096,-1.4305848590574977,-19.23668310631905,-4.322317635408028,0.5761286735168207,-2.01088179799466
2.249607196253935,3.6563108265233457,-3.484111364693339,-0.1523651594301764,0.9790532209440168,-4.576657776667325,-3.950630748450511,-1.0157719894950326,0.8848622389109115,0.4238601915356188,-17.786163407691472,-4.561468548323132,1.222964615641673,0.5824945462519526
-3.842916735276619,0.718080311301216,-1.4755949049612749,0.3468482373117556,5.1544425220480266,-6.20415037584914,-3.610463085849624,-0.6381456450299563,-1.714109249270872,0.1972672374328024,-15.341943299306177,-5.48649919666811,0.6086266051761187,0.2598246333400302
-11.519765677550431,-2.627638922506463,-1.095852953438023,-0.1750933236791056,7.079230601078804,-6.4227539294356335,-3.896418625117976,-1.6464345237710587,-5.904458850624598,-3.463358208287696,-15.418747338627025,-8.642316671988755,-3.1383898043666845,-4.545409393299807
-22.846742181934932,-7.792474175033661,-3.1806816363414603,-1.8704665792947612,5.555506321579219,-5.525005133782127,-5.927538491006269,-4.149996899927203,-9.500136831327008,-10.038273291947348,-19.73798745981464,-13.703924746147676,-10.49085704240912,-12.459774574902797
-26.75338160308248,-10.370989031233597,-6.8942406161496175,-4.740763980770311,1.2995462631392545,-4.8296880520819965,-9.578604132219382,-7.657424639910538,-10.844090151498571,-17.09918470308606,-26.49048068564554,-18.69412105006373,-19.45978205685193,-20.00897560964461
-22.109855325437334,-9.724085347119784,-10.52850139609084,-8.21686789847293,-3.568687497387774,-3.9903157229217903,-12.95169468960706,-10.91944541521064,-9.661846105731282,-21.530142940893363,-31.535371281780776,-21.53676486651182,-26.33068068204832,-23.961063310533607
-17.805351057728586,-9.426168577349127,-12.725004074644252,-11.14569101069883,-6.906155001410494,-4.011862463395159,-13.44057404052008,-12.255766270752073,-6.898692817895812,-21.299868921830807,-31.454570519968343,-21.492539679801325,-27.935401168076066,-23.33491176682408
-11.097622925323924,-8.308831697895458,-13.10872174064578,-12.40522021559628,-7.872227563985711,-5.183844975365267,-9.812813679020508,-10.53149702399741,-3.87012130018657,-16.66213005726459,-25.896873961165465,-19.29429281903777,-23.809079115950723,-19.60969267392448
-5.788877364785141,-6.538168555947775,-12.032190497391746,-11.649907938299954,-7.261074937848738,-4.95318803684274,-3.5696384914025403,-6.194462875199396,-1.435302746048543,-9.997616843102454,-17.458468097536922,-16.129707569357,-16.526695828693246,-15.206155786670273
-3.150025689122681,-4.438958097792069,-9.957672808431491,-9.473312211513598,-6.590358006534881,-3.4884142182316773,1.818612843358302,-1.355662869955863,0.2935297332736202,-4.357549432625483,-9.509650124628216,-12.627704103212125,-9.885603994882162,-11.633252937514966
2.567309162050552,-2.055638253393838,-7.159785141144188,-6.837452444251361,-6.662092668346123,-1.2061395227077452,3.446970726050659,1.5217134992460468,1.690243161782584,-1.5885094387221574,-3.891694763898801,-8.74621150328949,-6.263432963417531,-8.73340324543965
10.288703024954373,0.4291031792326643,-3.889394551670879,-4.34754452152191,-6.810754985825579,2.4580600684132152,1.2649959380235507,1.4937607305075309,3.166754663566977,-1.2299038970351024,-0.1509690699171131,-4.382377938375263,-5.102740366991748,-5.376389714233113
12.313385152788094,1.466400130367245,-0.5887734731634806,-2.059362920085144,-5.557311186037225,3.524171356099261,-1.8730053539286189,-0.0127904134970022,4.911693393130529,-0.9650236573791826,3.495219006131634,0.1506145012766588,-3.6274731325832974,-0.7916459232923896
8.791235365113993,0.7652174736389215,2.2193453939089425,0.1055245151442156,-2.1851100577332003,1.7797243664732436,-2.550346709422066,-0.2802325741161038,6.89645417643039,1.5844404696753005,8.53100183578702,4.27721508871811,0.7531804531265216,4.58273683516896
5.164600464537569,1.6819100607216713,4.251164584892225,1.8920925408742717,2.1595265741189884,0.8111677576439539,0.3963022037167762,2.4290580234042105,8.954006576491329,6.935051515349403,15.079838961556357,7.613144297439655,8.149094701040497,9.27352419596165
-0.1321521903330695,3.9527402980952937,5.553799634673959,2.713691394638028,4.961006933593961,-0.224885814723851,4.948583186533044,7.294763722070637,10.762978919749578,13.145295922567149,21.906686175856223,10.08842412246835,15.767743900146392,11.684517491009418
-3.635238440966505,2.749409588235404,6.187034741092681,2.0578753816587825,4.189611063741726,-0.3549400490250772,7.613631993184813,11.437330575270575,11.826973967296825,17.109759718996017,27.1929526206578,11.608621142402464,19.781881522660388,11.044151855782076
-4.3463036449564765,-1.6466241486857836,5.846996118514849,-0.1834211535758478,0.0108848475652971,1.0372664677974217,6.278413388196308,12.112434514572945,11.662906438148337,16.815818139670196,29.498437124585617,11.75013002536146,18.141952897574058,7.815078139139812
-8.840303263977017,-8.89117929803795,3.960889488802505,-3.7214419501135674,-5.154784727549406,-0.0249475339938809,1.8139406924166772,8.766157619834301,10.175430901805449,12.775856840169496,28.444944583052624,9.974755501602672,12.155474160326817,3.4034163612532504
-16.324224938811675,-20.15591049269316,0.3334535619917038,-7.987800136064258,-8.357347364790558,-3.364934546620759,-2.810676857515101,3.2816212579769823,7.847005583755917,7.4684006072255,24.86441021481164,6.230029572806583,5.529151923881933,-0.6092730021338228
-18.123873543408337,-23.55638494161868,-4.223752674770236,-12.066049188143456,-8.225303132442004,-4.893744481421589,-5.013309068981657,-1.6471899751120915,5.409676313817828,3.295325185657949,20.34271794991016,1.2977711739181448,1.5902311356847805,-3.2638366880669487
-14.694018796961402,-18.427982523988955,-7.996249472513344,-14.60828663899052,-5.740704298608056,-5.177795016700316,-4.536936134256603,-4.511395606413797,3.196164515794784,0.8355443604987753,16.372192682652482,-3.543265915745978,0.937807899780164,-4.58108081131581
-10.679720305575486,-12.452719480570838,-9.342290812173964,-14.24577735305816,-3.156018739086413,-4.383703442823743,-3.301766013546917,-5.689937980323994,0.8494658945387421,-1.122558684743563,13.654728755911645,-7.280353797147879,1.4407416124585222,-5.239767051785699
-4.346838483831123,-2.7597771317104427,-7.859913303892089,-10.588854521394332,-2.1193349618002983,-1.6956275962066332,-3.466829159643382,-6.477814784366911,-2.145686042116965,-3.9102496545591783,12.103699231230904,-9.642395391308671,0.4926330645660317,-5.7953613909233965
-2.038349094192368,0.850456958840877,-4.777553010822772,-5.057411652637036,-2.623836574301333,-0.9113011285758492,-5.460694018874967,-7.539774630776664,-5.501774225489021,-7.296571860652852,11.532636297276344,-10.848530929174586,-2.51305702969297,-6.073944252485544
-4.743059374236962,-3.119504728586264,-2.15309063655147,-0.5035319622108565,-3.4913992592027983,-2.029159365066761,-7.655754356991163,-8.249220957142928,-7.767365032294455,-9.41706249207775,12.285001866971436,-10.926604790460916,-5.671072096559753,-5.323438669908009
-4.3221102258876,-6.957709412136189,-1.425482806590911,0.5341147349760069,-3.683197153185621,-2.4184127657492134,-7.885857427314878,-7.401580409408965,-7.212095930247761,-8.434076837827682,14.98093456227993,-9.362642511656013,-6.399281229922016,-3.0658657487494985
-2.2026336725025324,-13.343679033862893,-2.418166309701147,-2.2459118229181554,-3.1368105492790823,-2.836007481565164,-5.430562884803763,-4.495148912157915,-3.4006372538624063,-4.408184303442992,19.44539917638731,-5.554317968853695,-3.8943003881546,0.1374182928368714
-0.2794058482247553,-14.26996573015013,-3.566837762060546,-6.4589933243434325,-2.498956467184517,-2.2830410981438085,-1.7329506080479744,-0.3541722848261202,1.9721432419476617,0.4086042619831231,23.94629467548999,0.2641110714726338,0.0371637678072289,2.8496870811495043
2.677981639473769,-8.344436824171963,-3.1899207760801183,-8.646600228431232,-2.2623033415540523,-0.3497786197978159,0.7554845823453258,3.392030909184371,5.968182851371887,3.243123891904052,25.86623007697141,6.522440814006732,2.503909636151316,3.856912177260648
4.969653541497218,0.3971299632830209,-0.8085173632980482,-6.793876337011911,-2.279475058704032,1.1810066807262525,0.5845330380521396,5.391956606192138,6.497863024828936,2.9961207744169407,23.58926668319445,10.890770886394296,2.0016717796132264,3.216125908694317
6.524802627636906,14.458021345473886,2.501225517744766,-1.7605349667946673,-2.063002310808187,2.6051043944275936,-1.5567328679431276,5.271874723069185,3.904184963882144,0.982647544233934,17.968038823905523,11.671816965171374,-0.3979512015714705,2.19697089140984
8.546611849134278,20.672997694698463,4.959666323200295,3.501787473148537,-1.398657945350383,3.5102868023933294,-3.494767415268071,3.573120212584784,0.6356779924678861,-0.4337783616136814,11.840789412509857,8.975446485566582,-2.1508795743136155,2.1067789200899885
10.697926594357265,18.04570069578892,5.43343648204817,6.25748148099103,-0.5442809411419716,3.5411814593452835,-3.3582178984528874,1.2962029754696722,-0.7601707883818893,0.0154704461168355,7.821264134514008,4.7239451756412345,-1.5444749802848048,3.134719900734352
12.089172394711197,12.956177658033896,4.227312983376451,5.944754403323789,0.1471368375337358,3.5763141916481667,-0.9133570392325964,-0.4477780372242037,0.4012530431321988,1.6181722128136613,6.304669932746295,1.4399324360712713,0.9244973253602944,4.355643483663696
12.771012592339774,1.9120824063707609,2.765398735990792,4.3059170275137735,0.6647746797081044,3.401311763074496,2.5928966177567503,-0.658452798889039,2.6981368602386704,2.785878949650753,5.513506484606591,0.7203189592219257,3.258605882077793,4.837225184888764
13.85818147578765,-0.7794834415412757,2.507220525445061,3.762341060560786,1.2895838381658111,3.080846560799408,5.688473170393071,1.1513744179956058,4.1669117092340695,2.8692672820447056,3.4761905698545803,2.4851128961312723,3.925303135272948,4.660787533420856
15.229071050736476,6.107603970270028,3.9785588281075386,5.465231594965818,2.127597894459642,2.72959745225214,7.710396999770188,4.397488539016692,4.123142968957602,2.7536102032972174,-0.0045930521744992,5.398606595319669,3.164657112915904,4.816882470336225
16.080942063735925,12.496257613951151,6.572280820970407,8.559040421649495,2.8287103473924686,1.7981198749748866,8.736899305034617,7.319663169204666,3.537296238352801,3.6829470361622176,-3.239769979997143,7.947384533122964,2.52791326155193,6.16653245716763
16.577086262166663,21.90438903588322,9.084073037202089,11.097025001169673,2.916435577399433,0.3035584649718417,8.80775157816216,7.876620782076488,3.734676247615012,5.682143749043291,-4.367670380272299,9.29610655562526,3.318926681535049,8.597181547162448
16.186020234179924,24.9246943468822,10.44964401263046,11.720487708439702,2.446187771800945,-0.5276175300304844,7.552355421115141,5.2607431352496885,4.827030800354208,7.336709217314514,-3.134084896312386,9.427309855014364,5.541858951781009,11.17174332319866
14.71521693284906,19.822653087048245,10.203080761619823,10.71037370114109,2.257949337287883,-0.7083609792859931,4.768475298126333,0.764087065622646,5.486430968871115,7.162657333580544,-1.0699855849494453,8.738623272421822,8.19561010459669,12.954017338118586
14.349777033105411,16.833130478029606,8.559071325418632,9.642926643785588,3.4142751419868915,0.3631432251618312,1.2575717117024396,-3.0059464765791293,4.26985026234423,5.064724357562684,-0.0755212201224768,7.602439114619115,10.27957410694399,13.58706941564522
15.063116876682312,13.54122285505264,6.257973970518183,10.028952724383744,6.2231267182311,3.0865553981880387,-1.2689929044474093,-4.136687602420001,1.131008909465737,2.334150780856943,-0.9111413754395504,6.206968855611601,11.316366967138697,13.168816720027747
13.763663518993424,11.281319878765784,4.247526772826804,12.05552485747124,9.716038519467368,4.00156696929627,-1.4965354578125698,-2.957023348268076,-2.410715596500278,0.2674365374952181,-2.972724619593176,4.608570606240624,11.037133672661502,11.820867459313202
10.722614165176113,11.606974357911948,3.2004384459062347,14.367927934972489,12.108107650092537,3.148297689182545,0.1073998015047354,-1.680370560621152,-4.606584227032607,-1.0426678756351109,-5.291049501012495,2.769114112411428,8.989214457969828,9.562329654471927
5.652402046189952,8.468075475608233,3.040217973897441,14.985131044659829,11.93327683432115,0.2131980876040415,1.3441972773991964,-2.379086849149367,-4.99267707813777,-2.4677239262908843,-7.50825381344758,0.5302850106102159,4.87212789972757,6.560956067774147
-2.191036748608349,2.391443399647162,2.887016327380498,12.640533570543216,8.997232321597387,-5.766171170811419,0.0494185079427262,-5.078425505953844,-4.61931996635434,-4.506734871823246,-9.808179456247467,-2.297251633700077,-0.6227553601999851,3.309232864449651
-5.757995612563173,-1.3244049206341948,1.6837160347671976,7.634214701905531,4.477880590664048,-8.429121983927587,-3.8838328818054313,-7.675780529027024,-4.83053390447573,-6.372525126974034,-12.052479446871669,-5.610222295120034,-5.531830370151059,0.4007392682239796
-4.815457040454485,-3.460639297180065,-0.8410355896264541,1.6982523787542814,0.1822126498930512,-7.756029101262641,-8.132818501613965,-7.733913259088313,-5.830485466631011,-6.525874263275118,-13.287837045076632,-8.676236737387594,-7.565506656161183,-1.8728074760314053
-4.609611520959386,-4.860468951469477,-3.714140024176898,-2.9681907614755607,-2.469355663919492,-5.6761115852314585,-9.718479059847466,-4.528985465201568,-6.429903932049532,-4.142863187469734,-12.375936313848005,-10.2328577000224,-5.700365807659463,-3.629354936353728
-3.602684187625882,-4.544498293724496,-5.333991886618236,-4.86846584695202,-3.098958457846493,-0.6353556162132665,-7.415387365181064,0.4154974114999952,-5.199195753427082,-0.0595976850790993,-9.218051538412965,-9.21174639369786,-1.070161766891868,-5.068675274943512
-3.149825935213406,-4.16615754914653,-4.769574923930743,-3.8956142294280607,-2.364210773192829,2.004393159117217,-2.65037843408008,4.658287080220568,-1.9275349888251083,3.7184674124455217,-5.266839789027618,-5.644219525283623,3.674561103439377,-6.057609277904724
-3.975553515478437,-3.60970774598631,-2.59999252658881,-1.1831207100790877,-1.387523315224577,2.0368399271928106,1.8708254356035103,6.776031358929011,1.9822481794347853,5.4947161882490505,-2.60547311983996,-0.9149960459841432,6.087161875384254,-6.07228896835521
-1.6827844962973235,-1.7811445288737742,-0.4494642916622791,1.7033547756631169,-0.98200198365128,2.568627667501408,4.481132974486613,7.263917769333929,4.580844053765087,5.069534233173592,-2.2842700246169123,3.0692405318375933,5.434933386739033,-4.574151330158003
3.4581624642723217,1.0790251769578698,0.4336167494462977,3.648958464688974,-1.1356924138534623,2.368095707186108,5.694283401784965,7.786839508296758,4.990673956684077,3.731179905072693,-3.424444885738275,5.2440528113343845,2.9597532830210262,-1.5083667923143071
4.891984088806014,0.7679267723857298,0.2428737573162394,4.362612164239314,-1.1180036275963552,2.751282876332936,7.256708650444731,9.567998294221557,4.153928100842016,3.194156625349599,-3.97284510832241,6.0841517221309545,0.8386495150612561,2.446408990296691
2.990850661036526,-2.971767101129774,0.2795468478490566,4.097099378516759,-0.216068906506031,4.013849515626312,10.163823128124733,12.284744299651695,4.003228344885926,4.3779745244287405,-2.48895193719442,6.910769424925212,0.6629647443456239,6.024097106532528
0.7451508675554394,-6.23368812258783,1.4893735851328105,3.10376420318188,1.4091572433785409,4.799107062057636,13.546563760285547,14.28456335944558,5.695057116287218,6.852958289240785,0.6049386687550466,8.393326121438285,2.4555188975970736,7.835830367018485
-3.1777897965806656,-9.95346947079976,3.2761062658472504,1.368161196252785,2.5237460389802067,5.4488366188338295,15.372761110110964,13.843973042899524,8.40448606423665,9.171437139894463,3.376859682097326,9.707956554608458,4.79234224896377,6.98081483641635
-5.49529398076596,-11.574830465627452,3.8170138031008847,-1.171408882462142,1.663466055560889,5.146598513385586,14.190239753418036,10.454787403499092,9.784094426913596,9.73687680230153,3.9547360397459776,9.265834723293544,5.853563910326809,3.576337937847708
-5.772911088316555,-10.283452843880909,1.7155025373482395,-4.220365811580656,-1.510873830419424,3.636014273178756,10.308295311504722,5.20034834164877,7.803012345872837,7.674732675648173,1.8937457993831863,6.366546526192934,4.644057295941508,-1.0981084540406094
-8.508270447883605,-10.786621424186851,-2.4899915930174927,-7.002274676283907,-5.528165982248183,2.034273937571452,5.501149300147045,0.007096761337948,2.4603302594965726,3.292156465878133,-1.7687994918489205,2.117933121513591,1.545367349567261,-5.099273012088512
-13.056277510111968,-12.42983210163418,-6.4197969700517525,-8.578150130112535,-7.908014164137089,0.0966688524280277,1.688107221183703,-3.6230476681297783,-4.084568877409023,-2.0533251517117748,-5.607957009572354,-1.3856311027386283,-2.1358092497908494,-6.864984127847974
-14.361966826938598,-11.853685287643303,-7.60785081694733,-8.365475025086052,-6.998795048668683,0.0631454508816873,-0.2151415863180013,-5.446746698026916,-9.076466408860378,-6.607994729075596,-8.9102606019365,-2.892543109883679,-5.192434738366851,-6.200985436086992
-12.779763783335556,-9.62315067749508,-5.459957616636032,-6.47547957876481,-3.3499439495626646,2.3265407362775794,-0.4936443891024353,-6.292969126926984,-11.079327700539904,-9.08639734811192,-11.818166666317149,-3.042348869600477,-7.257321545506242,-4.428265577234953
-9.735218092004398,-5.617062676927159,-1.7280175125173614,-3.677178456682924,0.6426071832745563,4.201452012376274,-0.0511085597856109,-7.095309935669743,-10.662031540162635,-9.277817778516324,-14.623104801964592,-3.5970210584839712,-8.699084902368739,-3.4273502215977736
-4.128421821234053,0.8280393985065364,0.9025266507973342,-1.0549451060210302,2.610541382091327,6.253090414740746,0.2504211521621968,-8.01994400833345,-9.45937736003274,-8.027178022207096,-17.1261951175563,-5.634736005401919,-9.895809521006877,-4.231019437526253
-2.383342972564256,3.22102745987575,0.8844225907926493,0.4561704679369356,2.0230744517309383,6.509465169678942,-0.1251215156854677,-8.45299094879611,-8.65176986403989,-6.600556840620877,-18.767293934167117,-8.499730273302674,-10.661946266522556,-6.298590117075866
-4.950402282698707,1.2801803706035415,-1.189248539704295,0.4700480976186583,0.3882178072872513,4.354137715881469,-1.3808702895791392,-7.798181522424503,-8.248925186555729,-5.869941469358954,-19.27929812632229,-10.488264866033417,-10.401373789051672,-8.078967935078728
-6.186655721042786,-0.2764168355960886,-3.3607142866605244,-0.6915981358216818,-0.2433910448086464,2.3075806027086045,-3.3616720133688,-6.252612188226976,-7.595752408606497,-5.873333451168374,-19.019740350873576,-10.494863107273408,-8.80462247073119,-8.329768208623863
-7.520996091679608,-2.915569961055748,-4.025183656721678,-2.196281511194112,0.940868285294929,-0.2499533569778407,-5.495294639009435,-4.747497276718788,-6.332224646923045,-6.005131206243945,-18.528537624762848,-8.95663387616395,-6.347088557979042,-7.002979129782943
-7.137943348007146,-3.364596334672395,-3.0831926677958137,-3.1817720376745697,3.014409030989519,-2.063375842206244,-6.966857949379504,-4.084493210057456,-4.793525607567069,-5.615593128430607,-17.79849099143318,-7.252442095395231,-4.037632221825373,-5.00796867499545
-4.10211713322362,-0.8116271018584441,-1.7005679991458749,-3.2290899749455946,4.382129274723177,-2.677731265820798,-7.231712449852193,-4.142588702738193,-3.608618174697021,-4.528478877675344,-16.154467050896276,-6.296268737260512,-2.623530280475695,-3.2978978761595883
-2.5642294132506342,0.5560126007118162,-1.1106960319301675,-2.5146787133411443,4.282831483262068,-2.962308108498117,-6.507485434898372,-3.997261232811612,-3.087635364791812,-3.117747063794404,-13.007662449201447,-5.772646139292933,-2.0187033451303407,-2.2921923347820687
-1.9741004915750089,1.62163555870694,-1.5773990206754895,-1.5839389391688492,3.319292876770966,-2.423268008664485,-5.71216790164911,-2.877717710700086,-3.0408746424590127,-1.9585957102037157,-8.74685448221347,-4.680811228666567,-1.5217332580231115,-2.075951625726823
-0.9278664177767384,2.1493942780156488,-2.297962700960559,-0.9801270478376694,2.647388807584324,-1.9290989319436205,-5.754478037206383,-1.0057986340817848,-3.0675071141313985,-1.3718942804877994,-4.7709428192010925,-2.510119956562693,-0.6144227547966423,-2.8290139488503208
-0.0894641329499302,1.4806105126417788,-2.157208977673473,-0.9958168564981308,2.7228918006758605,-1.510655416440075,-6.74139880832351,0.558129566147251,-2.870915536719643,-1.2153606419117438,-2.493973746129996,0.1666104431769355,0.4560393664622637,-4.713496123910447
1.3280655869641131,0.5493150108413275,-0.641468650441583,-1.60302573482595,2.838197426989048,-1.6677670412888048,-7.826748444447948,0.9469263959879832,-2.288530128045215,-1.0542414706923715,-2.21363502288828,2.2049134742994703,0.9155096133670124,-7.245537164864885
3.4464831774084628,-0.949595255292868,1.761986501014151,-2.4607509068400333,1.8674206936583728,-2.6905781077383395,-7.848434790817711,0.3806398811452371,-1.1693507754900416,-0.5481187143976989,-2.905881387923735,2.930423547914017,0.3181384614550211,-9.017045135679062
3.4981899067226294,-1.949290781509993,3.8990579783127775,-2.983546981027548,-0.5056838445737171,-2.9478575394856263,-6.17403969539963,0.022364380736386,0.5910059183869087,0.2709773799804367,-3.122058032510406,2.712758018371037,-0.8315214298973217,-8.43962985044982
1.4581428978520767,-2.28205526894982,4.733204703710369,-2.591830421550913,-3.2464859354634044,-2.578918350009074,-3.05220297449298,0.913594140392485,2.8143235218137086,1.053588098795835,-2.1421598530389474,2.601467227319821,-1.3756007976111777,-5.072082305807327
0.1168560913924672,-1.4924655784178538,4.019572085092577,-1.16379509053745,-4.680950700694379,-1.5133875770557308,0.672535716372586,2.9943147041856517,4.893146675574279,1.4553561094527794,-0.3853257058382127,3.41045040687211,-0.5446446535186773,-0.2865166842920672
-1.024083603782568,0.8474718888051775,2.396059165651323,0.606917635118732,-3.916123388904203,0.6211212769530026,4.039835064913698,5.100859267255368,6.004972589421319,1.41898841004266,1.148726352832815,5.028236883763425,1.1846761621794784,3.516099327963916
-1.4275984232510293,1.11773555949848,0.8397769262267021,1.3806785448123602,-1.7576670071194087,0.3472963329876968,6.230975819245533,5.881009965219533,5.607191448926468,1.150253990244947,1.7766808216335788,6.454703963756719,2.2669908439507847,4.596287569656653
-0.5404233892400326,-0.6746215208577195,-0.0696870549308741,-0.0276053247738712,-0.2653571197953797,-2.4670552155133523,6.657547825239619,4.762665448352814,3.832486327328418,0.8354028865604617,1.5775501230742393,6.481020187795022,1.268176818212659,3.0522795713921056
-2.582299157052184,-3.9711619248637056,-0.478328893359873,-3.696694415506867,-1.2007942825941529,-5.763748250306375,5.172498973024878,2.2072626738640784,1.4609633074946569,0.4223436014813653,1.1363583057800382,4.52244060645945,-1.8923817928187925,0.5206955054594857
-7.544174928384431,-9.706962879735125,-0.940001826412748,-8.251773611378512,-4.590644364466844,-10.365399504727662,2.378883428009609,-0.7482795654145611,-0.5167878876634321,-0.2754065996245756,0.9589411655119442,1.0725454459789343,-5.687721050661016,-1.2394097415792196
-9.90738476368222,-10.84692712791144,-1.805073466304837,-11.521044906819547,-8.602840610894408,-11.229375823164492,-0.3985537632300309,-3.083840127467277,-1.425038250054147,-1.2544447117464044,1.1114896223417603,-2.500271409647671,-7.973651443229794,-1.6025980769886008
-10.25790272043281,-7.043129415281869,-2.9001518457294333,-11.842766525344866,-10.874570357729844,-7.734072307121655,-1.7690238477705904,-4.090508770644072,-1.1741377393037586,-2.150047890291209,1.350697269983085,-4.709297194973356,-7.460616800150786,-1.1872974462978885
-7.889000180201129,-2.976226193656564,-3.7408346007480304,-9.12991931973222,-10.211456563508252,-4.068956624083028,-1.195653655133344,-3.4534784500173448,-0.1668075950548972,-2.451760751620476,1.570919227369706,-4.815767795147414,-4.533939771353941,-0.9456843114412524
-1.512431390273293,3.002416347338778,-3.979219475401832,-4.923796134113839,-7.275251631657966,1.067070259029181,0.6058561237980884,-1.3960417783579686,1.0103072595494478,-1.9245036236554276,2.12381665124322,-3.254626521178705,-0.847125315383277,-1.2065738806695308
1.0883402815765333,5.136936988273792,-3.634507260198824,-1.3847106052990643,-3.7911345368203584,2.586526407960921,2.2030309274667594,1.1806456019060363,1.8771669208813224,-0.8139831693720012,3.634832597560665,-1.3262057581035729,1.902412943995257,-1.5181564420034004
0.0183293268315863,2.477125051235085,-2.988782711978434,0.0589462120109747,-1.1128167502520192,-0.4397287358738067,2.4831489941766645,2.9449698579521346,2.205531426526821,0.3604618994679676,6.339579632489459,-0.3643917570163975,3.019853808842514,-1.2810970508051351
-1.805577717057946,2.2371171597058197,-2.388344584396055,-0.5514570924868814,0.5296849275673896,-2.800720887215426,1.313537723903174,2.8909815696706307,2.0292515784391405,1.1841215947834005,9.454562327078673,-0.9697611908046682,2.943084919883127,-0.4448264755272006
-6.1490827488778095,3.07750170899094,-2.1550105512361064,-2.0333977866230235,1.5622578951372963,-5.858382022839233,-0.648075144880675,1.0845314973293476,1.5672801428668848,1.5042537617664031,11.2721259803491,-2.807748933576658,2.537564055080693,0.4249824855710287
-5.921907862919634,4.0173561314529485,-2.519787672965336,-3.0660631845970627,2.100530863954297,-6.435860201730914,-2.659370436269469,-1.3392122600864766,1.0770723127762023,1.2862418225026673,10.232415430343258,-4.986239872499219,2.2985018666417503,0.7391000652092181
-0.5775741327902296,6.1733560462464405,-3.4190937627493447,-3.0007056161098298,1.6628142962741634,-3.56274744257716,-4.390311391874405,-3.055425385084611,0.6839023661620374,0.4927476108367159,6.355941119804687,-6.590964287821297,2.1585630494337598,0.549759928028255
5.085891209125394,6.036282367827638,-4.289462221802044,-1.921366886646851,-0.0874482943621295,-1.998185355415188,-5.823224341545672,-3.551338253199805,0.3206356298331378,-0.7200367818642484,1.836221870240696,-6.977076314546039,1.9484875352164472,0.6501753101135144
12.79556487921482,3.544810097218533,-4.2303216447561525,-0.169401643947971,-2.453329962178735,-0.8493778579544903,-6.810752337125891,-3.318821285725356,-0.1099678399966705,-1.677870148402171,-0.0332587252748055,-5.810390759517382,1.9134527067370608,1.9658955866349783
14.820679260257457,2.882430096272144,-2.6418306289825715,2.003711668710608,-3.842391700407809,0.1319947330317681,-6.855992667349909,-3.1152917105316504,-0.4638419268652001,-1.290450637314919,2.8453402643605195,-3.129932324680553,2.6563872147843526,4.682589282505809
10.028665550833388,3.510984645469945,0.1314973910515533,4.301995063887219,-3.05287270035862,0.1892625206757845,-5.423937725774614,-3.1317260081892684,-0.3114668458246967,1.162412823235492,9.501564355357782,0.4670966446349069,4.48722929750911,7.789624317886581
6.340244018478819,4.433475343785115,2.827787473313734,6.098949453828908,-0.4957454184415084,1.827540791854997,-2.5585100928636706,-2.9649594165892665,0.6737116866625499,5.094710700327983,16.10364739267927,3.801994476211597,6.823634009704861,9.472936304013963
1.8339100742858947,6.411983766909476,4.111111883981458,6.581789024293229,2.0005291051135785,4.983911833346334,0.7686994121934632,-2.3537347919015588,2.1778334331632507,8.51294017462186,18.452877139469685,5.584327474004908,8.344054619971764,8.233837305199529
1.2028228435615589,6.688549641594208,3.5747595142743904,5.40748726212373,2.81496266920788,6.334904734885386,3.025772401880033,-1.7392961016325117,3.190437339092526,9.193759054075016,15.0895103963042,5.231457185125088,7.931842189697075,4.068072112144506
6.005687360371023,5.109284178918172,2.0246360514251838,3.263115674396964,2.0837481743397888,6.171013407083165,3.1068881738509404,-1.8766138976426348,2.737922952294433,6.39669287164228,8.610923328885114,3.3845356692945145,5.664997064910487,-1.141946824109958
7.914655565437577,3.708550101783316,0.7980889926403449,1.654389371902056,1.5972939000886512,5.756839940865394,1.257707721009396,-2.818371844253022,0.8892729786539277,1.6676864818750872,4.018345205519225,1.5659920349142666,2.9510987405146665,-4.480380197810604
8.190657264238686,1.8687781698580677,0.7479999253277896,1.927056354048915,3.034020077158239,4.452319672340586,-0.8719157936361555,-3.4319393682782438,-0.9684568272356416,-2.116758681550856,5.212030045491517,1.1500763375994438,1.575472204552824,-3.7333063691021806
7.654392870257219,0.9884967921799636,1.7562784685815132,4.26068661931447,6.197611147817611,3.670030512487096,-1.301648510982261,-2.2071709436855897,-1.0805163664040407,-2.834683785399598,12.252086865007172,2.460390567869176,2.352107237330856,1.0770363379552703
4.843266630208559,1.4234772901124286,3.051813613912969,7.432253494511535,8.98831246312745,3.558702593743486,0.7479759066442426,1.206025501668158,1.159759637959887,-0.6733739813946471,21.39685437523793,4.680985361811977,4.4294411076489055,7.457105009824488
3.864927434451656,1.6017893725554215,3.862967000904746,9.525270487076376,9.182163747401669,1.5917791266384105,4.066298202432364,5.201149868216504,4.466403737215046,2.104898756016489,27.72822443889345,6.505824026140267,5.808591283606724,11.795415637341854
4.596417683878019,1.928748280193387,3.7862151130468575,9.076664673543227,6.36482693686623,-2.0388587880189477,6.181260704096239,7.126390241839125,6.46946359697511,2.955243211239093,28.262805182634665,6.873723040579918,4.701490125094693,11.508127297452866
4.382704513922876,1.894040480499158,2.7401945488593427,5.949878244171906,2.267103102786706,-3.125600241213889,5.21144106070669,5.336268492943262,5.510920127213467,0.9306043877909432,23.369781937864595,5.303017674806014,0.7571310770417199,6.617485686024338
3.966257749612703,1.2513722625773045,0.8568577927262453,1.4790774796198107,-0.6923766445373829,-1.8283659050533216,1.457335736985108,0.6773688969013847,1.9662818919023195,-2.768804933333442,15.894577624395351,1.9261767531023537,-4.672627318080195,-0.2447814082343598
3.068828019962612,0.7775120057551695,-1.406418620851717,-2.1763711636707512,-1.2413284415435726,1.3412299604128286,-2.5854415163982765,-3.930122065141688,-1.9948512357483352,-5.826512879599491,9.0785026365035,-2.4518483563054616,-9.349475167652422,-5.427637524166322
1.3342118450303886,0.287325654167877,-3.1283095144486808,-3.178583649429086,0.0932260248800815,7.429370159857828,-3.945330784572313,-5.56283678514874,-4.002201351366033,-6.48199637896942,4.833123624702438,-6.327951576849557,-11.454808143531572,-6.479994107076351
0.9888811490192484,0.0542099592506468,-3.1970522201439664,-1.0884604625701826,1.8023626390683705,9.72380643028874,-1.4069922099408956,-3.36392251663473,-3.1545766791065333,-4.613712582467024,3.193228575635928,-7.940447642717288,-10.536559328217088,-3.617024070769908
2.014894628635972,0.2074548767306929,-1.0690710971252813,2.7923836567971208,2.6819564022980487,7.979325015815114,3.451984342187316,1.0155141464168054,-0.4998699237181867,-1.6264468296847596,2.8252362963186783,-6.297088653911807,-7.558398518083862,0.5485356476424954
2.9813630267196816,0.2101711161850114,2.552538990403825,6.15936906194186,2.4631209300372774,5.367281038975694,7.287695197909493,4.843088408098978,1.9386473861091675,0.5944223800231541,2.0535199349681648,-2.117572907054452,-4.134606622433303,2.9179442327218226
4.339434451976751,0.1490701634851724,5.861773382773627,7.1452431386617015,1.5522773917202883,0.2380118376889536,7.378940358951596,6.337236198408334,2.7257923771975285,0.9034521962427248,-0.1032510730024895,2.308149549890274,-1.5404210198970318,2.1787306838400724
4.833137033660506,0.0165713034169403,7.051985617648036,5.482082660267906,0.4760980431000234,-1.9439401581114435,3.5905144194721395,5.691782732140148,1.9302600072302736,-0.4366604268942637,-3.333062037270061,4.5750737694169175,-0.1519478075001572,-0.2712563655282594
4.187969736058661,-0.2834278397175646,5.611597309690026,2.521880638570984,-0.3766470688396737,-0.6779265698440673,-1.5888658640346949,4.461756771257864,0.7721319458180531,-1.9921854670815549,-6.2422199963990295,3.896389641982736,0.4249454603769287,-1.5629623868874774
3.627981814170405,-0.2334684802611157,2.732212244100328,0.1243285719895013,-0.7035881420351338,0.799652571893245,-4.934909433651626,4.042224277133833,0.4459083313477734,-2.1456746757754246,-7.369159180366779,1.6204823812120033,0.801207794038465,0.169046533892601
2.7907665236831947,0.16676239085672,0.4166941075622965,-0.6683438802741186,-0.2878636820257299,3.899412169327232,-4.793502919865613,4.568732716677534,1.1829367128572024,-0.2260062240750286,-6.354694716771803,0.0155946522863388,1.3312354441632834,4.152539615683001
2.147391221415755,0.3527347290319166,-0.018739616968304,-0.1272635195493308,0.7990647798972965,4.907065225636156,-2.0269785603633856,5.0353998872205405,2.2904161759732773,2.9778822046397515,-4.334225806028975,0.3715458378233123,2.020471639656755,7.628824066129276
1.8706579864551416,0.4073674391619581,1.179771841734743,0.7555841249725876,2.05290404526796,3.3592725407598434,0.9835047340263152,4.353086780992491,2.9611363868838936,5.725690996688494,-3.147987250231809,2.096937830589537,2.713841513577286,8.208176245698594
2.1132431122439908,0.5050133978223347,2.6227036912268176,1.2551491141698108,2.766970739555471,2.210868369378735,2.266036583613974,2.369059247088048,2.9822222401884098,6.5339667631627005,-3.9694450176146656,3.529983742562182,3.26631977557075,5.783120820567127
3.1049910772839624,0.5524411988597727,3.034673911754217,1.3642052991150768,2.5539318251065417,0.5238969911674696,1.50161642486575,0.0197411123007968,2.6947536319353467,5.1877581485365,-6.487940687094386,3.566362544130036,3.5465486663969226,2.3149925180115223
2.480957738064631,0.3702118803481501,2.232962556831601,1.4254446645445609,1.6859603227964497,0.2111095168613909,-0.2149254773412749,-1.442060406507896,2.3936832252143025,2.7776143695429667,-9.29446521678834,2.527446304061208,3.3987410898864248,-0.1083961889745435
0.1796143244298619,-0.0605561126326158,1.0791858104338168,1.5121560062157808,0.8757804289147213,1.7426542324053338,-1.545500963571003,-1.4537878410380136,1.9111571270501215,0.781548629314079,-11.065630812707273,1.574226921269494,2.7413215978359187,-0.9338463130737402
-3.032991575847649,-0.8261404378343837,0.6217160496605949,1.3143951335733668,0.6488728924792593,2.0443348824895886,-1.8455924028407296,-0.5393934903986359,0.8467889292657187,0.0027945261882678,-11.50980730212786,1.450047640972448,1.7617467345148956,-0.9954844549154468
-7.76645220173658,-2.0008540860239865,1.2684089607467255,0.6461832680998043,0.8834105583537308,1.5616919223425825,-1.2305864214759057,0.2104691551048993,-0.8482004323449672,0.2321805112973933,-11.359087495425031,1.8962791335057505,0.9514870641128504,-1.0415732760067264
-9.18976061521403,-2.701794707536217,2.6192262823267143,-0.0777023174651176,0.9675087091774692,0.7012733571512055,-0.0795234050952728,0.0930118893186922,-2.608488741913618,0.7736189317296507,-11.566465453948144,2.222219848388928,0.8202334811800114,-0.7703819193879191
-6.941098271909351,-2.9055567505183326,3.90503452553466,-0.0847705644500393,0.4344276577431145,-1.0823767838039335,1.3326128273683082,-0.6641987652441017,-3.610839513751145,1.1850838617589403,-12.470912711066774,2.240573301364684,1.4775315690550457,0.5213214463045404
-5.114515389108181,-3.3398474633164046,4.531112666757927,0.8971159542998635,-0.5332847336039706,-1.6733666512784573,2.7839411817022537,-1.224847889907991,-3.380463710323639,1.5129481370384568,-13.57392950946094,2.4671698991543565,2.500361600760897,2.531563742415898
-2.596868030388681,-3.821778300483536,4.323675908036499,2.0674640803376647,-1.2246666505006942,-1.030368542703143,3.9223160762025913,-0.97422985092647,-2.065868891831947,1.94453263588602,-13.975929738951107,3.397434573246663,3.299702923501094,3.611254071557717
-1.966597002211227,-4.140247481797615,3.448049211595517,2.0407493303560216,-1.0488570813515992,-1.1587549861087223,4.332858610945763,-0.0472911871486161,-0.2164223097373465,2.426867593529721,-13.03417424891201,4.73702780623649,3.6899499567564495,2.169108412347505
-3.9869436590597194,-4.372435176597312,2.192647106829938,0.1212258821143521,-0.1153719753789559,-1.672456600011453,3.85687921512357,0.9140308616233952,1.589418111107619,2.725606153559184,-10.763369476987664,5.501410447488887,4.064952239909346,-1.526581423227093
-4.5117883268005485,-4.023007295498013,0.7948726214513187,-2.832771872123004,0.7790198105048631,-2.349867471937836,2.8212487162879967,1.4495435413095803,2.87995079669372,2.782602826346704,-7.80584824384735,4.9238492743144775,4.889373349261973,-5.156514138641796
-4.222321447862445,-3.0173201181425124,-0.6123579631334479,-4.918712942972562,0.7394958655482782,-3.509067339501224,1.9074810990421585,1.6750058186589598,3.213505948536465,2.837382811535278,-5.105625921509926,3.2321738665409754,5.924527897079045,-6.236142585015159
-4.500219793623279,-2.638039736172067,-1.9223022584346552,-4.757952003536843,-0.5670249683648763,-3.814319817874668,1.7415272134883537,2.0100594840500463,2.2258480679698067,3.083470643372479,-3.520784258001157,1.5007361088058104,6.027062624109476,-4.367026017912096
-4.747353220530275,-2.839113562296061,-2.919898293209613,-2.7305492593359872,-2.694725483789042,-3.2295750770445104,2.5110037766608717,2.5897621688842207,-0.048546916729407,3.243840432778555,-3.529742760806826,0.7207564176560481,3.944169447336691,-1.6375946214500487
-4.841551736447604,-3.3566150596663946,-3.274576809926117,-0.7237823457306547,-4.747810389983698,-3.6239211648724874,3.839776841178491,3.000611885187624,-2.8932740453212915,2.609737685020704,-5.0992990349454175,0.9427999983769552,-0.4603754660777781,-0.7368490940045547
-4.848327322009883,-4.493768781073777,-2.794797569934147,-0.5963205324275123,-5.948202318471161,-4.808828840165711,4.936881933113739,2.583026602834352,-5.138102138971476,0.5807878589738351,-7.738512310885525,1.189584387845656,-5.719926940125873,-2.6042877505224595
-4.762550995592564,-4.805240247386156,-1.7990478816659277,-2.7100606903756272,-6.047005016438561,-5.5938758296445314,4.92241380005278,0.9646693319068902,-5.934524639774622,-2.8168792427193807,-10.710811479077606,0.1356133794897971,-9.67033224145247,-5.856870736040634
-4.559246975064514,-4.238986038534379,-1.18723724806145,-5.744314950700826,-5.37811442045215,-6.272066718509795,3.236343537000863,-1.6466786399386848,-5.474464328268638,-6.910363132586568,-13.281142845338806,-2.969088612348912,-11.094091746040988,-8.387097621253318
-6.465763493673908,-3.51691526533552,-1.9292799664902984,-7.809942476662627,-4.594024470917361,-6.112148247498149,0.0046668651911971,-4.541612342099626,-4.90622038259886,-10.759468144711208,-14.847498020662783,-7.687503378765072,-10.61719103516232,-9.35883508931856
-10.698693972931943,-2.291844772994758,-4.241973863215691,-7.819552764799695,-4.256973377787247,-4.863095523881983,-3.860245387882117,-6.776358209842442,-5.353245330463125,-13.46656671294619,-14.943085179575974,-12.420024259920098,-9.950082632013403,-9.575880645459849
-11.96260902236981,-1.810365566781913,-7.175019347834009,-6.05674129429076,-4.50121703293496,-4.70186758144072,-7.029022538719033,-7.484805116915709,-6.841750641865048,-14.223625871689435,-13.282630863092264,-15.122853723874968,-10.128334942176352,-10.05670415739246
-10.460119297573687,-2.203052579420147,-9.115169150376673,-3.725293110827778,-4.965890480008937,-5.517563807118679,-8.510680925371602,-6.26689222336131,-8.171966184130525,-12.403819116378386,-10.000816775134467,-14.45515516990595,-10.442130221370078,-10.57472259768616
-6.924428881201896,-2.394965239449326,-8.92654240625987,-2.046340362683821,-5.078703280419859,-5.876296204096276,-8.311595921528252,-3.594512416381008,-7.969803499797763,-8.006102213725683,-5.925093709531438,-10.7235461817246,-9.14400058634736,-9.86390141391908
-0.0699117101384637,-2.6839213234523376,-6.808749309067736,-1.5985210405241048,-4.529287331314919,-6.166824658661293,-7.429931237544366,-0.8841393719232258,-6.00845688437775,-2.169446609280953,-2.467898056701756,-5.903575472649578,-5.30299462297549,-7.255234828899887
2.6567761562457037,-2.393559872107033,-4.137133313568654,-2.1967331440808096,-3.5620047122937706,-5.133066903944616,-7.0619882626800745,0.1266058349343666,-3.5433008103339603,2.9625674819845926,-0.920178052022294,-2.521631569151907,-0.0156162751693216,-3.8443972084603217
1.0072178025884173,-1.328349889924898,-2.4177705623127963,-3.187877229741474,-2.7865376049533666,-2.459810490658575,-7.584065102748184,-1.471070982403404,-2.283327665807178,5.334503244912014,-1.5240479765941757,-2.040642302018483,4.239337366371501,-1.7286401454248903
-0.9376157167761764,-0.5012142764737006,-2.2314260021644827,-3.8902354215996127,-2.594207763125098,-0.3698437329726934,-8.167570694603597,-4.896954152015695,-2.921549936803757,4.357140368186521,-3.10228610530703,-3.8800565830019593,5.558388673883059,-1.945088494665072
-4.9307456954773645,0.2712819292890351,-2.9854161204114007,-3.9371140910106983,-2.682670995319796,1.4225583361653171,-7.427002438149771,-7.950301291018064,-4.572742511288453,1.395240839980005,-3.711536410210329,-5.812445000784805,4.123382040990919,-3.242888959752321
-5.707357724002155,0.6205993523650186,-3.5540655556650336,-3.373299654590141,-2.1985891922724363,2.427720928747354,-4.627425005930206,-8.424969627541003,-5.589465030510297,-1.1795636326020258,-1.9545200238310088,-5.4891696700045145,1.9627615285978948,-3.0896427354667537
-2.5910964774709497,0.3380537823826022,-3.185768017630465,-2.486048841347781,-0.4964446134466129,2.1486838076456247,-0.4650643653335464,-5.688110617020953,-4.934677490788488,-1.6696215745045038,2.003487184254197,-2.056981008162893,1.267650178171607,-0.071522210550313
0.258495305529181,0.3137397865577633,-1.9672041945683816,-1.5354071997990957,2.107044866392215,2.542566589117184,3.24716223961903,-1.1856413939827064,-2.862576593133383,-0.1040609501660014,6.466888457376427,3.197980655670449,2.760624000450917,4.604911797038199
4.196398301262435,0.4252325965181093,-0.606852814631111,-0.6331607544678945,4.327348719176115,3.403060000862906,4.766251554662972,2.5715160914843693,-0.4344776707684445,2.120090298097068,9.259584520751986,7.58604709086103,5.392988210482827,7.987721363910822
6.6086246709741845,1.0072464734374,0.1711804587113476,0.1431178457265502,4.809939380858424,3.281843404820781,3.5679419643036,3.789967177918911,1.500559604071185,3.5489029258060043,9.081652693249112,8.689052506090349,7.407978292536853,7.865265001956715
6.862284269474806,2.2646927680012063,0.1456237900849544,0.6052964313408609,3.251821273607419,2.438746643946442,0.6271669149192576,2.593535643204873,2.8909043787891022,3.7535562969114262,6.339592520508305,5.960429443584758,7.759045378513491,4.636262101571475
7.666401628273172,3.1688597840722803,-0.2818911442584522,0.5604212224089906,0.7666468921926679,0.9197883259649372,-2.288284134499719,0.7587760058560207,4.26213701247282,3.392312428757748,2.975404742061741,1.2176309107618124,6.801648369297823,0.9894391061692432
8.267352761486528,3.819063003229153,-0.3879335830421127,0.1469028519248212,-0.9027026704731184,-1.538190437496698,-3.713459201403438,0.2496767754205251,6.093439319303641,3.4573211146417577,1.3552992799451715,-2.3947747926438865,5.889782771453241,-0.194399871403931
8.146287261739923,3.876350327032205,0.3474457893943992,-0.0064698251877786,-0.7151692726939132,-1.9910094580901525,-3.207591140525608,1.715499203409081,8.390875679825257,4.502860421786309,2.796338977496319,-2.404401346235545,6.2939889662020505,2.101700938430241
7.551388663468098,3.0831059168647745,1.8091306197749333,0.8238987888766474,0.9115110153036596,-0.260836834306599,-1.3413152625911806,4.0944602901006135,10.682491962950095,6.402381258257805,6.634748112000679,1.3394352550365198,8.214396045552263,6.535058557494523
6.198441811898857,2.553874122970313,3.21181408016038,2.686881746845742,2.548960006808884,1.2074926398552317,0.8491797947942672,5.569809759117078,12.263947273894871,8.541761440383937,10.574450095097944,6.535476134084703,10.532900649757847,10.533130434126946
4.019412798172274,2.1658624983877983,3.5612417964574377,4.542738399707616,2.984804490214188,3.078182273276988,2.4736586863663206,5.0656479259371565,12.475509197821296,10.071749406997526,12.239088189785036,9.94027473160378,11.493861780554257,11.94399222333638
2.024397320592314,1.3335492376884754,2.3580368210696747,4.805550452532401,2.1450085817457563,3.7921205804566167,3.1310632557499574,3.076981010127234,10.95095493593847,10.097874496409824,10.841500409798009,9.447234937032505,9.917281362932895,10.053926941048672
0.2101912483697866,0.2276748758596005,0.0315803080144263,2.597272068043964,0.9716836001157888,2.889471460067148,2.9413380741194715,1.198185756871851,7.834720838275857,7.989815084220815,7.616517750366086,5.294281901815893,6.121774018550184,5.597475211178349
-2.3054696080802755,-1.3324456461126055,-2.278936673781825,-1.3215491468267755,0.4942337782330597,2.58566343059453,2.3897736268490064,0.7849544956416459,3.861284041361696,3.8610894502778015,4.6174589872797895,-0.3239941367538748,1.8227340218271308,0.1317500664579007
-5.334785339207146,-3.4380567391346823,-3.4696077969203234,-4.856296704263221,1.0001455549253857,2.4393297152613105,2.0776988397031038,1.8775850926993165,0.1516610004806047,-1.1497210292426825,2.949014404349992,-4.78571851615626,-1.0243237342783136,-4.657931373649763
-4.977240108731485,-3.012403764038911,-3.151500111995944,-5.988851688970875,1.9870655671969288,2.3311660516909942,2.418336597135647,3.264431120982477,-2.256303741692754,-5.265592582523343,2.081774497449361,-6.550921193646015,-1.603782956561746,-7.420173340302234
-0.972069761501176,0.1662978907627158,-1.721731986304416,-4.155553352528463,2.775928311307567,2.597963044454805,3.3711358732685124,3.581272275329468,-2.897996747194817,-7.076442465084512,0.866039730769657,-5.696690921326304,-0.745269695873354,-7.393980354986077
3.7250515073650416,3.5769690633182667,0.1477048090719392,-0.4700296793308638,3.106792846759511,2.718287909324538,4.39887256590632,2.464621107541589,-2.082454419545712,-6.449839472933828,-0.8457642894246575,-3.3546123251918623,-0.129159354998297,-4.597051371986108
10.06226600559052,7.946159225952182,2.040034009796358,3.284024580262553,3.2064584111806624,2.7767557335534256,4.763037453241033,0.7671166008141839,-0.670187011283943,-4.573245812704641,-1.7254230859569262,-0.7052473331083178,-0.8688020418300013,0.0515155531335338
11.63658837081859,9.225850799411411,3.8350609128702544,5.9056797838794495,3.4132924099543587,2.639675522502728,4.021205613114773,-0.2943031003915024,0.4337434057998592,-3.054988431692124,-0.253068843022163,1.6350825410626726,-2.686574539385532,4.871044881085574
7.511939307777106,6.716196285656251,5.352586033795305,7.220977933161535,3.8157375461791783,2.2106527758533114,2.377780034838466,-0.2206334887609387,0.7660774792182252,-2.8193446037538195,3.493232760700252,3.4884750284486614,-4.361336193755989,8.019966990495107
4.627815567889418,4.838963909369332,6.16319749911402,7.576912509841151,4.214857673119454,1.5066785433080443,0.6125406847163077,0.4739749344144428,0.4909405532008719,-3.657510310282646,7.444898721969992,4.631816208347601,-4.981473119611138,8.420461593772558
1.4107026910653804,2.5471460834796744,5.919049551030227,7.156176497593791,4.33206770040556,0.4408852785085286,-0.368860989360158,0.9843955726654628,0.1862168880943642,-4.662515223607826,9.12656808747279,4.648418094744415,-4.833887239935947,6.428878822900387
-0.6025077231374228,1.0855412119332846,4.874168776344618,5.891249167799799,4.0045589723511625,0.8263609629436541,-0.0472236954163349,1.1627551736543469,0.3719991348931728,-5.046455324280004,7.777105251404691,3.3798715642311663,-5.127918385926762,3.621074458706119
-0.2459453811371602,1.1942892907489149,3.908400752596066,3.9501011052324486,3.2400130783993006,2.800521843710189,1.445793740775969,1.6557952375055436,1.087907583595609,-4.660623093224615,4.93498145222037,1.4727134823286008,-6.827625685084939,1.6654531435831927
-2.245346127747444,0.5518417518720271,3.8253766908298985,2.072356036760368,2.185621047515326,4.758824913057382,3.4203736865289045,3.0265644686561477,1.810935060031568,-3.9332921183188887,2.892747016243561,0.2303931218131936,-9.666206069315194,1.0932481232844111
-6.063124577875979,-0.3573390233897827,4.52704373871012,1.1945962218891566,1.0791318744861655,7.119487330815604,5.000611439141778,4.779222856993783,1.7939601141059145,-3.430216965593104,2.554385919252695,0.6142156764685183,-12.24088895484104,1.0058042305932418
-7.981504038211343,-1.1715756057697286,4.933781182775363,1.616879639243109,0.1639153197013456,6.99633455822898,5.608853687849319,5.438852270241995,0.6124106992000407,-3.4312784814156885,2.8197758085107125,2.215495987493,-13.131517942127203,-0.002949653172692
-8.584256947019956,-2.1950295778004145,3.8411088779788822,2.5426459286735508,-0.4413025166797411,3.8866804708340337,5.319388171283492,3.829948021074358,-1.463005238032565,-3.798321863043157,2.023628645831849,3.2872288875927325,-12.097668373646997,-2.5409977934739345
-8.393306470124951,-4.193780965613717,0.9603455711207972,2.549180571244648,-0.81526373999057,1.9288587329815343,4.804519960509168,0.3884406961249169,-3.5595611940453296,-4.176928227477163,-0.1709194280415431,2.051648564024049,-10.332955664740496,-5.906082801518892
-6.726878946956341,-7.296335915921012,-2.8118986516069526,0.6825146370200059,-1.133024375161483,0.471122252179567,4.776118875921725,-2.884785513121102,-4.733569234025083,-4.35501118819613,-2.436532822363745,-1.7340784265578577,-9.528584774014972,-8.734856088562708
-5.354200651233712,-7.796431623016908,-6.084748669817259,-2.727794657547633,-1.4511950132392144,-0.3261591837271587,5.2564415783707545,-3.998471910151352,-4.582380446790182,-4.466908200887588,-3.2751586531089174,-6.339118650210992,-10.466065076070151,-10.05380278694804
-4.241918590262156,-5.614925518857223,-7.904583795381029,-6.209473804683512,-1.6164367361495806,0.3204619827623955,5.332339248289543,-2.710985921972167,-3.487691605544967,-4.809223444145687,-2.612211421444613,-9.209828062091674,-12.257865668767636,-9.706689489379414
-2.126123520737689,-1.9275142050440728,-8.100209067015612,-8.10660395656663,-1.447926003873306,-1.3996867905174752,3.789174877505843,-0.7906241650422885,-2.2969226524157307,-5.37046003426201,-1.6987827139168985,-8.804477256827738,-12.88123183352218,-7.946466396989592
0.6769800616575444,4.224491764790151,-6.94734556626122,-7.583865111681064,-1.0273831998517835,-5.416976659742788,0.2389939651141048,-0.4804713388737127,-1.6809498653811374,-5.53413367790148,-1.4774447874044654,-5.634227713290272,-10.669566405799856,-4.906646565340964
2.9370573811499074,7.533552564746785,-4.749964847650517,-4.969077853519536,-0.7372038707508182,-6.753459917930202,-4.244178789926536,-2.5361814080333147,-1.6767275920304885,-4.382761697679939,-1.3516646294451675,-1.7280279451591696,-5.666736326764351,-0.6736249791382534
4.703484759884121,7.673708301328084,-1.8412004693347512,-1.342476553100596,-0.9029114571593482,-5.890789558504167,-7.684004922298072,-5.597284547289405,-1.777471940410976,-1.4980620600393877,0.1134707321327823,0.9562934295767036,0.2091169579485949,4.156938502578782
6.655006630290861,8.923208773698917,1.1595993341692292,2.153609870799471,-1.356551833261392,-3.825292314029823,-8.626038562013719,-7.408587310952384,-1.4706150836464644,2.4152289632398265,3.2362475396398622,1.850934653430727,4.390355167629821,8.224625925789383
8.529704096656673,10.090600188159184,3.3709681344776072,4.746789950176549,-1.4425144892412618,0.4664651178911743,-7.267675363793444,-6.749477776837409,-0.7424167838536846,5.7343782822150615,6.235821883169706,1.8073660667784,5.399386692825658,9.959774000866275
8.321194868692562,9.682320889109793,4.132237080252139,6.048187470158723,-0.6249841137998828,0.8395518772412947,-5.338720139560621,-4.404415262396128,-0.1150593369601438,6.911714942345839,6.544853690039645,1.9312638408633236,3.774485084989976,8.588067691371123
5.866396986041731,8.051173125634563,3.489046097589835,5.882318668571827,0.7867056821559686,-3.0567014477479484,-4.84434663329364,-2.4609621070513867,-0.2146902092300706,5.490174277405231,3.280079178464632,2.331138745408964,1.4558376379726496,4.726175811962435
2.8370028312222666,4.289466751748733,2.1267053004090144,4.243793994425573,1.563444696485817,-5.9405191073971695,-6.692982637404327,-2.643292478721321,-1.266032598607353,2.3481144056196968,-1.6308657323776288,1.9684009307890733,0.1631816535439725,0.0732730557000422
-1.263239746540587,-1.9691160515800672,0.7799130155665921,1.4596861316416607,0.4373926261293377,-9.146260248952736,-10.18954891635525,-5.021058327986395,-2.915544512933081,-0.9256699257485934,-4.917192948534648,-0.1763763557454467,0.1672819213160323,-3.5241293060016687
-1.94381883217363,-3.597729829175748,-0.2623731183630866,-1.6358710958199936,-2.643933883876059,-8.824663269921274,-13.554147494170763,-7.944243869618162,-4.440460070445568,-2.9143614027779563,-4.688383439842482,-3.66605591999928,0.5104419788004861,-4.947735893074764
1.436253184121915,-0.3103127766841155,-1.0460092259751832,-3.784770631427648,-5.9931766264786575,-3.8738961602536177,-14.893488535920367,-9.093368294049014,-5.095884946221702,-2.8600006578435,-1.833906177457948,-6.352495877701017,0.3746723912988159,-4.147190502169735
4.168342626620588,3.690419779473836,-1.4336876456400205,-3.7578356770121673,-7.065714120662619,-0.2014263461977863,-13.010040888095944,-6.899730850240871,-4.377028447463204,-0.6711339795434696,1.114550347549141,-5.816737450050709,0.1651378628682778,-1.928013294967002
7.37117740172968,10.118934033172872,-0.8824982798287806,-1.0270110238693633,-4.296019100609385,3.232336405189585,-7.859584761116253,-1.5453171395888603,-2.204922131365094,3.1577576300724104,2.370690890511128,-1.4476649566498168,1.120504256445031,0.5529005779527552
7.930507636325195,11.459440271997348,1.0794169649379342,3.709537181172777,1.484068477375672,4.568859383124952,-0.7292766860297206,4.94310033405344,0.8798221016070329,7.466896329951112,2.155239686886034,4.652477181577638,3.760437698257761,2.310151641984703
4.8714315206579455,6.749451430421109,4.089526605667402,8.550434951185622,7.265792041442751,2.602002551833722,5.956727654988356,9.59058282794038,3.635602771822107,10.474380256835389,1.7737960252245557,8.878454299321731,6.782548472925555,2.863335062118153
2.06247658591793,1.5050991386028596,6.760557696769695,11.149081789432389,9.735374293010011,1.6225475882025415,9.477136559051305,10.008956603884712,4.4679563585609685,10.401646670297453,1.709029472383321,8.600717850527701,7.73689709183202,2.252110056619728
-1.4770012508851098,-6.285854019364554,7.473138661280444,9.959725224726183,7.487904135260123,0.9103148409450188,8.248345768748095,5.81189385638308,2.3183350513681944,6.606952076363115,0.8286326363749481,3.9724913175632537,5.086157812846551,0.7701267980043269
-3.638242900477886,-9.536969999168418,5.610281577002695,5.295559766948031,1.9511945971258344,-0.0610286118334526,3.077247956376709,-0.9631246716826638,-2.370356685726705,0.3957748336911777,-2.4333804012889573,-2.2955542631741537,-0.2140130526077541,-1.3235529844959046
-3.722297110151752,-7.162177410084015,2.1715189333463627,-0.5679918961564283,-3.637157331884453,-0.6073092759859878,-2.883981765117454,-6.851057718778264,-7.462241067245912,-5.404777429734708,-8.11051271281491,-6.873349358791444,-5.176862753403157,-3.819109072954035
-3.610927764041615,-4.825138760767954,-0.8420864040928677,-4.546057797562057,-6.384955692091779,-1.344302614795444,-5.894483699149873,-8.91683902444207,-10.20191135800161,-8.11380876076413,-13.971161627668964,-7.896326144093621,-6.996279524613271,-6.292825130782831
-2.5522989767717528,-0.5925497268933995,-1.843149267533434,-4.6077443602139,-5.454169178894915,-2.1260732454520666,-4.100642860899256,-6.481954828234649,-9.032697862114077,-6.952508227144321,-16.911678343051804,-5.782067921302172,-5.108018267517522,-7.949884579133823
-1.4646357898372078,1.3079113177481767,-0.754353185520273,-1.153713744789716,-2.233697357975661,-2.086676841570374,1.1296804382678935,-1.4614292828373436,-4.816322482277172,-3.470531449286572,-15.399678337128002,-2.533683246705415,-1.3853024086086272,-7.968336124290605
-0.509781661512731,0.0036789626431207,1.0623722534024358,3.1514631436239373,0.8968380955394633,-1.1951466548881966,6.203930825095203,2.957812680917952,-0.3414665329936479,-0.2550446880203001,-10.871288105371235,-0.3182734729355099,1.5295810199477131,-6.221987668942383
-0.0770189593279212,-0.4549377685039862,1.92653423315587,5.145912906092157,2.1644716537705406,-1.6366827779463702,7.977623797331169,4.422382244660454,1.690484880232873,1.0114262327164454,-6.791437215250795,-0.281015821145921,2.21415025300049,-3.686880489699277
-0.52191554523398,-1.2466143432862822,1.0770723629722596,3.3626420054282,1.2956464605305342,-3.368735441258208,6.001829999249992,2.872588676250899,0.6721080002033943,0.5485132942621362,-6.010660957615258,-2.0887803093703354,1.2141671142350106,-1.9196234780507664
-1.4408082085648983,-2.984611103225294,-0.9077480578791892,-0.9799516558303196,-0.6816549796982372,-4.225002112009411,2.5580123387945264,0.3760496582586086,-1.5876958031034292,-0.1654161048358844,-8.501627981669145,-4.234836870715981,0.2518196010804558,-1.8472734328692295
-3.111669544088965,-5.3073621372360735,-2.718889208109061,-4.998603875579164,-2.368508648398404,-4.570273153362892,0.5513128869248192,-0.5147849253552863,-2.5579511243423667,0.0833709704941725,-11.341628021463606,-4.933380482101086,0.7936062227642822,-2.946145269966621
-3.339484782093309,-7.798762845550061,-3.37084988124559,-6.415874155178017,-2.954654546947665,-3.465580180592384,1.1001438668010906,1.2967468575106975,-1.263970212057984,1.2506113097702496,-11.055191794641075,-3.26331163178736,3.077258709934199,-3.7141347431912095
-1.9598883148481925,-10.43615309976883,-2.8656268227612145,-5.26706109602344,-2.615236167678802,-0.41221056568377,2.8039332701729336,4.607890035306127,0.8820446826630928,2.311892410210021,-6.4930427201366,0.0641082133840882,6.091930239529404,-3.1137457190181976
-0.7729963453462235,-11.297145467592896,-2.024100782215953,-3.653996979260057,-2.164803945772689,0.939396385179648,3.159195000868237,6.812532955137385,1.5130449107164168,2.3460621626944658,0.1202588140108673,3.006871809884672,8.34794789298877,-1.5598192822261012
0.7330772902662869,-10.037494560455166,-1.697805971287039,-3.796534738053481,-2.2805636148414123,0.7447490990623227,0.8223695921760736,5.930994629394832,-0.2445801624850787,1.379719100399484,4.936181639933238,3.6698248601927617,8.935762080716415,-0.3419661359729389
0.7445599162861003,-10.081220821120866,-2.016095601391612,-6.093112701346968,-2.915997297928243,0.0943887807432608,-3.1545242026771803,2.2679803471494324,-2.594028133853044,0.3681629825046002,5.672317977154535,2.008437007448265,8.254830331897665,-0.001554797658855
-1.1310928067657526,-11.043704612593352,-2.2737408055751303,-8.862488341737162,-3.393786515455645,-1.8126088184480715,-6.051181672289545,-1.6455355163041077,-2.420229605562781,0.4900812059463533,3.5697328357999822,0.2437143576265725,7.851072838413984,0.5340486558366138
-1.4485640168093257,-10.860399886504116,-1.577521271056753,-9.902328766251458,-3.1025984003082385,-1.815140578979972,-5.541454284221118,-2.9159533048982667,1.8654544031120397,2.3479126292785395,2.369450848248789,1.2576342541102576,9.260548940652257,2.8739706595774805
-0.5627465702204913,-10.044847156101836,0.2495647663749878,-8.37649796953633,-2.156487451479961,0.2686839986144507,-1.480587219478025,-0.5587431592489338,8.529566498242502,5.543662632503924,5.090346595949313,6.017165870828649,12.590770424211769,7.073336509211572
1.235794828032059,-7.045944846893794,2.295199594958831,-5.34285330145849,-1.3613591188155851,2.5961149442877813,3.947073074836794,3.699354881358886,13.557888727465295,8.808898865491642,11.366664877158428,12.273293834933156,16.08759511422022,10.849347833730803
4.663910293203803,-1.3996410723134125,3.153722263543841,-2.6174558796460587,-1.4721029084216752,5.931804500655305,7.837619538635749,6.851973592913964,13.857836336828996,10.661068105427375,17.705247739940205,16.00593553543763,17.367403011695387,11.354574988073182
4.180333642545323,-1.4002276158244162,2.101856188523925,-1.247979528144242,-2.4385613869276312,6.932254122999296,8.697299626584936,7.131195225740385,9.93517000142765,10.338471758497462,20.48116301481423,14.7049036811743,15.52035166167434,8.066815306980743
-0.4743595423692718,-7.22495789000014,-0.1581843690767073,-1.0765085244647707,-3.4048539096716013,5.18046068249436,7.408384197852456,5.431324395913862,5.666344079357259,8.469885354163353,19.04518326424977,9.69420246906634,12.233616254617573,3.856294833162792
-5.056511595768417,-15.026719371987213,-1.9555494929375072,-1.5765953523105054,-3.519463822170337,3.811770894308282,6.23944707651799,4.360093241226878,5.23433902210536,6.861732821141686,16.198101459638792,5.271896715560388,10.679974986975822,2.802195906003817
-10.7999294601184,-26.81777174994494,-2.03701656396629,-2.76763224510114,-2.8028856727523817,2.0076155578444888,6.73299369845904,5.763397798156802,9.74918447550749,7.284602706583428,15.627951160580096,5.185786596373873,12.876957398270632,6.546744305976063
-12.392604746548027,-29.3416622121696,-0.6848463399808224,-5.041444667939913,-2.215361228596066,1.4311770970194326,8.304568806173393,8.969943573759338,16.351771570457913,10.004066388964247,18.57970392927473,9.435934152282698,17.757633811557753,12.61999580597694
-8.812033766263234,-21.30967527381261,0.495276315701858,-8.119446869186504,-2.794884636710321,2.647813100104058,8.802356641050437,11.329969671648088,20.466525784807573,13.2495231933201,22.636119855292463,14.2073177762054,21.73252080961629,16.420086838984616
-7.407393857822716,-12.373083831454714,0.0019720259535915,-10.517033801658044,-4.6142929792501945,2.46490567232157,6.535203020842346,10.50953003415043,19.2428923427492,14.259186226955537,23.58189317739152,14.971094568837088,21.364609733848965,15.053021099304488
-6.917465413868968,0.8386811787062258,-2.1823324466186023,-10.448218814501844,-6.50826451767648,1.305535974477863,1.944257862784525,6.44876499674092,13.398277120076727,11.280195409749467,18.707629942641237,10.02589202499189,15.91258425323622,9.511835594897548
-6.557963553881952,7.9769989598513025,-4.521165294002458,-7.457006699942667,-6.864937310469941,0.2139954168279764,-2.584960290008212,1.3161519480042898,6.232902706984078,5.00140226035569,8.869951836767996,1.5312085868076792,7.663282298271497,3.3840338837255786
-7.544984810046849,7.24884396650101,-5.243434229134891,-3.0526726104126283,-4.863289550250556,-1.3312028853426254,-4.597946470424631,-2.3340941799842767,0.972461424722951,-1.797080968603041,-2.15230435234389,-6.517854537650237,-0.0346885673006909,-0.4008338585153979
-5.525318643766939,8.641820650652853,-3.880218140898705,0.4987704021300487,-1.1628597787764647,-2.1434522430668115,-3.505410435022668,-3.4907808892749017,-1.3124190896471646,-6.2382041777959785,-10.274408159363247,-11.305390015050309,-5.213037264393961,-1.673434231871397
-0.4662697942681154,9.411168263835432,-1.6745651921072522,2.1344207000477127,2.4886282865196563,-2.085403249569646,-0.990309349131735,-3.141907516147512,-1.8676796366939925,-7.504106838850134,-13.664784380294918,-12.66694720931207,-8.237827492244605,-2.3662780367153573
1.1340119477572443,10.588020669026625,-0.547820290530808,2.7216110387587378,4.399276319743308,-2.1764470327647114,0.3291433869324009,-3.135298507699304,-2.89824310543338,-7.448827358194308,-13.57796527624555,-12.281290172466925,-10.849667160083754,-4.26752834829108
-0.208530523559738,13.434481632084005,-1.549375272085399,3.805958110682468,3.961590950885011,-2.1340420353563814,-1.184951505442541,-4.607989571161397,-6.007335967538438,-9.092525857807004,-13.1670938447337,-11.888966577233532,-14.473425988377812,-7.546923165309636
-2.779404987639316,14.774372071502007,-4.085723905729083,5.750062377751874,1.8909241454975927,-2.247054444831429,-5.146491303243238,-7.249924934249066,-11.349254179484433,-14.08176244077822,-15.217963459915154,-12.234138331328722,-19.243264798185464,-11.115660989529715
-7.9306339286801695,15.163799110794086,-6.4826040635812205,7.313193424704195,-0.3275384936848695,-2.6639360516733257,-9.583194193741292,-9.766316704887686,-17.56639989738028,-21.08798772199725,-20.215581765426123,-13.197194958454247,-24.173122765672133,-13.846201401469443
-8.059584869029921,16.172292296616327,-7.305087607489213,7.159266571266016,-1.2554517099226814,-2.2178703296447577,-12.347798185354575,-10.936847948837112,-22.28273255154636,-26.465196349244707,-25.87109195839116,-14.340797599925963,-27.859912476892305,-15.140986768685709
-2.6497584056961427,17.444962728575096,-6.319993673223053,5.622999323044724,-0.072132618524165,-0.9415201089395976,-12.435862743515829,-10.392509429404072,-23.111908052939956,-26.746644511995328,-28.44845157803138,-15.076419969533845,-29.017844410946736,-14.575446149247
3.2684388427483144,18.59561658699688,-4.4057339550399774,4.696967212491018,3.216921471577052,0.6739117333918103,-10.38679112825048,-8.653670764225353,-19.051748398365817,-21.102691652667545,-25.200542333001977,-14.559483167168764,-26.780735627515924,-11.625247199067417
11.543931506355133,19.84830107665561,-2.651085452805092,6.093223794347978,7.77922604136802,2.87997422153233,-7.666432296244011,-6.602283782924587,-11.526269989790537,-11.92633277336654,-16.400871106774048,-11.949805113426464,-21.097869809918848,-6.256918658685208
15.436428744873856,20.12607741421044,-1.5062769127896445,9.366343452323465,12.113251945776028,3.622136092048194,-5.591984338003158,-4.891578007340286,-4.007060241997124,-3.2133726830766136,-5.4921706681248,-7.172963505268172,-13.192203790192709,0.2068587831679451
13.91819069598663,19.32113298344285,-0.6666940802783756,12.131794584990756,14.52417663574306,2.6929875432053527,-4.557448363535059,-3.683189007994088,0.0373823674644882,1.9298561084815449,2.953301157248916,-1.4621586994098834,-5.494687006847926,5.254893304697816
12.59824395750852,17.32448929486793,0.3738483175693545,12.26747926114558,13.954349788668424,2.28777617884742,-3.993661151009064,-2.758679177386057,-0.4347605260550153,2.853347081029142,6.122048807139208,3.124693604338745,-0.6058498549191427,6.75096657863196
9.660592227806056,13.77141124925554,1.7471390790101395,9.910448588462486,10.75253603197325,1.9489609863205195,-2.9513589445525668,-1.7988131096419693,-3.2733629736630974,1.1595284068803269,4.573020304552074,5.080760728532823,0.2458505412814702,4.628476566181234
7.7095906519727215,10.975236810660084,3.1622743246239224,7.247610396087339,6.705794059911568,1.8693724841020336,-0.8378167441036339,-0.6210502193659977,-4.904301263189382,-0.7444832056800124,1.3758154587089848,4.586299254116966,-1.9725848029711412,1.0265202766445327
7.504963221749678,8.9305073232191,4.325431375862308,6.344725366317334,4.050636484865436,2.4146512097763053,2.143104566819602,0.6979528284066419,-3.275534376524888,-1.1699625947300092,-0.4341465476525172,3.319678284927363,-4.837186052744528,-1.4127898915006654
6.660323476920587,6.702650873187196,5.296214845968734,7.209588078566412,4.02166438115637,1.917460201436991,5.044252138227193,1.8220756535204143,0.5603190755451806,0.1055568484350715,0.0506483921308245,3.0297494746263283,-6.2717424346177495,-1.5529503471426551
6.010931542555515,4.825015437021873,6.378107069185717,7.963247722413371,6.005257039938215,0.4478022738051439,6.677361805134865,2.316925956166415,3.6210901282559007,2.034974213487203,1.5695641639623543,4.128261147787612,-5.899209183874177,-0.2546971020647106
5.118630958249433,2.623753836089493,7.680124685028204,6.812478954115591,7.984593586675373,-0.3594437480761375,6.343933743995308,1.9781548053940696,3.809772873786642,3.1600375684315622,2.4024998084543085,5.561844456178051,-4.809871642457324,0.916248803337794
3.779702143426468,0.0710733606662837,8.839990864090396,3.769378811763772,7.961845595922682,-0.7473335210460291,4.408862128322426,1.138611693211942,1.7575118688052953,2.6573612697878843,2.040085567697929,6.003704519267785,-4.118928482415981,1.2818177508250983
1.3754950896883231,-2.2502730671760545,9.214366062467946,0.4708783068606408,5.295628453337827,-0.860426535703565,2.2611819808588507,0.6212868366410476,0.0473041648873504,0.9853281833346728,1.3179508622267804,5.143777914272164,-3.8245743718518384,1.337205463111104
-2.358440762485705,-4.4607916483113685,8.364550688240286,-1.5430799478772883,1.0200226974175166,-0.3900366070632758,1.4838415681567767,1.1953554894524814,0.6606054502044572,-0.3826612148885715,1.1643942614426803,3.8063395666006272,-3.0974506423460184,1.6585300525702564
-4.1353656944022354,-5.552766361323195,6.397846733268523,-2.2487775515407407,-2.964775113008727,-0.416544014170876,2.6776565989341634,2.870547191003652,3.1043740227650574,-0.1278605678639905,1.4173114001914089,2.8402392660822784,-1.6145482351564056,1.8309149181142172
-3.950843681342055,-5.328879227765254,3.890605178090994,-2.8916102400473847,-5.1495357911843485,-0.9268635500351348,4.854689755123445,4.660234865062762,4.924341030490893,1.6521372456975314,0.8997693005115366,1.997279801994864,-0.439295387264508,0.657243325324032
-3.9563672546040856,-4.980844499721953,1.5017403368286466,-4.5039164627388,-5.253717605438851,-1.5073408834250002,6.046879870449686,5.153284887100142,4.00210020774017,3.2221087785526947,-1.447675326911991,0.0465833219138005,-1.380086883759219,-2.5708370382092767
-3.460323152959567,-4.241431841214986,-0.3925540992999856,-6.812632367074315,-4.191144131818845,-2.3970364739891266,4.80570088054634,3.537644968361491,0.4292254307535188,2.4563148536713584,-5.569779061433593,-3.8823748523034567,-5.293693784037544,-7.10576979553224
-4.887478464867023,-5.122900322909393,-1.7927477779197147,-8.600809843978979,-3.3146999207893373,-2.495521971894602,1.4299778731385686,0.2833000053242358,-3.685577410588749,-1.3146874537853537,-10.281728549322338,-9.028727937889856,-10.910979142755266,-11.082802362829328
-8.696764367068724,-8.005444267986721,-2.903365541308567,-9.005885156942021,-3.4937169197567925,-1.7091433635423825,-2.107904831016725,-3.0472290280943213,-6.08074470344819,-6.419478330524768,-13.994822095381306,-13.124772502479765,-15.366345365593368,-12.81661142847907
-10.296144871584657,-9.993365478023788,-3.897976726469498,-8.338994212988894,-4.615080553298421,-0.843022116205757,-3.5188864028732887,-4.699341699117449,-6.022124961324372,-9.807165980644957,-15.39256093365093,-13.95590203043242,-16.11189349929063,-11.856657894538682
-10.123602255793886,-11.558062611006974,-4.831652300926105,-7.655309488055966,-5.800906805273986,0.3713158272569177,-1.7880146971113575,-3.706486603360037,-4.396953607306518,-9.209332683571262,-13.72475516212682,-11.054909907491345,-12.700153743082105,-9.031601508642684
-9.753356559104828,-12.16264105962455,-5.736398069570697,-7.6694604493097245,-6.158362256804949,0.5128182117822597,2.165052366844492,-0.4128679820540242,-2.525090032546288,-4.834879443054604,-9.039000442471092,-6.103885411579043,-7.062278524900705,-5.75019000725878
-8.32920395530481,-11.225255528690306,-6.725859256754504,-8.200894529624847,-5.494850366770493,-0.6333844111643385,6.118833069902394,3.6256770003692793,-1.107415300525929,0.70676925740554,-2.559573158976235,-1.7567310579239432,-2.1490089184259347,-3.306502301403313
-8.97333760411031,-10.941375019085132,-7.904325877708317,-8.610881656574549,-4.4451221604465445,-1.1888202035645044,7.906140687948351,6.27982087943542,-0.225144805947167,4.172590684246586,3.2819903935780985,0.1151814149142183,-0.0144296697259846,-2.5324590748962805
-11.980894794539266,-11.07609589805016,-9.097151932384236,-8.571446313800351,-3.914925031109021,-1.469272298927513,6.579226739736129,5.855790556757626,0.044494622728223,3.832558750970236,5.844761910658718,-0.5705664314778858,-0.6792212642096445,-3.587060920268101
-11.623956056204896,-9.843055861030388,-9.6951007963562,-8.246522580407571,-4.314399098184168,-1.6959912636422014,2.7780507025660484,2.1176929693157547,-0.5848329185696457,0.5047970607954255,4.051396590732168,-2.4185148930960736,-2.4003971015001757,-5.720927305478341
-8.318389470195847,-7.51398971197479,-8.91096912474012,-7.77592980169058,-5.233722955280371,-1.5543826771584952,-1.7652039292327402,-3.3039170203480808,-2.150841826181136,-3.157053714679648,-0.4850309434947348,-3.73068853821485,-2.9855760996377114,-7.337530211272167
-3.3267726423050803,-4.311567922302515,-6.379727808538917,-6.82250168132299,-5.814870468426364,-2.2379230470693923,-5.231382414880613,-7.651708419544036,-4.056893798362808,-4.570935246796125,-4.307397386979005,-3.618137432929643,-1.2149089950660257,-6.763029441156903
4.578205812933334,0.0986111854082703,-2.6212873465846087,-4.854526519870262,-5.459253173130378,-3.766674041631544,-6.671916001697468,-8.715212797938932,-5.448932990925641,-3.0079987795747343,-4.608517781340368,-2.3638870182227265,2.4901250638672536,-3.4756029452254324
8.04643352331258,1.8198342846223616,1.1102889368761453,-1.9195462207900391,-4.251846413594649,-4.641932103235851,-6.3863337473478055,-6.308783841487468,-5.9859626012654985,-0.0086196268882758,-1.3563460971924428,-0.9415069506403596,6.47748869642453,1.2044138007127003
6.647748403218961,0.5667158662893561,3.569845582137816,1.004379088108294,-2.797531039225362,-5.041455058656977,-5.502765945193232,-2.3226476189117307,-5.978247242775751,1.911111885362516,2.873491585931845,-0.1126691815101139,9.030204624993644,4.817611585750683
6.380024838929738,-0.6344598112532458,4.298113919150978,2.62919222695416,-1.704742268255643,-5.370990971980799,-5.065281959945423,0.8001355535013204,-5.587431688506058,1.3760245161803937,5.271253830052615,0.2451422985048452,9.52357031156862,5.5603779795233095
5.608316734896509,-2.713520604086052,3.828914993021101,2.475886125459283,-1.195378152599858,-5.353868879147345,-5.305766642877416,1.9003589051756649,-4.093083352287408,-0.5355054642560617,5.254032874603126,1.084999463934821,8.819694635578685,3.755946855956722
7.268072069921938,-2.313530133187524,3.2190134985008854,1.4408610517803595,-1.09224174826727,-4.347320742922298,-5.633270964058681,1.6638803627186007,-0.4201207712255268,-0.9778503138202836,4.830001416775417,3.422955844249884,8.635615131725558,1.7016625703031425
12.393005607063516,1.2171920472258535,3.343597708639834,1.224678061253087,-1.0570887039068566,-2.249475658887099,-5.265291408288476,1.5160711455657747,5.300172462540388,2.2983359886987387,6.64947059858207,7.439065551734018,10.323953113214827,1.9577614832828656
15.931168952945864,4.924430723418262,4.498697082036244,3.068356025051685,-0.8079450364330114,-0.0747867204711142,-3.8923536709817768,2.060820420878713,10.867916121882615,8.735605361528997,11.600163420432525,12.20293853379468,13.9228328058839,5.494368443596784
18.70099577405014,9.775417825226066,6.475533448003603,6.822438149479069,-0.2012687380536704,2.3236019038279103,-1.8107671124274132,2.6500508856349256,13.25135450287246,14.888100618591182,18.04575114801025,16.294581648672647,18.124487672965078,11.155852627918762
18.919696791562476,10.65495845544848,8.84128521664826,11.024750268950529,0.7452495384445683,3.443858109862278,0.4710075166833576,2.407250127983616,11.183087946895398,16.841722533069174,23.15978660059045,18.796902625113148,21.126985939601752,16.65396110085635
15.499836584007747,6.788806720935349,11.083062569180129,13.815862951777715,1.814474108521722,2.93504594602357,2.6427228683201065,1.4534882884259446,6.643933958986168,13.33977948987996,24.978742980957065,19.770241799805945,21.716279930545568,20.038299433927875
11.47902670755889,0.6786151008417314,12.562727080302407,13.974080676218648,2.596567441105435,4.288516899134968,4.575591064464902,0.8914519995628893,3.49121071728797,6.994451212604929,23.45202075084376,19.795644341521324,19.85965334794116,20.494814046978945
6.0868886465923495,-9.251219295240691,12.538078753385491,11.46168284494206,2.65048873017156,7.248628504019239,5.976035966246798,1.5268488262035476,4.2075255604927975,2.4062119531898247,19.959334548635525,19.093558128155337,16.55886279867741,18.261031192201077
3.3470311481143344,-12.338759160528925,10.493486863640952,7.344136905031746,1.8020728237401045,8.481450281068643,6.235600844237581,2.7903746236744382,7.744302263334305,2.6235919857101635,16.118018672489427,17.174664494337264,13.231871938563586,14.25461702499831
4.03698105226762,-7.718486605975579,6.661342322803762,3.2814090696974745,0.3868493242698605,8.462017495976855,4.833523514114631,3.189345698642228,10.558512500755455,6.864070133919881,12.966464410129618,13.461885837786951,11.047573622604489,9.86152956830142
5.031181981434702,-0.8680339573760398,2.251045496702318,0.8325997866454031,-0.7849240685760606,6.26330610385072,2.0153130470719134,1.930534039939289,9.920156871924974,11.364849502081086,10.839544024815154,8.287502193241664,10.45072694531899,6.655524644381217
7.545497059879532,11.0631171306597,-1.0429636569572267,0.7706378646885241,-0.8017441530940914,1.1131123973803774,-0.9802194076631848,-0.0550622336555761,6.363873015726767,12.522575410674904,9.514557648442748,3.1542225925767298,10.933051400589704,5.665757776679811
7.923842825614717,15.990619893736596,-2.110337585523041,2.664368720331936,0.8108891753657872,-0.9267469449810516,-2.605315205078142,-0.953901920305043,2.982995124856558,9.56492185655921,8.268374219200894,-0.2419748258321306,11.14540984969608,6.493588278531604
5.641651871713715,12.7984075554424,-1.2850715667167378,5.035217596719747,3.703427455814932,0.0888698000887673,-2.204247561910165,-0.039981592778389,2.331588131231541,4.612238591708064,6.034805858641619,-1.4845824582843647,9.50059841101529,7.225893329304938
2.023342589128566,9.391432804547147,-0.1744786529013708,6.1712267019129285,6.7386605765076695,0.7684670216442513,-0.6807455033377892,1.3322297213863692,3.989851261743155,0.4620385133612217,2.003464894488502,-1.98139158396836,5.1729298096249465,5.682755375275463
-4.064401140958326,2.685454182973886,-0.4214206244530203,5.191687693669934,8.507269577684383,2.397910886188398,0.14153865428284,0.9499990051249654,5.129884106373311,-1.6364992722998863,-3.554197036287036,-3.8338890770160106,-1.077619389235906,1.236592464145474
-8.154897241197991,-0.5964696250046602,-2.368447589617801,2.61421839349822,8.092874031143651,2.257434053714153,-0.8887491178608116,-1.913849030588864,3.4381945722550142,-2.3203598203774902,-9.025225975981243,-7.844325230736842,-7.0192439285778505,-4.40340960746974
-10.087070014037304,0.6464923900096511,-4.81236040248578,-0.0732668937802714,5.660052461330508,-0.1541777938159521,-3.056669347475406,-5.462560199655826,-0.5424498198723313,-2.736617752989844,-12.301915966991118,-12.468802513798806,-10.228388031370912,-8.354211246290674
-10.822356069676609,0.3385221842423207,-6.120406416950459,-1.5579391601665975,2.4702649015961526,-1.3620113911673062,-4.167147352593531,-6.877535419774006,-3.944628669015742,-3.196368001090093,-12.256186410403105,-14.867698803031033,-9.768864408542925,-8.830666098512069
-9.166027413598664,0.2275924426932929,-5.702412265884533,-1.6420866284919384,0.2227626667363722,-1.9986329216054952,-2.34851627100565,-4.992896776134302,-4.387322746754421,-3.1899367744433675,-9.616532016308868,-13.322172881599217,-6.951924487671704,-6.566325219365695
-8.341657206155944,-0.239494195179718,-4.463601993452386,-1.189819384720508,0.0397950826868651,-1.91153816418303,2.226415031158922,-1.477118025944975,-2.233970252740548,-2.402261847491957,-6.432830291444915,-8.89035948512074,-4.427666461211729,-4.114462252489474
-8.262159682822062,-1.7778118169816046,-3.8295694688802087,-1.1691525363276014,1.7145654268772716,-0.4933275859381147,7.223255063959627,0.7146935025494514,-0.0857682016587091,-1.3459217984672731,-4.559822936271971,-4.707755983813428,-4.214734889575027,-3.668739534580965
-7.556807698146154,-2.379986240367001,-4.323962662215479,-1.7091722648779497,3.777593894083523,0.2730431886037943,9.763803632653392,0.1138878181069742,-0.1051292231644538,-0.8762704121535307,-4.433456474728672,-3.441475123959023,-6.236319408097458,-5.358464616047144
-6.8848560162086825,-2.322120982319104,-5.101229778070362,-2.069513685092261,4.453010862143593,0.5436008078124484,8.40340347574751,-1.9963864496791928,-1.9058787612640915,-1.2446598339238475,-5.047435671062686,-5.149944544183597,-8.550563738323035,-7.453250911225879
-6.198846567045062,-2.5507688760242377,-4.864243299813737,-1.5363936579996391,2.919214119978477,0.0892990861429059,3.888775657543299,-3.010903392469622,-3.094725876297474,-1.8334919822536195,-4.9296626354131945,-7.46276147958821,-9.025128017272747,-8.110358093796478
-5.481071509227315,-2.790183352638842,-3.220742914833597,-0.3507297136591418,-0.0611764495863447,-1.5531963821870718,-1.6732713589218449,-1.6112437516457483,-1.835864291545704,-1.8466405022025043,-3.208261810322199,-7.852541226526846,-7.009671316516435,-6.957968257826465
-5.136396416168026,-2.871852069007653,-1.1344219879541662,0.2821346493202661,-2.7214917553005264,-2.809728151632035,-6.258650452796168,1.0517941946747218,1.1790580191779068,-1.1298390356087946,-0.0831672746878755,-5.855451535107903,-3.675531008286214,-5.146339488110986
-5.213397957968063,-2.89959415370516,-0.0596804840993083,-0.8084672380102975,-3.715735242053287,-3.839644888874668,-8.776714906864555,2.656420495441622,3.2821878847367287,-0.2408255719305578,3.3336491234911243,-3.240860082777231,-0.9379658788926932,-4.046360844109696
-3.9453847998617393,-2.310583691775993,-0.624824868753791,-3.624704351822285,-3.2263253395803666,-3.823554543150663,-9.01290189967008,2.040862596385661,2.2787171383606992,0.1817984814225539,5.539115583170528,-2.125286806095936,-0.0351259227750659,-3.9705444257484697
-1.2910592074655058,-1.0461078921788345,-2.089876682303178,-6.770158001110914,-2.7364245019835,-2.3473893154337864,-7.234853319832965,0.225476663260963,-1.602824948184626,-0.0375301402343666,5.358481624242216,-2.9020974424208674,-0.8942643952536891,-4.054688828173006
1.975076023083111,0.0168660752334633,-2.98480823603736,-8.379319413261669,-3.581167502568867,-1.1510192782152393,-4.040958955347108,-0.7402911508172707,-5.97833912098649,-0.6736665604072982,2.7075347279237576,-3.8748828594391966,-2.517169408309776,-3.1927797309852366
6.29059196743395,0.974786008948776,-2.247867365298056,-7.457654164031254,-5.567879880697447,0.0453270114910611,-0.4020727457845794,0.2128912630349475,-8.289170073141847,-1.4834347850186589,-1.0501933442464448,-2.7936538457255224,-3.7659369841396426,-0.9884520370547492
7.611138161272776,1.4061081431156583,0.1150959560302595,-4.551691754217842,-7.007022250599277,0.2957149550335906,2.5163589875416505,2.3097296728607546,-7.554170429325829,-2.3270085420479347,-3.694133123724953,1.175926831137616,-3.88764214324911,2.085723122329455
5.554454131630689,1.078954740410487,3.205437918859431,-1.2698158952725862,-6.2375509010251164,-0.8070550548024693,3.853971691542896,3.879764190428944,-4.557021433529144,-2.955345630893291,-3.6211560762215385,6.695488166618006,-2.6656224975098723,5.186737463656868
4.109594452131301,1.172949080424719,5.830934506021862,0.8634614921376738,-3.284255487117207,-1.42690932385238,3.483616199894186,3.981927035466328,-0.8222817724474254,-2.944137739047449,-1.202060796589052,11.13436734582922,-0.4669067573390038,7.557676652745641
2.3538784846367053,1.5633583531224935,6.985838436461592,1.2689229608830177,-0.0646687383152198,-1.859785275690488,1.9653093443826464,3.091334486586262,2.360876276930753,-2.080892715172652,1.2193367960831694,12.2196609033966,1.721191204747015,8.5698278055157
0.3377798635219152,0.63361379463744,6.098260552930654,0.324085481680612,1.1339329728289442,-2.140904697524137,0.1047018942033304,2.3718139564246314,4.1826365438870425,-0.8263938985153487,0.9449922968453848,9.27516713804546,2.5205386623033093,7.643492275645116
-1.357456303177715,-1.533323991391979,3.250057951388172,-1.2360267295173202,-0.4299019894678508,-1.9459561549369784,-1.4435856482225091,2.4708428004149283,4.18919439107043,-0.1960634380525903,-3.019132742646533,3.459653927637788,0.8522249946944385,4.4931930927397445
-5.837016051132545,-3.757014046531375,-0.6268784681230244,-2.844999901787716,-3.360893923415404,-2.0544750880713374,-2.2601151813425844,3.057561103831034,2.381523145247357,-0.9799076589669652,-9.145402277304484,-2.8743705526032244,-3.2325789129163667,-0.3767338576241741
-13.117291201458464,-6.328202527277142,-3.938200341492404,-4.158314202678795,-5.359537633185411,-2.3852358866769934,-2.0925001480612195,3.387763719815183,-0.5358336862737332,-3.0179931793912544,-14.479944891074126,-7.274827989247996,-8.272612025398274,-5.50865328329877
-16.209163062967594,-7.2624695144068,-5.237307480159956,-4.86131050763683,-5.1323184519296206,-1.9962087101329755,-0.919672935177573,3.1388592060099825,-3.324862018879429,-5.302384521740777,-16.705427491427926,-8.303059268209395,-12.08483075038552,-9.07888154318394
-15.247578500029068,-6.186170028930739,-4.246435962400938,-4.714692965890521,-3.3015918981477625,-0.9480282513300992,0.8733641078529217,2.64380497807457,-4.969955963850907,-6.859726714405298,-15.49841357728492,-6.226241026242832,-13.067557144832564,-9.95347677158864
-14.092411456638407,-6.520630832703556,-2.198611588322421,-3.9181017643795135,-1.6345059881409725,-0.0583913660188363,2.527710460717458,2.4106286841202405,-5.390866693206192,-7.550826124672284,-12.281365745832543,-2.8881204776149616,-11.20156472481085,-8.431550806439759
-11.25658984693329,-7.861189470217321,-1.0031763616123044,-3.299865433691963,-1.4209915365919985,0.8221507773595004,3.319390120935566,2.54374957575223,-5.351162464528386,-8.004785791640842,-8.904860367720403,-0.6768149558840832,-8.010661164414046,-6.101542352384797
-9.60061258887264,-7.71654334720696,-1.77667933001743,-3.833168183928194,-2.457592704074244,1.3788487068207962,3.067410957510248,2.671312005684399,-5.593985236127367,-8.789311006862647,-6.522154463609297,-1.0912653927763074,-5.511567976862523,-4.893767474820976
-9.660599820840655,-6.542766615521681,-3.9611110484983385,-5.679126273591123,-3.3894033945143747,1.4321946992294514,2.2544650160106414,2.373114459446896,-6.0752697380840175,-9.671454542869585,-5.38840720308491,-3.8037597811421904,-4.902877172802505,-5.923954482803026
-7.488154043904878,-4.123158816945436,-5.812305723002595,-7.661888529341326,-2.9197254381505218,2.099458977811688,1.5945950484472746,1.606142282621022,-6.067569889874733,-9.69608966812646,-5.2729535602082365,-6.886720562380901,-5.875897542529458,-8.77038803203871
-3.717265795810549,0.0224826651362186,-5.840599597190817,-7.92679060972435,-0.7828018253232472,3.311777981696837,1.4221751120926172,0.7077905468511858,-4.978707834336689,-8.000020492866213,-5.748193930488895,-8.089553948664587,-6.94734564041957,-11.571276268660569
-1.6114002915293817,1.5247645014488047,-3.964203207771078,-5.4766694052323714,2.198248681422143,3.561651121939533,1.4678447578434657,0.0353964032804867,-3.008560550278901,-4.623692320220869,-6.1265479332408574,-6.310706940639875,-6.523418176521034,-11.99157503289436
-0.7842630299783514,0.247669975295468,-1.460830541461121,-1.286747583419043,4.76436207320927,2.960033939584977,1.214070920282012,-0.3588600037620892,-1.0151251886685202,-0.651397892108406,-5.495142715383992,-2.2903437247784098,-3.9666820268010663,-8.69578695673792
0.6201179729124348,-0.0482565494734165,0.1043824799781418,2.1517035402839326,5.925291463819406,1.753023026336234,0.4604955317335566,-0.7078743766164735,0.1776638531161438,2.3919461230261163,-3.252270441908138,1.8881993924415497,0.0135982865460846,-2.5164781313564504
2.067763190842436,-0.2580656690947109,-0.0008882391079509,2.6908900445496897,5.300384706010703,-0.3971454992072896,-0.4576676858354886,-1.2223233560208089,0.3096379266823277,3.423641499168639,0.1912970616271536,4.105133999647705,3.864317434958167,3.622439085138524
3.159842592423645,0.2630135126427741,-1.3360367249164256,0.2882179083879208,3.1613505383398746,-0.9923629403733196,-0.9947909908877506,-1.8232277346100147,-0.3439176504602699,2.3995087061274774,3.376944103194603,3.4642867781260804,6.207786316846679,6.355176116857962
4.089564575603838,2.120332650167645,-2.785646633535009,-2.871593755658566,0.3759751594925546,0.1060588639483577,-0.9230439151218376,-2.190863914074285,-1.3168260911523646,0.3049820816114135,4.770479650844919,0.7448661223593263,6.651669516385354,4.213270780875746
4.002003691494171,3.242990484446567,-3.359594683364378,-4.064593325435837,-1.7881289119190455,1.50371459348932,-0.5481678366492986,-2.097458155627009,-2.1847313060328872,-1.4411755111066211,4.011773997379606,-2.19132472970135,5.821787248789448,-1.0842434470725522
2.7828254791386127,3.902915710054209,-2.747842356713249,-2.128371735831749,-2.185231447703657,3.821944943798143,-0.43275421886581,-1.7042060346727794,-2.604036449407573,-1.857319750725964,2.2415565931149217,-3.642124264444675,4.639378122434678,-5.646585892583815
3.1544608910039376,4.332424032214674,-1.4211649434790274,1.753230073129174,-0.5399641761876239,4.444727173640128,-0.9265727023670252,-1.4977293853217477,-2.394528989053313,-1.0370057878399592,1.0808526081203382,-3.163100940992763,3.4706522580569867,-6.23279283827317
5.100804808848143,4.156988809906601,-0.3269217377198856,5.124573193831225,2.121562835217944,3.072081939637947,-1.9345363016305728,-1.859047628843612,-1.7485240179266557,-0.0812474570324326,1.1662387670460532,-1.7885574274791909,1.8934235930343133,-2.7347182331490814
5.177936941745542,3.1051832008700577,-0.31543205816061,6.15543894193172,3.915468707307994,1.0456230912640907,-3.0434059206122583,-2.6351596768608943,-1.281065755800057,-0.2484103244023003,1.646428850188201,-1.1843195620253084,-0.6890102910353733,1.7804468943401588
3.7812076348523753,1.0131919414831827,-1.5317319959387987,4.778513021712499,3.3436355360331333,-2.37347174186132,-3.762665614612757,-3.1471193455363675,-1.6324970472219889,-1.8552719039915928,1.1514435159024146,-2.289056330488464,-4.116413305057478,3.6300613717695
3.1797702664533074,0.2347933593347606,-3.152347081673028,2.3479102047289477,0.4892383891530869,-3.4500229192908995,-3.628480596810519,-2.6876362507254754,-2.8171790664265477,-3.802894507016248,-0.6857903471281617,-4.443992198303462,-7.104839087966866,1.5839914227782828
2.865102185541345,0.8254087120512312,-3.78992550649653,0.4243576607384653,-2.8371977109796376,-1.858098135253741,-2.2336640958698557,-1.0808037737974416,-3.948137483707228,-4.247599590741842,-2.623315772566769,-5.742699745869771,-7.91552436421685,-2.177114487310717
5.9169183099550935,1.686616547744415,-2.4430500837021683,-0.1688486677503675,-4.275901700899809,0.9339355409384728,0.5643916706403331,1.2015724662751524,-3.7668936244082616,-2.0295550098617525,-2.7319527219394075,-4.434267459208613,-5.644686995932908,-4.029594312570751
13.017408963876187,3.3902167639408503,0.6740354057319067,0.5467378191042087,-2.6345960828852384,5.975438249919968,4.251142021776353,3.4286591433811253,-1.670392448776674,2.2541491440770045,-0.0436230578127023,-0.3408635978035264,-1.101362172557394,-2.0501415715516984
15.544298168478388,3.830886425609228,4.150625835554891,2.093979075602149,1.147631204104094,6.859782225821284,7.497897365806168,5.062740476197746,1.631863472630613,6.480789651545052,4.51682531322502,4.84759567400824,3.5290128798015914,2.422974695127877
13.840350918196416,2.812221404647198,6.343223326515982,3.8169259502395647,4.581818426681451,3.128778686399095,8.684253308493645,5.84715160599346,4.475645318826111,8.459030312442891,8.708259619884458,8.68895223247165,6.082136261779752,6.093083611424859
9.282643592505655,2.798090376251536,6.540162446665768,4.921526201593323,5.395026670339703,-2.149025384353834,6.963210967060363,5.610192026136062,5.403536902878628,7.484461876724794,10.563092197302671,9.658981100283896,5.814788823502582,6.579738424574806
-0.1807867398073758,3.3653513413118046,5.352591045615839,4.650256319491021,3.1935872134261096,-10.669396860765108,3.060146752174973,4.235868057326893,4.211464360069147,4.739184394581734,9.706321025705122,8.064992477804463,3.7099605612422266,4.275777905475888
-3.892331536113861,3.72488287286962,4.028603172949822,2.798449240145885,-0.2388801639378641,-13.138846005597571,-0.9975002021049768,1.986731479812839,2.0424085730003085,2.239077110314017,7.423415120054564,5.545672678838383,1.5009488614677051,1.6925187724204598
-1.5229280712321642,4.236788344509647,3.3637007892511512,0.1670425933877446,-2.2668533075528394,-8.727558717351709,-3.188781844310068,-0.2416237995546417,0.4860784520260566,1.2569554565665282,5.5491075537557375,3.698640335816672,0.3177620981350664,1.1284922442705394
0.5991490435479033,3.438309956125145,3.2135561340551924,-1.691201517376821,-1.36489806804793,-3.592531131471264,-2.8660566453661893,-1.2931526356795748,0.4448792540289954,1.5538109952862538,5.146761205814576,3.043655833937695,0.1306362321701168,2.85489518425808
4.907774363494562,1.1432637778028851,2.9760822098005986,-1.5012877332911518,1.7874104318308592,4.636764836791091,-1.0758469102774062,-0.6754137099343749,1.6458527854810452,1.974214242836624,5.993136062028031,3.0852230084067163,0.3464915690882186,5.269981280606743
5.271684179107779,0.160940498317238,2.435253378045717,0.7101186624042013,4.91178344362906,7.160806985959831,0.3958606231749257,0.8032032759300369,3.062751653355164,1.7203196765413908,7.108371039318046,3.160181853982758,0.7740059792593055,6.553196207189534
0.6864632785133892,0.2802345815842166,2.032394959812468,3.549150656218991,5.917681378594888,2.735522262344808,0.3979496757240586,1.467758198262807,3.761974949290568,1.0585182327405531,7.683782547380586,3.100378950650054,1.8464922763770435,6.137023849172057
-1.084981410584999,0.9809607729128412,2.2794745979978632,5.293875761926213,4.41521017114442,-0.5968730453482755,-0.9260344602791052,0.0988314546742135,3.453676383157541,0.8420668358792334,7.541953934480793,3.102167267381656,3.837052841362004,4.790154099417322
-1.4257580163470798,2.869278164108654,2.9755359180959218,5.163564544585986,1.7875085460999358,-5.079410776210798,-2.5842068355109262,-2.9825453441214123,2.4418960137067103,1.4267087192527654,6.8623794232977104,3.1283482420735744,5.981854799861932,3.5668464655443444
-1.194385801962834,3.473090583828597,3.1484230029543063,3.742780748378092,-0.0897612000510612,-5.926604415797156,-3.676132635837409,-6.082706281529195,1.2431871216418493,2.1537791178208003,5.690908348289149,2.6714721834195103,6.675689190562981,2.8326734521230748
0.8650542970015597,2.72790870676484,1.9231609110061392,2.300875666503668,-0.2889435339529207,-1.724644095513835,-3.9139814168141314,-7.454510199112285,0.3129457769192072,1.9900676315279568,3.9062393046565695,1.255336588452117,4.854477132559417,2.2476352888226323
-0.4716556279934435,2.1019768879366367,-0.4683129907012251,1.7343388276441305,0.7525708692690074,0.9229847119381572,-3.422821529906418,-6.619111889324245,0.013019372240592,0.7156429353319069,1.6871248614939418,-0.844141415552194,1.3208510381882057,1.4972311527565625
-5.330599923101111,1.0435216797096707,-2.577206590999026,2.057657624932069,1.977583634780807,3.3831938098225973,-2.320628843910825,-4.581382999573776,0.6039832960029159,-0.5786707137679414,-0.1794810976992309,-2.532702533402727,-1.4538687153646208,0.8539085544903031
-7.065065881470041,0.8766799494600563,-2.8014021455519043,2.696709337862785,2.7157959478088216,4.045475526865446,-0.7103598202652321,-2.8735868495312147,2.0716074637559885,-0.3258993435475545,-0.7427697321210829,-2.7413945699305278,-1.2075263848552569,0.9452435819557437
-6.471658268312594,1.832274191221153,-0.7961532498607014,3.088815410556215,2.9821811803621188,1.7348557770079722,0.928596894164336,-2.375470934987668,3.928099116633725,1.9953902997440447,0.1746013272544857,-1.4550583604495273,2.077081414332227,1.9941384445637669
-3.770725546662895,2.7101667224173216,2.0059415968978698,2.9984722622633413,2.970291361504664,0.0257785712491841,1.6101084317672871,-2.9102580224714245,5.308355107876729,5.057629928275894,1.5198493956494517,0.1079793420423413,5.882661852862384,3.3627413417166
2.420889453285734,3.864821783403426,3.3261078879195622,2.4443188429349405,2.4999282084866223,-1.7732082302765404,0.4740120813764363,-3.7694871890773385,5.446607206493439,6.475697921180597,1.6985481775083358,0.4535771779462294,7.086013635981857,3.9418469260458906
4.705292590784181,3.50497178995288,1.7753522281302168,1.545863936794042,1.1406767672250735,-2.363792783594868,-2.2090919974967,-4.469892656028193,4.206943165126191,4.678894750349265,-0.0699383292387239,-0.9070839277778048,4.551660585408349,3.0889889936048576
3.011364255370768,1.3220982287296517,-1.967401285466252,0.5217617106493861,-1.1036612653095403,-1.0572716844565782,-4.7250525705976685,-4.982632497200086,2.223633806843793,0.3336045306532256,-3.002027171291438,-3.0242843015854604,0.1214454256836177,1.249874372404392
2.1920405699958905,-1.1965569967810707,-5.511781641182068,-0.266491269666318,-3.3667714232760417,0.9865529000854334,-4.946607848445183,-5.357695320621723,0.519358387090989,-3.931251457377776,-5.397124222295012,-4.3322699234798,-2.91993324542581,-0.3450604461319173
0.693053891206863,-4.560435055310811,-6.439009515590726,-0.4365458104212933,-4.357432036899475,4.373766354379189,-2.082302133247886,-5.332883888557333,-0.1064455418970951,-5.36388473540552,-6.112251563657992,-3.975936319328234,-2.585458314815682,-0.6687641930937858
0.1938271342660967,-5.680702016570881,-4.056005780872837,0.1459553424411908,-3.373077059294104,5.440655048831506,2.381222242921055,-4.486874897521744,0.505648296139384,-3.060526035093126,-5.450027778651453,-2.451995653738294,0.2669340146443346,0.3051977934341323
1.3398953583072066,-4.126641082394079,0.1120233600452778,1.2037111801305898,-0.9597702136758456,3.861860827480883,5.560456749997613,-2.8299412437147566,1.8670745354105591,1.4760207656458562,-4.638858204286052,-1.0607834475558349,2.8776245299498413,1.6884423087053977
0.7038771873599269,-2.4602717833405654,3.457784284677203,2.169143725335488,1.4143630053293563,1.0859408329042783,5.297160996195103,-1.1495103516569571,3.16987588607563,5.554776766690466,-4.5267234075715805,-0.7719032890170752,3.0538905575052557,2.5075952263890287
-1.298865834457544,0.1440562093502866,4.176603442141193,2.5024933073867714,2.38814823660838,-3.9242195563285063,1.742967359889441,-0.5806840090004357,3.741423772082044,7.217574803401924,-4.878700858113319,-1.5566484741810598,0.8939699781957202,2.46762838927846
-0.8556161679294377,1.4949218572123857,2.467251075958764,1.9801794114718088,1.563501572510383,-5.84289424221975,-2.9417630883768595,-1.6517228763424612,3.4052372556804897,6.324364524540869,-4.9370865887484925,-2.662519192106963,-1.6583375433235972,1.9786730059181397
1.730476507151994,1.1382178775507406,0.1958605907048465,0.8228253865462278,-0.4123696203873237,-4.321704171397588,-6.41261151891797,-3.673723276232707,2.5550554250077937,4.130142477499561,-4.478580597588035,-3.3590074852569387,-2.7513999944987475,1.5572801660660929
4.566235269212578,0.9295697880480296,-0.6051065986276214,-0.3375785733898908,-2.398137171310175,-3.3160262401395704,-7.783263975609572,-5.13480173441431,1.855241977444948,2.022360000545362,-4.068128562611889,-3.340432859154568,-2.088514530828043,1.325339292025653
8.373367956966467,0.2237579660036812,0.8316636514653268,-0.6601419875690553,-3.389487769510368,-1.5868885154966603,-7.698974974115167,-4.854605465542441,1.721215681646484,0.6547651070599443,-4.177987115465463,-2.510388156640154,-0.667504515828341,1.1420902030028657
10.123619585884692,0.3522983698835717,3.698871102505756,0.4940325833032091,-2.8897707872733847,-0.6737666110887635,-7.074367272917556,-2.9252626635797654,1.9679303273098936,0.063825156532232,-4.235191307873578,-0.631480268164772,0.5977979794616743,1.1286839645184583
9.371474377683288,1.5843067570757077,6.476147691480449,3.057485580344867,-1.0646669267237314,-1.1228834966068282,-5.981730796815754,-0.6181812366982271,1.9598152746884023,0.257159899505929,-2.878641563806383,2.547913293418887,1.739170199587832,1.84268387458647
10.419884829483806,3.735366159210837,8.092589426786759,6.026586003464345,1.2427162191386785,0.4519674664582401,-3.829699265236577,0.6604807753251265,1.188683463984944,1.3872510901843924,0.6073570680203986,6.714063212957129,3.235310396841335,3.719620431846032
12.640728027620607,7.2841034090601555,8.443584734493609,7.871009631596209,2.791156366064996,3.712612050754592,-0.4844216884428149,0.4769318267266236,-0.2040805909526071,3.303821099823672,5.166441541131164,10.655258443679788,4.93446691666518,6.289021523143788
12.837519588302364,8.08948837137332,8.03598346352845,7.489175984591288,2.631281342689544,4.942752607673084,3.0424244145140484,-0.3406807656776394,-1.4314888669502928,5.172400771537237,8.550806184560273,12.793994495840533,5.817604040028563,8.112608263207719
11.510498911739656,5.958862299429279,7.309126615778616,5.042992284550287,0.8549505387251664,4.492495089371356,5.217586831680983,-0.3763010403734839,-1.60473116351017,5.881592446164785,9.299189263576938,12.353274352701956,4.999779614463868,7.793959936719094
8.368778300348438,2.972385562063355,6.318874701579158,1.9277275018392253,-1.3021271026022845,3.653565949008955,5.351138649795328,1.3293578108215731,-0.3781902652631963,5.037280905251894,8.194753639215712,10.148109134436677,2.877255163963209,5.276004901756892
2.741459108808324,-1.9062245201068693,4.963501542113807,-0.2236038214005375,-2.3218064455216947,1.699748972646267,4.285022955798116,4.617967015244723,1.7742664227461944,3.5028103544919773,7.58144012157155,8.132853459654996,1.0503001742915252,2.156787797973532
-0.5429225533443026,-4.414470488829848,3.3623043660966125,-0.7443005141603365,-1.618642992454177,0.96091260218583,3.636226982898759,8.289609028433663,3.785498317445178,2.721547071760209,9.00896596837503,7.883330565369198,0.912132572882296,0.5354863722464529
-1.4286453360496028,-4.129520914426475,1.9121732295815652,-0.346729891667648,-0.0072288112367431,1.6414269069184433,4.293827731359599,10.765403719625525,4.529376062673194,3.287103884303366,11.498522784155012,9.22204900971711,2.240688295930859,1.2839157458157402
-3.178199809907257,-5.390585020651989,0.9502602346556408,-0.4151641568599906,1.0624544693716196,0.1179256329027733,5.633078070944728,10.927168918936562,3.381424362506811,4.135093588890484,12.290974633384646,10.207854007217676,3.218226542741471,3.250415660889635
-4.770939442061634,-7.254184352659216,0.3698958276024715,-1.8569240634081647,0.77030255335184,-3.245320074051547,6.199480806618295,8.722910990242974,0.5751141241811393,3.283300599066812,9.506194959557648,8.611616699297304,1.9421909364738497,4.093704778817632
-7.415144801844606,-9.471947230394036,-0.4277125756200899,-4.551618756834742,-0.5595682653090499,-4.957465858874439,5.167580968112076,5.2440685411433625,-2.840561216511848,-0.4159363167201029,4.114905517767364,3.719280187346074,-1.9364500322422116,2.002126037844929
-11.566411170669635,-12.678931041129148,-2.1707563122095257,-7.783116134940566,-2.14147836207437,-5.459244358892826,3.155653765523687,2.1862147423778326,-5.531796193685529,-6.088413536522858,-0.8199112054109072,-3.0047163174268405,-6.899807643454022,-3.112095678155919
-16.250479278434682,-14.843233562572742,-5.188007908727754,-11.021731931784258,-3.739268419697068,-3.7378541113902255,1.6697392319290687,0.9302313925379048,-6.680300138356508,-11.339505092495704,-2.9488636790572125,-8.91189177731098,-10.768945319918704,-9.689010916931355
-21.919165522482928,-16.004775415868497,-9.044166087038604,-14.119098800210953,-5.774394994044338,1.0563499240220853,1.7955390319600038,1.7809229293577773,-6.49940058055549,-14.03129964005788,-2.665794465450082,-11.967183376260966,-12.286472727416475,-15.467117402428048
-23.950094871953773,-15.629700419207536,-12.565694342227197,-16.743882908524203,-8.36542785037128,3.170108419884506,3.3830355989490872,3.872172870550095,-5.9853448673625085,-13.780218173502025,-2.2941393746149474,-11.920380485116151,-11.750109565450709,-18.467944037873124
-21.8726135086941,-13.14461174422704,-14.322080543657233,-17.898130906964436,-10.487988262070065,2.7598659508977725,5.328382583897724,5.797714328414946,-6.031461344435,-11.948298596048662,-3.3437884638515065,-10.092210331028872,-10.373387993382426,-17.664243147633503
-17.251862812718056,-9.544586315425391,-13.422478129487075,-16.417602595351944,-10.492988087109442,1.80665716083106,6.450517173925556,6.48223395526689,-6.675021781177311,-10.31455246589196,-4.836738525173038,-8.225398885843362,-9.17909167812919,-13.467901020302122
-8.703634824293237,-4.456985761395329,-10.222994279277351,-12.247492107954756,-7.751996796418449,-0.9724416513449996,6.078637141239724,5.673066780745516,-7.197085412729897,-9.71655363933298,-4.576180252688046,-7.461829748526187,-8.44120760152874,-7.953072370787652
-5.166434128841665,-1.5127045110470991,-6.379807338830375,-7.154350785440775,-3.7411101046260695,-1.7368386471732329,4.078273039164699,3.83616223440356,-6.982094269687974,-9.76228903437736,-1.9999577114024143,-8.068118232892985,-7.947445343883418,-4.2465915562480685
-7.1885953735706,-1.1259250209595393,-3.953954911203388,-3.772421260730938,-1.1452696402941172,-0.2595665946422795,0.7590727733718481,1.753853960144232,-6.24862975441393,-9.570141780033309,0.6078814878213574,-9.677921173013008,-7.518896365036599,-4.805649547066719
-9.395738643894717,-0.5601223495809707,-3.9976709336745007,-3.5002339776655056,-1.508140393517289,0.706664989439238,-2.982182994121411,0.2192935568584175,-5.854882317130505,-8.61799696173312,0.1347932495559831,-11.499525141626645,-7.134013407019166,-9.478806790915904
-13.993085687326904,-0.7720231792946111,-5.686780892939853,-5.16148297702318,-3.628895591651116,2.027138150077802,-5.63294577692894,-0.1127441656016703,-6.332203068355668,-6.951381729280011,-4.029337953177006,-12.377264305442845,-6.629833949887065,-15.06417894716119
-12.929848888678292,0.7384527217312027,-6.864699696713991,-5.901002133096599,-4.44263813244862,2.254702128742207,-5.736738139480959,1.0701087030318135,-7.140127831168943,-4.835546976838739,-8.86273663852977,-11.095489142518094,-5.512842299314475,-17.245434351339313
-5.15150393013095,4.432176653566235,-5.746491908273228,-3.700298715160717,-1.7804939509422244,0.9715558259632108,-3.087211892956393,3.4338552989219835,-6.973113303126336,-2.4548981217787667,-10.16780425530619,-7.128909489431971,-3.265011463316224,-13.709266115924114
2.0516666651495057,7.2718587596977216,-2.4062397715494264,0.7941150347554071,3.5296469928750334,0.4815526996458074,0.6807627290616551,5.914138719427701,-4.912715081765388,0.0135455697544486,-6.314646231922769,-1.3431152247300435,0.1101858511558404,-5.908576106574861
10.68939427462797,9.865567988617553,1.2977287943643248,4.908819011398439,8.26813863622678,0.4170826165714194,3.041174324682164,7.176030003531864,-1.3576038477856862,2.219669225666177,0.3722376697357532,4.169419305107191,3.909796598782737,2.1055324101449173
13.330785138924677,11.262263356112564,3.3485353740117105,6.472693977895641,9.635519298647694,0.5551628906740124,2.5537833339658498,6.440838021347116,2.15769744939216,3.752819345724255,5.830581064773142,7.292416425106051,7.157373888824509,6.804649261443558
8.35904994154438,10.879379790781789,3.267216371833076,5.800493018368748,7.651868437451863,1.2907358268819589,0.0966092706259864,4.030178916776833,4.117817705774211,4.49983885694726,7.744189184227356,7.270069994571262,9.212731601852578,7.559275163850629
5.882067896616677,12.180358570448512,2.2993950158419274,5.225282712112609,4.934902396198051,1.559523197707067,-1.9446475329742403,1.132597599431648,4.142926468808717,4.792048260370343,6.916597862613536,5.109747151291,9.98566301470964,6.379986376941993
4.024482369529087,14.950421101567263,1.9789494246010515,6.693305406762399,4.169737659598354,1.3977166394444684,-1.8818659120298733,-1.006925098086679,3.13611074748156,5.081229773996039,5.577351300378179,2.68538436203362,9.691329384348553,5.635954837277343
3.76055733120054,15.520465842079728,2.5660595648351645,9.81164893388437,5.732722688839491,1.171309466091642,-0.2214617914801344,-1.7766459830760546,2.4229456112259378,5.466509179378832,4.812113871524133,1.3887232703280643,8.608633974041645,6.070660199975993
6.884264952668755,14.335844068896453,2.952109681022378,12.22982854633095,7.636767512089577,0.6580019637096636,1.002159375241785,-1.2928784237580544,2.6850362345031336,5.623197359204415,3.874536330293015,1.460745630793543,7.1497197220817625,6.770932509181908
6.111750058580673,11.431045892925672,2.073169048617512,11.900841933137109,7.629460441856327,0.1746333859285745,0.3418280418835628,-0.0743478855874073,3.555986730231165,5.222801124492722,1.7583089000998058,2.307863365145717,5.936247804135121,6.6123479300142485
1.903679938622818,6.023693275924948,0.2723829245221409,8.969094905367257,5.271603442270664,-0.2685562763250173,-1.661431457225742,1.2225661469873188,4.084666135376644,4.326805844248135,-1.1382702657250654,3.1428150395508965,5.386242327231887,5.390013671057915
0.5732169411004501,3.408591807988026,-0.9097567141184406,5.504372186450457,2.060643289095566,-0.1241403406359113,-3.1632382586627124,1.856541919248876,3.5459940279099698,3.247596672360121,-3.347273889446498,3.2423764507930457,4.978198936107656,3.579902928085449
1.0706045921569536,3.714696499239978,-0.3606698401865245,3.477017237451811,-0.2550101488770409,0.7487910384726535,-2.973754716658881,1.1462299317549345,1.916515957044872,2.050410961543093,-4.268506063795922,1.9023851875896085,3.1397059810775048,1.41314345254019
1.2162193750749966,0.8359602193616249,1.278493576214803,3.037309965091982,-1.280366270720073,1.1356588074982754,-1.7057251353384046,-1.0704950375418356,-0.2314008691630746,0.403633556550421,-5.278571490209048,-1.2934858559666047,-1.5385316068227617,-1.3400649481203288
1.980517825076619,-4.332124123874332,2.076645511168035,2.7268157289164847,-1.9050557088766027,1.1459631830229111,-0.9643787626862306,-4.005426050837233,-2.1342018836679486,-1.8563318380880889,-8.356969862485299,-5.748850534242257,-8.447494090350586,-4.526507960338639
1.5236533623536466,-7.3369397604833715,0.7235252568638373,1.249042894752865,-2.858828843630702,0.3399300331156437,-1.5287053144450304,-6.150194520451743,-3.1425906174545446,-4.0048015280946725,-13.417365421785636,-9.473351685022577,-14.305542909837612,-6.853218413569479
-0.4504552603949959,-8.917694986467424,-2.0131737183362937,-1.089036383231374,-3.632462742763277,-1.5997491823247596,-2.509404830134187,-6.295153575053572,-2.8351381150965977,-4.5376631854675065,-17.32993617359923,-9.977379435314552,-14.961148382394745,-6.486934334836661
1.1107067660815064,-5.843840883784284,-3.8237743579959433,-2.7164253241919027,-3.0169462182492985,-2.689748208843711,-2.399600016300905,-4.58243703945972,-1.1310200383832338,-2.37069881416422,-16.23071241317069,-6.227905813225704,-8.710328973330364,-2.775593040108559
6.086468353220059,3.086752973751343,-2.9674538652167293,-2.5011634101789024,-0.6726017582830792,-3.0253150164623595,-0.917976843728752,-2.575208509521841,1.510833004129477,1.8517789674165075,-9.322462135493844,-0.0722413633121483,1.6321464798241363,2.617568910621032
7.625805757251533,5.370137494921437,0.0486332401534781,-1.0238201810522138,2.060318275805237,-3.036661099887211,0.330550753174208,-2.1170334591111857,4.051663887579274,5.728825297787793,-0.4607407305579478,4.485997038889064,10.097041241563304,6.58220443182039
6.3595104308507775,1.2778031664236418,2.8438412910936925,-0.1089996165300224,3.155858227862989,-2.2801980786076688,-0.8040509867751364,-3.891591990236698,5.299358271284749,6.711816051963904,4.430196431537091,4.065969961158814,11.725395761328764,6.92144356107028
2.87003153778224,-3.866941747526517,3.247630426058949,-1.08816118332407,1.8212901274559847,-2.01383308756005,-4.860456842719964,-6.916454519538226,4.679437328290202,4.127498884708627,2.137758654261763,-1.3424207332252234,6.270608564287135,4.10613335437661
-4.3517934516351975,-12.81632478687206,1.147822327435943,-3.519877484611312,-0.6117116190240086,-2.2392083255635864,-9.855554677725294,-9.346826993896656,2.7341217169401126,-0.1652637031377946,-5.102705642071003,-8.060069665535014,-1.6993375605531575,0.782304687496147
-6.166801095869956,-14.846555072904442,-1.5371604089340654,-5.578303281253472,-1.8219226622182472,-1.6835963856767235,-12.574812105761676,-9.795547545795865,0.7960425381336815,-3.156317766901216,-11.43624244478168,-11.33492797861151,-6.459205212017611,-0.5038591739113496
-2.302478288556672,-8.91657311827869,-2.590254134979308,-5.644431398544802,-0.6152669859396678,-0.5496641507010283,-11.015704033962258,-8.064386687424356,-0.0104661934369563,-2.991582559848368,-12.166654129016536,-8.876868161687721,-5.4741519996960974,0.7355937098194119
0.9338355562282158,-5.144606771561569,-1.261834358764892,-3.5449124113594017,2.040795654159588,0.7439015183391657,-5.91439157159501,-4.938923511548099,0.3867357437445982,-0.2963374671142631,-7.281921904146074,-2.438775808295734,-0.8451423274390102,2.951271907147237
5.544605288367635,-1.0944442758369906,1.4141037989322598,-0.4076422751994659,4.060530975733821,2.395641102919887,-0.1414273706050135,-1.5983854740617875,1.059428144398982,2.504688155277464,-0.8630499145315937,3.782498569793974,3.094848368344937,4.256996949948846
6.510942191067944,0.2525312855988915,3.743450314357656,2.4483513809074324,4.277432792283403,2.339395182138897,3.4024034252570914,0.7497370192717394,0.9541943876027368,3.1844013470479986,2.6844085117279004,6.463415511837692,3.6276695861938215,4.051070253582429
2.700158245959954,-2.813762696247524,4.699522562289673,4.3589193151805965,3.426117384892123,0.3488621436303872,3.6259183390634657,1.0644645699255744,-0.2096795491099854,1.35555637642803,2.04345614942479,5.399784990322633,1.5320194454495455,3.1764163539936447
0.7605865643140587,-2.115308587527259,4.3491306632999205,5.22248527669746,3.1318487830793256,-1.4386542308405394,1.5340100892893442,-1.069014244666878,-1.7657016895278232,-1.438573010799968,-0.6723307490401673,3.0282289303735954,-0.3150935071054288,2.815443910402593
-0.5863257366731738,1.4894386969641655,3.3597464612829797,4.936992249364993,4.003360680983315,-3.50313665423679,-0.8972155482076065,-4.785492230161463,-2.681047125849835,-3.0423148027665583,-2.34044088367825,2.007702873644428,0.1104758328064541,3.3895472487165588
-0.5415406537463976,2.701277139380754,2.361098676232471,3.258327940545362,4.819217484560451,-3.9778661094330574,-2.1137548347978035,-7.895723372897924,-2.310153089555218,-2.2620971424431597,-1.4820058497807,3.139226831744307,2.3351363754872967,4.406749122548211
2.062306080586484,2.702342277046832,1.730820063439772,0.30917407431797,3.681005912613109,-2.3548413798589847,-1.6657013148696835,-8.068439292875862,-0.7501423963350042,0.4399386076921487,1.0387057156966693,5.247923804325843,4.305528423831947,5.116312430701528
4.042039158100131,0.7751567948928566,1.6771399319311158,-2.925959132813377,0.0266664418138216,-1.334815244144452,-0.0511655620328497,-4.623436612031479,1.3109539549415512,3.4645666047139674,3.3620241923930827,6.705481164619847,4.593892576050731,5.1865014385606845
5.901300680916256,-4.007082259118224,2.2141337452482404,-4.8758736065012656,-4.483921708541349,-0.4040754178445072,1.8027948989084648,0.6603394790285382,2.9967855399011825,5.267329857636106,4.431595295141392,6.937837955323512,3.624952498624168,4.86606992879125
6.341120482864087,-5.240612793121628,2.996231581490484,-4.395643312087571,-7.152554708694559,-0.2610429542191887,3.0031045830636263,4.723903638677954,3.632103604316764,5.325522481499042,4.653565024900208,6.6158007214441,2.9259974588906044,4.676568682766122
4.675106079298086,-2.9419153068798223,3.37616182392933,-1.6846072301986543,-6.49259684961849,-1.4194492311228106,3.014140622589296,5.561538253714916,3.0133086709935704,4.257012545942475,5.1125973133325004,6.658264553228879,3.421912026931138,4.975237684982213
2.78977383839345,-1.450887054035762,2.8675472365037717,1.7123539221395152,-3.542689124906982,-1.903641662698904,1.864318904427325,3.657642498213807,1.5167217587619808,3.1281865217734546,6.299223804967419,7.212870140576857,4.552434663838266,5.659026207628889
0.1463340476052856,0.5314904695582994,1.634828110808285,3.8643766723066015,-1.0740865510265376,-1.975702065848291,0.1376025339439213,1.2669386536897278,-0.0279884920094302,2.574414167103792,7.563581930933418,7.569180418700516,4.948756364896537,6.157912782506697
-0.4148699516173489,0.96913817592277,0.4342254078991132,3.636872869829445,-1.36974164711342,-1.4643993758420808,-1.3398566154834568,0.3534013542495975,-0.7215327270587033,2.450047194715558,7.752457094691327,6.944533501958577,3.819482429751436,5.776440192305649
1.5892709445919688,-0.8257685654514252,-0.0558549241026584,1.2501728421264915,-4.438448660711845,0.0294215793711669,-1.952222166224832,1.2044163437183233,-0.0881342012025059,2.2280079685885124,6.408166017543299,5.315675119480506,1.6451897145550043,4.251249271675249
2.6718957077887517,-1.513076821387288,0.1215359139621727,-2.069772980252556,-8.068468640342354,1.0336747111176876,-1.534095251187479,2.8277757406231023,1.5960804394634311,1.6810031386466884,4.386902965242936,3.5482159286034305,-0.3683101614943869,2.117868438778741
3.5222302659148026,-1.6531133394629205,0.2826719913838014,-4.938769611485053,-9.546577775573269,1.6605022076385734,-0.2367728916113605,4.302196899307067,3.3675177494608475,1.1283204584296755,3.237721098436816,2.756351254156563,-1.3973133072232895,0.4744165082883893
2.6805989963350365,-1.4990171484828203,-0.1210448757253399,-6.488678617834512,-7.600880798997775,2.196916554835504,1.7466934549583315,5.441197893212562,4.051811722518197,0.995234010962402,3.807888236821903,3.433603800407077,-1.584072493582632,0.1776924978871474
-0.5668188099048715,-0.490357739306165,-0.829026408450404,-6.498239027164797,-3.1528615262025337,2.3415132016365354,4.238059605449713,6.2387282297761,2.935193757869852,1.1695258013201135,5.329948671498847,5.007936077881732,-1.6787794056805638,1.0728840552439225
-1.9080775311344595,0.3253146432934005,-0.9570880139138952,-5.138740840928929,1.45274019329588,3.255142032243426,6.871041583174979,6.156167575902272,0.2557346058512013,0.8917732165968282,5.9125214841321,6.119599360529837,-2.251982719431969,1.9415668548072995
-1.684535907042703,1.0629659145785195,0.0647855904132028,-2.764278880833267,3.976464819520716,4.971123223820972,8.976527821950892,4.456385957564095,-2.830112414431944,-0.608100907058136,4.122029459187512,5.430998793612437,-3.273888856335268,1.2856417362236146
-2.350911027211973,1.325327055686849,1.7264287566354222,0.0363645741585109,3.518032971026689,5.470214178202128,9.864960697830291,1.3501601055490284,-4.8739492063079615,-3.289728728459953,0.3203023999638659,2.454400507888026,-4.342960741780038,-1.631503855966941
-3.1768785810163243,0.8687708067077754,2.676789717846778,2.35208903661518,0.8547551200961911,4.875601915897477,9.358648532327951,-1.5152826797912464,-4.996924217414172,-6.090637287445491,-3.415028906883552,-2.109039544066436,-5.176378952823865,-6.251962809943048
-6.456982765334664,0.0254125681142561,1.8533535744322012,3.2183259327349907,-2.107874747910773,3.722967499909743,8.063082510526565,-2.147655871486762,-3.38615120492225,-7.57016642716706,-4.755806247562687,-6.7169105576807855,-5.816928243730597,-11.020324576240125
-12.71570500602606,-1.415750238592295,-0.5014513939039736,2.271785235937945,-3.40113927139301,1.57236676804955,7.034592393657717,-0.0029099964047631,-1.0557038406894423,-6.889339779103789,-2.792831814520588,-9.786665709919976,-6.415755570615634,-14.221015732606748
-13.426184415326336,-1.079507827063693,-2.891896236522636,0.2678925030966739,-2.058661770118221,0.8357286110760596,7.050122208872462,3.366288516998762,0.912741321796737,-4.350205458609644,1.3911278105618914,-10.439807266022973,-6.902058991708792,-14.789922848621574
-8.620432472924783,1.2403116324308867,-3.694710578893792,-1.163909404868321,1.365053301548513,1.66645306450265,8.057869867261438,5.5926163825314,2.0221804904999434,-1.1372607109325212,5.620538917288153,-8.746104997443883,-6.894227509050027,-12.680072192934311
-2.098680032263569,4.163595107833714,-2.402481753895781,-0.5538024049283581,5.181729058332981,2.067546670204202,9.231293121625072,5.495006090997393,2.447679875245117,1.4718404383129808,8.24517403566151,-5.4067536364781095,-5.895672134712953,-8.696386350651846
8.09931815131382,8.322971535164747,0.0607403138269173,2.343198581693242,7.692446044257667,2.57782146980726,9.540253002747267,3.84241350519563,2.6670418630555486,2.8559485340184665,9.245365605386942,-1.228792906665007,-3.565568733526421,-3.994313596999122
10.70074026492979,9.709215965610122,2.159586412900402,6.356379839121228,8.281766994241917,2.0138801060081564,8.387816797531997,2.255812346190265,3.088477053177597,3.3202895104215195,10.028302819193229,3.142154415791045,0.095422969602557,0.4215937439248787
4.594918498196233,7.892499345430723,2.9365883959280183,9.7637528445819,7.64064866349643,0.0076455830492828,5.902692002174572,1.5478921359382012,3.925973830574965,3.767758261508048,12.092574389876454,7.064454654594248,4.618817847910534,3.9014119041798367
-0.1263705265706803,6.380119188033013,2.5619024191293587,11.44651855756386,6.94476364899744,-1.4318651887593703,2.789861122406779,1.224200825225053,5.165299698188778,4.956335199906894,15.57986501238025,9.623006770522831,8.974894645305044,5.996455479854339
-6.132324856281568,4.191510612630663,1.8789045808468976,11.348295986405136,6.724482084683976,-2.615223734951436,-0.0865711435976832,0.4366864677161457,6.415147405608489,6.766190724404284,18.861498651609736,9.726788711522127,11.679695259202068,6.217095375696845
-8.024433232306732,2.856515363012809,1.4782140673579385,9.98934220201599,6.441929975719616,-3.205620034930704,-2.133526961351536,-0.9117255676921312,6.802697923107193,8.003902323564912,19.56920764174049,6.737464012761275,11.323972483258448,4.103179186526955
-3.987322001556748,2.938204372329054,1.1762967220098153,7.718696460571241,5.128988971581437,-2.798444244465883,-3.265020628788551,-2.1884352252430856,5.300229113319828,7.059751857116645,16.358765299910978,1.1838120640658598,7.427142707157813,-0.2746917039537973
-3.232715058795628,1.5066992368510908,0.3239018788898558,4.557321552193301,2.447823425344288,-3.4088360487250893,-3.836251389903337,-2.9835925798142493,1.511906323349077,3.141769402777739,10.059110728227784,-5.152025774874943,1.058706477523864,-5.795237517700244
-4.280651303692627,-1.0340641428988817,-1.41207069074907,0.725572384706,-0.8396167273422179,-4.933186243728239,-4.31592510744238,-3.690498325061138,-3.6807009248337543,-2.796898678613049,3.276891222757542,-10.062526348412469,-5.410307313265406,-10.420925137370384
-5.790801030137361,-2.786300695885111,-3.556722613526412,-2.894491725389501,-3.4222266516272373,-5.087129216766515,-4.917488813228718,-4.953906732097934,-8.351778607328534,-8.331917248295689,-1.2918093425986772,-12.14841789022656,-9.520719865619087,-12.251897285526784
-9.28368149709357,-4.120910008908618,-5.100257864774644,-5.108596413289121,-4.487441522895802,-4.123549111612848,-5.485116838034572,-6.695093910121974,-10.697909952083762,-11.105582137083426,-2.61320903817374,-11.545472917074434,-10.20083168375048,-10.9006153036733
-11.13627661051724,-5.135969908881493,-5.318363085887306,-5.424211852644304,-4.325554595176212,-1.9815028229658471,-5.745746605359577,-7.99277002101804,-10.285739426301031,-10.571031809365234,-1.90255182432218,-9.6366007317135,-8.449284675929832,-8.034469909133742
-11.398508668563228,-5.501755337859641,-4.432636255127548,-4.736852345347771,-4.009232536294769,1.8471228684412453,-5.688236183972304,-8.059490528302675,-8.328119314523057,-8.499268058330493,-1.711743163552768,-8.073374323902325,-6.642538826754502,-6.3630494636517705
-10.51010157465812,-6.345669541465016,-3.515796377791208,-4.841096195111799,-4.50676275189914,2.97919254803933,-5.655988860547176,-7.169613186877887,-6.721650198113929,-7.668768369662019,-4.197602611857078,-7.883277472520448,-6.8768718793667984,-7.589592655554679
-7.597624016979986,-7.640300076336274,-3.662812109754881,-6.994493132050938,-6.01683174780491,1.2588134938876052,-5.997252508333812,-6.375801635395693,-6.627504357486293,-9.66594605248985,-9.686454358169597,-9.15454508851646,-9.499991838096532,-10.89223795367814
-4.738776873358341,-8.906405707266323,-5.064588480906964,-10.731506922464888,-7.9874410227132095,0.1640834784797251,-6.607749734955065,-6.274129660710771,-7.724733500213717,-13.558655039174312,-16.376895918202955,-11.191701337236696,-12.882192152807844,-13.305146042169078
-1.7750168173526764,-10.380357864130229,-6.739648215942558,-14.007445010369649,-9.604534495932588,-1.2430306829028823,-6.899543953655205,-6.261150721456605,-8.622997359030553,-16.536221689349404,-21.32841278893964,-12.803159856570645,-14.568336199601362,-11.89424173937658
1.2685420257055622,-9.346218985879071,-7.18478634868811,-14.618160676002248,-10.20083092660782,-1.6818249848575315,-6.338313768089704,-5.212916881900264,-7.951503783100201,-15.978613668648782,-22.148902414631884,-12.635450960210068,-12.93873789297734,-6.059567385310958
3.936630761685547,-5.52344303039967,-5.479176082674165,-11.74797799203002,-9.330710450774207,-0.5862116873065739,-5.061599510995624,-2.8588315858868,-5.221859584080344,-11.268828324191023,-18.3597759403332,-9.717413803123948,-8.1797089695233,1.923031540908158
8.206165382617204,-0.38647236321573,-2.0036999854733506,-6.44693336887992,-6.766323585807069,-1.0737002928918995,-3.9155825707168175,-0.2653585387109243,-0.9617060455672206,-4.015322565929059,-11.574318226328716,-4.1670831917656095,-1.974086003025876,8.570966877395335
14.02122050900093,6.824517951603264,1.768335691609925,-0.8104482296440518,-2.748592233633307,-2.8259327951299245,-3.7959228183133593,1.1654980742402905,3.692769340795887,3.2085650339933105,-4.402194630883292,2.432132345032655,3.668175893925694,11.65486045898214
15.328450823897386,9.728917604779244,4.232317576214274,3.3280935471270725,1.6588232811656165,-3.458908646930638,-4.9067404928286855,1.0696025426212703,7.462066907965766,8.369096400443848,1.0909255844985086,7.542096642579475,7.467308170126422,11.431246210297164
12.006928381017213,7.702291031072205,4.633271155189036,5.189247360592661,4.7043986537185365,-3.3948243745926416,-6.662333376792489,0.3223372089315655,9.226890415466986,10.626993554234858,4.235856728439424,9.030988792108769,9.167249881390044,9.8263203606173
7.670724082277781,6.177998590925466,3.3873131273159047,4.984042346713434,4.888604012824006,-3.274128791176605,-8.281988605813746,-0.109811998212999,8.328218518550653,10.101487662393469,5.435634946882836,6.563724259063847,9.190513925671176,8.583299604946426
0.9209092798899596,3.602856516675532,1.6233954032347486,3.405104662306665,2.147951584181726,-2.719618901711161,-9.391480740437126,-0.2682144383075791,4.998414381319513,7.463429623139901,5.218005041155324,1.983634257870949,8.222373861365579,8.123416855029213
-1.6041936529128165,2.2731120261799806,0.3802258625764065,1.2355209769170878,-1.808444342385067,-2.114321668624424,-9.976538962181367,-0.9151454950203664,0.6542821234051169,3.845108865515919,3.678984330239476,-1.7175198173164103,7.048397691892054,7.922423604417421
0.989887621500588,3.035902057280181,0.0267006424376572,-0.7666368879899954,-4.541329886559972,-1.4817490807837306,-9.82073238790128,-2.1836278584257176,-2.4600022747993204,0.8147304912417384,0.7897597932332046,-2.2205213468169567,6.467582909101732,7.637564648862384
1.490841627932519,0.9680370381753745,0.1934615222840761,-1.9357190459048172,-4.566942952530572,0.6686569431466737,-8.229358888677673,-2.824687626418664,-2.4305841264307624,-0.1011898508042903,-2.9252145552027544,0.7292366052682264,6.990290847412239,7.615025029347031
1.4657030057415907,-3.380892746657085,0.1339783883213561,-1.9043364979628263,-2.2622552327207,4.38673422978984,-4.594362633767422,-1.151341375657028,0.9857254328540184,1.6810937692552694,-6.233741631690433,5.281340427400907,8.421242739676948,8.263490079982486
1.6439023993257404,-4.60802869826798,-0.7496737441914085,-0.822015743633673,0.7532710941099846,5.498294113201997,0.6067660729457519,3.1113111984595534,5.888539692226807,5.194440251708078,-7.916510745950111,8.748048898499167,9.780390997723163,9.09626886123747
1.0106470897123332,-3.1869425050830293,-2.48663610227507,0.6826149550049575,3.0755191765274583,4.019476234406995,5.450060326076163,7.991347049816497,9.21848418917638,8.303237507797443,-7.79453946344502,9.238479780249577,9.823213518338656,8.64926921050527
2.00378853279328,0.6392927610888708,-4.426907021299713,1.8579984894725197,4.407108306546929,1.863807900193264,7.501001701389295,10.47022904556727,8.691729318140817,8.987312643353784,-7.084673306168734,6.569646018464761,7.861001238698789,5.601574983769071
4.572349428937723,8.11761877541907,-5.538278464076787,2.259396740385485,5.188524264574127,-1.932093862276119,5.52570247019233,8.7473747317388,4.349044885179028,6.648883211981241,-7.591942913579968,2.0299657994037794,4.26916670416653,0.1800675090285493
6.44264882505415,11.633790465861011,-5.008559106769749,1.9455193045222132,5.627213792483857,-2.608395911825874,0.6134665959477266,3.590976524858376,-1.4135527155639345,2.5138911172584173,-10.225271568979714,-2.551388085935194,0.3399741365089969,-5.456867386242514
7.989290067333211,11.025210660533771,-2.8033708719388613,1.3663085286430317,5.328509139857117,0.3133267285586774,-4.312915527419107,-2.267966012893682,-5.3580392358544575,-1.1113540071773582,-13.991678160351364,-5.633807012292888,-2.3415891937645013,-8.342769086415327
10.673462022273975,9.65839317527666,0.239748410750832,1.1114583837749397,3.942838850211517,2.2123368660909373,-6.344929619060116,-5.963981933672078,-5.373318734571944,-2.182778437211748,-16.404295131706817,-6.292348211741756,-2.582284543641664,-6.572746011180525
14.218567886392956,5.7068947400546,2.929819639428848,1.7010375514310718,2.031893209283408,4.177814842627474,-4.427486739209406,-6.000150323663304,-1.571308045471532,-0.0182891960431725,-15.20442266004602,-4.243472353375289,-0.0576027449271067,-0.5637944672665398
15.814216497037943,4.085320567281385,4.5264414502773445,3.4314672134946624,1.0452114725780532,5.150677800554846,0.1662426159012113,-2.5997522001275737,4.066287166181317,4.415776905873932,-10.176434678860977,0.0796867198766175,4.49067785128689,7.1601179523663365
15.440817129146064,5.195477703108996,5.214369266345125,6.201561726578632,2.2140117172043885,4.367911135242635,4.965625523894233,2.738323838860248,9.015176098686537,9.084175481157242,-3.575597348739449,5.437587762833587,9.411799027810918,13.437704458420194
13.88397106907166,5.678409196413102,5.840825966039993,9.357515831210016,5.3341485897222345,5.118631396991315,8.029795697291906,7.8027245925043855,11.506486973495496,11.947065479578578,1.3183961026387472,10.05332077585799,12.750675573241924,16.16707746905249
10.411668305634771,6.713223719781447,7.099660498938139,11.757906374411064,8.628658903275447,7.059000157563647,8.926434430914501,10.259561149803153,11.077118808782105,11.93811128128617,2.468214361767116,12.391353141570177,13.156501185591264,15.197942165357324
8.142490030082481,6.154782399189006,8.835522237211208,12.218751190224234,9.936799540270716,7.244425546462359,8.416353360544457,8.59775844761797,8.348219247133525,9.36975779943741,0.3610486329337732,12.00895932859616,10.600850614486426,12.04146130097454
7.199591938293676,3.5302723633981645,10.082605112501648,10.201677294466087,8.293696712520685,6.063986792668942,7.439561272320136,3.274166463075134,4.488647547167396,5.609618132432556,-2.680029636512828,9.793191294314752,6.390404531405364,8.779349463717738
5.692078042160183,1.9044085568557072,9.848237882140086,6.308097191290689,4.632794086372938,4.218642864863584,6.441876437424818,-2.9135405204052245,0.7795314144806893,2.286581478171441,-4.430875362094788,7.34408512060107,2.430473276803176,6.923811893460884
4.337379097121456,0.7750084760655069,7.992563113929617,2.146649499902594,1.1062495332665476,1.1599813272759791,5.503927692399003,-6.11778322568216,-1.6598188811763517,0.5236454689766701,-4.2146000768732215,5.97964601503349,0.2519849545438404,6.834989979429428
3.3301448997944503,0.9905593611019168,5.430262624072624,-0.4711485901142851,-0.3745270754976681,0.5842541427091927,4.821342589932179,-3.97890310144341,-2.158616516040257,0.5831431359897574,-2.770237247319692,6.09003418313674,0.4052284779998316,7.84966822592281
2.5744091156189626,3.1906106861227475,3.449784809733911,-0.5473961160268199,0.7289708260048737,2.7738260286459475,4.794765156245678,2.4125841740356684,-0.8394517805313402,1.965742210119925,-1.0261455983423469,7.16989716709109,2.4197061524603782,8.857416803304552
1.6555981182877555,4.054620286923405,2.738515500979163,1.5498499209741172,3.4696514966669194,4.172906274774848,5.579440523679665,8.926518143916457,1.246421442642884,3.747162833972185,0.8312474412609483,8.300329927484126,5.123521635504961,8.907876263584876
0.5639534441923345,3.820655975312584,2.986882575819265,4.391444150036067,6.1808231177261765,5.588975869249698,6.687518620457077,11.2227471999578,2.53809997941388,4.955295616468282,3.188650312842665,8.674970352819274,7.093398305400795,7.566133956660659
-0.3026951479402299,2.8521568584543324,3.401850383435528,6.432029548804209,7.452734461844813,5.350630331592541,7.259487289640461,7.977763284573625,1.905001985680922,4.94642740071863,6.216107975072078,7.96855806841387,7.203151800201004,4.975854474390665
-1.0297639940568617,0.4195356562672898,3.5716630043767617,6.900924491805785,6.734012509246607,2.7611148814318747,6.867155834701065,1.959095304566217,-0.4910250825597611,3.747878671925984,9.493586673428366,6.513128845670377,5.218529922553164,1.7380979510119
-0.8643779132235155,-0.8639931099808711,3.7659720368396656,6.000650837306253,4.385948784719243,1.2904155809706424,6.0278943310046325,-2.0033564764679186,-3.17581203269269,2.1589309018314244,12.432766620963806,5.187412801172934,2.0970333978197204,-1.3121909776260217
0.3334779249922316,-1.0325736910453711,4.346413325905795,4.349964397945538,1.3361577986499475,0.4662427538614694,5.798283668068152,-0.6450984690692367,-4.392574147829309,1.3414710963300165,14.880824886481228,4.897433914721583,-0.4461178305025668,-3.42056101456056
-0.9086053967708864,-2.370765255838846,4.949219255235246,2.2466828021028618,-1.437733475706827,-0.5946461311518372,6.731289419205679,5.292030801483148,-3.470835155044968,1.957478793915308,17.11384697357954,5.815981255108617,-1.083624136714053,-4.270546424479662
-4.660763426649544,-4.433133620842937,4.438344988216065,-0.5377114231054309,-3.372771071064233,-1.3104296368507145,8.171037984756751,11.65545807315127,-1.3932308855250488,3.436826214895748,19.19611326156212,6.952017503825654,0.0244605197266758,-4.20242047167228
-9.561232672343266,-7.555031208203457,1.883238170993392,-4.238501898214837,-4.50853918112527,-3.2227653576361712,8.601972915102527,13.985715593970584,-0.0017254091376384,4.1112483230057535,20.47551314397093,6.595447987002675,1.167880200653308,-4.078246445424481
-16.478232963178286,-12.159857902185024,-2.314231436511841,-8.396895008184497,-5.261464315221501,-6.428189301058955,6.808931484629953,10.709864041576637,-0.468325784504997,2.368134738820588,19.91591004872353,3.5283547405240503,0.3455324166041937,-4.781436159092905
-20.13987929196112,-14.182109557607443,-6.342848365933792,-11.770829454637216,-5.933793617064969,-7.951831370976722,2.884171384129898,4.055343405823892,-2.358393234321142,-1.963578739266746,17.10360981100386,-1.8833316816620336,-3.0345974816725088,-6.653411887998232
-20.119634068321773,-13.518452002631845,-8.242828871323312,-13.12003524914734,-6.385361664064607,-7.948575518783454,-1.725667555846083,-1.829433991053029,-4.115106787842652,-7.192056542596304,12.992813694037917,-7.693895620107931,-7.462153812470497,-9.282011609413008
-19.811914643430743,-12.704367827800048,-7.486957854276622,-12.258775313316884,-6.219450073494471,-7.395730864308018,-5.134311652619518,-3.9467343910598793,-4.505067989081619,-10.832047527349951,9.552406318169233,-11.62570590577486,-10.395503333033322,-11.814016493136986
-17.882778219395703,-10.820048474303263,-5.464523230564234,-10.390926425263771,-5.338699766261958,-5.651517909591554,-6.183064792321371,-2.3668474456671853,-3.692139016939854,-11.42074232475748,8.393787649159409,-12.63852050925686,-10.361780530843069,-13.549965845886764
-17.849852736685516,-10.915568791556044,-4.39418387737201,-9.288654137118204,-4.278030421315773,-5.070222975402717,-5.064897372688677,0.2751033871519777,-2.987031351804318,-9.6055020742678,9.421797647883846,-11.573352243645004,-8.337325382470503,-14.367127272473596
-20.24773378156719,-13.487326804312096,-5.590643041181807,-9.909176468702354,-3.864505227463501,-5.809638223363271,-3.07410472897309,1.0544337352368576,-3.57745324463387,-7.585791475332322,10.696882609620063,-10.380311113816552,-7.125476657666114,-14.685658157545731
-21.622231816502303,-15.070747627908249,-8.542974158854648,-11.625305763041322,-4.450315923230802,-6.383895081282868,-1.738089410118658,-1.073610279732407,-5.460677821718912,-7.375159934937812,9.81681348532491,-10.61687411315861,-9.118920697575236,-15.075734883249204
-22.848860804728968,-16.406282409432613,-11.475147639690793,-12.776835983403313,-5.504890060362534,-7.361454651742072,-1.9239730931166257,-4.780873394890636,-7.521948333147308,-9.325206870523733,5.851397863136757,-12.441274513356293,-14.28073028558474,-15.851222837389074
-21.923612011272144,-16.180028604932822,-12.761144295488304,-12.103076557230962,-6.074184355104804,-7.3312335997745794,-3.458686081624706,-7.69150224588885,-8.569457481806445,-12.052775386274304,0.2680923025990882,-14.794404707064496,-20.05595375154748,-16.93255104772647
-18.19442234930582,-13.72925337877546,-11.962664819311197,-9.810968386601315,-5.714211521685,-6.062321619309865,-5.431351714341147,-8.30070594219193,-8.283540751868609,-13.674895958795634,-4.0170804162258165,-16.409914114135702,-23.27656843428416,-17.996289952483785
-15.278581960320912,-12.160568404095114,-9.791019715880848,-7.335624252571172,-4.929280211648782,-4.373038317949503,-6.894204010145852,-6.974973398410713,-7.248971551236647,-13.230932646961984,-4.8069956932848825,-16.697374640608476,-22.43020059059764,-18.711952730961254
-12.654208263690728,-11.08096526037764,-7.310580353150556,-6.02154754447181,-4.600265696510038,-1.8459269502876487,-7.436866538215773,-5.399574842878659,-6.209207470164866,-11.202425846135338,-2.290294192957643,-15.853064984248524,-18.473801515459986,-18.866847260586823
-10.678037296929933,-9.917682426670972,-5.220519603890981,-5.941731934064423,-4.972766407303246,-1.2195152562866602,-7.269551547812839,-5.097832800759621,-5.405683992642252,-8.927947822051438,1.1218793629736936,-14.348900845460674,-13.777813026132035,-18.34286581657932
-10.07464816295814,-9.229269269878012,-3.7208697329255775,-5.941739787277807,-5.326515642337657,-2.756704036674938,-6.878183628822436,-6.291376936688117,-4.653101073399103,-7.567032300176121,2.576523301219398,-12.437675809609836,-10.369823059449333,-17.063951178488736
-7.263630733910508,-7.105722565003014,-2.7869853558388966,-4.846311960318446,-4.781556738805495,-4.1809886366354085,-6.628257649465179,-7.960264283783987,-3.945739214667628,-7.413603754969979,0.6645133426992726,-10.121312598944142,-8.94468394207752,-15.03224477217092
-2.3658412310115646,-3.490129081143364,-2.369114188593417,-2.661329802557725,-3.43652891253383,-6.157584787641262,-6.625657249534442,-8.899345455099471,-3.7950739697215834,-7.890044789403502,-4.007443935677729,-7.468868805329518,-9.064785987228891,-12.426964197124027
0.2545330329119989,-1.6135237012089758,-2.31199988107288,-0.6061640467189555,-2.54146950225468,-6.023280403026553,-6.811435070342052,-8.756550445133726,-4.775169121706945,-8.023403784867378,-9.685349193440311,-4.837799423408285,-9.84971256670335,-9.612008898668387
1.0511687921889736,-1.2655098814996038,-2.230895119622045,0.0647316571061504,-3.320634667113276,-3.2563394975567417,-7.053561679521551,-8.13499599194401,-6.635497302668646,-7.017063469038922,-14.735929388463632,-2.7098475649118345,-10.365207249772604,-6.949931618372244
0.976239375501424,-0.7825275611291469,-1.659195670376405,-0.6799937840575572,-5.522046577239939,-1.4568158072600648,-7.105830164291456,-7.733085312084249,-7.93583493254873,-4.63442376974638,-18.27244610269037,-1.28455377631754,-9.681357510653468,-4.534720527219311
-0.8442412475202138,-0.7777959330263644,-0.4383702004872498,-1.5296755975306584,-7.237046065424256,0.0193530563543276,-6.566488731075971,-7.399593848150897,-6.818904754889598,-1.2793553909914208,-20.02826196752083,-0.2435499883106762,-7.092930971438892,-2.116927312951604
-0.2849344709467315,0.931183866327698,1.0305386238598018,-0.986455468926786,-6.404696485502743,0.9859653294862348,-5.040318054986789,-6.08541217737906,-2.494808079274481,2.222373831257179,-20.09759662496308,1.02484702376861,-2.658289707461825,0.6149664998604782
2.868501856973972,4.69601908932716,1.9960673639771451,1.2774844715450522,-2.73035992580085,0.8045222393838014,-2.4958178730356164,-2.868336385855672,3.788815448769204,5.023478890826925,-18.977838193775355,2.856940725318289,2.4558873106115606,3.5801660371490014
4.759661898546533,7.014617639802179,1.917400894628996,4.101857440881191,1.8005146811891928,1.6472156658031445,0.4670688438289867,1.8049471325022757,9.26920807899828,6.619187188506827,-17.65828487599393,4.8617853505064215,6.415288477182834,6.118866353870194
6.231771778877312,8.311533823994665,0.9077558709723946,5.817443863777335,4.422234619213564,3.350829139319189,2.760255078081168,5.853668863953311,11.47008276578699,6.978555972461255,-17.26205715618817,6.02874773339718,7.832049386564708,7.371810523602315
8.243335036973543,9.718716183359149,-0.3244675318081819,5.623405310705067,3.8539040995623215,4.847661819253453,3.4046199572108096,6.753883214359683,9.93355829534234,6.423378996185885,-18.280174685750268,5.42953020655933,6.710180002862973,7.027898403562477
10.301161497848092,10.627827782736764,-0.972472194150682,4.196490022894848,1.349751306468261,6.515166176713299,2.244046212784856,3.4339934772701337,6.489154936085015,5.422733016312815,-20.08448927387801,3.0439741154619337,4.434102877761152,5.818156799458282
13.333314270052394,12.707588357912275,-0.6298263665172321,3.126887440309551,-0.3669504232974721,8.092504576481009,0.2543172242369385,-2.603734540717768,3.8248187813995584,4.465923548252254,-21.323245553314973,0.0510568493087562,2.812519192872478,5.222500613926918
17.461912045438133,16.12011470838914,0.5913133487103973,3.755554144677089,0.6757788172751329,9.460852764522487,-0.885391718530645,-7.968270065346694,3.5188023355343097,3.9973205208951184,-20.96997979242058,-1.7417894166653194,2.948973851254963,6.475184154700394
19.893142273049055,17.61941021653458,2.3150348340967293,6.330576971866582,4.221654959842863,9.69739712549074,0.1985349891391956,-9.549841914466146,5.104208167034175,4.280684705286683,-19.083881941428547,-1.0197979142228126,4.752720462966345,9.602790426868893
20.646935402971412,17.404305397101204,4.198677710225585,9.972960532238204,8.186117318032588,8.58351817415346,3.617701018177881,-6.637078553874174,6.804406679362256,5.188607261063698,-16.558759603091687,2.133667437781285,7.291307174266515,13.303330745313897
21.48527552487511,16.87055690923923,5.994646148987089,13.286456585867366,10.405648802397122,7.406392569687337,8.019100482760372,-1.3757713504697051,7.151841321144364,6.137917393206262,-14.12314682843935,6.214456163184321,9.542399430301378,15.836001483913112
21.822188545075868,15.37142275543466,7.421801264158481,15.116748846175168,10.176604770381385,5.909293002001951,11.352334868890903,2.8181548564405072,6.055875395472038,6.39096801821319,-11.609566308147294,9.21616623872717,10.947319544295768,16.24306307402799
21.34418499667248,14.96030969100614,8.117088557628518,15.05583758647177,8.429269888536297,5.024521159823143,12.103789843814608,3.6953037614148174,4.539570887804803,5.618154744312834,-8.232681521176957,9.874789550606806,11.499296720077636,14.930467605384568
20.180364777453235,15.880704220388166,7.823252813021946,13.53298460034462,6.680615102220521,5.0529197799636965,10.137329394725402,1.6010973454153707,3.6243236045380094,4.271231916623651,-3.5722351321533705,8.387846762386966,11.516712790480527,13.1878739626076
18.686065235565778,15.896430759570498,6.657577676496038,11.514224855086123,5.851115613914042,3.72907198993538,6.61502207777179,-1.1319518888014688,3.504282355670795,3.35743662929141,1.778323040415832,6.138941812045525,11.390986664687194,12.1419775322227
16.856529232173152,15.462898672179314,5.156130238346319,9.944255243281052,5.8785465650398825,1.2412962429897034,3.193572651180446,-2.206280252415287,3.6779876256534103,3.688666138651527,6.58889571674708,4.681351919208405,11.440108863880294,12.06620610485986
15.42587251750124,13.90153091153898,3.9776641172555296,9.179632650777698,6.160560580004948,0.1016738617144425,1.1468159416663766,-1.0882966677100323,3.678297410441255,5.179841506259623,10.015964217929737,4.748746635414102,11.806820019629049,12.526672000567151
14.572639958323183,10.785642175712317,3.490809186719474,8.741509473884525,6.16672607872545,0.0540373233558135,0.907380023881279,0.8869706569618923,3.529118841605396,6.799032672889297,12.227194169762724,5.9668148109679615,12.355299184848914,13.010527424508368
12.031317189162252,7.174996774890082,3.5962766016606884,7.613286440493393,5.649950068121327,0.599415552814647,2.050379486796388,1.9136138080151408,3.505101679948837,7.261707250596647,14.030993762302526,7.341873637496837,12.674915924370538,13.313160712256414
7.876414955487389,2.765773374552601,3.909227528899169,4.982077949798594,4.482124257512413,2.254240855460571,3.505048950829801,1.267933451081337,3.5979038701015758,5.948181557122293,15.97923354369569,8.017412517090158,12.322750051521409,13.379672157132816
5.215377339546573,0.0527666526751527,4.085455782396886,0.958596654171642,2.524443368745989,1.5236004251123842,3.918410745717465,-0.2927026515371072,3.381457383664932,3.339524709424898,17.929217628171337,7.707991408445508,11.198077934660024,12.973461996495562
3.78275701973546,-0.6026239579145087,3.972921095021608,-3.282607183640076,-0.2254860863533103,-1.8095665283303253,2.239170746553733,-1.4446830911225277,2.454680199000865,0.6552909232250768,19.462803111407013,6.634478016312306,9.69450849480074,11.704796611073771
2.39308403246772,-0.9802759338427872,3.509577842491326,-6.144870091520407,-3.3830370545733697,-4.518881093691057,-1.5954829860636464,-1.540806717764926,0.950629031681362,-0.997703187070325,20.54661694261652,5.226321785657014,8.394153286644604,9.450022285987082
1.648740018498661,-0.3708752210150556,2.5955101001714747,-6.63626153195247,-6.1553728249732105,-7.353434173982194,-6.328193056433044,-1.052307426522203,-0.481994602381941,-1.3082694587774246,21.556455360280676,3.906992009146145,7.544218457605689,6.6569204235940695
0.6039356236574956,-0.1619950207053127,1.1843145748461943,-5.024958163189939,-7.649070512548984,-7.317194348841294,-9.85281092073668,-0.9406851846011068,-1.2279634173663627,-0.8014226070570292,22.59441660594311,3.010198405138901,6.870751230216706,4.113066544167504
-0.8401365773098673,-0.5749653881757403,-0.4645239943795647,-2.610994196141048,-7.300444551141096,-3.63323280748249,-10.39437959453989,-1.6614746868451586,-1.2089514132082892,-0.2933521332498601,22.97059375264144,2.6903756561861054,5.985417692657885,2.361859758951483
-0.4277337896989455,-0.6274286860292622,-1.7073815669448686,-0.7932185575034274,-5.157745779559697,-0.4877573653460096,-7.659614267097146,-2.7200989894445087,-0.8387973445372339,-0.2506165040198898,21.649598151925566,2.8083933374272623,4.957944302723977,1.3636700805447095
1.7791708336139118,-0.7014136713784469,-1.8518602445268204,-0.1656221769740118,-1.897277200401221,2.9380814557888804,-3.104358113578966,-3.0958423315818697,-0.5377201812099963,-0.5435378922297085,18.37036201290239,2.965226256785253,4.346691339616048,0.733545967447613
1.6912021364800438,-1.3757839371836036,-0.7160484562088292,-0.3020236949579509,1.4092999131627248,4.612160518612965,0.940639536052724,-2.074187114783862,-0.3614360278767885,-0.6929759962807021,14.25008355252708,2.778126637269538,4.531971551234802,0.2415079640045174
-0.5191888775969921,-2.6624049705892965,1.095183977889717,-0.2912193684732664,3.715878351886,3.65284913249488,2.711197531362818,0.2337138912446623,-0.1082481696163539,-0.3012144638343397,11.066329863506766,2.1944950196074053,5.048702349294331,-0.0200234231769842
-3.1307635227328534,-2.903456961998616,2.536152800679266,0.4749940035335607,4.479055353617264,3.3743459195208656,2.030187514125406,3.034762773604696,0.3066312651180869,0.7160597508804658,9.774583539692962,1.5152307812987376,4.770870494664133,0.0065747572404939
-7.018880958510178,-2.115146219757575,2.8744907858355995,1.8279082254322676,3.930186950662184,3.082141382999011,0.2293015624620689,5.43611734161037,0.6999067597202235,2.197932541454405,9.70676318222554,1.0722103562954786,2.950907768699232,-0.0869776015536665
-8.731912370337826,-2.6145966691423674,2.219252443612344,2.899930563078173,2.892941447934378,2.05369556628334,-0.9229487432039988,6.953012446804267,0.8643742751417778,3.89551797325696,9.288561630980071,0.8937119610968027,0.1165172842979767,-1.072643005247555
-7.922677205871265,-4.184693348874679,1.3452490859435682,2.647072708987059,2.1944562406797443,0.7083926043705104,-0.4938100376696424,7.602694860363444,0.8647311100388908,5.490998649536344,7.581368438240393,0.721964494542231,-2.182160908633122,-3.3774591297163656
-8.544823639377627,-7.193643938383705,0.9547855588366544,0.5413206101378174,2.0930277758305587,-0.5701086285095632,1.0525202914274594,7.640688997507151,0.9513037072725732,6.510308790413076,5.101777752672855,0.3526357875581674,-2.68154907369106,-6.398758055175856
-9.87857010307128,-12.20676507803519,1.0315252421708525,-2.925713040592967,2.184673415584084,-1.7379190302512806,2.369479975915974,7.266607684820227,1.1359523760706889,6.372272957726515,3.11759683016627,-0.1056629614754509,-1.5686185635015724,-8.612835961463272
-10.857513537325977,-13.954182584976529,0.8669004063981713,-6.318414594839571,1.8418216830334824,-2.289578454249991,2.3655547053990382,6.564009146637383,0.9641751362630178,4.708699498541443,2.20040369759373,-0.3644052511355351,-0.3690729099547098,-8.604175253624751
-12.055331151818736,-12.30926083729672,-0.2630479133395407,-8.070013235939143,0.7709804499460606,-2.021029380169885,1.041965152481359,5.644104700313725,-0.0984804370001137,1.7564011467816218,1.567060818719316,-0.3408386875043572,-0.6467146905396568,-6.2664857070639925
-11.469028482311463,-10.93537245023731,-2.3680588148215223,-7.611219555906293,-0.7767837135213487,-2.974242502882395,-0.6163382961487951,4.73856535430082,-1.9369695610051183,-1.568560345977536,-0.1096655903609207,-0.3545957853469366,-2.7369390110606764,-3.1304146282251963
-8.887134207489824,-8.68393350659678,-4.594889320426056,-5.908316968353439,-2.2286944937124984,-5.099100687040719,-1.5336466776572832,4.068736617594026,-3.5173539904930227,-4.10732455401727,-3.283484197590104,-0.8852736351772901,-5.65204663903933,-1.4093561542229311
-6.762309572172395,-6.966312830355349,-5.789272671887497,-4.770117940846227,-3.057928663091205,-5.248926353372404,-1.4066962592185377,3.6202676630055137,-3.575741002463096,-5.15087712307105,-6.98580398541603,-2.1107823934283654,-8.108568637244593,-2.4278522554268624
-4.690479247561545,-6.295322703783182,-5.31592046997421,-5.319172768966071,-3.002762293264828,-3.635110726098124,-0.8083370514448442,3.127018535214906,-1.7899196490092573,-4.848988639101416,-9.687055616447871,-3.6797876227645383,-9.561737359363322,-5.658410400045044
-2.634678901474817,-3.403345068815676,-3.501867956147329,-6.918462592352648,-2.1006333128133665,-1.6736212741571792,-0.5247576968290755,2.370376247414862,0.708278035996877,-3.9721531191932655,-10.651233779489669,-4.930601028229671,-10.243834393546637,-9.103504993147446
-1.0394674904014705,1.4101008237812669,-1.3864623584483635,-7.597886207693026,-0.6508351007635502,1.254920292048533,-0.7990551978488147,1.5121140655761809,2.163285704760824,-3.19142162811649,-10.414545542408254,-5.336013331441958,-10.321828455897563,-10.642220054820635
-0.0947087579132047,3.3851134025241905,0.0062462357232344,-5.714428472280311,0.8620320826010626,1.4289675413669558,-1.179396367472664,1.0521506753858456,1.761180981759609,-2.4919289331390235,-9.998723180252934,-4.778763581581877,-9.240982243943304,-9.247001638608626
-0.044527591452533,2.7546700024396693,0.3177672253155975,-1.4308657739555812,1.946197824975276,-1.5885282354683272,-1.0629483281377148,1.3610896344236976,0.4505311829644296,-1.2780366090800168,-9.79398320599438,-3.488450921018374,-6.134299988354211,-5.283744670634764
0.2938079189415846,2.018854337755123,-0.0511853738854245,3.2518461630947764,2.3396305765408565,-2.956102620960987,-0.3837501569501864,2.2274251911480154,0.0870075627135271,0.8507044253010654,-9.32617001624261,-1.8215969467102235,-1.0276275763025158,-0.0324791370282642
0.8290544155646217,0.2178274151713318,-0.4522773200870877,5.879003560865783,2.1025390071993786,-3.4409582972289923,0.210036957886464,2.9135125871079994,1.552380042616304,3.325151764260164,-8.116371371653102,-0.1701437254796773,4.377184861525662,4.896896654855986
0.0965453195389464,-0.5728859727237761,-0.6664872671853206,5.155247209826239,1.4315512751510029,-3.11380285497653,-0.1376798893910944,2.7136064198818177,3.6100331406954287,4.62447554748843,-6.659001159637173,0.948173839997672,7.332744413858267,7.893635397023186
-1.785713776258545,0.0255022794459678,-1.1374420106075167,1.6019754514793636,0.3733333861315278,-1.080408955091711,-1.7355105346046087,1.484740885587906,3.71968874123914,3.263813769433983,-6.402840145928994,0.8539555485441905,5.8329094207532926,7.678161425701354
-5.134990855537964,-2.1214394773930723,-2.4953964754603435,-2.968734765962694,-1.2016602588145036,-1.5318358039136784,-3.987324064398379,-0.3360298749748738,0.2538709592604062,-0.9518009103333478,-8.61801623709922,-1.0209458458258585,0.1765033165741898,3.9336758809493446
-10.332021323589451,-6.684718407416263,-4.753874503291042,-6.524047590989587,-3.243815559830415,-4.444609537735308,-5.748078012679149,-2.15662254882776,-5.802343396880489,-6.464473083758959,-13.122677969376188,-4.617616973287674,-7.003967100230552,-2.100886117482091
-12.453285585598817,-8.62513133227668,-6.955447928867531,-7.695955578544698,-5.143023681687005,-5.394605959342854,-6.126500079748005,-3.6015470550814577,-11.220450230428042,-10.77927616464911,-17.998754726768556,-8.916093332940079,-12.352170924529505,-7.873650748915089
-11.292784509534108,-8.379607321043627,-7.740334818400936,-6.210104511446348,-5.85606292018918,-5.04849978329287,-5.113492051725979,-4.514364587930676,-12.749914870340374,-12.003031010212055,-20.59314248245238,-12.223177954690897,-13.85054698002735,-10.897450794434867
-9.956531379713732,-6.252172457622388,-6.467819491885837,-2.9258233571757466,-4.662584698560932,-2.624815035901567,-3.5585747054786943,-4.782846063880836,-9.42435220876635,-9.954477467673064,-19.10575151906733,-13.081558346611583,-11.868120720385892,-10.424168023008251
-7.282052081233255,-1.0934990257411867,-3.891130629267639,0.4729357961499811,-1.989349971898128,2.819748449619594,-2.527092044319466,-4.361402047890071,-3.1907603369184807,-6.080893311242413,-13.700919317322914,-11.230468195485418,-8.581788751670295,-7.999500885857737
-5.799373490639012,0.551675561600234,-1.6601706632730036,2.1808234309118832,0.5229632822423215,5.130315227115226,-2.526541685356711,-3.508511765164506,2.475810776711022,-2.3985931815019548,-6.470465572765054,-7.86422503499559,-6.3478244983143295,-6.235331789739344
-5.968409741144285,-1.440258421391514,-0.972002525419219,1.2170570060565455,1.0127657469237843,4.40007091373626,-3.146725695467546,-2.852582644192343,4.799895030879712,-0.3412726250234956,-0.2991260330864445,-4.876363361585396,-6.1967178345784255,-6.671426403608693
-5.705491214117765,-3.766576084770252,-1.5540823763568037,-1.8953641302643551,-1.1851980289463615,2.9268811567232125,-3.3256991169500627,-3.0101862545221114,3.193796094137225,-0.2350074009851923,2.721040485459329,-3.56119761146377,-7.359133904080796,-8.496172690160101
-5.715241184866896,-7.942292308582746,-1.9490075545763907,-5.288072840236241,-4.853730706930266,-0.6840842618247283,-2.033261726456957,-4.016912244796538,-0.785348167085874,-1.458279935307128,2.438348806845843,-3.731912882632363,-7.982733616422353,-9.259506533090384
-4.989675388911685,-8.123665255662887,-0.8847986467458742,-6.832631377138935,-7.6305146008711375,-1.0684550281487308,1.046498336523524,-5.149388430743462,-4.662683070567675,-2.9047188672136426,0.6564280697107507,-3.956427905596442,-6.50161980832122,-7.029381871567821
-3.263106583251929,-3.651746971988621,1.5307319909586916,-5.508399666162116,-7.710443026019697,2.179792668797229,5.206826002518886,-5.3978095254338605,-6.48834890326201,-3.4526325930286026,-0.0671077814348537,-2.752179131894409,-2.782509350305001,-2.181180921180367
-0.4898184395892562,0.7498066527936663,3.9137824885233385,-2.060142952629872,-5.182116096084084,5.271404014664835,8.972576000544302,-4.209758114699701,-5.669070336411176,-2.4058373925870287,1.86962011151572,0.1966854690770043,1.7017810509001463,2.7260171530044257
3.736989055612252,6.541457057370465,4.897113315576103,1.6081971635460193,-1.891218946977415,9.489720690100178,10.860089671755125,-1.8606302507960624,-2.922173271717983,0.1346737542439501,6.049487991389979,3.7756362087433786,4.836876825418977,4.935326056451853
6.130272248257636,8.649948103466658,4.367116882710073,3.874820128360888,0.0756160447188725,10.542555562534757,10.291287786613143,0.821004421461927,0.3950426398465794,3.2286317741381607,10.423936566537286,6.347132475034307,5.345069485360777,3.702371185078003
6.608758145977199,6.090245367912,3.4798685040658945,4.533141026796776,0.0304226340410371,7.674938526205524,8.085887497485743,3.060369626201701,3.090776605629093,5.61773783908078,12.904306888902475,7.096867807511754,3.69612940879006,0.8735087953978882
7.185066516518536,4.83638914734586,3.494278319642159,4.69609679347666,-0.8978893732232613,6.110092983997269,6.056843689482026,4.55307948541675,4.649719109923032,6.581157452638701,12.932844945719186,6.717616564668319,1.7193903562111643,-0.6513617323550163
7.1159298255998245,3.584437240443179,4.593557482919519,5.605302927777737,-0.8482769068487048,4.809133528668069,5.798200561478922,5.459253240120013,5.258349727783694,6.432771463632102,11.7604552391198,6.843164838838706,1.1910792663362484,0.7418960910903794
8.280710680043711,3.49378420588709,5.815396639545318,7.435727609029687,1.1546632702262736,4.133501243524799,7.455042916690151,6.132515977929901,5.433321773031905,6.133276384161308,11.189592870891666,8.640200320986608,2.5170550708770625,4.206418117263096
11.010219813148147,5.5719001702784015,6.077024031761832,9.151722349705548,4.375818217634418,4.959504417654939,9.47586386584504,6.840470925356987,5.538570746337224,6.2869524791563824,11.844644058637808,11.667405076510477,4.54062370442285,7.314233551750529
12.111709411247771,6.462451918664748,5.2229838770564,9.461086348165136,6.907412797055201,2.862109977345651,9.709966185130837,7.576963857073761,5.5045100112243,6.469187398027488,12.49438747463724,13.967233570272647,5.54473798375013,8.082654822423882
11.938630779542024,6.660062196718357,4.077264094021562,7.912350235499376,7.044136755259032,-2.060689299790354,7.119357831259189,7.968859058398497,4.91420849837593,5.607812366199576,11.093772304710775,13.44084545684274,4.566938842496109,6.366484840651299
10.08438823670444,6.289784284543861,3.5256766093306298,5.149978647341618,4.45864190780607,-4.514194296515051,2.7516272628760805,7.359781484940606,3.3823670621492408,3.132223292692828,6.710745670023957,9.521726502397009,2.024454708215585,3.619185407099261
5.827615080200497,4.750691802951137,3.59921860345684,2.2442142856365592,0.4526736511802234,-5.0994785982893,-0.906274649882949,5.194588936508247,0.953099899495836,-0.2158781170406039,0.6510992630378047,3.815923765122574,-0.674497555769001,1.5610543689906862
2.171579400469125,1.8774082397206504,3.4522987933856832,-0.1231009266222766,-2.770693248440609,-3.993010090372124,-1.790727509363368,1.5868084636137372,-1.7822139238037789,-2.7729547475002607,-4.303319638848593,-0.9284907516512222,-2.093861255243807,1.0573581081461552
-1.083894197411371,-2.6319574034119677,2.190433890915707,-1.865711315547908,-3.36562584647416,-0.064847592133529,0.0994838888901008,-2.4084069396497743,-3.9593725057036777,-3.2817717586595387,-6.019486514246808,-2.843358365939322,-1.6186876903431795,1.9343096480558424
-2.847337050571337,-4.921076967386106,-0.301402097681537,-3.1075265206207985,-0.986304099211367,0.1993331446524415,2.6203003800391724,-5.283596179222107,-4.938059406393435,-1.9688486065623727,-4.743560197071486,-2.368062232926426,0.2543328152867854,3.410898892780197
-2.310628442997585,-4.8392609763112295,-3.2764518523856903,-3.8226597379499214,2.820065084921944,-3.3007956383706443,3.063883971165022,-6.187942598153105,-4.6821024923777,-0.3795764313005589,-2.944575119992892,-1.8429373755897045,2.251898934873859,4.475797652519796
-2.7800890313731124,-2.929535448012418,-5.740102154875673,-3.940467259362544,5.351121483813671,-6.9449661993635,0.1668139332928717,-5.763322370713417,-3.775760451581988,-0.1183515292901065,-3.356055001404284,-3.4997956213311934,3.07137506297273,4.0562646676951335
-3.837939571735737,1.906869291132468,-7.094204377435924,-3.697095555109679,4.395837971164972,-12.186540868046848,-5.028442978271855,-5.782489784522328,-3.092477816656022,-1.615203298464504,-6.827835167561754,-7.490560624670696,2.1381719125862264,1.340751934742169
-4.081138371456335,3.348396187486804,-7.28874946031829,-3.669785580055878,-0.1665572429979513,-13.73458071641065,-10.073649693813444,-7.639152621585462,-3.3350901064803367,-3.9425299898982553,-11.723289351720624,-11.651780664044392,-0.0797986676999118,-3.5967547019979547
-4.018022741212692,1.2255076406076535,-6.570561756125324,-4.287719803150655,-6.014448259252649,-10.861659627402137,-12.942072455502188,-10.938781012311669,-4.666074736765348,-5.68888483057855,-15.242591431577882,-13.241752660453628,-2.419303743873596,-9.3576762274431
-3.482127968047489,-1.7364746693305164,-5.269640133319502,-5.261420373698855,-9.763593279186145,-8.330206131086364,-13.26013138700975,-13.589034075041246,-6.542279099445306,-5.9945528118648,-15.45646993542175,-11.15859272835001,-3.775717579264275,-13.62345289758708
-2.333139708789345,-7.07786381236845,-3.82662993748575,-5.596702575017563,-9.250998924847732,-4.797049704950979,-12.05708875468484,-13.508111578844844,-7.83516866486508,-4.889640927023347,-12.412171965896151,-6.742225555094539,-3.6957041876808914,-14.420481277648694
-2.87577629757794,-9.190321139790688,-2.825228899482998,-4.376570339653523,-5.048134419620722,-2.810964351351257,-10.502485167203933,-10.47441192501451,-7.319693733932042,-2.9006424275372447,-7.685880513663317,-2.571360173119954,-2.431816235903198,-11.424031951322911
-5.243890941096416,-7.617767720958741,-2.744009119559166,-1.7274732699249484,-0.0021259064813985,-3.171765525695992,-8.91329664197195,-6.371813249047706,-4.457397839647132,-0.5785215430314445,-3.134864656783921,-0.4545537484211692,-0.6103488850278473,-6.309896210456221
-6.699241549286041,-6.385250056456431,-3.5416530171441662,0.932825539986272,2.8721842643425437,-2.115029864622567,-6.884570006763817,-3.561080965303112,-0.0416956487223938,1.5289784799558543,-0.0428793408777163,-0.4051388626754778,1.0546759946027646,-1.8312756904078151
-7.676879337537761,-4.14335043614184,-4.524453707406361,1.7737496334615477,2.5075500191790843,-0.3631860261561809,-4.211843123479341,-2.919846638234728,3.915864623517472,2.648782824291958,0.9025126725492578,-1.288573009933285,1.8292146154972648,-0.2054818921150452
-7.169135029005268,-2.709796144901672,-4.76143171579926,-0.0009773350586714,0.294134453274161,0.940955578227996,-1.5231175843398472,-3.389152839645323,5.291268103927125,1.912097369026025,-0.63642236942378,-2.200483548337373,1.0642901568416498,-1.8352412516684136
-4.557847441911421,-2.61106466386658,-3.765379562159932,-3.314864697139196,-1.283693360526493,2.287754352858103,0.0834187607849028,-3.312743622262224,3.3344239635515374,-0.9333589917321374,-4.466815902633525,-3.0844339882043945,-1.4114695236912698,-5.1352735781209
-1.7745693994539384,-1.035930579997649,-1.8430928947130616,-5.807735274724502,-0.6582993234871726,3.1259269300182595,0.045645228610859,-2.07382894336361,-0.6145472469052411,-4.817640705882065,-9.35859579837267,-4.094867022952989,-4.837326056139454,-7.545576029750695
1.5973152834714992,1.5564751215719372,0.2025590358560998,-5.519909284312167,1.7838300941221013,3.3243378586476013,-1.0138940939939338,-0.3794740406659169,-3.892576205115185,-7.538981973307512,-13.051027031179716,-4.63394270255055,-7.566773064912674,-7.100138437913079
4.365970176418135,3.580185286474507,1.7368141203558096,-2.3502724925820093,4.310012349018244,3.9534374602124505,-1.6412144003418083,0.8947260035350243,-4.2904419022842735,-7.062922811953947,-13.320943901554951,-3.3496873976150745,-7.859140806808474,-3.5684792535141865
6.132507874152253,5.37508900879014,2.7179803377206877,1.92337209025194,5.385250053564642,4.916409705595659,-0.6023145174252215,1.8475697706389755,-1.4854292393297683,-3.0541322814148124,-9.53965985480908,0.6762433091243998,-4.948905743658836,1.5529665902471113
7.456611240755282,7.207823315222738,3.530576681010156,5.066802059994092,4.800944396329774,5.859112157472295,2.263303287429206,3.360742527798225,2.9392465210741303,2.6515156597562526,-3.389384014219696,6.674125298498199,0.4112097475526737,6.139247450127842
7.852964283134018,8.833326251215091,4.430939640120865,6.018510185686699,3.5758803025109698,6.984356134169651,6.025401946945117,5.822413372121535,6.749632712674242,7.155518924663999,2.0558139502514026,12.20921265492363,6.3233323682641975,8.77787199103066
7.070507774585339,8.860925329736995,5.149306428045789,5.371051704597241,2.922967356299499,7.567401543157728,9.35713380257656,8.255165318403208,8.471868716102161,8.384016445878027,4.2609395810642,14.663667791440798,10.690459182195392,9.3681974840634
4.945382057522881,7.098199046162415,5.035189279463969,4.457966967460552,3.269147781078276,7.545445912555245,11.294270669027831,8.912315765912204,7.939134787483956,6.2880586655208885,2.647774450104793,12.97371519322684,12.07234428430581,8.677842551641564
3.161493154435927,4.389665739328474,3.641659235922192,4.05195356717109,4.096587355662948,6.906361771038415,11.531992266419898,6.835624041976808,5.875986385064071,2.5038341956574133,-1.5057701357952231,8.18347489302787,10.086999163781131,7.452206162499843
1.7059076425100757,0.3108246795983309,1.2434681624715895,3.886666740846019,4.574761885468036,5.41895161010701,10.247680907195337,2.844567247138861,3.1795846040707763,-1.0679320690620246,-6.293476146363756,2.4847814010496605,5.444939350443809,5.945979963833484
0.7031216808532768,-1.0064195668871665,-1.1982499703379448,3.2707766310373287,4.320512960305187,4.249517486620412,7.812476786134054,-1.0149381456943192,0.5156939193803167,-3.492793634227488,-10.29481481770474,-2.277260543885234,-0.2070339089167641,4.169276488808718
0.6237680262881273,0.849364132122912,-2.6706484681061173,1.993874179609172,3.634192198200605,3.3799555103285543,4.685367137829525,-3.0432670361027503,-1.6941961473570006,-4.933519632986769,-12.796002588126056,-5.389929443930915,-4.68981723314281,2.3574055413838995
-0.5413221431759406,1.9017592604374096,-2.855198582467415,0.5824630673615872,3.095407702544116,2.285988137698367,1.4466344788832053,-3.053385907504321,-3.169146892878313,-5.856746167928218,-13.44171230816397,-6.988753406357167,-6.08620520279148,1.00995722444778
-2.6961826334271803,3.1165650757207284,-2.3333228086003346,-0.2425366989352175,2.954899037400317,1.2201126710420536,-1.2732049413842383,-2.178336705905432,-3.720748859167524,-6.249596689604527,-12.104216924752905,-7.346476678774039,-3.733482490568569,0.4422376072294027
-2.4958411361831585,3.2628865488824395,-2.01516052564911,-0.2430376024763791,2.896180334269559,0.4033417869126905,-3.063158029977588,-1.646263037628592,-3.218181865586668,-5.584655982133032,-9.167184895582524,-6.535021094836289,1.2207488470169974,0.4416086605176934
-0.0836577394254535,1.6674578182069,-2.258965949471705,0.2086433201948816,2.390984114402864,-0.1455838817516839,-3.9750790945664622,-1.688355622106692,-1.5514681831597392,-3.4481427108651888,-5.640420579765099,-4.616541484681304,6.306160461045113,0.5588382061875939
2.496542532656705,1.2983237335974196,-2.4980904406088262,0.584766798184015,1.3267788524283497,-0.4141956857494261,-4.427339770115229,-1.4743678560205642,1.2703490546314768,-0.1379717679433802,-2.5989111597336967,-1.9192305010517017,9.17240588824919,0.8119603112122271
5.896089478361319,1.7758748396900237,-1.7807763003436294,0.69783976321828,0.2877324802009373,-0.3168608158836967,-4.764944603041822,0.0075461972059549,4.83326253344721,3.3484271926693507,-0.3264421724999451,0.9971502608691044,9.048559404422017,1.9603886851919947
6.570761674347348,1.75472542641934,0.2319160694128621,0.7584657124081104,0.1083164730274455,-1.0585419100458695,-4.888574100519698,2.963399369968514,8.119464005300005,5.905144199604231,1.8772342364598096,3.615876462716232,7.0906473441020985,4.794551647439163
3.946853308121244,1.682154238129977,2.7602945498756397,1.0262174293032236,0.978711206218808,-2.710065885341414,-4.396916475129916,6.492162032025602,9.807106679221452,6.9734078779974125,4.82676034410798,5.647007089282189,5.29442565609971,8.933425523491344
2.1379208347078986,1.1271711185898794,4.429299099618515,1.4634265245216158,1.9202090222130936,-4.527463375286458,-3.1908739268341737,9.118409746996477,9.083193604129356,6.779036104121324,8.316708281362722,6.971686116355947,4.855294646259734,12.384933132357387
0.2751480582614616,-0.0946480944621818,4.39039829465276,1.7254399787720611,1.297708500925077,-6.808888034022509,-1.9251982466651865,9.688447098020116,6.366721497697868,6.064621967331433,10.99169231093429,7.497489681929322,5.370970210546856,12.667818191683576
-0.3223332478827768,-0.3571429984516134,3.0276955202136664,1.463897766955939,-1.8325904304916287,-7.446926122765813,-1.7074708592432226,8.014110677598552,3.198348724905151,5.584349196070971,11.569077925567882,7.12476154995071,5.535567025953283,8.839264866459299
1.1141731456127817,0.3014669858316426,1.619272674215074,0.6645536987843323,-6.620802742750211,-6.189104751859297,-3.1449859194083603,4.9412062412155375,1.204128259561255,5.6960051072098645,10.301500839193736,5.846282888493039,4.586971918376094,2.657356912893307
2.675419950365608,0.8420644246827121,1.294794679958584,-0.2440806887024549,-10.644620454063922,-5.170088052230812,-5.57790910528782,1.896118708219225,0.9369242421406948,6.238334969475961,9.135309544231632,3.8790733192877136,3.070956376811848,-2.397107968383557
4.933659725082313,1.5839309491200873,2.2430219467248595,-0.5845525110681131,-11.48246074777503,-3.887695931762383,-7.308395495502686,0.1814476461862467,1.6204995323508693,6.709825540687243,10.190669743022358,1.75465985806954,2.2087093153504798,-3.634263097330108
6.624807911964237,2.261413262464946,3.810688173983461,0.1883945030468459,-8.442694160158013,-2.0758671171323697,-6.768663476298101,0.3462823507498234,2.045010078566954,6.647832701659494,13.86950217287118,0.3214968408763017,2.594117613641388,-1.0467601817009546
7.444491635776318,2.735788930886691,5.255166398676092,2.1383335805193706,-3.025861190290315,-0.0084677585132963,-3.681129180402761,1.9374332659453548,1.778161095655312,6.00743021217871,18.38890362712664,0.5461171047699116,3.620789082578781,3.133142912435384
7.931880833382706,4.629518849228435,6.347686605701099,4.73991665402806,2.23842110245113,4.184297014420142,0.7613078720377219,3.805020334477964,1.5339184061917068,5.271924542048864,21.263826189908503,3.0121037521938097,4.219725748239162,6.711890652459767
7.640329517189741,7.970596040199505,7.275003771800783,7.100379390756272,5.54224450179594,10.636486231319129,4.785991047537476,4.823972879478703,2.3383187936584324,5.125686515534172,21.42059443243433,7.276882002746214,4.051349651137054,9.314488474564907
7.32956150913463,8.55827351720158,8.052673690657894,8.39274842699018,6.679400340957461,12.48118400322286,7.177677509697049,4.55448588832218,4.308534180197601,5.833900091945764,20.00596556399184,11.598488714912907,3.802666170627548,11.856784101418755
6.960402303888772,6.425228524691351,8.16856059324023,8.238842470136065,6.514195271270511,9.600346577999805,7.762314195862037,3.353027030479261,6.259756337210902,6.807107157152862,19.18058605665577,13.54498175011005,4.241568019453678,14.413477399428707
5.345850541695283,2.193109036673838,6.936583520758484,6.817198058021766,5.810676416068094,5.4142703714934,7.075856096728533,1.893614387459437,6.573788291046943,6.818713345639919,20.07226944298767,11.421322169996966,5.085945868689117,15.070006662526495
2.534119540108663,-5.233471763305876,4.285384815203329,4.668297398130157,4.628401923020143,-1.713932600887547,5.781632406458227,0.5951737806557167,4.548897758203516,4.863541124070666,21.7956778285126,5.641219562355225,4.996254443613062,11.43701239792151
-0.4515948246764069,-8.748860402544246,1.1737657065933504,2.3613853566840683,2.7187781004074725,-4.012888623774137,4.405725666756501,-0.50542578561019,0.9865983741836376,1.032910026105874,22.36064193715451,-1.1259290124866743,2.8013510236357417,3.539751481437852
-3.813511217223068,-8.070374859667893,-0.9296217831021432,0.2285033541228092,0.2749016593658016,-0.6614814506957608,3.396649431425984,-1.4335685480103713,-2.5017083422745223,-3.36463241709164,20.50444517919213,-5.512222753093923,-1.2850582024543238,-5.0876956986810296
-5.2470244483432,-7.139944038329531,-1.1883503151853554,-1.7107157000226,-1.891823010934304,1.3146052062554503,3.117551190040913,-2.0307225422818984,-4.786267773769031,-6.645726045292967,16.723695303349032,-5.838898280572927,-5.736837890628667,-9.806959643570854
-4.340784891580157,-4.25767279759001,-0.1536461821783854,-3.607403107998644,-2.9530433166182197,3.766919977248844,3.5907484642036067,-2.1673696556398747,-5.916368739392395,-7.920606478271674,12.691669250818528,-3.510279149794424,-9.011734482187448,-8.895092336485682
-3.797740052761289,-2.6464787484092294,0.6487964792697865,-5.479118619192058,-2.774912220841955,3.60648768221057,4.292031841763338,-2.1354795802864985,-6.667523676583579,-7.607438264337666,9.804218730123427,-2.046607043123707,-10.724398216020724,-5.275323676727643
-3.0238198021658045,-2.762231083351247,0.0286849132687692,-6.924897306804387,-1.9821112485440544,-0.363232231681065,4.380887296211062,-2.584034843700742,-7.495522899725673,-6.856447504811376,8.25154011071862,-4.206984856063261,-11.498459284604753,-3.9526955226279
-4.094650543347311,-1.275176191137355,-1.845107083830968,-7.155023446997711,-1.3474203226438393,-2.825997729750061,3.292116573953856,-3.847409234276842,-7.966744612064804,-6.426028091398,7.2653696157944765,-9.45508742594787,-11.749775872311837,-7.321334779696529
-7.624952838355016,1.070833326275434,-3.695606253769464,-5.517466015978392,-1.194603634848698,-4.699040047464321,1.149962385392982,-5.346830509525088,-7.203437596541249,-6.059459586261477,5.9826383856214775,-14.078803734894176,-10.862898887479307,-12.803543903760406
-8.03270260340216,1.970109701931045,-4.434359280410135,-2.266462468767193,-1.411260659773632,-5.58437173663569,-1.403013135802771,-5.8781856404235695,-4.879964246184639,-4.939932351717262,3.973569552184189,-14.171833661984769,-7.861547598953056,-15.229022121691736
-5.649303823332845,1.6748912213590543,-4.209137483657939,1.1153801346273855,-1.918849621975504,-4.526738007531193,-3.746671247115313,-4.721196852839405,-1.7945366083936225,-2.7633016553437013,1.142394651607395,-9.06420333711448,-3.0191055285246886,-11.821712730257955
-3.457949773333514,-0.0830133347724892,-4.127451419220838,2.604946201416816,-2.908569226525575,-4.740605182893689,-5.584989168160734,-2.50933731942801,0.5438430185343037,-0.3483353215652869,-2.4960107938858496,-2.1277560639307715,1.3910228124199735,-5.054930704237693
-0.4159208032494267,-3.8688550391567063,-4.93721977475849,1.077745026711769,-4.472294722429781,-5.942493294497333,-6.732186495810412,-0.8680468266713639,0.9817432554020264,0.8861697660458177,-6.671585901045814,1.926985931663057,2.4134822244852403,-0.5790644831074232
-0.8451995964589488,-5.532358359734876,-6.0644152848375565,-2.6196102356544646,-6.077730302804149,-6.486927529862809,-6.793586554856301,-1.0203461130751377,-0.4461557577690431,0.161686884166615,-10.56080042755961,0.9532313221197022,-1.0384190549908263,-2.091948965668765
-5.448689546323271,-5.032398390488114,-6.082485229554276,-6.0351930402534055,-6.681274410287568,-6.901331555407711,-5.341939823884832,-2.6624223054141085,-2.5744758424621894,-1.8534114998046007,-12.975975316647675,-3.002702196208719,-6.743558991326104,-7.937134307855444
-6.221689643212996,-3.7171825109033048,-4.19993432917438,-6.839015076220379,-5.631077903930025,-6.312504084456918,-2.567285052099745,-4.212342212311795,-3.963077248902678,-3.479018233173463,-13.205145543769838,-5.731676978762643,-10.4852372772417,-12.58994407317064
-3.9065216123354176,-0.5629009920815586,-1.2373123029666622,-4.551316666382626,-3.5148000886538657,-4.456389117191781,0.3701909811679837,-4.205145469152416,-3.852998797914117,-3.3747310203874017,-11.77955785601878,-4.569240737052102,-9.27577076849452,-11.60887205650254
-2.0951838615850646,0.8874510164893801,0.9791810680627432,-0.7857345020459245,-1.9092813919940697,-3.38740898107056,1.961436575583925,-2.502123179505092,-2.5206297203011245,-1.6111490135964357,-10.25011519160885,-0.3959849214295678,-3.7325564013653976,-5.459744051128395
0.6340929609756644,0.4765023657480693,1.282568248328805,2.1945303813476524,-2.0020229413692547,-2.9455515661219462,1.609471888083731,-0.228470843484263,-0.8694650812661564,0.498146595101721,-9.947861539259009,3.6192469465092927,2.529197724155417,1.193079512513609
-0.0012934045079141,0.5185023487055714,0.254182052630524,3.277647489988463,-3.327278082282488,-1.785371425776787,0.311986131731464,1.3529684784711509,0.3030656145684709,1.6160605469908722,-10.829821996905157,4.9727400328109805,5.914217823430993,3.8274394221650745
-4.6738237548031,0.2143571689956573,-0.3654328624950329,3.049443808789716,-3.9900753890049,-0.2417222347548917,-0.1116650802399501,1.841663068447719,0.744835688204498,1.4881568817454376,-11.607343742477854,3.6111792140321306,5.512473122940994,1.8594862325627712
-5.704077526033606,0.1868350306838107,0.5963115183158334,2.730078620804121,-2.400850525431881,1.216074872339141,1.2777809636309725,1.6697830898497958,0.6234070086316743,0.917610760025859,-11.154328520621307,1.2389938479665057,3.141235230306741,-1.4889947446150955
-3.8220152292870138,0.6867415551145211,2.5456927304753245,2.698717171986753,1.0471634882926055,2.733808674370025,3.510507820789165,1.301675748136732,0.1065816410655529,0.7250736655651693,-9.836626032165078,-0.6187069553537172,1.131166821608934,-2.71727218790615
-3.200613179279615,-0.910722005357938,3.6144818898523807,2.1288561616532267,4.082121805011782,3.256248338738784,4.470067799931091,0.6922769156799009,-0.8397825588113355,0.8215819816078036,-9.329779115359074,-1.666297950290077,0.2925485341185764,-1.285926385149209
-2.5607712422195013,-4.594612655218115,2.384204257601251,0.0685757031504314,4.554010119326524,2.6107671588110786,2.864473021093829,-0.375045061472866,-2.2182178804568284,0.3864581079510549,-10.931392459378134,-2.2546082027129755,-0.0498791846406211,0.4877535895031974
-3.947828528258532,-6.617353838530657,-0.7728788581464148,-3.1877730793600234,2.5399260950374294,2.1234865425271034,-0.4316876640567808,-1.5488404064143313,-3.6501412707788736,-1.0287878089803717,-13.967191284865269,-2.3186390347315475,-0.4741120181478458,0.3730997647329923
-8.047882445592972,-7.312297732019969,-3.962619762483577,-5.914497364858816,0.4777016835915577,1.5429170382716932,-2.9972745125703977,-1.804443290850954,-4.439690931087844,-2.6834612409109577,-15.997112362676468,-1.3199300224759387,-0.445913156752534,-1.3041267356768145
-7.384465031198841,-5.526376097512722,-5.364859330771086,-6.2978562698754885,1.0035426458691885,1.6731327966021852,-2.9379479755990867,-0.3661620036516599,-4.174731055309369,-3.1331408994559498,-14.891040831788477,0.7332269010547847,0.8869614356529185,-2.2484174682796723
-2.094676752307025,-0.2784427109378302,-4.699555090886228,-4.160190501489915,4.377130068446318,2.8178140702173637,-0.5203449997221304,2.1713608849709773,-3.3265179001399154,-1.723090954064552,-10.969209134865674,2.5388238959514977,3.0883464548338964,-1.0636829774549836
-1.0997176394226518,0.736741830670687,-3.3245885840112037,-1.4696772264066769,7.918014599759882,2.7021391965445467,2.1061569150258057,3.824532729113307,-3.119324584758584,0.3609492049350904,-7.145718734753687,2.183295032056672,4.054688137339275,0.7851966587969512
-3.3287040010492177,-2.4049026802791644,-3.023055009417352,-1.0465095558392534,8.138236971631912,1.4793198362167213,2.7823157166849417,2.683336982352784,-4.554856568287989,0.7152249247406575,-6.742323513481794,-1.1830272067695222,1.5967933812110653,0.1209867601157945
-10.15638381208244,-7.746339129590477,-4.627930094627078,-4.422458027588863,3.783443805043929,-0.9183166119239864,1.0736126575457288,-1.2868366656848242,-7.376597249182611,-2.268878618871061,-10.780018763164346,-6.336884653023881,-4.467893431962162,-4.756144052400126
-23.624305301328743,-17.1578864063452,-7.565757333474162,-10.557411696027968,-2.9192761730658425,-5.035007868477877,-1.5997117008901434,-5.8227924068188,-9.99869629418284,-7.716626509929717,-17.09082013969009,-10.774272243014574,-11.818719639268728,-12.03265077834519
-26.006137119065475,-19.57069980080962,-10.426176075717844,-16.435456954802284,-7.973273472043044,-5.958205609111492,-3.3344785776880244,-7.940648738631657,-10.626144189461415,-12.546526881167924,-21.984351719074542,-12.651236237727666,-17.277235177673383,-17.55192760935698
-16.978323643413663,-14.359249223535254,-11.843874237911791,-19.06801445362902,-8.82177090351814,-3.5046010007085204,-3.222055035490871,-6.286306542982991,-8.647471407738028,-13.7010531226644,-22.965625606754067,-12.027783305132775,-19.052449939596748,-18.10567147730116
-7.357380336292705,-8.497213408429053,-11.0268041318373,-17.366313600571655,-6.252420672383945,-0.8788705196359632,-1.6769964033998075,-2.2104555823454604,-5.044624037317238,-10.527584795309114,-20.189285031781967,-10.255087722272464,-17.582484546329,-13.814649614681848
6.8103652674987565,0.6757391189495887,-7.874106182255828,-12.551613807987476,-3.3741738346407018,3.0477622275091085,0.3839987658223096,1.410488683065984,-1.4441987860276717,-5.240535100488209,-15.632539934025193,-8.24819803005429,-14.475826763171629,-7.597163889321829
13.362145775854302,5.239206051916781,-2.9798746633222626,-6.984530103012013,-2.6632848386818537,4.976296099353831,2.4666064167542547,2.575833633592473,1.2870419256766388,-1.0099419903240785,-11.050552536807658,-5.531362048038019,-10.84990093779043,-2.4938466225844858
10.279243604069473,3.966219049631603,2.4155601780693394,-2.46920582357999,-3.767871785501721,4.319704366565145,4.601275856365202,1.6786650972911272,3.58216106073622,0.6751972540968998,-6.693574959147727,-1.093209749277234,-6.665450429949963,0.6127525605085413
12.199717996735332,5.536297356252982,6.788662448656569,0.6866850438801477,-4.005459672229439,5.057263625903643,6.699623414620127,0.8789763580084393,6.395060123535506,1.0441857922867115,-1.788665794169094,4.895735740542017,-1.4034116973277622,3.0533443953565618
16.246294383147877,8.041894150051485,9.090083075305849,3.3373250614151955,-1.02116827962461,6.389543311799291,8.040966333269521,2.0056500151835133,9.930135456279505,2.5881115036872626,3.976928935035909,10.470450461008497,4.892398595735704,6.5611640513052905
18.12085888358685,9.751787769338764,9.41470146638964,6.388281874856762,4.846704699608276,6.452507987276484,7.591771161199356,4.89302909981107,13.156915784647024,6.48542257273257,9.577368846612584,13.23775421996124,11.281496854712683,11.464518628530772
19.756556494249487,11.780052140500487,8.900509247566106,9.87882620981175,10.609608097123896,5.688468785378876,4.956125469031095,7.5471023085749245,14.598356380711712,11.301577737035254,13.22215190492703,12.484580537121412,16.428818250482415,16.39413627330138
18.322899924402805,11.1171410251251,8.755359771302976,12.91736202478578,12.99167243937426,4.296154442268129,1.0397764019215154,7.87144364187805,13.651704047354094,14.152969029388508,13.765671926044163,9.895411962628122,19.27463620139695,19.45298426949615
13.292091445081864,7.514907839411554,9.174368097330287,14.399453980462855,11.002712780906382,1.9882103327329708,-2.3300710602932617,5.393500909976695,11.196353837906612,13.222955502770754,11.594478085070836,8.059220724392041,19.321982070548,19.59794450954453
10.488358475603398,5.477487420396099,9.133687519992256,13.858047194463346,6.5449334963206365,0.8892757345291735,-3.684817702662632,1.567686560390043,8.898352295000521,9.28715276745275,8.222404217497374,8.149391829608515,16.62643996241189,17.096427359555335
9.50448370822456,4.533332097878599,7.307860625430163,11.752636555201224,2.697401828374998,1.1302916612627585,-3.097305034823304,-1.4704832246491213,7.80285638325096,4.897903653305754,5.058308283296677,8.990307129224725,11.831861028341692,12.97505356213739
5.306463221652173,3.692324368861146,3.3477508996885703,9.00604796445702,1.298330384170594,0.1136758860465093,-2.228654541782124,-2.550251542323231,7.460234401474738,2.1087765861997143,2.5061355615282466,8.353080698238937,6.236566401559026,8.255361593886164
-1.245321640009445,3.8366662944956023,-1.5677953320581786,6.268772023372357,1.8669132376685853,-1.7700214073272618,-3.061251344820312,-2.15720156063804,6.390743528217911,0.9287971724016036,0.152183720021231,5.18260568061914,1.5162965291417765,3.707127595832258
-4.6610508763577485,3.669604507954662,-5.369200029260602,3.653387226983812,2.557397731744114,-2.440496200499904,-6.249014523699857,-1.731483827426569,3.5321320169177195,-0.1360384745833869,-2.2633606433648694,0.6693862085884561,-1.028855065432925,0.0759230804500443
-5.316900651985553,3.2611588729353618,-6.430967140534808,1.207145506698513,2.0524923108721964,-2.1840861539988734,-10.441713207318232,-2.3227236268540032,-0.5888224861567348,-2.1808421004043934,-4.121425457995294,-2.716996863113799,-1.2189246694242677,-1.8421865876279837
-3.932936321125613,2.5586193797786,-4.631660245123544,-0.4616675574266686,0.64249645891549,-1.1019042043100755,-13.240171111452655,-3.7942974044422098,-4.0653231827369485,-4.6377031686198205,-4.245975945071223,-3.2461404381303467,-0.0407317585905113,-1.6651596270140976
0.7829437123077095,1.27303189826305,-1.430079603569833,-0.3181901715301505,-0.348188359058688,1.2343145461457885,-13.091575077857724,-5.16454459467857,-5.144404701458981,-5.899672699538513,-2.0912426505780357,-1.2432167509292995,1.124663297196275,-0.0330864293180477
2.345043511163828,1.1360178092419693,1.0640419729250326,2.027317837214902,-0.0711596102720237,1.840033303788496,-10.558433601660592,-5.623616424089384,-3.814342907747019,-5.130036327647584,1.2827717121210718,1.231263805295609,1.4407244658633642,1.456750341601719
0.6032568997235243,2.149438758038929,1.4195819889159988,5.334046081637204,0.9055469792603148,0.6107453104952066,-7.833874952086486,-5.235573677923501,-2.0001360956836853,-3.3526780886199976,3.516027545114732,1.8801314072355344,0.944472982802056,1.2797574313969555
-0.9231733928577124,3.0641603620603237,-0.2352089220698907,7.151334659544964,1.1181556726501478,-0.2185679578002489,-6.870902031383771,-4.748261999467744,-2.060216909997873,-2.642304115519135,2.5809712069110398,-0.3400286725270485,0.1434825163043536,-0.7556656981639644
-3.7189448957703233,4.225504695015637,-2.374371594346485,5.722086546705403,-0.3332785125704678,-1.2956252134798525,-7.750162800604151,-4.8112910892833884,-4.796534053101015,-4.141087476632634,-1.466469074178551,-4.64563429409475,-0.550351635914911,-3.206578161246705
-5.0115550118497385,3.8871262373431,-3.202605404267832,1.7432206241822996,-2.8099174652560173,-1.7769628007740694,-8.743802879254886,-5.3843744672233935,-8.700380057243803,-6.835098571243304,-6.175276231555051,-8.938670283511877,-0.9949516530549012,-4.120900172754167
-4.381326628637599,1.7156289599946737,-1.9720052504955772,-1.9070258526665052,-4.618934662303404,-1.3225459039025298,-7.9981247937303745,-5.813240652206142,-11.117452790481906,-8.33717536565649,-8.335443744542017,-10.98659330555904,-1.1342325126393489,-2.732798099641654
-2.522571581074547,0.9889582447779872,0.4992738934760456,-2.5678407406845896,-4.538627135952989,-1.209614792068125,-5.250065705560662,-5.374046837132203,-10.327815368504568,-6.997879265973441,-6.379483608012956,-9.61669742671898,-0.8917025911373067,-0.2134836765294316
1.4426427873949688,1.37999490017654,2.529037115625915,-0.2098991380783221,-2.931417255866016,-1.168709617784091,-1.957754060928796,-3.743815214182,-6.7587264686100745,-3.3660297179658194,-1.5498295284164776,-5.316331972236718,-0.330302599168446,1.2938118293537268
4.365852869958832,2.1245966052546588,2.9500494418607914,2.5155607051626188,-1.347603991873111,-0.5412999094224079,0.2517954028189297,-1.0859292047057458,-2.3933172453057736,0.3719867732022823,3.2225479945152475,0.0884636744456468,0.2203893651985726,0.5893871940669086
6.248083822988751,3.8624413862291966,2.05376151129205,2.792936764736126,-0.9690615156756212,0.5511547139395175,1.2839823373367274,2.134583353883359,0.930366435639142,2.406732858592372,5.7909762039794845,4.508633940729402,0.4084384820337838,-1.4056024068242028
7.035981266006198,4.5328707489129645,1.3334307242990278,0.3889726365117933,-1.401627173525867,1.7771859721853165,2.739813442528055,5.357509785885576,2.767118860557961,2.831496143066932,6.457503271645804,6.779047341636275,0.3221647247097561,-2.312144323838736
5.881137702082612,4.059038179050233,2.2480390636147884,-2.0094277912919125,-1.027029881214668,3.230670938256044,6.344339524277089,8.080096316857801,3.921929247986848,3.2703320019584385,7.404243615949726,7.211164923382967,0.6268144653459871,-0.2859638820804822
6.022170769439272,4.190869265395982,5.009582671402418,-1.2176700745628768,1.3749653625162015,3.60424578809865,12.11552971544593,10.013440520415797,5.3485036092814,5.098882175349143,10.506996847472127,7.182738727672685,2.08043516822595,4.35865637852282
7.293630112764342,4.515583727876343,8.330946300880086,3.5193165762238188,5.266382389619958,2.7182407630960297,17.991279599906143,11.197035787503811,7.2575752695249,8.091252083867516,15.552261983494862,8.076249847685078,4.789749155974853,9.273647007138788
9.706819760492586,5.60611774750138,10.275022093589532,9.732826253791238,8.551852887555556,2.4172491196841093,21.260623456892997,11.89861672184081,9.128515403018945,10.784198654434157,20.36926579690428,10.27067931670241,7.888903823616356,11.803365397925567
14.038709383269484,7.773753475892634,9.524856697495313,13.636245283156969,9.17436154942776,2.425960989109801,20.53537524839497,12.277805792430572,10.318744684385898,12.038637416452548,22.56299504837397,12.801918156799056,9.971177387450153,10.817463048653993
13.43470191009013,7.224482229525607,6.171910815067994,12.90783991633552,6.682577784821251,2.54518898071663,16.639410096222985,12.118416804757947,10.520176748239074,12.105158614945754,21.215725714361454,13.885273964668135,9.957343783295238,7.199479657183721
7.627937613207431,3.887171091757071,1.566814766878788,8.037234260766482,2.465200209909024,3.1069900186656056,11.867226155312313,11.00225534654737,9.735372462287852,12.135454178406036,17.253039888595218,12.024963261915374,7.784547397719256,2.84445449127527
-0.010078693487869,-1.3120783500975068,-2.5413411786664595,1.4900411317093676,-1.3891300266505937,2.2970888123358435,8.41435087217915,8.885695781754787,8.077595571239968,12.76642683702864,12.55128765592248,7.112357791662568,4.503520613473135,-0.7135136476606072
-11.173099564212476,-9.369304223493543,-4.947789122566226,-4.167014313050184,-3.513056185996612,0.0495390834642919,7.206388267970762,6.51257808230791,5.779898581442217,13.323357283138096,8.809391288706959,0.8250997080977536,1.7650414445136091,-2.8720749621919968
-15.08878615004817,-12.564400100557595,-5.461231003390961,-7.543855565296814,-3.852034336573026,-1.028196126318952,7.728279918327692,5.088007709322452,3.3457625816078256,12.445445355557016,6.9621722357783895,-4.100377669592042,0.940855435326764,-3.615370084917013
-10.680103224851235,-10.414079928893203,-4.739652442446566,-8.466759227289394,-3.2234338110176344,-1.1993948321290426,8.611363821378616,5.303593620957084,1.4541241583829017,9.43295541541814,7.095648324141035,-5.50540783571107,2.2720013442991416,-3.068693848234828
-7.026778105501302,-6.911705729106584,-3.725067334439261,-7.372938479293285,-2.48738198302791,-1.005222024357166,8.43020763473348,6.543115183719674,0.4995433655745991,4.962275560095222,8.48478264683768,-3.3834666441577443,4.539987278631792,-1.592327434313459
-1.502867394182526,-0.0711965826886615,-3.0796423717281645,-4.942397166806662,-2.0509724903979136,0.0774369983217819,6.361726086244823,7.10967815584007,0.1821347880677777,0.5739062797788446,9.727989813651469,-0.1724781001692168,5.642035106072623,-0.1042954387753765
-1.1993657970846652,1.8976145300315108,-2.936186118192973,-2.176193060622011,-1.9041267951450065,-0.8027017932689164,2.565167470195816,5.456403721777152,-0.3354888663777129,-2.4411937290495764,9.28509767365126,0.7480070060129371,3.924592252576927,0.1538787671484325
-7.847955350081763,-1.816442299833616,-3.0352284804523544,-0.4134469247847319,-1.8996508154145093,-3.804810742874472,-1.8666972844910183,1.430552215010514,-1.7244123523319264,-3.732173978466644,6.413548460427236,-2.499902774584416,-0.5699901815044885,-1.458297804482143
-12.534293599274037,-5.332040204010363,-3.0753727031359848,-0.8086218499183122,-1.944851788830225,-5.974460576509137,-5.483421509230056,-3.570095173995401,-3.8761216053806127,-3.776370504691614,1.8511122534964688,-8.717013322186531,-5.970554635995354,-4.255371881009041
-17.19834927458414,-10.719873584857345,-2.981911898931198,-3.482554957730578,-2.021385407731488,-7.87472188809202,-7.329881271432045,-7.692146360292218,-6.006718239098998,-3.3907888928755927,-2.50434625340378,-14.291873699512449,-9.829367300410263,-6.653427771856469
-16.862038073765646,-11.35776292570872,-2.876759478422142,-7.118262354980031,-2.1359022180257075,-7.693972061783103,-7.462711621454115,-9.99049422748628,-7.412017784768089,-3.3956988313171914,-4.8787146187356765,-15.76949568488017,-10.84371923840163,-7.530957567405897
-9.69647220369941,-6.131279752818915,-2.7859263729426136,-9.555054464343716,-2.287881251793811,-4.744784755569283,-6.664603631032181,-10.839064800769451,-8.130753577890003,-4.460567321506753,-4.869058363183337,-12.364064527830276,-9.620986486999485,-7.1654153458941465
-3.101105896037648,-1.7316677476196418,-2.376347468622779,-9.094044692736595,-2.451630282111765,-2.882152830234454,-5.606652690367902,-11.108391578641484,-8.821757741018885,-6.836609583579552,-3.565603957423445,-6.3993973132566175,-7.849637385363634,-6.691538206933405
4.513784990781119,3.5517570872785087,-1.0453468182743944,-5.573151122421923,-2.557414244690541,-1.6281291453333444,-4.313777338413027,-11.051543272324164,-9.924989347926116,-9.95914367111056,-2.457063601211498,-1.359483247838483,-6.684071423405149,-6.613525246219586
7.606859935588295,4.770000751287033,1.5933877448108529,-0.4338618969936565,-2.50311016550039,-1.3936755487923755,-2.539616416173024,-10.106004904818644,-10.91791272693916,-12.380393512838577,-2.174662581259426,0.7550058521339924,-5.879492012100563,-6.048982962868674
4.521252594782295,0.5621100059295017,5.170559852231335,4.179430690835964,-2.2227883895155447,-2.999115381680157,-0.6660848634078302,-7.821401828295457,-10.47307063870475,-12.456416446231271,-2.259111470208115,0.5562697582511404,-4.458730708485909,-3.6906006920557495
3.80941161158772,-1.3329776484849492,8.461983871607135,6.558732464830179,-1.768463865646341,-4.147924618425489,-0.0144540281759866,-4.852754686991126,-7.541591703146864,-9.52730866930322,-2.075352777831608,0.1301857338141978,-2.155300193032488,0.4431414253180374
3.9241645095159945,-2.205544770421929,9.950679887554216,6.098744129113751,-1.3189415604438717,-5.164962021996111,-1.899442654703947,-2.785173353520402,-2.5052164614540686,-4.663875925382605,-1.806427298138285,0.9199841786914824,-0.0787777259916389,4.433776374958043
4.07659011799121,-2.1682847383399237,8.762356100315603,3.324005329127917,-1.088149725894631,-5.6433861213666745,-6.093517230775952,-2.756094956749316,2.648176384856665,-0.1863265843628347,-2.369475713290342,2.640403573696471,0.1813090700830208,5.928701935097912
5.627839554782737,0.141302110477026,5.345028496076662,-0.4621957502439713,-1.2046826719527246,-5.119617052705813,-10.264496019356102,-4.218086002706013,5.460163874039996,1.8737974585499335,-4.251064708517227,4.023886487498359,-1.8038213954717184,4.339474125536395
4.266430666853142,-0.4270028441265487,1.367587839378377,-3.673406266604406,-1.6540581151451406,-3.455817119991881,-11.31791338767318,-5.231594007371548,4.713253520293662,1.2274120183766437,-6.500279681449598,4.358359517108038,-4.565129888127732,1.5512677363264231
0.0322373409545618,-3.7172309178949936,-1.20069011395438,-5.048317061424367,-2.301101705747154,-0.2741323158523285,-7.823200875365025,-4.21078350025531,1.4191602418101432,-0.5041987745164818,-7.127110179150243,4.13742964942487,-5.750859154602381,0.316177364730553
-1.7023713245249308,-4.731908579653811,-1.3129013096048254,-4.284123513920356,-2.9393451718407952,1.410250564811391,-1.4736106697397098,-1.5062812547736009,-1.7624140685833751,-1.1143312471466338,-4.819066503039757,4.248978644806432,-4.072530906893952,1.794158234402154
-1.5094407634709053,-4.250858148494655,0.4202433819909679,-2.324803551705702,-3.3347546679576645,1.5624971108123602,3.86799675324956,0.7681854673977782,-2.3512310731527144,0.3892470313829363,-0.4773860546001849,4.73273751280129,-0.450530266342497,4.532950843858657
-1.7632952928990833,-2.854898870442254,2.058235800343958,-0.9011434111994951,-3.293533955038832,0.4610329906362316,4.953261348458913,0.603705705854594,0.1999828223860618,2.9426339251572564,2.980442141601536,4.555824338316132,2.654056721032702,5.752584773467682
-1.5245354064763903,0.3615687929069999,1.642061062585146,-1.408802580863174,-2.771734406279851,-2.714438714978178,1.53650012277323,-2.056953274346686,4.145079467285246,4.225171173255479,2.650334969663376,2.69975692752639,3.115694120019988,3.6537598228454833
-2.6419614606615287,0.6831966633321434,-1.3402791102551994,-3.859483382708433,-1.9511451279617589,-3.194461306651496,-3.5751475656866702,-5.202278896672301,6.753528941934849,2.485948890370839,-2.066651563815924,-0.5999206328565485,0.6407198792679658,-1.28033948450339
-5.462973836811935,-2.0578082231296264,-5.437833258158271,-6.771265800874922,-1.161962331335566,-0.8793883363647889,-6.781838094711368,-6.430076656724282,6.282711624989442,-2.019376181589646,-8.815824949548851,-3.825681641601957,-3.226082272336555,-6.849063639913862
-6.306697918332809,-3.675949168183012,-8.205774646937833,-8.21022042384375,-0.6572564469305817,1.3601955872671108,-6.3474148501075405,-4.853776678939084,3.1193928402346,-7.100851194188685,-13.869250872077128,-5.475209188800356,-6.363671672627007,-10.741834484224851
-5.46820102007732,-5.118212321923805,-8.052228559278674,-7.247730505935749,-0.4282787537727515,4.586870372538126,-3.364919708953892,-1.6037802585083725,-0.7116888573493796,-10.186758588956945,-14.706741485243036,-5.410239969891016,-7.469730812652081,-11.786102579043842
-4.662538633470144,-5.001559820379156,-5.53005556622967,-4.681752462040087,-0.2644501674614048,5.382371132229034,-0.501020607258333,1.304059264390439,-3.1755076789998213,-10.189206963262912,-11.608702941632572,-4.907507976920925,-6.62266900905729,-10.180668771142074
-3.217159080759409,-2.556432181617707,-2.9539423115583148,-2.39798658207593,-0.0239810359796024,3.199584054083912,0.2054581459258671,2.548648356999984,-3.649292873243141,-8.23849178863911,-7.142017257444813,-5.362904010212411,-4.884183171372378,-7.042291750161365
-3.7771773595141984,-2.296811353212195,-2.5653228432713178,-1.844610516469224,0.1717206756603388,2.179924974193776,-1.3178422291189378,2.2025375775507925,-3.0682353916612826,-6.670752799859603,-4.112216177118121,-6.935001350220755,-3.4720030431963416,-3.848369648797913
-6.726330671629983,-3.9037167646467785,-4.73349810245341,-2.868212176970907,0.0653391932970777,1.526889607550559,-3.5302864400078846,1.2357764731389551,-2.833682987373656,-7.033207079493892,-3.6624379370302975,-8.44233555843935,-3.094180880574058,-1.9724603728370236
-8.011458355135805,-4.158065655580375,-7.702255434269915,-3.917689562042952,-0.3862842159911963,1.3118537362974074,-4.712135601142002,0.5512261792403521,-3.519706509727847,-8.737536348742466,-4.897819495825143,-8.558579763159226,-3.722531417840376,-2.21667794262353
-8.145860624074917,-3.7784228183383255,-9.081773306120551,-3.474239037977398,-0.8231939909956267,2.225366429178994,-4.199691080584486,0.4324947626825448,-4.479002832407765,-9.55219313072267,-6.071790563658897,-7.089686998502447,-4.770740625089061,-4.393902112294963
-6.780463193632905,-0.938221754124977,-7.789862390962789,-1.442048973326294,-0.7177989348381146,2.0060792195014043,-2.591936964505092,0.6608471215983869,-4.579929414164528,-7.585483531827791,-6.139234967545946,-5.100294035975853,-5.483057128838762,-7.27110970373073
-3.0518734702422057,5.059111299919724,-4.807162793783824,0.8075833854841257,0.1427113152632131,0.7984694922955746,-1.0479682803250585,0.9273606901674184,-3.3021779546263943,-3.0440115215540047,-5.350925654709823,-3.828297094293145,-5.29368843007471,-9.102286125426572
-0.7428178628963182,7.671802526938609,-2.2026962984377683,1.835866501545638,1.3990802868012473,0.8005718923814351,-0.3870964223310871,1.0804327389884882,-1.1770621182705447,1.846315445351081,-4.552414722508818,-3.4793896151681665,-3.985530848408331,-8.557350484610186
0.3241489096122235,7.103504316567217,-1.3761752631213362,1.6494796446821312,2.3718446981915307,1.717958273741613,-0.6256375796174538,1.1081782252525478,0.7479544489899865,4.7310760684621584,-4.044673435460041,-3.038557827329228,-1.6611140651462293,-5.494310390141653
2.7489276914346763,5.821581261423618,-2.029565679070082,1.7775634308119628,2.616377461784836,2.662476030130024,-1.119913752423482,1.0612866003375814,1.8082183042810804,5.091593382031451,-3.1845170642390883,-1.2295510193619883,1.304261890049645,-1.0563337618382818
5.878103811222827,2.391687241732046,-2.6107729638604056,3.715370988757364,2.2762425038272625,3.998496412545058,-1.08715630081619,1.072472103244788,2.1076317447584216,4.441810006799415,-1.0990347255517356,2.280279390049252,4.232801812568393,3.0140776423970053
8.68933491005266,1.665441702812849,-1.6801610407028988,7.227134645589857,1.9333400700337575,4.176656909617585,-0.144951494891238,1.374254649950327,2.1271767404779567,4.619031941397843,2.2456687182559243,6.468267849302027,6.202748488060045,5.434545184915628
11.442772646078833,4.026218868492381,1.0034485727885176,10.285035643470415,2.126409265115365,2.9824126390003483,1.4273453018218998,2.132534174658528,2.101485683542773,5.897513524802077,5.736357057961245,9.63118129766714,6.4547846786369245,6.116120899255401
11.906634887262546,5.410279927691525,4.451170271105488,10.869648048857725,2.98199990338213,2.3290369435062668,2.8608213124946307,3.1492645277993887,1.8619570926556663,6.811241378481299,7.925925352792584,10.566026906343437,5.068440007493692,6.04680390073519
9.682509180767063,6.914030632439594,7.278308134926773,8.95030656974366,4.229532294615478,1.8729040148613252,3.438961750432036,3.7824508497860254,1.23407513830929,5.832230379014604,8.220128779922007,9.384459144742175,3.3293311101662457,6.413492831074148
9.068806338418858,7.066208245796343,8.62335750660932,6.659755916493952,5.481379069315754,1.7892024200562229,3.0775036632678283,3.354601164109498,0.4333620532301143,3.1675480838391445,7.3342827810485876,7.440639470028167,3.173350038473302,7.669320971007087
9.666167072300471,5.2174896078722695,8.521796317923249,6.3791012747571045,6.455362753280844,2.42723799899493,2.477553957809928,1.8230544223044287,-0.0478014809220681,0.8175593151260361,6.633155199613954,6.452557804978095,5.806072819907167,9.309450320470525
11.809133096883514,4.521037300970985,7.658714671955837,8.492816651289647,6.970274013413738,2.7665618452899383,2.6125918308361937,0.0553402527543209,0.0707256837195414,0.7857184562660695,7.007080081409536,7.344468771061231,10.49896545971077,10.472837684424452
16.492760760179202,4.568479802317323,6.826402108385754,10.923937185804018,6.845408917580796,2.934733095075187,3.845216143118261,-0.7342072635099646,0.5759227374491362,3.168733734465529,8.276858040745582,9.497390873392424,14.709212797876534,10.714530412023242
16.655030895536566,4.622012040669507,6.446863761909847,10.879862018676029,5.941178305006207,2.6875967908571123,5.391729869316247,-0.0313870088225218,1.011820016402246,5.964126437150381,9.5165997045953,10.948006016838,15.7044657091423,10.193344636780672
12.21209997517434,5.228118457641098,6.364069468572316,7.207913926405294,4.382097567595204,1.802364810596866,5.699494022207189,1.411962797075283,1.14908723675849,6.768392652372727,9.84340525419953,9.599328109643409,12.550709930123112,9.217232358681356
6.22045858665391,4.178636567930063,5.978171044999906,1.3118004246085366,2.7192330690895385,0.8046006198691246,3.5884784246707007,2.13887842005054,1.1299772995541597,4.784615573659835,8.97493341183238,4.80897018772087,6.871807868206783,7.808210507668267
-2.989889257789057,1.3320418621353474,4.678475230810946,-3.995756355919779,1.7512772499186582,-0.441337382603653,-0.6914120602788181,1.262141152222295,1.16895633599934,1.3690870612879742,7.280934956702936,-1.7654261646631149,1.7215696176629258,5.859601267509124
-7.09012225743768,-0.0413732818556069,2.354732754880501,-6.534717332290935,2.017880179969456,-0.9589835666046326,-5.364254351470155,-0.7121211794811266,1.2259217658704031,-1.221573047412182,5.536928954473517,-6.907134212133073,-0.5449071118224715,3.656317039639905
-5.321187819578577,-0.2804800368999895,-0.3742694188895363,-6.001310245894899,3.33966362847746,-0.5878937360371396,-8.146222156625555,-2.300351010587427,1.0656023270770554,-1.6327302762214764,4.614509060449496,-7.913333961810668,0.2780639617078897,1.9898653141760756
-4.421930557867557,0.8436449266271944,-2.460413530036817,-3.6994258578474266,4.831282679644247,-0.3191491371068562,-7.655463459583501,-2.3055531945127257,0.6096405472682918,-0.2078151633164182,5.092251543063206,-4.571841496310171,2.502514255876207,1.5292411694974142
-2.391701693528728,4.072872454496207,-3.1067955542934342,-1.3665521414609714,5.449694060405527,0.1046323632972127,-4.207778256887195,-0.7383818318976196,0.1277781445651342,1.688419378506154,6.76912195020239,0.5599890780242518,4.077718350483906,2.0523838368138527
-1.8991305292218983,4.578801515224336,-2.327363837061057,-0.1600154370501698,4.6759053376776265,0.332676415995708,0.50246845241454,1.40939385744516,0.0349097287024093,2.969983472601413,8.413896343728823,3.9660690593214767,4.018089561956685,2.4739432652040136
-3.934783093859532,2.336229808796799,-0.9368991481997072,-0.3450982655883337,2.796532016650623,0.2048196318450301,4.515104267679121,3.19776963681619,0.5520511325505097,3.5545733123322947,8.249153403058784,3.7511097731714154,2.6828696153063305,1.8299500651871408
-4.160518628911971,-0.1550580154420773,0.0208825298089436,-1.5076741442659412,0.5922066605951031,0.6193497834203613,6.703870857973236,4.501871232854931,1.6240809087160883,4.064145936355793,5.159882397907524,0.9316852815623448,1.0140871513540972,0.2929616025749482
-3.3519071176908364,-3.9735062741265073,-0.049889206209869,-2.897131116861786,-1.2656133102559153,1.4907473149755806,7.200019891543171,5.801957219127594,3.1116998081540217,5.02831544845543,-0.2312816596031837,-1.6149895369122405,-0.327467294845853,-0.8843372871620119
-3.7674574684490234,-5.577777450258023,-1.008615138050544,-3.742880143827996,-2.6037783844569944,1.6584682035456566,7.005926505318911,7.329144511173126,4.9030348134788255,6.401935513697737,-5.698666132582616,-1.6460016093305825,-1.1796588630886404,-0.5724255360836423
-4.909670770019749,-4.517809930214963,-2.2138044517346387,-3.5846809170616467,-3.659807201900392,1.199094988286249,7.1635006789893225,8.52857371353813,6.720057150475334,7.700305517663473,-8.919260901050109,0.6176332729871348,-1.5478695736042454,1.012039671481226
-6.809431460691646,-4.477670954853415,-3.0263183026445404,-2.5490066574725745,-4.686885189995408,0.4242938748953964,8.033201105920142,8.443315794420826,7.881355809477313,8.41722444860028,-9.191582915346686,2.8260176248725486,-1.3771367192161392,2.3044424676183866
-9.855898275982362,-4.635311653317491,-3.207151083635921,-1.3315189114153156,-5.645988051080337,-0.919917069510501,9.107325827549786,6.674663147283823,7.493103526145447,8.260076649615186,-7.851311259156972,2.612868018025594,-0.7972841109133526,1.701950893483172
-10.69990748650337,-4.438549615844235,-2.98649250657428,-0.75275523238831,-6.236530315066517,-1.1754043453368943,9.439206859498952,3.964844671880371,5.13252014974087,7.105273090504468,-6.991876523511465,-0.3912935738631944,-0.4814238742547587,-1.0057151607007595
-9.20446011125128,-4.375251671291694,-2.809404397949677,-1.1271349383920182,-6.182128358053092,-0.2253295254563641,8.390654579911725,1.763000918815024,1.4580956155185874,4.928155796167047,-7.678723846825804,-4.339544098002193,-1.4495291969041515,-4.414557851836349
-6.662971214742363,-2.8339727303580644,-2.941098284012483,-1.941999687551473,-5.480281414200306,0.5135340179611962,6.172948312328657,1.0889742345054714,-1.9483283872292816,1.9035517339424075,-9.29029582732484,-6.811969134467574,-4.182902159586675,-6.685015287400773
-2.208111277799216,0.2657406041477988,-3.2090091236813265,-2.1829431679267515,-4.402214963533112,1.415806150204031,3.761277804990215,1.708301473668925,-3.5853753790781866,-1.4517320436426644,-10.455910544683178,-6.806599828658463,-7.785039603915308,-7.019618122944507
-0.0869447866337381,1.037671707982007,-3.111126181217216,-1.142557975712407,-3.2869309229330383,0.9349240903244336,2.1884932865410747,2.392690452641645,-3.1356423460876783,-4.363883309853435,-10.489487887031956,-5.374048256295055,-10.174851638243553,-6.133632620854471
-0.5987672554959133,-0.4423604184659519,-2.274450414629449,0.8776343584910506,-2.359915581150304,-1.2670080224778495,1.717057184417108,2.0373565699718768,-1.7113077454196883,-6.166289724051197,-9.858150456868962,-4.475311031812893,-9.498279255289257,-5.42682890138456
-1.3683855752073244,-2.1840340756646457,-0.9184811304930632,2.5537113097257844,-1.7483952482379763,-2.989421986400368,1.5527700441071417,0.5752659417274089,-0.9614058797689538,-6.677037297725164,-9.374646266340164,-5.189956299437917,-5.736851217567029,-5.747117866725127
-3.474419970755292,-5.026538291518649,0.1256906832563871,2.332502586392188,-1.6282109588792435,-4.615465632839885,0.4054056132785888,-1.1808820661160553,-1.7587459849945617,-6.2812049987995096,-9.17254108437269,-6.866971346805741,-1.05936589660417,-6.857350946382681
-3.801142138389321,-5.612125255802848,-0.0312386362861332,-0.4564854472321897,-2.2733040871978503,-5.751119628884668,-2.4687313733163805,-2.5564545116733086,-3.592264926668477,-5.675203406131828,-8.64748601925045,-7.8700711185203645,1.6096605189648727,-7.885428176354544
-1.989984954974719,-3.511552651618516,-1.6089886818169816,-4.957328787689725,-3.863038599025856,-5.972114579860115,-6.550979154078831,-3.783394237122998,-5.17862416463403,-5.501599310215035,-7.365588025279763,-7.139819038832599,0.7596052229789549,-8.101490887356206
-0.959202316411488,-2.532348538458308,-3.874722252919717,-9.135327099745162,-6.164604111862708,-7.245433701478856,-10.287759028792388,-5.656322088898349,-5.693438872766159,-6.10522983755925,-5.808457669955132,-5.149435099079042,-2.600938595209051,-7.252072722637152
0.0204069465839755,-1.9175803532117184,-5.572701766438712,-10.945347093701097,-8.380409141113198,-9.438576318489805,-12.13982360546413,-8.408987292843385,-5.439374566540529,-7.447040750213944,-4.983524762115408,-3.460230538072828,-5.8354130635122345,-5.34718262090184
2.0905111074406486,-1.0216288741489803,-5.715067113539185,-9.530706217293478,-9.35959697198114,-8.882487740695815,-11.639652968943048,-11.038882689686451,-5.308463624167139,-9.086304122704902,-5.203688399671663,-3.3240564307527265,-6.742166544320554,-2.4028343836778987
4.981748078861207,-0.3954988348661692,-4.097426193786703,-5.62395315022615,-8.116951592746283,-5.656622679998584,-9.603760235818632,-11.909234370968733,-5.596540800464318,-10.211842274107632,-5.343690291019868,-4.533918382326085,-4.9761354374593125,1.453855599082054
9.52757035246858,2.6898594599024306,-1.2125768639783845,-0.9380623625016042,-4.402745155562016,-1.3296104131099056,-7.340135546496491,-10.136928650680249,-5.417939097173765,-9.830318431407813,-3.5303906630756927,-5.437040251039981,-1.751075633713015,5.672530061275367
16.014190421566905,8.417162149036852,2.200619733057877,2.896411573464704,0.9658794742372692,4.927900806036514,-5.545713210224527,-6.418273924099992,-3.425173831035586,-7.194359284597411,1.1648938290189648,-4.085506199009188,1.5560696294741447,9.224251548831797
16.71033303657586,9.391104992420097,5.487710710400933,5.035638060631527,6.224751987355582,6.943385650373676,-3.859512683021336,-2.487724723884704,0.7551580273169307,-2.352641561486088,7.520380749353883,0.2944401380770571,4.340920900987378,10.988721031547904
11.205031942412058,5.695482074234838,8.070164186637719,5.403888141579081,9.311814066513591,4.110478809901002,-1.4621953274928998,0.2218103891694198,5.731347013023104,3.503773505371079,12.620121390021213,6.491911850908721,6.42561344946747,10.30165720734076
4.821612558890282,-0.4399016305017564,9.320070965630094,4.274871070422613,8.872425048508315,1.8367914450738352,1.830106575236872,1.411531517455387,9.034425947247192,8.25485249186297,13.746805904723717,11.7288379583131,7.162417756456499,7.262682576338051
-4.283652090683114,-10.805457490438611,8.67636803172335,2.024859678750243,5.118263683430392,-1.3615894834663658,5.019269783386946,1.5870123831803085,8.800612647736152,9.749549903620297,10.275481618337457,13.187534539477516,5.367447280765912,2.684111003898508
-9.086338260609994,-14.83638616187536,6.061357988184337,-0.7516265460091738,-0.0931526482252316,-1.8574833461980624,6.538354651603424,1.1851593594856524,5.116943890400361,7.07538575438808,4.14991483934952,9.842057276054184,0.4924916015843941,-2.1817219860520503
-8.43940824942917,-11.83652797598786,2.240985992963177,-3.111367734047665,-4.212665654117696,1.3663516494309418,5.618575763920463,0.2559505215434576,0.0328874585444705,1.459632087168007,-1.3372375049851437,3.4126910828705768,-6.106066103695806,-6.027533271982
-10.725698725262475,-9.25966735490762,-1.320030219468035,-4.048460508176938,-5.479715339025771,3.9063945731755023,3.244989862587905,-1.0121049047982993,-3.681620634563736,-3.9937558023875663,-3.5173632512269,-2.406350072189194,-11.351600455606013,-7.97532156761858
-14.26668101771147,-4.592436082268498,-3.193011465859274,-3.147290475951092,-3.904516620390471,6.839569021482047,1.7365380446038463,-1.7534544933942655,-4.13472480251808,-5.932854253941133,-1.758803768612946,-4.196691972414567,-12.361468183875768,-8.015713390578734
-14.574416444963624,-2.663279030224932,-2.8621656743037533,-1.0299829700337115,-1.0344148313591006,7.932402355852759,3.063551099365577,-0.8167913311219035,-1.3228001675290724,-2.922028200793383,2.419177112873747,-1.0859268137888236,-8.627522585631823,-7.03695518722217
-12.530230061667789,-4.596256473714995,-1.0714932679488989,0.9418078518833326,1.260568356333856,6.379773789584713,7.134093244467358,2.052817848670502,2.918690551570208,3.371636141583597,6.392620171454421,4.659032673734757,-2.546562571740637,-6.21579225528837
-7.609375287509126,-4.036870704486595,0.6953962476159461,1.620698357331413,1.987054588408185,4.195113309226443,11.48578390228404,5.459980899862185,5.955183269709998,9.046609960803966,7.9326224263474785,9.242067553299268,2.267379420924094,-6.119685245908691
1.0766480084288084,-2.212032892188281,1.267635372083376,0.9390262802638104,1.3521299585267883,0.54900298439605,12.830790465808285,7.063795950077704,5.87127183313978,10.488101804538218,6.354309818558704,9.950750314946204,3.540960029527696,-6.316122881417478
4.553774071107133,-0.2986619903751837,0.5804832289106727,-0.0736426507826664,0.2000192066569894,-1.6142039520528393,9.427136571149669,5.380111983014416,2.627972153826392,6.761484571185626,2.741507844532265,6.795643782532039,1.701228288758614,-5.947812249190363
2.5118038268377654,2.614577920474415,-0.402426351166838,-0.1799012853944859,-0.7447534128656486,-1.936279722785886,2.4782855800018098,1.121344057658007,-1.944866206046882,0.0802708491918267,-0.871305781982521,2.084145955950966,-0.9317732431326604,-4.772670037707478
1.1778221532824564,4.222708824120321,-0.5560767839607763,1.020549727674009,-1.1838814904493802,-1.9306026088773316,-4.594879330005071,-3.21717818013012,-5.446618096508729,-5.949884502679694,-2.869468120826575,-1.4641043033579848,-2.2245122026374275,-3.5656829312494125
-1.4625918268052014,4.421399941254551,0.4596506809672718,2.8040387045309387,-1.0630774763486244,-0.7602067730594066,-8.539826134526152,-5.2596175023352885,-6.601454464523528,-8.852647631737256,-3.0425864752844376,-2.4699949079381014,-1.7343190039051848,-3.316072569119882
-1.4126087465377972,5.19565819757702,1.9217874267633304,4.03512003205411,-0.3204434459485696,-0.5863208359502172,-8.515261047658527,-4.524603169791163,-5.996525166721909,-8.614870691905267,-2.4217775873799923,-1.3668763285176482,-0.5130902225779579,-3.927450722546709
2.324174557462072,6.085132542334077,2.623585627139746,4.207980608609404,1.1079777640460549,-1.5624344605172282,-6.471687405095622,-2.598953629792078,-5.24228573890521,-7.02261259410578,-2.1050453804580656,0.3594873611988305,0.3008581363979914,-3.8242374383076903
6.155668758766686,7.760853266827818,1.8358866009463528,3.851001600743018,3.0981900677921743,-2.722752208400908,-5.420962739293557,-1.6860212187671235,-5.348387306801911,-5.86572583665658,-2.142183828372467,1.314157990746196,0.6154704873523258,-1.1293617033924477
11.309804446306458,10.581799699932484,-0.0825486780026096,3.938802553470651,5.247956883440054,-4.6236364965666885,-7.031825784729364,-2.861225307148999,-5.8569629492732815,-5.615393196490146,-1.5759967160988708,0.9390728858871852,1.2107412440318512,4.481781271943277
13.483554185271077,11.317816898841151,-1.8768241285933696,4.8956794485844455,7.010662868822664,-5.422373318592583,-10.486350023887011,-5.429274965159522,-5.531370263478863,-5.490749538429668,0.3456643607463832,-0.3947354327464438,2.593419380119116,10.964386142976934
11.971738136385571,10.008363756528285,-2.270959340951947,6.146939749076552,7.916734676962534,-4.982528747928599,-13.42726466472027,-7.669601522110099,-3.8384676682998986,-4.5223201795312775,3.0098009529314425,-1.80293400100976,4.160432951289323,15.026226161418805
9.28704783730436,8.36852863178475,-0.917889205468299,6.63711980541629,7.699595621761972,-4.603619194857294,-14.04936538950696,-8.1266102517028,-1.6486916071687858,-2.4929516535568155,4.652394083972297,-2.5074565492245995,4.609209589174299,14.380674933973722
4.1344036667395,5.707046937107969,1.2886521036096212,5.819723792805007,6.314245141845845,-3.849870642920864,-12.472712414519547,-6.414439363416648,-0.3758835519698209,0.0147730198371789,3.974694601215617,-2.2995875764597717,3.281141263390225,9.34704905782931
2.185370492157909,4.277615536777015,2.85849280344317,4.19995661903647,3.968599067641918,-3.214976918330459,-10.274388050423454,-3.173255354695669,-0.4022606958975245,2.307877261502398,1.6938904124830003,-1.541474448053009,1.161184928491565,2.63470138751876
3.958067523646127,4.401261007943625,2.88899406426043,2.93970458376117,1.2000758248051395,-2.859762707172268,-8.774336812062842,0.4746360846367565,-0.44689547972132,4.228663724790977,0.3949760702562344,-0.6971797246139886,0.4734872949739497,-2.348731758423497
4.935079966390168,3.3028586703862195,1.829255825237169,2.865584137381916,-1.1650520087105178,-1.1703575300916722,-7.792609081489161,3.4732279616574147,1.3239586339628318,6.13492341123839,2.5198852115177037,0.190914141380972,3.02515746917868,-3.3548153279378425
6.4795595505062025,1.4807472055144857,1.0806516827174164,3.715037745294808,-2.3433912042207226,1.8090813704976008,-6.068052927515737,5.18053104774566,5.372045274679351,8.284863479575904,8.12726092628833,1.536464331093896,8.582187264218078,-0.2335058988380751
7.075993156661978,1.183798672743052,1.6750847157760802,4.248872124897815,-2.110751047100109,3.4681194743974304,-2.854328683751305,5.549842189621586,9.891124768731856,10.272172624416411,14.454147209269138,3.644573640048179,14.638915808948385,5.264066328788658
6.10147224996229,2.1634032005468757,3.216941179056221,3.190201877104641,-1.078548776186835,3.958549235905696,0.9873751149505096,5.140496546567135,11.961056011639355,11.118158869055437,17.842618212792956,6.092228859377428,17.891580638092194,10.449728289137909
6.342009918272512,3.0650223875033187,4.178032563602244,0.3374031465556868,-0.3439646218277516,3.325110052169004,3.6007725525333285,4.858368272316511,9.918740605094284,10.034133655459868,16.53067083601252,7.781588844555472,16.40177023879329,12.981300351907125
7.366356217797059,4.261702892595959,3.3946016360846443,-2.9704991758559345,-0.6307714515476732,0.9241065342702124,3.9301505696457184,5.447399238794503,4.9268208584637705,7.235010986360066,12.002685646079897,7.8083136671533,10.887718750011118,12.024477404551988
7.326699475728439,3.861512703985895,1.355025139685324,-4.494998126532494,-1.5962047283050538,0.3924750733121316,2.9164325239716504,7.018632390859295,0.3106044860962811,4.069148409862805,7.7889949773304465,6.427589884834163,4.227244812030506,8.720815658106005
6.540364387023188,1.4907702460754704,-0.0751129559594403,-2.580798760754845,-2.00217869929304,1.7569926311121895,2.8097992130123544,8.98406489685982,-0.8870073860125274,2.242561622706461,6.737945161786144,5.131366357932194,-0.4264016447124845,5.4828654783324
5.298830191914353,1.062437000116944,0.6201235510996526,2.4561959703245293,-0.7622941320601058,3.523416296570658,5.135272316343531,10.48471603927706,1.832929423332104,2.645874550501929,8.995479163064374,5.536322548052198,-1.5420521393712363,4.333013459166125
3.27449625513464,2.252184795079295,3.0245461417616184,8.09960585118904,1.9594053130876432,6.544620102320208,9.203253794655724,10.97723617065617,6.142557292899369,4.648586189806338,12.20477916221256,7.885949115581525,0.1516713023468128,5.401226252710956
1.113283466442456,1.4658763074215546,4.925963850617677,10.95314581946252,4.597453755025526,6.890831539424781,12.586558823226769,10.490162067195117,8.711188049840189,6.421323992243572,13.515113381717695,10.480817603702178,2.526166637495237,6.83541460213462
-1.208738502669877,-0.7700958304471219,4.155065278903066,8.874954696353655,5.230692900510064,4.225720269968711,13.133142347092589,9.354847766114515,7.585464886290254,6.107165952387447,11.59769245561256,10.705380539010092,3.554528983680996,6.3276725339696895
-3.611982776592982,-4.468387687544611,0.487000871401392,2.447528309390975,3.0309480703813847,1.5410850310163668,10.66242724512142,7.711253311076575,3.2932705028638907,3.0380255521924937,7.144999582841194,6.979309663198478,2.3204238999202857,3.0330339241006072
-5.935642390624927,-10.35400374925784,-4.113640550562707,-5.341974611246769,-1.0588442485432663,-2.11093830077793,6.865710585161992,5.327326225456943,-1.940503548881196,-1.8620056229203497,1.83348474611023,0.0806879748773212,-0.945298078314579,-1.7582100777876235
-7.547961274387659,-11.809329824234386,-7.097121909441796,-11.040212390103136,-4.9530020174779565,-3.137339704515223,3.67671380625535,1.9855354714572968,-5.938753839758931,-6.756931718318469,-3.010579942476511,-7.288522551876213,-5.392949480275433,-5.740929497407194
-8.270956262941372,-8.546037911798175,-7.325062751529799,-12.866568038665092,-6.824052011393178,-0.8844507767728229,1.7551789103158626,-1.899031217707204,-7.80013122758578,-10.113038022783371,-6.869583972557621,-12.374558556462771,-9.959388116015475,-7.445483618662593
-10.492181188595124,-6.54898399207295,-5.749905644475092,-11.494850425089368,-6.183673209616501,0.1624726715372387,0.4415877465778521,-5.110521934989009,-7.86568924596537,-11.490135871174717,-9.55329986144136,-14.147407476382485,-13.44478547087158,-7.174978909131227
-14.17112739163333,-4.445306655055638,-4.336374292922386,-9.040209368251,-3.920071409447729,0.879648652435523,-1.019895577324121,-6.289885499193758,-6.86151804238736,-11.34096474116501,-10.654012891836402,-13.574591509686371,-14.647926135425962,-6.361046533579781
-16.198797002158415,-4.789761878431901,-4.323490449074114,-7.254864217909613,-1.452773673358081,0.8127344260756364,-2.4178285529125105,-5.024487843807094,-5.214893070361484,-10.162793113092334,-9.699618102693051,-12.357911112687049,-12.919146870048197,-6.170716218335542
-16.894156560744936,-8.729224424307418,-5.359545756144911,-6.470433713896284,0.2230068131767097,-0.8144016125424876,-2.809606230950749,-2.4293259615204192,-3.116883575822498,-7.954388162547389,-6.855779300003263,-11.43343737708588,-8.84793757903958,-6.739031567410507
-15.706960712773782,-9.373895851379912,-6.119721670875293,-6.012184816352772,0.9165166250856204,-0.9331342619359196,-1.7599694191049764,-0.5655270246023463,-1.033919836272446,-4.595310024296197,-3.3353366895352963,-10.589348026920476,-4.322792644369116,-7.55460959940612
-11.887819732223996,-7.322758253146792,-5.676840948889719,-5.418615865438085,0.94610297232785,0.2424971854681604,-0.1999950532155026,-1.0115065634158211,0.0876206992524544,-0.7284045224618296,-0.9195902787030832,-9.342601016021092,-1.5649566203798884,-8.293485183873713
-10.64222702493062,-5.960721399086617,-4.335659144593308,-5.118351061875956,0.6081730275222981,0.3004652209164982,0.129946266405625,-3.710443039236054,-0.6606384912025476,1.9588209134751369,-0.8835197103888675,-7.963719472855615,-1.707117664563384,-9.087621933666156
-11.938789208529602,-4.096364067574407,-3.255543634992506,-5.863078855136763,-0.0689390352112298,-0.3038076774860461,-1.735028890526209,-7.06135505534769,-3.279930497569282,1.6866395505890353,-3.2289517046380496,-7.483780245551529,-4.073345482855643,-10.049824834347376
-12.679764517537302,-4.0523765598312815,-3.3257620084254285,-7.555186772102161,-1.125287878177062,-1.5855335336486622,-4.8467321884106696,-9.181016677804138,-6.490297105957637,-1.872662850091928,-6.854490093138068,-8.645592872919963,-6.815818118301507,-10.80558430445575
-13.955287594999348,-6.366147400093389,-4.376861985261684,-8.81021320289507,-2.3208855013647707,-3.9735231211835194,-6.815847902245565,-9.27075287517711,-8.375884811883765,-6.899790305725034,-10.426713243115572,-10.903073048957836,-8.37123633127814,-10.733768306347784
-12.44631979648419,-5.901426714841191,-5.40778595717488,-7.922587026157544,-3.0779489879953985,-4.630418740348716,-5.626105589383627,-7.989788074853365,-7.687502055348389,-10.430054938571018,-13.12796889673453,-12.579938799211334,-8.470856040540724,-9.68831744620374
-7.561877278674651,-3.0332790634930284,-5.526255187507687,-4.463267523168781,-2.86298379373342,-3.492052947965658,-1.2948288416426834,-6.660964752837074,-4.773013652861991,-10.38637245443541,-14.70415250813474,-12.17212476480973,-7.899537008923851,-8.300658712635155
-3.3178021656610333,-0.223498254541447,-4.676963416296125,0.03567000466753,-1.6933838561499073,-2.5483121167592198,4.026260928294761,-6.117234012794427,-1.3162793367707124,-6.99088346573523,-15.011870752019917,-9.62829147465522,-7.392072670203866,-7.387050541661431
1.091231998190879,3.4778153802857785,-3.521129559150552,3.120173138905692,-0.2644911515869808,-1.1905998709166723,7.614480913450173,-6.16633725283068,0.954044560026567,-2.405920216665251,-13.744948802896744,-6.386568259209454,-6.802676844898564,-7.0389379276892186
3.914908203452842,4.323980328474012,-2.685969405633358,3.3712770399749346,0.5040202479287501,-0.5943980151371513,8.144462091259044,-5.968858043891977,1.5286538659746969,1.0224499074432032,-10.727085296275632,-4.063686025238248,-5.309386627325232,-6.419222345752559
4.332164058171297,1.7627384230400458,-2.172937075661164,1.535740460964874,0.1665150167890132,-1.0892779757497677,6.516544720970824,-4.832572850122727,1.313478974839864,2.418999116338579,-6.443441727075573,-2.962715963784831,-2.3649589065469883,-4.5601863142083765
6.261994134333576,1.0284733529219003,-1.475299963149519,-0.2143105453496634,-0.910177371329727,-0.5008178092115622,4.959238604505529,-2.722389001238769,1.6579864395487238,2.663654061045408,-2.143555203970683,-1.803392081314021,1.5714380132334718,-1.3587026889661775
9.185176486275676,1.3368661549017853,-0.2129931592651073,-0.2152744989121102,-1.8831617017981503,0.9048296030851504,5.177070851231609,-0.1999135671059999,3.128456362947878,3.294265408037573,0.7498258286049921,0.9948756599630482,5.207116836441257,2.260381996523528
10.699316529825968,2.156344788393878,1.391078642672943,1.3323832920090557,-2.157468159132732,1.28707472911331,6.996102045994216,1.9766480763432832,5.097886963988968,5.115800971841892,1.4912888482976472,5.597932009061909,7.315356958785399,5.13936551977851
11.323434543177504,4.428943869091935,2.654085552197931,2.7797172520370443,-1.8507365888773504,0.8999441742965589,8.51641606792759,3.213323984991571,6.414793950043143,7.651426259774984,0.4269431481061647,10.220898001304384,7.574546500334785,6.7724743393865
10.038143312497848,4.133993246293952,3.025150327693046,2.722058490114817,-1.5871519170777797,-0.7705040198144069,7.622523349877142,3.23510249265229,6.428028933122892,9.696360494834998,-1.316237908623803,12.384293337612506,6.678892289300341,7.423072317382292
6.336208614079741,1.2096029135178146,2.553421045348085,1.309951465409661,-1.82921281698448,-4.161252685185842,3.702878679907318,2.1108215039129306,5.402528314022895,10.300859162532603,-2.5543974048512084,10.934438204968082,5.698466558143007,7.534209406159899
4.637109755260076,-0.1196376052017019,1.829870455328312,-0.0291794564501977,-2.390780466472531,-5.038871842578836,-1.7166571899177328,0.2503643708201366,4.0366215568223325,9.311696364391082,-2.656133619137382,7.0385321872822,5.251725231506761,7.21761193477526
4.844154767537158,-0.539593868890544,1.5069780369848829,-0.0870880924974244,-2.61159234815786,-3.3494304469491025,-5.922531997930996,-1.6520363360704096,2.680740900946361,7.176077749919241,-1.7522389168383192,3.246066538819303,5.147689516889599,6.351316726138286
5.1766447352266045,-0.1073557856205144,1.8436513303652264,0.9320556715989738,-2.0431854590799645,-0.7267276984525783,-6.870155795958446,-2.821724112242002,1.0993736628346156,4.432961551841927,-0.5738515358278491,1.4651741773285636,4.737879394698904,5.009945353250018
6.613514703871534,1.9631736069886911,2.631192623756057,1.6850192076526014,-0.9715614361854534,3.8601982566814983,-4.572354793584132,-2.7437776973343944,-0.9901511117865596,1.4904925649440344,-0.0429551851233043,1.6780333623606791,3.6313016740037223,3.603144103340391
7.716346370285102,2.885457232903159,3.48331824701156,1.1297201633938272,-0.2009825865644003,6.352263214104436,-0.9790122842089204,-1.4558512313653225,-3.207598336937416,-1.1787092372278778,-0.7290172753411142,2.4764683899646087,2.1361231956073894,2.562453435814504
8.391047003766385,2.7734326677242045,4.179571537088336,-0.2895889096410471,-0.2084159435661163,6.463466642089903,1.5342775301959932,0.4285104171263185,-4.460263680815821,-2.8521703077592733,-2.378360991299502,2.759406259870154,1.038156810755538,2.022938564505594
9.31520987299957,3.4569315364013504,4.763395744720029,-0.8748967319762357,-0.4611931314179145,6.59230003349797,1.861848253753493,2.035211458741074,-3.757979593138515,-2.830596705363874,-3.855221203229725,2.883688417182377,0.9253229305842652,1.9090268260520844
10.146132583232305,4.443164305116269,5.3573560461576974,0.8489650116645038,0.3116253856221789,5.730423698155565,0.7258153424945419,2.717036983305505,-1.2036470649673705,-1.0644335333912809,-3.709276912948013,4.171901877854218,1.6812708160554024,2.2443284156609025
9.545148093374106,5.050900018242944,5.9171260347657935,4.716709048760876,2.914102820829221,4.629328601594304,-0.2531128179302939,2.418898343130472,1.8140406145806052,1.4864045985164935,-1.1453081758762875,7.309571921961712,2.5998066407358564,3.1695810261167594
7.364907109533074,5.447904167724437,6.185638147360479,8.794105701968988,6.536691012630875,3.4514629639532903,-0.0820800460600637,1.6883733890985866,3.5384896626693063,3.253249414863788,3.2416899837842195,11.209502835121611,2.9725937244194114,4.543704468952029
4.151672110257931,4.934399634676593,5.903704359393672,10.655071195954733,8.865166757898486,1.637346842489689,0.7991840480368566,1.305031137479013,3.164979212902125,3.024693560810391,7.568459499009663,13.46020973249324,2.577210698223354,5.646651850683227
-0.5139430827905599,3.320125473616289,5.078005129791784,9.060718292393029,7.711413515395122,-0.6133718637881052,1.0429215757109418,1.7336411504793077,1.4267506854694574,0.7369998235487785,9.674718198703602,12.04032897691446,1.6677189289665009,5.546606083588074
-2.961793233726911,2.624547323261293,4.041945669643631,4.815657294907361,3.02955745669071,-1.0531297133810589,-0.3183086824263625,2.75357897524804,-0.0709790498899423,-2.504884586041314,8.4793883744942,6.9273693969154735,0.6197320773589965,3.974057568831803
-2.906717451402803,2.758284681959863,3.236451123285072,0.2727619269013743,-2.440911115665457,0.5136909040723652,-2.965186810465113,3.577613541880389,-0.1758231602753852,-5.109667576663313,4.827999145402508,0.3812650645180895,-0.3120682755570527,1.8388977931541677
-1.5285837693899105,3.1574136434166395,2.906008275099616,-2.09495680873615,-4.775782315765717,2.406268420736636,-5.472523272305509,3.4839617539069323,0.9944397699168448,-5.827946443601199,1.2197057555162871,-4.269568963136607,-0.908943433270764,0.7005758556302482
2.224846938725631,4.271095589310377,2.984542090579488,-1.1234686339274234,-1.7405167896177147,5.203315085828133,-6.323052443119764,2.542780265800076,2.3999939485355384,-4.24329428087627,0.4399393834571654,-4.519280694445889,-0.8250284947350011,1.492237539498106
3.257151926606936,4.298809669789882,3.247648350414572,2.427868605018098,5.282904578431626,5.946257464536926,-4.906846518934138,1.7750941031364036,3.1549739029236576,-0.8437358071204386,3.82246495556727,-0.1286580302741597,0.2923117984484875,3.617538258179764
1.3257621569433713,3.1489722077461013,3.536764316753171,6.368153869844555,11.994859776533538,4.19775612157981,-1.8315278294664736,2.401156865275865,3.2590622074817617,3.174877204808503,10.221901967934528,6.648139169413952,2.399018499281439,5.297607284175037
-1.254097855551567,2.063921033134453,3.7994737039731135,8.35436755663671,14.131776939078115,1.7341668012950116,1.5039540430822669,4.642516684326026,3.3257413216986365,6.291689981641078,16.47436067779777,12.180172058890626,4.771559667980483,4.923115658027164
-5.764807117840076,0.6344900858900161,3.9093212122192895,7.21518323858615,10.430346337545515,-2.3150522602164334,3.653822510915205,7.157240362729091,3.6730014157063593,7.2280780176766015,19.21201048941733,13.391597703753495,6.223183594764784,2.2485738553536265
-7.684105095131511,-0.8084972023870928,3.5078742061611905,3.539240731504009,3.308760492826366,-5.024346665049021,3.7384830685657207,7.851649615726565,3.764769609289509,5.552692292177085,16.9219958570082,9.49829878966748,5.766337278522073,-1.5557080855498595
-6.639084450764487,-2.119794180505744,2.143573232202762,-0.8198128647489611,-3.1557220738327274,-6.1105150702980975,1.713875685016248,5.602201666023419,2.621440868007383,1.9684762181430455,10.864189059486186,2.493333789988576,3.262668409577344,-4.908191989018853
-6.333337043522175,-4.269529789832419,-0.3021696432452359,-3.965224079912304,-6.188175171944188,-6.599295118393719,-1.7018647661987956,1.4054246491608993,-0.1583664172842276,-2.001546060895002,4.202459104465483,-4.040882913546746,-0.4090822377024494,-6.896877098350799
-5.724828488420911,-7.200669705443242,-3.2611037977403825,-5.054366773772436,-5.851927701756324,-5.653486645765775,-5.351305583108427,-2.210518690613732,-3.749903481786646,-4.817159721175173,-0.0326007833778447,-7.1244638838984,-3.795433530339345,-7.564200021712551
-5.371942164019222,-7.901882761610165,-5.6127915884874895,-4.53927359260539,-4.213196285019315,-4.546613043708649,-8.070570104554896,-3.136152387676219,-6.498046292976667,-5.717457787561898,-0.7164807327189138,-6.118944700106859,-5.650887855504976,-7.407028747245327
-5.76042244938121,-6.296347826995259,-6.360144775439686,-3.495053912392123,-3.2463695150435186,-3.2072107264562275,-9.056732761106424,-1.289267170488266,-7.087151950737187,-5.013672391554806,1.0281777781652508,-2.819455055163111,-5.59327405662539,-6.803537784977941
-4.14726564658748,-3.796560773271043,-5.381034777635094,-2.672718253720376,-3.4172131278543567,-1.7783315293181017,-8.041491806256793,1.5452499110909486,-5.520824181460306,-3.746767114278306,2.984231407269931,0.0570700719953052,-4.243419714033102,-5.931675446529575
-0.6359906678106689,0.3439126925940133,-3.5978980260666877,-2.0471137997178595,-3.906739961383309,-0.5529538127909934,-5.284133277520031,3.3888546015758862,-3.112254495431987,-2.986780219846292,3.487642700579766,0.7445550896960604,-2.760465681074429,-5.042255211977558
1.4898275733777226,2.594539126775394,-2.3024976065929685,-1.1228083520209609,-3.80758467735825,0.8400318409996527,-1.4906829935906885,3.601168808475084,-1.5185087760419975,-3.2080156557447026,2.355373157971126,-0.7075556008387878,-2.062986862448465,-4.53185924453642
2.580879647298369,2.6246276959005708,-2.105038867351894,0.4060333157634481,-2.9437685260882134,2.2348566673971013,2.306519680669432,2.919388239824901,-1.5956989490529416,-4.057876620367036,0.5851536545754001,-2.948773421120439,-2.2541671899820983,-4.56515144551873
3.2957159290040305,2.776698303300565,-2.403923302029259,2.2887595627186883,-1.694343411049477,4.084782568790339,5.011245230746104,2.279195713218812,-2.914026081181966,-4.600675657062592,-0.6820021577652664,-4.475581557021855,-2.646473461809194,-4.628433342484353
2.975554652209785,2.1464563026256114,-1.921737194865262,3.9338381124392736,-0.3531053221681652,6.432627606444398,5.913628010042183,1.8553656473027047,-4.1903168783934746,-3.901883415652311,-0.97926798792607,-4.440563540684304,-2.3487462310829272,-3.620523442853792
3.244314828322606,1.3575852177554304,0.0669136623177788,4.9174539393355055,1.105129991409715,6.127363453440652,5.094758248608542,1.2692476196640603,-4.232384046143428,-1.6656645088716822,-0.5510265028868631,-2.8139379176017645,-0.9639230708995328,-0.6384204800311934
4.094434119006344,0.6009492113573458,2.8731352169061246,5.247601802376925,2.653907465890184,2.9886919353002352,3.374313980157193,0.4451311805624129,-2.7385105960533096,1.420971871346845,0.1396335808377973,-0.2483001135147517,1.107902132970807,4.073489701431322
4.320132609988067,0.4903716652791366,4.720618331097263,5.141740818563369,3.822282338830842,-0.522221999696159,1.6716324096172537,-0.1073655606809911,-0.5075393055997033,3.899376921183591,0.7609025389842419,2.053464892792947,2.9245221285914056,8.814865413262304
4.21857212681176,1.3313828857491647,4.077381677387729,4.604397674877948,3.863478012339666,-5.137512673041031,0.2536771784174485,0.0180458039869977,1.0058456584441409,4.302323508945108,1.0055939316264144,2.6488731681719857,3.568674210202916,11.179628183696838
3.762371519612536,1.445369492938798,0.9168150658495832,3.316518346679696,2.38548271033799,-6.5554902435340665,-1.375184063605464,0.3732647688916493,0.5646794472964023,2.110356303958486,0.403800093832344,0.6157159806448853,2.6466774838738267,9.529800368155072
2.779340569963063,1.014905074179787,-3.129035058842993,1.0288960421022215,-0.1929765061170376,-4.068293237008934,-3.695880763765608,-0.0680835778482404,-1.964646102625528,-1.6952759160454922,-1.3949453381850885,-3.549004300654928,0.4919373023164182,4.270233153229244
1.4373715955786035,-1.221030984944722,-5.839826072576677,-1.914240450584654,-2.8186482518704032,-2.4339283677023102,-6.206359251113074,-1.7237287623709745,-5.242289237688545,-4.968512659652589,-3.947164314882373,-7.762619784313838,-1.942551681472784,-2.010848121656368
-0.3384771438872626,-5.745301516274309,-5.856839772002657,-4.517036515297597,-4.441269649445725,-0.5644690502822709,-7.353088268904779,-3.616281765022394,-7.010033527091465,-5.596617075890503,-5.7501844050383735,-9.470816047152002,-3.4457802982798453,-5.836294131993856
-0.8597542514273532,-6.587724094299062,-3.467455258966919,-5.737462849656935,-4.570805052184401,0.2335527132177675,-5.718247396796001,-4.030585932128859,-5.466307660572683,-2.8763810087653647,-5.046180313299789,-7.450165799774481,-3.0869481445510125,-4.902088213705522
0.0438058952931351,-3.754786342764681,-0.283017893554419,-5.287881731114394,-3.4034322247760542,-0.8570453671185381,-1.5299985796623137,-2.133551626860063,-0.6358931865015549,1.9134008481804103,-1.2799282060210562,-2.850825737157429,-0.7451227836691761,0.4247035518000421
1.073375240923396,-0.3131005864122191,1.8238411046334075,-3.8968399098910265,-1.5868253216097798,-1.1958268893543147,2.986327761803441,1.048351183825515,5.36509043791868,6.292128368355321,4.1134123163068175,1.539045391975204,2.7012564656458125,7.273083300585352
2.662932403247224,5.071812165028379,1.7692417471807431,-2.743154037481764,0.1151794716042378,-1.293818927992592,5.006122262726169,3.352419612799329,9.604386796143038,8.260742063195885,8.532794377709969,3.334607275518552,5.784650137357966,12.071966757823922
1.763440684169831,5.928870222013214,-0.2952648129871029,-2.535036492352008,1.114769448964566,-1.8373786835622308,3.234635208216341,3.275210099220576,10.323565381062158,7.639634201286158,10.095768061074892,2.2301316327895577,7.314387255718401,12.731028816311571
-2.0482243091558137,1.4918877105098445,-3.281654390237968,-3.042574939065542,1.2257576069648302,-2.48493590165121,-1.043010089709396,1.1397136408135928,8.067569845095012,5.97331928953162,8.89714795426623,-0.0979972151550541,7.095702450775484,9.639853897739048
-5.109410828958255,-1.5028922937508715,-5.9365150665782185,-3.47768804108074,0.7463828817004305,-2.910261219721168,-4.952707125395728,-1.427377119733599,4.98770446663055,5.049014240250635,6.45066173525011,-1.7277267769683622,5.875150864296895,4.8783896602062775
-8.120448086546807,-4.554355160684653,-7.589986445501157,-3.34804800984541,0.2637677214478948,-3.101158671490157,-6.261820668701963,-3.1156033419225477,2.92358458677959,5.276181795015436,3.874979229201194,-2.3027473727810737,4.475575589632552,0.4427740967376259
-10.19895570656904,-6.158184493770605,-8.42520452374016,-3.010623338897485,0.2034476056115117,-2.627976930544774,-4.977511433226521,-4.052387389381405,1.971102607392769,5.346715235792864,0.6747556742170318,-3.314954167125069,2.855185546163078,-3.046084172265424
-10.64475741863198,-5.158544978789032,-9.113408126213429,-3.440448157834353,0.4403434221384792,-1.3322391768809134,-3.0232321633049075,-5.4078027821081385,0.7852902383498908,3.5028824860219743,-4.553949754286871,-6.6199433712423605,0.0339961137727193,-6.270847692367518
-13.94440448270865,-7.008194204457966,-10.098560715570224,-5.400815529972281,0.3572338694214387,-0.3564113183612675,-2.378845888567792,-7.948164400165918,-1.757308163979964,-0.6873082708747162,-12.069888699643172,-12.48136759382722,-4.853671134043971,-10.0958687424053
-19.94487043810768,-11.255815562255655,-11.091095974856252,-8.665964843720587,-0.6056747782029994,0.3934748582337487,-3.33491238618009,-10.95291260000904,-5.155559644803102,-5.629157872934986,-19.624164829650468,-18.829037673108875,-11.20148797644442,-14.440125923319396
-20.46784624013053,-11.993747845684387,-11.19130203453954,-11.887297703972068,-2.345545492144261,1.317478280608128,-4.313931246443129,-12.52053321171854,-7.459568657958368,-8.73991598899412,-23.387093794486184,-22.39264651523785,-16.575201570052613,-17.99402973865075
-15.81157612071311,-9.834119734287716,-9.563620625159508,-13.237305515505913,-4.002196449999097,2.196930057916189,-3.319640855895944,-11.040181768604874,-6.846658226558084,-8.386098316045729,-20.72989917070256,-20.858184537326125,-17.982225411081963,-18.90435193401797
-7.469340455511471,-5.199452051844427,-6.118168748693687,-11.454659933731683,-4.524967751821144,3.5202834798665865,0.2764470998042689,-6.620880436000654,-3.1804190171701165,-5.115554389812232,-12.611896480361793,-14.426997679245773,-14.005598439793602,-15.94486204764792
6.538037095834092,3.196897816007781,-1.6375629138109424,-6.652265096954395,-3.455664295262469,5.329734956486221,5.105008218406049,-1.3013943985801042,1.765455816527567,-1.2028203949957366,-3.4048934312793517,-5.67069103273106,-6.140137550982377,-9.482363034977826
13.02233120641826,7.420119596999469,2.7449032610906983,-0.3664913059672763,-1.2670560859115554,5.955624117410942,8.800278601943333,2.201089547836574,5.528009339086427,1.0609120226961437,1.9901385103093217,2.133425376995632,1.8788797830841304,-1.6410380290530109
11.321911791691676,7.240511642847424,6.256761828759206,5.225374686257997,1.019708659664044,5.377223703488283,9.765190270870477,2.3469196713824267,6.584397112299531,0.931360646417584,1.5822826051674037,6.947811375000246,6.428564480503948,4.597427353751463
10.04108579320472,7.230240830515477,8.787459370432753,8.461103261640819,2.5899037577975257,4.617652992741014,8.272605291562169,-0.1101826516712201,5.19156430172082,-0.5310762027329687,-2.447191734008072,8.875506179752179,6.33414389588982,7.0268850200759765
6.076797904190606,5.560523889410422,10.588909789512378,9.005317782014568,3.318551984647474,3.3036099317600485,6.0871664110398775,-2.616475002434018,2.988941947404569,-1.524784241361015,-5.677352673755348,9.536213253181952,3.443012553355121,5.619095580047787
5.047120617579667,5.113835296926907,11.760766153139231,7.830313879775126,3.627079618869651,2.22581929807548,5.016936021520181,-2.641870953638968,1.8260798265058116,-0.9007320518904862,-4.969950503029089,10.54749137017009,1.0451678897466223,2.6261116752588194
8.14565457050546,6.416860015186675,12.087159421268773,6.449923332427296,3.926222427659699,1.539037482647765,5.6041800142752045,0.4693263016680937,2.65931741076852,1.1812713031904316,-0.6952585266739355,12.314476546913514,1.401678959775765,1.1016347184839113
9.800005736480712,7.303298880686316,11.387389268240527,5.961958584015196,4.181843283108719,0.6825186271992499,6.932450810994386,5.016823951645936,5.119770033427876,3.6240264946113534,4.03300056355538,13.988123838486532,4.261957025927554,2.8031182230043683
11.551800335856848,8.575645839262938,9.95702892524262,6.491534837508482,3.958128091488664,-0.1083804611785667,7.539564408058311,8.222515049147415,7.838814310725841,5.2450891367363965,6.200018861168729,14.471779043030375,7.381622128255124,7.048022464742836
12.532363480215723,8.227212193456573,8.537335471274261,7.278742114499472,2.8387103444761017,-0.5940449369647882,6.5731374085569385,8.288493214791021,9.229138011644617,5.385432372652048,5.218324824944808,13.522253452150084,8.457611364526798,11.403723518948588
12.022058693387777,5.925205862756823,7.753450656734362,7.255379299288876,0.8311708274607597,-0.7658815666802137,4.285586438530913,5.634875086814212,8.31385413505857,4.02769015220267,2.871782601225668,11.984919157419714,6.88429340600938,13.604358535110162
9.995003760781406,2.001540741732413,7.582052629396699,5.753147837883507,-1.557860427723611,-2.549629806300367,1.6446208336018238,2.408698495393036,5.26705137904721,1.6847898710028204,1.3246882623974834,11.027918502870964,4.044686595623197,13.123636009327726
5.865149302419571,-4.225854914000784,7.4409882980566096,2.982736544573191,-3.594551112014855,-6.060513059610483,-0.4504779272691621,0.7721198902720978,1.4297932233735828,-0.6800622801633995,1.3061726591504126,11.149989507387794,2.1149298301262185,11.236599569992862
3.710121618596925,-6.370421896588051,6.843079046039712,0.0176688365041659,-4.728020603161818,-7.627800099828908,-1.693067868756538,1.4026770349638458,-1.3001480468918274,-1.836820052054545,2.06596689211424,11.8758198118916,2.465964016844257,9.733014612320131
3.575024153362833,-4.085918659708888,5.915421714656871,-1.7810623003575738,-4.885407023862712,-7.479600840389933,-2.363548038810892,3.301591691734803,-1.5376523730331773,-0.8727488959966951,2.7114579820741778,12.30881257358709,4.851576643953274,9.46801385886032
5.638058489110466,-0.5866774826033371,5.195805056629569,-1.6333394625640487,-4.475587215978312,-4.866885393121393,-2.9792023586257024,4.808945034113179,0.6122543032661856,1.9535536494074,3.1900950055139745,11.859898655045802,7.759304424755152,9.848308081312494
11.061067050330497,5.755476758193336,4.904677167914031,0.060277821171061,-4.059765445818066,1.1825504575848755,-3.9306975542231832,4.80159881303144,3.3851077504658225,4.829895863029563,3.803903643278528,10.408989745590292,9.385850609858934,9.440796630696004
10.389987104328055,6.976572718055902,4.498130616486533,1.8868858646777085,-3.861483269698386,3.0663628315019205,-5.290029648327993,3.1595490966520856,4.323646829273802,5.193652256874117,3.9603528395116943,7.899262821904301,8.445300570853966,7.0554794423362015
3.3664372371615263,2.2990191117699434,3.040427029301707,2.337788807264671,-3.497223275028865,0.7562974586683726,-6.803483972494171,0.4381770181684814,1.8640123780304376,1.49814848608486,1.867611162894468,4.040368144853833,4.472776594157699,2.4974851769204776
-6.750547714966799,-2.9785391646138164,0.0642144454222197,0.8344156241913598,-2.265417773295124,-1.974560696176524,-8.037998091083946,-2.657193031194721,-3.588538344166846,-5.359059022956592,-4.042491281026306,-1.381620843769225,-2.1604106524895457,-3.3993779529832704
-22.37351950115958,-10.915063464849704,-3.935661627416886,-1.920959484678072,0.1054791685501204,-6.843482607042166,-8.645235377187937,-5.505868405551706,-9.942160646966173,-12.305323503622349,-13.11906697515586,-7.899129062776838,-10.220952761517191,-9.323033870638206
-28.254970153114527,-14.151057504995377,-7.846946338206161,-4.53050738959484,2.876308476031676,-8.024224604023708,-8.624777455677496,-7.583319959110244,-14.83952934395547,-16.125847287489222,-22.00193525346795,-14.232046819663944,-17.667533929558587,-14.183737548905835
-23.298367827404505,-11.651542816894036,-10.74646751500438,-5.925581191719674,4.53989588541159,-4.838560062177215,-8.374260347931695,-8.58066610058652,-17.07665469911035,-15.736558186418511,-26.545243502178664,-18.9325233633462,-22.17329070480067,-17.524200729213334
-17.61513410587823,-9.071197124736443,-12.381912446105046,-6.01545161616336,3.860908811965851,-3.2752585390366624,-8.393632203435564,-8.64789795923608,-16.963750773381367,-12.802758116746832,-24.79825349838545,-21.235286435428343,-22.22312480112325,-19.425629303881063
-7.451126106947669,-4.430423445913058,-12.95701935062498,-5.5226754447530455,0.8794448849592134,-2.007299519402109,-8.792535833523168,-8.371171717300946,-15.560805598074014,-10.152139387362078,-18.48542975210566,-21.292878616799385,-18.184857777021417,-20.056035193448288
-3.2106300530238805,-1.8432206406249183,-12.585563833163024,-5.254432537907997,-3.021122089903033,-0.8306378028844827,-8.999971031146181,-8.227489496950035,-13.636302155283303,-9.334956603564171,-11.566196185297628,-19.649603323298287,-12.36938116550462,-19.289868288989467
-6.611656927793042,-2.1438786205470737,-11.060070085658335,-5.44445592628638,-6.033964280299724,-0.6174885264760787,-8.008263759933014,-7.907528530767349,-11.23037013477175,-9.421187684221415,-7.017885663636491,-16.626195212840273,-7.657785538202796,-16.781489692130574
-6.3433976114613575,-1.2337673035545798,-8.18134745782968,-5.629930267957318,-6.9837081699654044,2.0262288225215324,-5.080831896022318,-6.297222019090367,-7.9929525242321695,-8.013047385965704,-4.640992397757705,-12.309362385688477,-5.514193072464634,-12.469884413493672
-4.9696129766483566,-0.2307152845786599,-4.285221564794092,-5.064545529635868,-5.671393473774287,7.0707447313816525,-0.4356372925763712,-2.444822275362671,-3.8194754417740793,-3.5257184879375245,-1.8149007417249168,-7.071124619799564,-5.006808423258184,-7.046228160682378
-3.270170997097986,0.7460346940795681,-0.3952971890817105,-3.3247028802985983,-2.530952843104423,8.792169606098588,4.640083875907884,3.1865487054519206,0.7609831218851717,3.232342945449127,3.5536259286511216,-1.894742473933632,-3.843901933684388,-1.871455571134072
0.3087743041176825,2.15892759729665,2.228427903702292,-0.7178791247639733,1.7061356859357373,7.497073159851778,8.4034874592421,8.423705513448004,4.654224676570565,9.45230667430342,10.681275690402185,2.00180895717125,-0.6760808986792854,1.7152088991425702
1.3958890725677509,3.100512023104689,2.838447354888958,1.748704690331178,5.947361685735676,5.258558845590562,9.633261839985884,10.636587307184175,6.6576981083753015,12.289319502745732,16.39143997341842,3.953522592548252,3.418948415151589,3.1980623348111576
0.0905651911984098,3.656234375675413,1.678100964072644,2.866233980563526,8.703633862707672,0.8565930288458763,8.343914299173225,8.731740084481888,6.128664223463593,10.819802621497283,17.991011353834505,4.28686205287536,5.811121046747758,3.160018992462509
-0.2619928352884277,2.874802932767672,-0.1741889560316067,1.978547482473408,8.681618079278731,-0.8747771382996737,5.785619034445921,4.233737696485344,3.558983211271108,6.588542425322995,15.844052543709024,4.003184217435269,4.919277812255254,2.811977756885619
-0.4164829400847326,0.4735514696874674,-1.4877792421839882,-0.4451647959969351,5.783349383970855,0.4622944352260288,3.733959491646375,0.4003404995921213,0.6080543171330852,2.5208540685912144,13.243735288974523,4.040317528067601,2.093142889454067,3.1496319850528325
0.247364518021032,-1.9608216816739583,-1.6090620566696732,-2.888189192126557,1.478943894486724,0.7514160211260228,3.492025724526652,-0.0657856388978217,-0.6910116501093952,1.1090530099269618,13.713611589110764,4.76513610065399,0.7899342622918519,4.362400295597141
2.3066551947945264,-4.689339931901853,-0.7520227227445977,-3.648538660541239,-2.1144202384261543,1.0967527411869122,5.184588303864453,3.070013272668965,0.7743767934475638,3.0892809040790894,18.17461114092159,5.993136565786954,3.565662591709432,5.857934854187732
2.967011584227092,-4.610114275530842,0.2917185672313653,-2.0195712936584678,-3.776431924274021,1.2896198453986292,7.761362026434425,7.541181822153376,4.32212685771795,7.2869603339529565,24.36232884565953,7.278389658706421,9.594895785140412,6.776901570021725
2.4093621368531304,-1.1202931447264677,0.7578739058625175,1.0870284480067411,-3.873981511731557,0.8009627938510595,9.725929700237916,10.3870296941983,7.819417126522286,11.4783785778723,28.715980833979582,8.08700420586942,15.084167420476328,6.5660420162764055
1.3293844844870877,1.0482181595724394,0.3945780123751543,3.6939444781349167,-3.516205671693047,0.864617194569467,10.145738821503803,10.087140496149228,9.114235495923904,13.592688992793605,28.88624742839225,7.814391877708617,16.28391574727695,5.239409787787724
-0.8560586642627913,2.6109867984486157,-0.4503512063056618,4.226518562828093,-3.1267340391688103,1.2980528272318452,9.254626261239428,7.3533737354840305,7.476012364333213,12.591453489362564,24.881632508996244,5.929704622292269,12.399374497890868,3.2505101719442484
0.292133105853371,4.083698150884619,-1.105080463539049,2.799522830506807,-2.0347356645714294,1.49840003990385,8.170752409119537,4.136685587830021,3.9290884752990793,8.739002278121248,18.447824433032523,2.398607777051361,5.897318347614855,1.1639109567554362
5.101924662569554,4.626861736797874,-0.9676295551330591,1.2255035787034645,0.4636372107173132,1.621546383137746,7.892649208605523,1.90614074068736,0.3166289636410839,3.352372481905123,11.759421093778958,-1.912245567802929,0.2331308876364861,-0.6011444873140501
9.580438385922797,6.994183183077271,0.2262507045908552,1.6323437747167482,3.833526152542192,2.1820023827348813,8.362378320660618,0.7341354120297785,-2.0157210995850843,-1.7433649884924876,6.564054742331294,-5.358044214383354,-2.6860548920976357,-1.792161274609585
14.723119069602634,11.168003718785377,2.350580883476466,4.769123927133324,6.4001597934586965,3.14399189674512,8.419089793786764,-0.1698744022324776,-2.8430790922451097,-4.886565627865755,3.934193313354138,-6.325552349027193,-3.1243542106774638,-2.154640192411902
16.772652668913114,12.299247171107506,4.981398975908734,9.396583125181108,6.891986041411,2.9721713690708467,6.757472487007753,-1.2298106971515548,-2.689437430767298,-5.24158715586718,4.097645620039758,-4.253033795450783,-2.2186264652729726,-1.2993909847906515
14.80417241431886,10.613165665302756,7.511277029344263,13.240757878613222,5.801834634306593,1.6397134745517323,3.1025177048073687,-1.926241736198337,-2.0698507230335643,-3.2209815231448307,6.14533994748679,-0.0914548710015683,-0.5667585681919309,1.152191131357606
13.828045175263156,9.629947887857558,9.239480314263218,14.639026581431732,4.983111201684995,0.3865488003540367,-1.443161865273055,-1.474507465511464,-1.145049313553247,-0.3650509526981267,8.111157430278052,4.191318053337671,1.8183263038750253,5.130155400481186
12.82349278284017,8.478280962504597,9.506849770500292,13.47712635019716,5.738246057599991,-1.1076663204093156,-5.214372410623815,-0.004405626308003,0.0136753437977779,1.4359297984494122,7.916084664023458,6.7432528918606245,4.546072263829768,9.714328441737482
10.344553858779102,7.725599380776833,7.960200317313381,10.788302201795378,7.342523974189259,-1.9120508645073604,-7.239023323116706,1.113443018089885,1.0406034025613726,1.0412049787295885,4.792999606510282,6.835209966275992,6.4058417719518825,13.239533356747597
7.0242535906077554,7.931974895261009,4.870767628843483,7.655002976164362,7.616072555336771,-1.766632021307199,-7.820223081457789,0.3374997919187246,1.3396381845703305,-1.218063387838881,0.0199850905360321,5.13578644456124,6.2263953560752086,14.078740980071586
2.683742361626202,4.819679689111172,1.2309193106618954,4.558346983682826,5.079702198755009,-3.274461563544748,-7.987803050774364,-2.5032222013519645,0.6015581868742927,-3.762933199434637,-3.883790641910875,3.1727099412681685,4.136575950053024,11.689226004329395
-2.787242445986688,-1.612953233086176,-1.619492457218775,1.6280558553299254,0.5653755440385142,-6.308608956292346,-8.425315543614923,-5.745569153617145,-0.7714864893524975,-4.864822664022282,-5.027419667660159,2.3593508956878804,1.7083569085583503,7.142214765682558
-4.385164995464259,-4.540102272984129,-2.73131842318766,-0.8009005248444301,-3.346458578919297,-7.033763333576729,-8.906274519581286,-7.112062307309384,-1.8381794260614803,-3.858470434635448,-3.541549972580915,3.1368105931315657,0.639889703293588,2.6243892184595934
-1.6789805216095135,-4.435272664153051,-2.137895152287565,-2.163349944935417,-4.530083229995729,-5.701567892506724,-8.68903947672177,-5.58367704350157,-1.8045850523010545,-1.5700189904683564,-1.2738192841102371,4.709359258835674,1.276305855633174,0.1622776433343782
0.0041352831024107,-2.936618913138255,-0.7902546038286316,-2.256549038064117,-3.030310246224582,-2.2358531072318395,-7.376154521592028,-2.217792100562096,-0.6333868993632228,0.362792649880638,-0.085224331131231,5.579142332914231,2.4909567554600507,0.4372201424277211
1.7612851018033016,1.4333590084865664,0.1585132287375357,-1.7140699835035749,-0.7404469882997597,4.310247355581932,-5.384728559470907,0.7950071686701152,0.939215333255186,0.7379623428325259,-0.33622140794599,4.619470925034799,2.995217695873372,2.500792378023779
2.296417602287655,2.1055321752128555,0.1325848791379242,-1.6915883655822244,0.4380838609999689,6.430473643767025,-3.660888397905605,1.8768713834877195,1.951312232996793,-0.3722063123440819,-0.91990160740208,1.9670955820502376,2.633540992814491,4.525577842498532
0.6261432171036129,-1.2352719401710603,-0.6565228097329854,-2.9596569491891733,0.0454288166169027,3.902032245430752,-3.0049936996534363,1.0221529579796318,1.8653513990501145,-1.8092788750517943,-0.6425442714037697,-0.9989143851749662,2.322538788961509,5.014793218699639
-0.0301354270891196,-3.970108689202122,-1.6379905810998956,-5.268999766453187,-1.1424318276146417,0.6551160401973495,-3.609672734619769,-0.6564478436136891,0.8984670308757066,-2.3078237408546,0.5655128481369776,-2.6709258820456547,2.85712454999873,3.673413447720424
-0.2152806454154657,-7.579518682925371,-2.434049694716282,-7.593241222947316,-2.3948949462295985,-5.096518092685244,-5.05476442330027,-2.005255674567468,-0.0577794409449587,-1.4113577459209683,1.838100498283065,-2.425155861475088,4.01889641739408,1.4573325229143226
-2.389931979500367,-9.053826467230914,-3.0230482741824294,-8.9858875928769,-3.7951157212671167,-6.281477402541167,-6.558889085664542,-2.392963449996484,0.17206601925119,0.384240840677891,2.6056065161616093,-1.0052214821739651,4.936001383308684,-0.1508720035123367
-6.258414592580201,-7.645439312483312,-3.519109279582583,-9.243877524120537,-5.716311752923825,-2.0975503734245398,-7.230725537835257,-1.546333431878654,2.428061044856001,2.2235742071934705,3.3398109136944,0.2067694340057277,5.097693311001111,-0.1817806851640799
-9.306827608835077,-6.909242747825634,-3.972542478511024,-8.853094691190982,-7.812651744547415,1.724492577013626,-6.301568896722613,0.6239705422548774,6.514758501578807,3.552263830754397,4.829735966654406,0.2783903723604783,4.687666238189404,1.08348114026579
-11.823538812439956,-6.007952082310202,-4.426958309780796,-8.401376966683088,-8.87976959890778,6.955325621538356,-3.4438840541646565,3.695755627871313,10.856298353780794,4.24586420550748,6.739027509919614,-0.8408989731308125,3.847335066587849,2.1634196522223554
-12.477233924169704,-5.516509563618844,-5.0205552359133,-8.050654410757266,-7.884358619004907,8.783640300265885,0.8995921667015816,6.384857223388456,13.057481397662364,4.261982241068781,7.204005227249178,-2.765266183265063,1.9442391041565443,1.2777439382332971
-10.576002301419436,-5.980156800659828,-5.825225245520805,-7.47726229288908,-5.067049294706839,6.152146802179041,5.477884152574647,7.034160905471104,11.38952134553888,3.3971020037395103,4.300544077587534,-5.261443820209502,-1.9380672245883428,-2.398550239292008
-9.669336057741802,-5.242361397797422,-6.530442062899868,-6.22486551101022,-1.8689927183396036,4.775454809486641,8.700539344175343,4.919314099304734,6.270140122606202,1.555165283006601,-1.8002357115604344,-8.199267692553295,-7.544972174668665,-7.968798095906484
-9.367488079137656,-3.51500902914358,-6.445136511726993,-4.119838976557918,0.3187671663409107,3.3695167247782702,9.439320961785302,1.177389437588906,0.4149446443974938,-0.7475730545464723,-8.15616113091503,-10.971718624265794,-12.684755122272682,-13.148185792879277
-7.585294592054595,-1.4027164604444582,-5.039711024539141,-1.4277082355034354,1.331670954039339,3.1642998039957213,7.670705526144307,-1.7864545239291116,-2.804504810999637,-2.3320721631350354,-10.850395015700236,-12.262143790644531,-14.379965892939342,-15.567110130799568
-4.850481236821392,1.4917707253669903,-2.573933291433215,1.336686935518215,2.1694748743027144,5.109729752169248,4.529850828963888,-2.114760047381668,-1.7053952293670331,-2.078384485062044,-7.970774858188719,-10.751866891129389,-11.203198520644694,-14.192749884404208
-1.9265431656613448,4.104964159215222,-0.0775435381721905,3.765598128639685,3.816265147134709,5.521538783503546,1.730777978428602,0.0929444240180763,2.530285370172256,0.0962131094169977,-1.2870367146985051,-6.294385582779906,-4.660171159350989,-9.907599104440273
1.4102603726828309,6.374480581064334,1.4697326900910008,5.75511159762457,6.150370771715425,4.848502780832128,0.6839810988350381,3.088883583916528,6.828918877081744,2.9312103714725475,4.8261405738358985,-0.4137312042948292,1.7666337935724514,-4.893730176124008
2.466733968264041,6.932037532264447,2.015178626185649,7.335051754937813,7.973215795218316,3.855687134827903,1.7684212950741625,5.107005955777487,8.495834892008277,4.606498196572476,6.385809279184675,4.502115826063865,5.104540338441158,-1.317139044946689
0.854654165442659,5.320931301405024,2.440320119118604,8.291954472626855,8.041030781129582,1.8871849807123784,4.109135703892348,5.638806282989918,6.890568999494884,4.043216338708746,2.38841549591167,6.730305283758247,4.720031433660849,-0.2243066059845277
0.7190022652902629,3.083324822436558,3.621109980484676,8.05159856238248,6.099348979395058,-0.0410744896957238,6.004558294403014,5.212615979075229,3.3246863860446982,1.6441116534023874,-4.864025337562442,6.199172828215228,2.0925503959461653,-1.2730304570115791
1.519227408148819,-0.2695129848476282,5.482916603514422,6.128543365211171,3.0692688120703364,-1.963180785313388,5.875187220861246,4.238475217742143,-0.3304227707179668,-1.1220398740561124,-11.694135215916011,4.190784632888688,-0.851235575784834,-3.2440102975568457
1.369499578794266,-3.022937070654421,7.044902157369164,2.838564997587844,0.3753515557625335,-3.4605924317655963,3.285127328798136,2.43926705722663,-2.8918380896942684,-2.874505409599373,-15.603410202376846,2.1930915769759256,-3.096669981288703,-4.803466355465744
0.9131983481958112,-4.867264547468263,7.406216556088027,-0.5026704094273604,-0.9592559101225312,-4.254635154045348,-0.6185270360356028,-0.4504314700141512,-4.090077502387393,-3.2171255494763407,-16.598349626734425,0.9884313528207272,-4.58248637205669,-5.041287646077526
-0.1052631501230599,-6.157917500203734,6.613589230863274,-2.3666383024148105,-0.8443559623726675,-4.725517368944421,-3.699128741245537,-3.659989835860336,-4.106907865778197,-2.72121771463637,-16.565322560279114,0.6215401237969704,-5.452549636719867,-3.689836160224196
-1.8995369797253336,-6.29597773218973,5.494210187253766,-2.2900674640980045,-0.0728994264940925,-4.637506060444945,-4.224939290797285,-5.479907139834903,-3.2667957997782056,-2.1972041623209435,-17.44851442801351,0.917069857080322,-5.658840022776536,-1.166924117693673
-2.063762198894072,-6.053587479019188,4.69487781709404,-1.4601805612259766,0.1968173545751601,-4.528733972267065,-2.118171152049629,-4.693218675111554,-2.1345512662478083,-1.9992703344426523,-19.730309367625537,1.7734399560138303,-5.26683678276739,1.527042509736278
-0.5143095523791833,-5.254175823627727,4.045273714849828,-1.852939892552846,-0.8256221812363718,-4.414064528578841,0.9428581727809604,-1.944121243810084,-1.5264647595146936,-1.9113072040081305,-22.29284053564125,2.950110216344136,-4.768484433409931,3.2098718571696576
-1.3266177227860498,-6.263201503701192,2.962306841193594,-4.491485859187548,-2.9822835619601333,-4.273593685716618,2.73323098628227,0.4959490568092581,-2.032411390882599,-1.55021122777136,-23.56890950907176,3.828500605405333,-4.712610127353525,3.2118563307559924
-4.20689873024585,-9.412657881005046,1.3809433735532894,-8.365967858987583,-5.163814175089369,-4.253978983341374,2.0650657619799397,0.5419297997499024,-3.4267857631609253,-0.8236603061826822,-22.902824786581935,3.708778427997647,-4.952841021217923,1.9125503811680176
-5.575569827321422,-10.021557524771405,0.0457377824047684,-11.120103600383736,-6.047338963795047,-4.450251088199475,-0.530623018227498,-1.971526157290008,-4.74215180357027,-0.0728585934051722,-20.996907484563387,2.479080311667084,-4.515903007981736,0.523004872825954
-6.036895392362703,-8.453372028258615,-0.2921758572193882,-11.029188293678056,-5.139612022383206,-4.950931227549542,-3.493497218986682,-5.264475453279994,-5.157324074691038,0.1234440701504349,-19.19900532010946,0.8571315096138141,-2.550433290963836,0.0837742008861077
-4.960865399027425,-5.743501542037902,0.0797439924433343,-8.518023349623252,-3.257969882642315,-5.570270863625409,-5.543593420013736,-7.252038779538119,-4.862306842495197,-0.7082739497726971,-18.395518317245653,-0.2560329487407475,0.4417642992869925,0.5121701505883998
-1.6088338635298154,-0.9069738335857364,-0.1787815779374528,-5.780597252426985,-1.9066291423808448,-6.37306193563514,-6.404745734463686,-7.242956880805863,-4.918997041899772,-2.6332822954353574,-18.51308870461073,-0.7285075047490084,2.444964486596181,0.6984970734442406
-0.4268074183214611,0.5465325029398087,-2.193292524502195,-4.779117365803311,-1.988880386026489,-6.4171411781904055,-6.466369786140104,-6.188242135358254,-6.1459115243383,-5.181352614876072,-18.943140097420244,-1.3566908780359386,1.2994261273081325,-0.2989095281926239
-1.3020760474176147,-1.6957330384223988,-5.506411844734039,-5.450215479736192,-3.0210937525061388,-5.594409093381894,-6.021761140410487,-5.512498727064092,-8.165707894217265,-7.515447094690872,-19.30273379153201,-2.9103470476653825,-3.449768431674485,-2.1191814504874635
-0.3342504924319066,-1.1735104719639764,-8.081274172232781,-5.8210816970250745,-3.648451191250121,-3.707062705712272,-5.036380871060258,-5.860295213493794,-9.679873746755986,-8.9100475444648,-19.70926875293089,-5.060189972332501,-9.863043045714376,-3.287217067076824
1.7282505013797724,1.0983392029777284,-7.894747879121093,-3.963787236956851,-3.0222104468842805,-0.4115709683296825,-3.6368884206203824,-6.8887011126620905,-9.76096887892504,-9.270343711654595,-20.352707740030283,-6.491601535737416,-14.753874619316692,-2.6786884065311085
4.471981927157148,3.945692588270835,-4.74745011132449,0.0594158740162686,-1.6978969135296396,0.9849024660248512,-2.5694851168006654,-7.961420517137025,-8.82136482018637,-9.218141245299623,-20.92052218898633,-6.268609760297861,-15.768494615019536,-0.7961191998241439
8.527701556048086,8.468124106579538,-0.5967455187511952,4.142871452467977,-1.1205690683674543,0.3983763059644774,-2.844459715464992,-8.749003381184723,-8.192278970203034,-9.500980433465529,-20.57338343023536,-5.009662065006028,-12.777976545288308,0.5480212273309331
10.547483319925531,10.181021953909138,1.9585987972519163,6.04725387998304,-2.140809752151889,-1.003031187674858,-4.723000140344266,-9.140694040953342,-8.691980812579526,-10.123145831360038,-18.57173921575549,-4.441667497177043,-7.676039784883075,-0.0616663778967137
10.395966169614407,8.87360017222456,1.709160016387937,5.417764714648584,-3.998931169664554,-4.059616751610889,-7.079303159948502,-8.865658111876968,-9.657447284328295,-10.037437410735995,-14.95514181923393,-5.589874852162469,-2.9879200853314565,-2.239125525852579
9.20977820675346,8.14732392822008,-0.3994002208274532,3.942654874325876,-4.81062560785592,-4.390461289264394,-7.975191868440582,-7.548385974255991,-9.486768439425289,-7.885210308245142,-10.593825130801168,-7.46427300229888,-0.4055767546583126,-4.137390287883781
6.117846798133321,7.044270257515804,-2.330929508626716,3.545717021325242,-3.173941404424387,-1.699810179753827,-6.137822650266719,-5.249909588317622,-7.210511786475932,-3.2958045514288807,-6.529572875469912,-7.775535417574585,-0.0859090310711891,-4.216485023784243
3.204553438312773,5.7553942648933205,-2.740589084915225,4.485217002267097,0.5411757830773887,0.5780543995493757,-2.07355592537467,-2.774502767330052,-3.554061504606211,2.418952422793222,-3.200451817958051,-5.153790799442338,-0.8511855237956345,-2.6897151716718275
0.5005103343179721,4.755378925308613,-1.82724379524488,5.302503690499821,4.380719845885058,3.4495408176575078,2.2237203134654187,-1.162974634156137,-0.438458994665643,6.940239483905478,-0.2401172657516515,-0.6944595538221603,-0.9945612616440984,-1.2561677332500678
-1.141799049727826,3.4725124668925127,-0.6584998248227865,4.637034997841935,6.31703162448898,4.350567057394651,4.775974520838668,-0.734573946048175,0.6245769586751555,8.545256737612764,3.0107356384930526,2.794085402770891,0.7010190173361499,-1.4339354309817294
-1.072077840658045,2.1282184174449723,0.1197748318171999,2.977458350387865,5.797160580926514,2.640676246748422,5.050255408272653,-0.6785145128819096,-0.2389969037299388,7.320027444903675,6.802435659047276,3.2266227309633275,4.18081746994789,-3.1017985879257046
-0.8165894897765091,1.709388465294657,0.8098372829832662,2.4682218501377022,4.061043709090125,2.3577270525980145,4.108178226293749,0.2663662032400682,-1.475724575228425,4.987617078842444,10.739924718228815,1.087038344822286,8.068717955112355,-4.549139563891499
0.0791816748458563,2.305225684378066,1.9941757906419184,4.873484468120751,3.031096595854732,2.878534780054724,3.4383002919057097,2.612565611817102,-1.451651347097911,3.571822494825317,14.184566084238124,-1.0167483652764042,10.556657686344485,-3.886966294476171
1.1651167416950443,3.0784492552243434,3.5380377527794877,9.670844245052391,3.7417984315114414,3.3698798229863742,3.5967271808440677,5.5485276883494965,0.3290643362597465,4.054928388994291,16.855938132846024,-0.6268532373092177,10.736406267610208,-0.5381845908787399
2.2555470544250933,4.280993050808086,4.423795879198892,14.130551274629592,5.588359082357835,4.49468382300022,3.877402303150297,7.556991897961093,3.1104333414825285,6.024612868666331,19.05160184468677,2.5392938572296253,9.336949695970482,4.378743174786415
2.77509738507411,4.482209876543029,3.6388223749248687,15.33174534958147,6.93852539922541,4.204637367009227,3.2135054371005416,7.677246877039229,5.736648691717639,8.32564792513323,21.32799065965424,6.506361516313667,8.153153813637534,8.922439037601032
2.453193983098949,3.447576236473914,1.209107899948549,12.31968362852061,6.517547054130894,2.4044101663314805,1.3567046429746643,6.294138128646166,7.526656537212362,9.950146030642836,24.00508897374023,8.768812450572543,8.552889328358194,11.630777970429111
1.6173112084689991,2.439694538816126,-1.6785314631616952,6.637416514164245,4.388357531208479,1.3485823251724411,-0.8192621295391938,4.809582998962634,8.43039974617211,10.45284120074699,26.943693433316135,8.209854799846436,10.33425585940516,12.238306256403174
-0.0232296433560975,1.0647254535603132,-3.6036122223256246,1.019829603515552,1.7691001178868526,0.6703125297819741,-2.142693538678299,4.528320614983662,8.574616891463897,9.809648341529323,29.669212471982046,5.675731816550601,11.938571096842695,11.404154322978412
-0.9799177648866272,0.5254859758141057,-4.019330221219577,-2.488181923820365,-0.0452430975768687,0.162964780825483,-2.247797518407878,5.687065468191768,7.873227260211607,8.124527006069965,31.56542056357814,2.9868762942605755,11.79499652280041,9.883193016208857
-1.185834937592329,1.0648334292270143,-3.553553169588435,-3.57006028429342,-0.6720273103533028,0.2246033670113363,-1.8690733249046847,7.355004153655125,6.154153061913917,5.54207206752737,31.94311801803524,1.4284833151269103,9.572421780729648,7.966142342356479
-1.6181977529189298,0.6991947049542722,-3.30621041401297,-3.3695964202705584,-0.755827128438658,-0.1094018556216951,-2.0496253595132163,8.223162804668576,3.603766175964204,2.3693539861545707,30.141401864285022,0.9712611262883136,6.299009876716006,5.656093316300117
-1.9349204105008544,-0.3175360720345676,-3.822515125009977,-3.4374042059230843,-1.271897279935351,-0.786197295101454,-3.028582812432627,7.651112108087477,0.9833779358637736,-0.8162482324394293,25.91433381502443,0.6805233728098405,3.4228902538219863,3.2600133101019857
-2.06278929251199,-1.9036313613885465,-4.620873423298814,-4.701711050143009,-2.740462510607986,-1.274319275859862,-3.848783774740693,6.1720851074149685,-0.6602501188458492,-3.243077560825098,19.960160212419435,-0.21606383069998,1.7778188835303776,1.6108003315328876
-2.070426686134006,-4.451562445103947,-4.614720252760924,-6.981408961517643,-4.96578570293107,-1.7414141786572606,-3.0445331987645927,5.055066507805102,-0.5708766627511022,-4.21145565128132,14.010488059358764,-1.5565660819911988,1.2786803813292238,1.5038158495079514
-1.2309232751402903,-5.010936789053258,-3.033240524878976,-9.167249260730625,-7.292959728591885,-1.1805248708264802,0.171757318603559,5.235550598395188,1.2743038985995856,-3.452721412108902,10.054960783108818,-2.370404973917328,1.3349021725333454,2.822323402322517
0.5276948805096824,-3.467282448693189,-0.0960030704567884,-9.917402647276962,-8.95032722551194,0.5680139419197514,5.16913731886366,6.461325639329655,4.086075362679725,-1.4196415497631325,9.071642179665474,-1.7385838586530022,1.3815644961708964,4.312039266825221
1.599372628493086,-1.7161965741507423,3.079328172122613,-8.489460070365238,-9.20752863977784,1.986983663039292,10.131557928298136,7.39706942657144,6.532542591410767,0.7215732425129406,10.292728963047452,0.3527139182693819,1.0923531752443,4.445546794064237
2.06075801267866,0.9227173603636166,5.258348492550199,-5.205873109260306,-7.497390379764721,3.286253915458837,13.066158655946518,6.673636279980166,7.276566353051211,1.5851868733119487,11.769147043330015,2.888989956235334,0.3556020478047967,2.7361170269912662
2.134228067169631,1.609859894508123,5.946375230903352,-1.2302743702820242,-3.745244809378752,3.3211060177424336,12.919087167367744,4.040391026262708,5.676087400958052,0.4303661977675861,11.890964324212504,4.562854996525397,-0.7106793191931775,0.3006786462374435
1.438821504197849,-0.0858961692843747,5.63750632563181,2.1702317948951397,1.2216844871786916,1.6748155289824058,10.13885166412063,0.640965737928356,2.347311940223306,-2.152596017829701,10.60833430494447,4.780943113758362,-1.6999083140977571,-0.9512627537480752
1.5341462604006408,-1.1069410934981108,5.26497544953229,4.291920917310693,5.680512586634256,1.5843848329616232,6.376630640562464,-1.8291433015506204,-0.8951753059014991,-4.39850211250875,9.307053411673806,4.0988277361127246,-2.063390144389412,0.088006921909165
2.4294152452089888,-2.150314522973493,5.344595977452203,5.114682058169456,7.777409441810804,2.8336226232634565,3.495271113973649,-2.361782009959476,-1.976993015423912,-4.499100536849269,9.493877796325313,3.684327578302448,-1.5286268797328102,2.672999308921684
1.898221819054121,-1.8068489324377448,5.581929809615913,4.952839212596484,6.734512963659611,3.29080639850583,2.47455477028897,-1.2590908964836705,0.0571316130009607,-1.979504550747408,11.498489802204851,4.226542886154839,-0.4405825255581383,4.625901559352162
0.1369660302034315,0.5095062154105368,5.27863175326511,4.128477314676694,3.605427056295455,3.502785690128423,2.911555583424857,0.2573448243187552,4.224679323392964,1.8087535969852988,14.30283035086018,5.226403746777338,0.3991312151041271,3.978695972656249
-2.0466395291658084,2.152885072017599,4.107171510985657,2.983757601987864,0.8085269524401748,1.6685603722152975,3.461408762345232,0.9750292413901792,8.103037385502276,4.602000787415905,16.497297666254184,5.334645407098151,0.3583793596134743,0.5817612086478743
-5.082049832932445,3.5487280566600403,2.4717952433422044,2.019277141109706,0.5388208095345566,-2.6937577311314804,2.898313174438464,0.3673143061059996,9.402891171427129,4.877703288975928,17.353021542282615,3.5203202319555817,-0.4958052460878832,-3.6350802506237496
-6.033802517462843,3.962692996904855,1.107214869765861,1.7294270784325665,3.133939547578505,-4.653281572417352,0.994494009491703,-1.3437498723720642,7.475643096177055,2.894206200344666,17.053431658639013,0.0854466210679314,-1.4867154137361744,-6.090216065440181
-4.608890441310615,2.846005728022296,0.3543193085756444,2.108091697542965,6.686814741289238,-4.457753771940948,-1.4329739133322992,-3.506910286881656,3.640364980235272,0.2896320938793657,16.10086640687021,-3.3982360420441413,-1.947639794371289,-5.649201318039268
-4.138099724838116,2.2326250502689358,-0.1267064833596105,2.358620911565785,8.33900639988559,-3.5548797839863444,-3.266521939438733,-5.350480175551393,0.1544018640126943,-1.311421229136867,14.737768113735523,-5.252230394760352,-1.7510475693399874,-3.671294308620821
-3.992828146650193,1.8323397894949167,-0.9203410173506724,1.3327165644330776,6.350610728350119,-0.8728620208887363,-3.9491817423497633,-6.174385077419306,-1.331632203222643,-1.42733494584812,13.049519604433495,-4.985962257475597,-1.262387635210974,-2.9507969232813807
-3.3831571405797622,0.500503191653183,-2.1711085923994737,-1.4711575644773784,1.3506095385950854,0.3420889139656446,-3.761660957148495,-5.571725200885513,-0.7157248308796529,-0.7267992969796797,11.486695873610898,-3.592913906567002,-0.86838080130347,-5.245674877823641
-2.7908579927642965,-1.500461281081411,-3.3694887052900846,-5.207489676691841,-4.202274636304626,-0.0507011660528546,-3.3843880420389887,-3.708443261922385,0.7683228106960946,-0.1665903890973421,10.934194550333954,-2.585684722083041,-0.6437466573917359,-9.486524856645769
-0.5712855759776783,-4.343436792210269,-3.815581001137316,-8.030798848574657,-7.852231689819915,-0.3089075306959892,-3.2276208972877463,-1.4013122358323855,1.6087918138152464,-0.1958786105938976,11.903331374702049,-2.6504381855191763,-0.4647368625355632,-12.391781561053271
3.420749725279383,-8.231242361977465,-3.273189096403822,-8.34515688526994,-8.751337435825434,-1.1954448064803591,-3.146128436863308,0.2687966147629304,1.0929474755076,-0.6488640946977426,13.50993663200655,-3.1491331115192125,-0.3152898007984603,-11.146446546925445
4.377438951632466,-9.653206945215192,-2.172058111696483,-5.977487689208168,-7.836925715942936,-1.2304881592048182,-2.7444457646398845,0.6635476979071306,-0.3286484475866693,-1.151565388211786,13.443325601143435,-2.8989789745969503,-0.3488157670220069,-5.845521173899339
2.32626225797668,-8.40010925680063,-1.2154343684945044,-2.332407573011549,-6.685154040899029,-0.2141711140016695,-1.930748120542724,0.0524711697756004,-1.5628966409945733,-1.479954623664362,9.399179380801227,-1.450583929593396,-0.6466453585048306,0.4939802969820199
0.4541274552017801,-7.485931880127032,-0.8334193686136437,0.5550647343103616,-6.184006229513887,1.290637107498193,-1.1541758151596344,-0.63310712864644,-1.814214263694831,-1.5877646129950644,1.0326492027693046,0.3768398671631665,-1.0286699282044651,4.361314256305944
-2.238303094160329,-6.125342633039191,-0.987592624608137,1.302465668264274,-6.069998268370339,3.720335111966631,-1.0390545697090143,-0.6072457007706031,-1.1834868608260225,-1.4681205436214757,-9.246498646488115,1.2148265574122892,-1.182306966004763,4.42608319366369
-2.8366237780548604,-4.577471199137972,-1.3882378001351263,-0.0889383598538167,-5.439751614675522,4.538408230303444,-1.6889774809104097,0.1209328011888999,-0.455879161227525,-1.10225309834075,-17.537442781085254,0.4249388884297644,-0.9340868137591478,2.1700849749255102
-0.714863645759542,-3.2575968715217134,-1.7725418966306066,-2.3900638216884342,-3.5881585003715664,3.5838382929444617,-2.313722130881839,0.8706116013368295,-0.30043677339488,-0.5172875377223303,-20.985027433956127,-1.2780236444999638,-0.308844088086996,0.1940867335637968
-0.8197673915079721,-0.0942130722517766,-1.949603088935035,-3.909425689316352,-0.5231244948035414,2.7489795151604106,-1.6711153088205126,1.052131879791819,-0.6376312773830133,0.1717410593655337,-19.68905358541919,-2.4384598392876384,0.6434558303009208,-0.037366564335322
-2.531291605009214,4.852434444167232,-1.7021082016154354,-3.385459155162687,3.0262726023287883,1.4447655701902236,0.8606702162074162,0.7739332608764702,-0.7922489243707229,0.7756385160445305,-16.535946514561935,-2.1328805620208677,1.8967690698493893,0.9419953268973212
-2.617533197534061,6.950436230678813,-0.8443073738624269,-0.6407071118542715,5.962792546963155,1.562681863757603,4.439744224747889,0.6492503772581601,-0.3012855206472844,1.0506563669549234,-15.125677369686672,-0.7511707446502491,3.174815511985553,1.530900578720738
-1.7521282075012707,6.251105250142121,0.4993352922871814,3.244136094240501,7.352866015158623,3.4853018916461327,7.0210008211595,1.016857081650917,0.4293272120732769,0.749447734448724,-17.384088708893323,0.3804367943714695,3.701941020401165,0.6151235370322023
1.232498909178985,4.913262892659493,1.7180034980671923,6.401904258059609,6.94894495674988,3.643258411722876,6.763817624063371,1.4592849290777323,0.3485158582263654,-0.201749508108298,-22.548361349667587,0.1652869544526005,2.516684663924812,-1.626070662382899
7.008163387586112,1.8852728743986704,1.9985145739479488,7.211560530160227,5.403290256281357,2.3912553120154296,3.562462333272548,1.218250886292065,-1.227570964880016,-1.457192885379973,-28.03736580885492,-1.3224019832709857,-0.6737377384023517,-4.059132588729323
8.209129110562337,0.2253628950506512,0.9781151987152104,5.3493864314838575,3.910698164927004,0.4032259898819298,-0.6412087943754603,0.1218703351847168,-3.726119980037174,-2.229335590415157,-31.319203803771003,-2.883157511705406,-4.863417399897202,-5.503348901056061
4.757180809814656,0.2569561006174568,-0.8067849970737697,2.0706742034800456,3.399557091271557,-3.033610733617101,-3.2166553179206883,-0.9948606819005033,-5.47114009487556,-1.7146756300604604,-31.355541463747528,-3.1421667807643026,-8.108274244794263,-5.433675177013008
1.2559948408226689,0.023658665716345,-2.199209331368817,-0.6464316081962629,3.844389525420345,-4.598105112404016,-2.8875072928390324,-0.9350980341152848,-4.915014461227088,0.2444282925883882,-28.798630560987995,-1.6183349094937682,-8.756610059451596,-4.117358562396671
-3.902093906880715,0.3187324832562432,-2.313722914808221,-1.539531466484032,4.287428859523402,-4.149415476666006,-0.7560024510669585,0.7008863142497503,-1.9825826028108509,2.8358846011603944,-25.185100225343003,0.9095066877871112,-6.555204221242342,-2.273943673312896
-4.7975942449470725,0.8584198733016353,-1.2926203666294818,-0.9204336688322226,3.602060932284246,-3.404583384403709,0.6395618983746107,2.989948431302768,1.6381592496053017,4.677166721834407,-21.983697105867297,2.976248511438911,-2.7312277141262165,-0.5611321703328951
-0.4492913748472688,1.531585065127868,-0.2122978932178671,-0.2019973403160584,1.4081329132257174,-1.5604433904918336,-0.48621638427832,4.365413174228024,3.593147437851556,4.691750831263796,-20.134071942453076,3.4666530845411767,0.8809299975486606,0.7841556817900912
1.8259307755598333,1.3100878372778737,-0.1600735607580574,-0.5162672246085744,-1.5598654729038195,-1.0786902242697956,-3.5779355040440723,3.906200342237749,2.5249723776956454,2.770053976344112,-20.053043300661308,2.332904943142305,2.814552544840325,1.9291243598341128
3.4224118463085658,-0.0184549190565146,-1.271483523203507,-1.6922794944253674,-3.859251519361069,-2.2301937318850604,-6.139681648672877,2.066914261854441,-0.9985370263613812,-0.2741150559258951,-21.699162215886204,0.5064995928825908,2.377633299404925,3.093469837919608
4.139774568752744,-0.5888210469498618,-2.5790383345088195,-2.516898147443621,-4.18186508718304,-1.8109647574726715,-5.815265272706654,0.2337202216909553,-4.972344584668699,-3.3062142924823217,-24.482766279228763,-0.8433939086216444,-0.380790580607556,4.195929309571337
2.743659028991453,-0.6238972036454543,-2.803928806666896,-1.966195419544725,-2.0910677468883314,-0.2998372091455581,-2.386978451041415,-0.4292905961531907,-7.388425894845078,-5.465250347935687,-27.237580349363306,-1.082189410920105,-4.635223935925973,4.86866657404045
3.9532891733737694,0.3169711759864394,-1.3961613804872908,-0.189637307778522,1.7026449302829896,2.272064755759754,1.990424437895637,0.1745073609387777,-7.462705412756376,-6.342881388735437,-28.56372117532649,-0.3450453889426974,-8.64162873949444,4.871048738188147
7.558312329443497,2.665886031736984,1.050313518974214,1.6556715204607857,5.600439667049713,6.515455983135039,4.473149225308138,1.162340646384381,-5.819209078733097,-5.83615559264487,-27.48305188071158,0.8257186236055318,-10.078669385571924,4.497309954906978
8.673598983454973,3.268173700407144,3.2939731460163344,2.4541868890541245,7.795108805227656,7.087623999615177,3.6762916407250295,1.4742723265316098,-3.730404601933536,-4.044749583580163,-23.95084379673836,2.0022654951057266,-7.271215205527543,4.498341578383784
7.944417170357541,2.1590154656066978,4.371528187043332,1.9933651853755272,7.135485837047877,3.756182227203986,0.5445158744247252,0.6595197980574419,-2.1867940488427777,-1.3884311312091473,-18.818420699348263,3.0605558499345342,-0.665787920630379,5.466865904649609
6.0649088505613,1.1134414182811785,4.200588527486556,0.90303155722669,3.807884476625052,0.5228222436187845,-2.602836530933299,-0.9292980351944368,-1.4738360305204434,1.282861861436448,-13.305986982364711,3.959115352813996,6.812071140884331,7.194579680447536
2.0934354942612847,-0.5315288816739394,3.475245071009148,-0.0537675542729658,-0.585521756394126,-3.8048894200994097,-3.8769386634918206,-2.563567218669469,-1.3381040816604362,2.931314391575704,-8.427679972855401,4.469569363118293,11.295592127356452,8.643807671435116
0.771398968097127,-0.6503499346336858,3.0578666187098698,-0.5068357295180554,-3.764651195540111,-5.027982337334127,-2.9807114911556685,-3.7607435934177857,-1.3737566207771152,2.927803940779654,-4.744984222989046,4.24877056991976,10.548889355050523,8.687548763409975
2.274343947736628,1.0975764063047897,3.3705503925000926,-0.403132906929045,-4.055257015615041,-2.28160752741561,-1.0097862668252198,-4.59098489636737,-1.2912189202227855,1.5437330297821958,-2.443608904583062,3.234673464416474,5.564107626203334,7.050867307113418
2.928839985076533,2.7350945372146,4.1725842490824085,0.3029302695896199,-1.4731225763970102,-0.745928732113038,0.6281786704757515,-5.443670292964416,-1.0193349190070613,-0.1705744221619625,-1.4729899541810525,1.9380822019944648,-0.2140497937150627,4.60448012586221
3.744658423598748,4.819166037449524,4.794014604619676,1.6282606285720007,2.185724399085071,0.6630517499512794,1.1636090984707437,-6.469719506305051,-0.7308219993538607,-1.1231439312541198,-1.5679183103934091,1.2292571012973532,-3.4592967887638157,2.6641573466994157
3.1180975665360564,4.967662721116571,4.6279407399849575,3.212704433256434,4.461993680241939,0.8523047128660115,0.6846468947545254,-7.211680777397163,-0.780928904215056,-0.9413441670803168,-2.212118522486545,1.6820461210477156,-3.2177501171180616,1.855156108202685
0.4368048660469152,2.713652047077137,3.563583729748604,4.21403625174025,3.8753622177184814,-1.086909744091648,-0.2337949263844478,-6.8347552958519735,-1.4685562830124257,-0.1077402763518087,-2.702333141891234,2.9976508409753464,-1.0844195960476064,1.5733328908749975
-1.1981827729895946,-0.1566850488414269,2.0772456257627283,3.828357252977256,0.9073168992657656,-1.8856028637466635,-1.0040030527737684,-4.8742217502385685,-2.6830890585651304,0.5964124556200616,-2.365865146073848,4.040970886216179,0.5676497378428706,0.5865052713786483
-2.220682188583682,-4.368928854855387,0.9005816239251025,2.0517713877353607,-2.4463865247404577,-1.9825651448182289,-1.294898164606721,-1.8874941440552175,-3.7427162974257104,0.7744364237074404,-0.8323021102207271,3.561844990235421,0.5708225409772041,-1.7415922380582067
-3.790464443736311,-6.1560916146513245,0.4873283011083806,-0.1371864415124832,-4.207151859273655,-1.915994561905307,-1.1025550197151863,0.6572088420851099,-3.7200596349334383,0.6226899607001819,1.7898509907717646,1.1265921005666275,-0.4612051867807505,-4.738368415698092
-5.431923858995594,-5.064288695958167,0.6775533959707971,-1.5158853466829818,-3.795811862167589,-1.1156264464188064,-0.7205702939561718,1.3365954121038597,-2.167606967068517,0.5968387588118702,4.925568261340128,-2.427093636002688,-1.0857437929711615,-6.896635610509673
-8.098846627409058,-3.639948520904374,0.8167772504049591,-1.685840388589865,-2.191707647913738,-1.301421157592367,-0.6215138293611044,-0.1333741327125572,0.2965775020534202,0.9480187063897638,7.738616178495452,-5.424504448448662,-0.3550086065808369,-7.102842859463227
-11.963698233953368,-0.8621631720533303,0.2069566760232479,-1.476364655315212,-0.8863123335590632,-2.496451676523104,-1.2330941434544247,-2.6196960713890114,2.132723073210432,1.503598444614278,9.446244022032456,-6.49706911839823,1.5807151022906432,-5.524972513523984
-13.826257355490611,-0.0735826429515498,-1.4894636160699424,-2.261968018625673,-0.6628588698758797,-2.7893295470612416,-2.6917355600290023,-4.446267974311079,1.8426694286439904,1.724646990380574,9.602417813858214,-5.69301486980665,3.709604458613562,-3.4623492070150785
-13.701366889661283,-1.7300073822091593,-4.145018974963998,-4.754377219765743,-1.23261548537781,-2.453093597253962,-4.732648208392872,-4.740569077977909,-0.8640224578794911,0.924829133208366,8.23202622273241,-4.6689576265693695,4.704077655968254,-2.426862259934161
-14.22094811639154,-3.31779322254014,-7.281176933396363,-8.278309423540284,-1.8344378796786192,-1.0801536939541838,-6.793224933895111,-4.085925452980984,-4.619238259718296,-1.3565331678372416,5.803341960197699,-5.589941966501138,3.4446364804673486,-3.268702666680438
-14.773891882119631,-5.729603518078789,-10.182836452446676,-11.099057817730117,-2.0316000571704578,1.751254095320904,-8.252164079018291,-3.8713673387876577,-7.146110287590801,-4.862676326018553,3.114858885880187,-9.349703572435066,-0.4024611512526235,-5.870117895199708
-14.977831854551848,-6.393210926061751,-11.99421121293696,-11.526718636241988,-1.943843317954105,2.151491623871691,-8.66851478719218,-4.888474051293503,-6.786199405456115,-8.359561068163181,1.14115005979124,-14.478289639260552,-5.833622137305387,-9.329714223021073
-15.184431152745418,-4.868265472573184,-11.98383525592122,-9.00444352229988,-1.8848732997841935,0.0626037198919391,-7.941075846592073,-6.44314291810234,-3.70514857499022,-10.088117879721498,0.7927748565302863,-17.837537580310013,-10.5550597242309,-12.336690683638157
-12.318745748716912,-3.25277404496311,-10.011397748967427,-4.489856154662502,-1.9666110207817704,-2.6995775358390577,-6.363076079830396,-6.829713607813935,0.1859983268639822,-8.889884721291674,2.572356099500265,-16.850285309022002,-12.1068781930649,-13.629245375149024
-6.12937729673116,-0.8304887217989136,-6.8416959197791085,0.064557383963737,-2.1105360787062057,-7.053757693536417,-4.5261820711948255,-4.8027862853120205,2.622905627672957,-5.164440959870188,6.281057517337832,-11.586976002025938,-9.567282830156866,-12.544367941161887
-2.5650817163359085,0.2048421045024206,-3.8596293998938966,2.8097104103762724,-2.335071106936426,-8.162168233671128,-3.0265839509998385,-0.7620056647295206,2.685119254485796,-0.7061569402532815,11.039350068393968,-4.909249629553352,-4.444203689804308,-9.44865783945981
-1.2477232962791796,-0.5328162862568109,-2.213319104799046,3.0390723818804712,-2.8680770826566224,-5.543716048476327,-2.0718450464285603,3.4136201781429865,1.4747296487876778,2.58319090947705,15.710698960907648,-0.3897836262385006,0.2511674717848287,-5.657766297214133
-1.0702496413160671,-0.7408889245561325,-2.029461067406448,1.531892003044856,-3.887554069879148,-2.587759688906003,-1.2834185264368347,5.77279715060312,1.1915650522402164,3.993035257799857,19.471119133549845,0.340665496307059,2.180499556531524,-2.730632120859152
-3.361509206288545,-0.9854521268718052,-2.403511335399781,-0.0554184107683219,-5.17297350234424,1.9470849316654315,0.0304105923010844,5.754089129193797,3.289231841486533,4.165355408232356,22.112244974330128,-1.3789389115859052,1.2902708486845054,-1.5819585467223067
-2.5405496763528737,-0.636815455889253,-2.2034999408251714,-0.3681346826327782,-6.101990618377297,3.610335565620978,2.222107585634504,4.485866938560783,7.188636767499862,4.12501750621308,23.89389855068443,-2.61746175532306,-0.5159387286944757,-2.0575441412365763
1.5373816905232658,0.6756408354295501,-0.9763064462179188,0.7459716250854385,-6.090433725559965,1.7225170051496923,4.797514252123364,3.725700786899017,10.630878586961664,4.274389196943519,25.14623272760226,-1.328604280337098,-1.2417019039460602,-3.189922011925688
4.412762398197789,1.1198363982655772,0.8198436000726232,2.298871031675519,-5.105876848212963,-0.3155530717361267,6.604224354400367,4.392127526136347,11.420793858513669,4.304834305095156,25.961353026127007,2.20824664078382,-0.4271341136728388,-3.772945169688027
7.21476838368636,0.8693060005558737,2.360266796556824,3.105067742776328,-3.760278081861141,-3.7336548738363473,6.707488737478016,5.934334605231303,9.137921171453874,3.8580899308502423,26.1349261535096,6.007119063322923,0.8473049740593126,-2.807600811472163
8.232424823911892,0.8275187162182026,3.180383892922195,2.7865572263970666,-2.841526197399832,-4.436248746017221,5.2541976234633925,7.001544637499701,5.409348798545358,3.016633746822066,25.29529749148616,8.213612328038769,1.3225144481208808,0.2278467405641535
6.688337436202239,0.6891612197082537,3.443350078281128,2.005118964852336,-2.6540617092573457,-1.7796847875019175,3.5032794079952296,6.736889707897453,2.575935781554972,2.1126101686327816,23.137267217375644,8.457532671606593,0.8061615814071326,5.075191636914628
8.111666907711507,1.1785951092263247,3.66068912209389,1.8116136702004733,-2.7458100332394717,0.6774595691671167,2.88448716282013,5.524010916961453,1.945006412868264,1.277022399128088,19.72712433864712,7.75672123542402,0.1615176775155955,10.433326621924111
12.199775299797537,2.4578681478728277,4.266086606450435,2.767440461039825,-2.291557916583809,4.029182547140668,3.8566266379546894,4.566034533480735,3.090028900789367,0.4220393725513216,15.745860422421584,7.4117566030259665,0.2757634950241527,14.214575030935771
14.061126611875409,2.9942733933209533,5.403107105065734,4.58501666396745,-0.8302365068882325,5.267021645005707,5.577930367131234,4.748971796703197,4.612400304390723,-0.3213202827686117,12.365643344057675,8.02735495858536,1.182236607809997,14.60663241277111
14.53609453072568,2.9117777557510074,6.919860706059872,6.448860711822528,1.2793630745620463,3.735843762796695,6.681779076197044,5.858077649558025,5.46120127227495,-0.3841303129581166,10.588117691413874,9.35784147462202,2.1595585318549926,11.396809348218998
12.069846728284183,2.7460894595380894,8.389303809262604,7.581207808458162,3.0865239668875804,3.721083935531627,6.429841233488657,6.834044818876475,5.5605141504418985,0.7596410767786228,10.394938170553765,10.782593526562628,2.528883367758433,6.419601061858741
5.594485937573086,2.2002212184214422,9.155303403564366,7.566253430621556,3.755693818168208,4.495946325555888,5.189360121169933,6.754761649794465,5.348113942732295,2.814004565018868,10.473554181433226,11.774715021053554,2.2264272248277197,2.4676215984258025
2.7579699846586605,1.3628556446498492,8.586803858776136,6.350940060351485,3.1297131377285066,4.222995211617896,3.870098506949322,5.569818341381848,4.930035244731,4.491789972872064,8.97876205952564,11.984540841247629,1.6173798958883123,1.3124935758993417
3.340618237638658,0.2298341029924139,6.542260921489492,4.153836396175231,1.6973179299880297,3.4715222800836445,2.9607486725257246,3.9159224193305686,3.800742857001144,4.3374703398791805,4.873274227987419,11.07933161029532,0.9001225981783332,2.3988540451365887
2.884671863600888,-1.915944457904547,3.668191969120999,1.4286677002109105,0.0970847110340784,0.2914204406896591,2.1379457057297344,2.293168225885097,1.3555857653063068,1.8878106040672973,-1.265790867493294,8.710207796592107,-0.1431107550448178,3.343852704307997
2.903925449099245,-5.139429213303282,1.1062127795983514,-1.211939933877101,-1.2956579285169347,-5.742617911857661,0.7894741309562701,0.5165333732575821,-2.4039585439206963,-1.9088357869288544,-7.702833322927477,4.777292823829672,-1.7450834421037218,1.9009151521962853
1.689357154023122,-6.148555555755446,-0.3151024548539354,-3.221533916964388,-2.321978168275457,-7.069518782322479,-1.1293375732726734,-1.9574414553650945,-6.671593571712011,-5.425574248030371,-12.840062655716132,-0.2117521315876036,-3.565431738475146,-2.1674740549189977
-1.3331344296515246,-4.843016017722028,-0.7263265642480157,-4.365997698082818,-2.711921987810678,-3.6748532433329406,-2.7933242623915757,-5.167875165009123,-10.261739339081265,-7.552093448576338,-16.149745799758566,-5.077230403871489,-4.636371419100996,-6.775135589261394
-1.9720865374786896,-2.6061415995150257,-1.032469869218147,-4.736271108566635,-1.9917854511120243,0.6223598105467478,-3.085852006075944,-8.183532541997158,-12.221958267305142,-8.246442440594125,-17.957318980549466,-8.405464408828665,-4.034179292655091,-8.980243653186777
-0.5336429459085469,1.3980995811793782,-1.9785707366568597,-4.489457541358192,0.121783569557051,7.540349634716938,-1.5472659049737685,-9.602557320570034,-12.180276758173692,-8.027408256659054,-18.495676431995207,-9.291248680679288,-1.704210054652492,-7.127190081046566
0.0730556399646055,3.510445635204716,-3.338807502853569,-3.609952516746629,3.1883607015046103,9.739786033627862,1.150449745827368,-8.632500280338572,-10.341203291330986,-7.075091532483816,-17.390622393369952,-7.889085820267912,1.3457253606566066,-2.127247583843172
0.524246580962788,3.4473239655521875,-4.07343376077581,-1.998752123871752,6.01343907074515,6.373713428389425,3.619218018404292,-5.776248903658427,-7.304842411419131,-4.964698274288484,-14.227762106855074,-5.353566546507881,3.707432954626235,3.003321191819822
-0.7014387324788179,3.3930733036153726,-3.3593984539494173,0.180463478653321,7.377651079210651,3.980967426280128,4.719781666508229,-2.4997784394001528,-3.842449593084,-1.3264308765940225,-9.61518725769217,-3.170143200863718,4.533542274670587,5.052643520363736
-4.205698107640261,2.42197312489233,-1.4695430530797573,2.3323430479013023,7.027746945930756,0.7701820094069001,4.306644926172343,-0.1809763525033627,-0.6422726588918994,3.316216347273384,-5.48971005221982,-2.3193013904927344,4.002934353939359,2.7366827169023207
-5.241062057917971,2.7915143437974965,0.4404055278833603,3.755247447223301,6.038961934775408,-0.6279772910548413,3.1962580447142277,0.7531777522943202,1.925612218705192,7.507001344194446,-4.04396407496494,-2.820551618706844,2.993777765669634,-2.3733854869939126
-4.058029699518769,4.806271842798486,1.4684210594341565,4.2445946021101975,6.07637015094979,0.8323155837312046,2.4338295275950976,0.8400415714893619,3.8593699625793993,9.755906098463596,-6.015092136698543,-3.90204265388428,2.365750299521217,-6.821024567286939
-0.7443507894597401,7.747471070996001,1.841217017606624,4.366061461709215,8.021262396821829,1.974303350329808,2.4652669217891976,0.8764008556645351,5.282645810955467,9.524181905340596,-9.84846288953636,-4.591784689495576,2.4806154017081887,-7.575201301302929
5.853179335464738,12.306011068475494,2.551877753901,5.016725172446705,11.063009901090023,3.72358478727889,2.8486674776661243,1.2038214494586157,6.080083182922554,7.385722117137266,-12.648426403028132,-4.282751037291321,3.2170658949158195,-4.09992727388315
8.751512307477672,13.624304142197357,4.087122359788621,6.571943752718321,13.08031307190838,4.024786710678906,2.681011966513074,1.571538012353752,5.798194476321518,4.363926696399924,-12.31806596913665,-2.9341659087713694,4.246388373983045,1.3643960633091243
7.853425779586663,11.408619062659705,5.624772529078108,8.380655663152702,12.117383296395952,2.3505257540174678,1.3563498842425543,1.5630216307369107,4.045228398674549,1.274752660738553,-9.189765298774937,-0.8960405330308667,5.237185152528614,5.573963371854433
5.675198929961532,7.647486549523659,5.680754734014403,9.12731757091366,7.847646765705649,-1.210186141094329,-0.9454007632384976,1.0954958621466506,1.14381121889142,-1.2824601096277064,-5.752745886959703,1.393735405595093,5.929995927235437,6.7298089888828105
0.5130453659377922,1.046148817716032,3.661410026230168,7.825231856004452,1.8968986697207484,-7.483409431736819,-3.369795165273094,0.542480231550968,-1.5963158096040395,-2.57037316519327,-4.598765601164059,3.586889756563897,6.2379539598919145,5.623347255051913
-0.7858066162189753,-1.6645799555722696,0.7147516019480964,4.641338221410649,-3.20613488825639,-9.703853205475244,-4.936627486096464,0.4488348664457025,-2.460957710221804,-1.7848984277598134,-6.218164730324421,5.427561221431159,6.402049466900861,4.598156944717161
2.2136493094264007,0.0144092564645913,-1.1188293062218353,0.8878537884019408,-5.62768384266565,-7.645556414875681,-5.0749552681614745,1.1461671853798272,-0.5495540964955943,1.221854881252597,-8.496954040573602,6.722088677666305,6.964899050865212,5.36051116259819
5.4836289030003424,1.73480973969929,-0.7325494591138497,-1.804098519351108,-5.202196854723502,-4.057581501899915,-3.813896702951245,2.558669608371165,3.2828838360172643,5.305947283873982,-8.44148463817266,7.395542829955277,8.351803656274134,7.641060625958469
10.701530116591204,5.163721262473611,1.0181696513750982,-2.508513866648741,-3.1952233822763336,2.7672375550404933,-1.649189831727453,4.238206256994134,6.671882867298956,8.383302964574664,-4.803104232937657,7.563517333144828,10.254579380540529,9.78899660648166
11.29000005930708,6.238508082118924,2.101446743228696,-1.5430803323780449,-1.2323152797798311,5.318193309721448,0.6779263123454022,5.513495327921321,7.22818016465728,8.724654112567842,0.5773566186724572,7.440350234124929,11.39919036959298,10.473596638172811
6.417965939553429,4.294034298063078,1.1278981892761202,-0.2449445577314204,-0.2979387475904929,3.0344855358054663,2.340937448899321,5.699450095982457,4.2299962793946895,6.114561927480223,3.946161077790423,7.069497569460872,10.150267258876331,9.68553632783718
1.436400969740452,2.4290300468612576,-1.554108785274294,-0.1733995087292497,-0.4503692087576105,1.7191661472821085,2.599982652267929,4.396157718147682,-0.8282566292239668,1.8388553664094909,2.528276146999019,6.142612443543455,5.732703908893368,8.149947924026954
-5.347235041186777,-0.4807357976884825,-4.42328918428691,-2.1762234615626044,-1.2033913448104476,-0.3802829265934822,1.1070303116858895,1.8023243363859107,-5.3376006184517975,-2.4195159671674755,-3.159164296082457,4.199763716184945,-0.8262655959419849,6.06444641468822
-8.160211169746765,-2.768628361127436,-6.2583490711327565,-5.79446889402229,-2.05264269412801,-1.0121551633864698,-1.751330491605378,-1.2241426650786291,-7.469199525605301,-5.6948023668554,-9.49615312391961,1.1301141179243284,-6.940334381246643,2.796792919554618
-5.909664733312605,-4.064957467953012,-6.991926933235505,-9.388000649931808,-2.7141234826864364,0.6591275615818023,-4.808410733028014,-3.573177934133854,-7.329058283704272,-7.922729289922341,-12.388178692458755,-2.5082141758584218,-9.98015943944641,-1.9811702971191891
-4.283996597861532,-4.81097599083308,-7.258544094395569,-11.07029785872254,-3.072954588253216,1.076202053383808,-6.6162555180721645,-4.573428657645525,-6.481171026329038,-9.303369162032087,-10.272465028107522,-5.74803513820847,-9.073981368977298,-7.016174921203729
-1.7026735417776258,-4.425087510046776,-7.378647220430052,-10.009498315417384,-3.114472552754142,0.9009792134712656,-6.295717574921263,-4.408481161765436,-6.343069689759353,-9.730117838075447,-5.10992472450255,-7.8722228265819645,-5.790831406515545,-9.727643759444865
-0.3561215620800627,-4.255065093141875,-6.9925395416917135,-7.183126168679574,-2.985178064659808,1.304888263768539,-4.127392151295231,-3.832518442850433,-6.876618542920826,-8.908595878140927,-0.6118869418833395,-8.82154764350777,-3.034409181804937,-8.13824985122384
-1.1150381815617574,-4.214802943453656,-5.673312248752316,-4.818632042019398,-3.030869241022203,1.8257745183847691,-1.351367120397129,-3.397343053767473,-6.664601802081091,-6.898141266961076,0.7964811794254159,-8.928409827309427,-2.8788494462005225,-2.7503864168219723
-2.128477536176724,-5.33491527974764,-3.6933516931440393,-4.692062479457935,-3.585608659719102,2.256677184782412,0.7454735297809192,-2.928056840867837,-4.249221269661331,-4.33022113136157,-0.2184855035106636,-8.299745574213716,-5.006969496071552,3.536989093537223
-4.244732053966888,-8.023989954348137,-1.9703070798484763,-6.549904600828958,-4.56824893794049,2.672021088683304,1.7367601651310398,-1.79408597574833,0.4198571922003129,-1.983170940910328,-0.740518333222691,-6.602250184299916,-7.004473562073959,7.566956380880487
-4.890643158600857,-8.446244302636215,-1.177601365157324,-8.091671982127293,-5.280262199467959,2.3165863540595413,2.2008132035348407,0.2738698221667928,5.615384330168694,-0.1667454726253296,1.716121151918899,-3.570510108782209,-6.281756319886431,8.217111879507435
-3.805587026713071,-6.725255703630978,-0.9786291347214976,-6.7828349712543,-4.761646028081904,1.0757236194864743,2.995795500403577,2.66374982404591,8.850308791380776,1.4035122373176314,6.990550366946621,0.3030935514005529,-2.0850999143984827,6.8072603610646105
-0.8063045251724781,-3.351613341131848,-0.2731438999360596,-2.121781116667554,-2.5803201149401715,0.4831141663650464,4.337163282837493,4.2452567059005855,8.544865682371364,3.1153331119151826,12.365080441286366,3.743442753910424,3.949411624125678,5.434099555383721
4.958065115378011,2.611750514043404,1.688729792053472,3.612820977408421,0.5695538188956755,0.4226403405207559,5.52424712718682,4.3224668827065305,5.149577271470031,4.909576922030047,14.820281248339905,5.528478333559259,9.002449215454526,5.001840447480296
6.591200366287838,4.079352054842446,4.393853148281453,6.937682491601343,3.081831170768358,0.3691616179452996,5.560655737625391,3.2686941572355237,0.9336605096059144,6.287114081816314,13.507927099124815,5.44671157964473,10.984751559407986,4.833292407255776
3.9319626153698057,0.7129021895909589,6.293244549231769,5.857012055253276,3.470483931703196,0.6276835861272145,4.098005164110587,2.2256746094551785,-1.4220736372519929,6.867605299424668,10.378421649981163,4.450520673120607,9.754100483386202,4.001169957197831
0.8929948877325601,-3.020253317520388,6.0462902986854665,1.4264882527281657,1.487031995475709,0.2395700732197944,1.854249839233761,2.135318567214721,-0.4858642073783059,6.880797079751823,8.503917838161456,3.851015707576102,6.972346871143133,2.761814928260603
-4.1117735085561895,-8.799262568595807,3.6934753340223017,-3.1231728564245183,-1.5943205057665022,-0.8726650018752693,0.1359632766307985,2.9824930131593845,3.090806424580178,7.016213638952964,9.564581356302714,4.312672978030847,4.931534165483958,2.479691694887652
-4.549810024012134,-9.870722082739988,0.7107669601421698,-4.921311960002175,-3.832439080616566,-1.0971772745976889,-0.1295895576349011,3.8894995879501817,7.053649103908629,7.717108070477428,12.56980153671035,5.514175872598354,5.149026688517413,4.110582267880002
0.4377053784214632,-5.258586587258876,-1.1040587636703538,-3.493865404517088,-3.991504019860619,-0.5673429386526883,0.9328636707383025,3.897457675057961,8.950190190061853,8.59728569190727,14.751421584143763,6.613580023636608,7.440680680417966,6.876144637558741
3.705709767059023,-1.3076150578856087,-0.944411503880465,-0.6947742546550959,-2.3568932140253214,0.3448434224298736,2.2690099608711063,2.6949450669163437,7.532400203889127,8.589338742689975,13.747715017633592,6.920932376104695,9.909684386091898,8.607526298949843
6.769518586042881,3.7044665707636377,0.5778023581554184,1.1721629436511511,-0.3765493507716453,1.9739604832552309,2.663756665095228,0.7051977096024906,3.347613454357264,6.765906015793101,9.257671870963891,6.172091611703131,9.98165094308011,7.54553492762729
6.594502203329677,4.965424410565608,2.132414877138164,1.242515264362738,0.5108760668343475,1.6358498558864505,1.5498662327530486,-1.3965347291384766,-1.7048585793657072,3.1544501935576257,2.9774404264248755,4.387762989050788,6.102929818304908,3.8982285549804088
1.766169460644775,1.2258972385699638,2.7614588345956816,0.3942124512781246,-0.1392902044087467,-0.8655190008773082,-0.7023267204356198,-3.17313648880927,-5.471645715896441,-1.1441818759990872,-2.865591160447177,1.7416832734922068,-0.9095495111438544,-0.3309616397556212
-1.3956995676031154,-1.7466712844396286,2.405353510689588,-0.039660872544835,-1.711480567610633,-3.855034265727188,-3.132098409944861,-4.481428475426217,-6.634980419691029,-4.623802281185785,-7.018287208004839,-1.3144384136555969,-8.001312723150079,-3.0562102437665484
-3.829554910616176,-5.342921346079284,1.573431317820163,0.2936291161853193,-3.2290172549219305,-8.010224609219135,-4.834189185531532,-5.192387145628571,-5.228900674602778,-6.264637836889561,-9.583249887429297,-3.913973874567115,-11.730599029923416,-3.724386155919497
-5.062636063392199,-6.586464948010249,0.6927492965121296,0.6061837241278294,-4.039155120738136,-8.558408332374576,-5.418058356824712,-5.032202325289468,-2.366510913528304,-5.952223941131206,-11.22017640252416,-5.025517712055553,-10.624816497574184,-3.384572790565084
-3.872390566983661,-4.402410905822391,-0.1489921810272756,0.1243657034081593,-3.910663677598196,-4.933497327553507,-5.021766079980369,-3.804475823338224,0.5879643135947186,-4.206097705014823,-12.11019297178942,-4.087979725596183,-6.1739211601979695,-3.347587557703383
-3.771755692848136,-3.174376587723047,-0.9169067098790452,-0.7618825674657881,-2.721926806351088,-0.6336094209336305,-4.004075374846971,-1.745851847695988,2.8312271087864787,-1.6293893919767086,-11.716045408308648,-1.5323384134049285,-1.5776096012168628,-3.917684740393576
-4.335509475310229,-1.968920340921265,-1.2949849166061194,-0.6737735794631714,-0.360612386047813,5.612742154152921,-2.665810104704649,0.4429326324742568,4.354972943715985,1.3247652972351336,-9.565058577203931,1.3163345782197933,0.7076786657533525,-4.462282361607652
-5.187046925188664,-1.8008843000676096,-0.8330876442325543,1.3129222605576525,2.8979168041770755,7.019214763313839,-1.2518039148218474,1.9945643395195096,5.476375640382545,4.100995708556399,-6.301391123155149,2.9467930844847,0.5041926662882794,-4.597503957366217
-6.9750538845836605,-3.423546774466599,0.4940297136244762,4.3995785995877785,5.997993960369266,2.656445364682809,-0.1505277024474818,2.490247712217097,6.122613479669457,5.739885721556743,-3.909701713284136,2.458739917659857,-0.7041436761331052,-5.076054892590225
-9.660980286644232,-4.730650873339491,1.946387100938188,6.394699413837863,7.399816757099593,-1.680905783501961,0.0377037045186448,1.850845117920434,5.57081477480147,5.101739215841729,-4.63092583221907,-0.0765185700906361,-1.7343669332896336,-7.291229878452111
-13.4855384230967,-6.1769796528671925,2.4057712700676754,5.547837896195553,6.133225947830683,-7.773110458137383,-1.2000430981570442,0.0093148329173384,2.9690461871234533,1.6665359290425368,-9.2366862222157,-3.794875326095914,-2.994725168676432,-11.79403898606764
-16.032825165227333,-7.317671493404972,1.2742197407284213,2.23119344283732,2.7779213671348453,-10.157078862845422,-3.77622282219566,-3.166230242869669,-1.7453311718253506,-3.736878321798672,-16.06844191021117,-7.492134538446351,-5.8686712830585845,-17.32539178072747
-17.210471413796427,-7.809663819566049,-0.9303353739730512,-1.2033079587154285,-0.6527796973478885,-7.701819035300482,-6.757527490107462,-7.400003004838329,-7.341596686476354,-9.05949780883087,-21.84132766196341,-10.08082462804467,-10.920049032696166,-21.45109559249213
-16.420764289972936,-7.815110779660607,-2.9103534518617757,-2.400856832616527,-2.0827422499747588,-6.163044207641234,-8.766658796620822,-11.481807351834275,-11.748206133997831,-12.155613029434356,-23.82228039897926,-10.962869845652149,-16.802197543413975,-22.361277572675256
-12.88234233425447,-7.051074883286365,-3.633364068828925,-1.0474527198400656,-0.9748383173063068,-4.036366234397254,-8.881195946051974,-13.536274298609571,-13.247567578601588,-12.146358878654702,-21.73421906433456,-10.263864920151589,-21.00213919983029,-20.261538200466948
-10.381925959055046,-6.224096533716154,-3.1580166987340936,0.9202562090728978,1.2198431509278986,-3.107526628954881,-7.354114994415034,-12.252875223283487,-11.573671571601386,-9.961282289127755,-17.809279850790848,-8.771714175705357,-21.726703315880435,-17.13596442243206
-8.691603540114677,-5.275273908083016,-2.47972257096436,1.136702562345843,2.247900113522304,-4.266139203034116,-5.493703862868248,-8.113801491613408,-8.096597849346795,-7.60443871658592,-14.91624695034921,-7.4877182755115,-19.20108727706822,-15.136442587875331
-7.556970719340304,-4.867476864291569,-2.5521380840974883,-1.055448946988169,0.932256686769132,-5.200689103469076,-4.679143215145585,-3.36135488744502,-4.933275052902535,-6.707703388512913,-14.36032843523024,-7.025321787628864,-15.344163761993226,-15.037795187630804
-7.848979685222551,-5.220677709479335,-3.4279602610911084,-4.130467239374262,-1.8600438913417792,-6.612743695191428,-5.249046332187691,-0.490087906004657,-3.604606515253666,-7.498845145617442,-15.225256188167698,-7.325713725455233,-12.368081423267586,-16.029494324374244
-7.502882080696903,-4.298178195472205,-4.325593065766925,-5.916742641865292,-4.01058997269037,-6.745935199301077,-6.184511749186497,-0.4769896431955951,-4.18339459817704,-8.944264941134659,-15.686316746284282,-7.919866573346662,-11.65267074175,-16.83305291708525
-6.720978766628045,-2.199176978301548,-4.491596810329971,-5.586464400723095,-4.005690864564728,-5.211603253766664,-5.88835506925642,-2.288411933858366,-5.502527244197941,-9.848262121963703,-14.905124134947862,-8.43312813519826,-13.589788736542031,-16.98042070096435
-5.451266286646701,0.4411132472077348,-3.940864164364704,-4.201514080845913,-2.204964354139382,-2.151484834949619,-3.448446769706236,-4.020232386261851,-6.1973484029876,-9.918505820236428,-13.67441851377964,-8.803580809661664,-17.902652837684297,-17.074748925218206
-3.2641865443725457,4.062387463295847,-3.326992505878451,-3.415586061038216,-0.4038592831830385,3.102299196614206,0.6347740882410298,-4.499187185926877,-5.738667260212639,-9.874736618432234,-13.30467725856169,-9.065108999057236,-23.631617949162607,-17.890798854863277
-1.7168831112855636,6.4148164337351865,-3.1426624374195558,-3.7279626881179286,-0.1227067821243732,6.177904513444267,4.816802731804522,-3.850565568638805,-4.662033527407399,-10.53102472078244,-13.98555500828862,-9.076297005029742,-28.816601477909384,-19.24874887228725
-0.7193505873506235,7.334704576303835,-3.163426184839801,-4.025716361288544,-1.20663454221099,6.984332002161435,7.622285488961362,-2.7067305496278395,-3.8824804818469536,-11.715237559536687,-14.300053646351904,-8.597400659363132,-30.75325544816624,-19.765810648766653
0.2017552086528559,9.221173462550942,-2.7509286732887235,-2.7854508740856856,-2.0047745526214147,7.059346028180555,8.584027529247638,-1.1424743326141216,-3.752095801465524,-12.085841217908929,-12.360843279573896,-7.604143879420739,-27.351151062649244,-17.77856237077495
0.729103671135587,11.616426460968086,-1.6542252766573418,0.3333497469556348,-0.9233827571189236,5.312722027240487,8.315759979941447,1.3866541871394746,-3.7157849959185367,-10.14353501871914,-7.46396837901765,-6.370154076893261,-18.798184143815224,-12.693279370245836
2.145819913036466,12.93428742012753,-0.3794097087419756,4.073704833336287,2.0902127315462047,4.832052131037866,7.792041721401885,5.02534998474105,-2.866960053421377,-5.630763878487592,-0.7487530157888749,-5.144585864279685,-7.944531345861662,-5.640611602452869
4.5400185446805565,13.41638079649671,0.3148619880699579,6.675115487091354,5.448307915681555,5.740874754318835,7.522924456549314,8.632528700992154,-0.8771301921660788,-0.0623439642665482,5.635482911339762,-3.83678152243599,1.3305539809186124,1.136247292614757
7.32146339034154,13.38173229154094,0.2302833400858257,7.344748107080696,7.218131017631636,5.928019727775506,7.300753996026085,10.235180578439516,1.586329704391463,4.196796163448171,10.031038393406655,-2.183696858753647,6.674253479894727,5.730691242401603
10.825276687198766,12.534631539143344,-0.087368980584066,6.729385639992207,6.614676698049284,6.063285303747717,6.629819265493009,8.661806963281759,3.3867813771786546,5.6417047925442905,12.211430966665404,-0.2565188002115395,8.657277090266389,7.783685842640759
12.97843107728325,12.433035996775072,-0.0200541224712629,6.100090833264149,4.447696256904241,5.071416596508604,5.354217697929116,4.840048549865536,3.939968979798346,4.737711279004508,13.201285728251602,1.3733618339405265,9.87901540148746,8.567860023610404
13.59703110486584,13.169331736706363,0.3754832932514151,6.189764765339986,2.3017933341263097,2.6367465441320244,3.8728693255074873,1.3461446396174388,3.774279072134931,3.5138171494543906,14.358982388759667,2.17412542805228,12.651007087476431,9.915833720548507
12.833399022430656,11.499856921234551,0.4590882298831182,6.784184500054004,1.2852454381325318,0.9860691948169054,2.7500143047415424,0.388812038147325,4.050370990555672,3.9795342379827705,16.491840588010334,2.3816345890216333,17.274842049421295,12.826265184417764
10.031775349061627,7.567198609780717,-0.0927830516551129,7.262800261829282,1.3781577158718203,-0.1024949361867886,2.11472336631178,1.9942840806020747,5.432649234524011,6.655679877238043,19.518557709973575,3.023259939084449,22.216176559863563,16.809151115508282
11.443699300050293,6.418893888855092,-0.5844880903171674,7.359432537024144,1.750291151934806,0.3979095922734024,1.4668799217153996,4.108289170317866,7.376000621217411,10.36765284469326,22.733894118842457,5.043398739059696,25.73261577018264,20.45283620631139
17.372952885150106,7.749454284245403,0.3145233449496025,7.376410497264143,1.6161157402095778,3.077052643324035,0.149107462014391,4.574230009678118,8.573704873674306,13.380673330059157,25.420971863658774,8.39008295457,27.41778022830024,22.74550228995273
25.083117117346184,11.703226952460009,3.355767026525537,7.789043757372473,0.8975626901023501,3.974574553406299,-1.896645673373904,3.1425211075120867,8.217049634135456,14.872414018052336,27.423983478151307,12.086427674215964,28.46803119208572,24.073094065924984
36.19064884103412,19.544421178815423,7.863062402904234,8.760845515062048,0.2510770373774793,3.297263056433545,-3.8071093379635057,1.6153539523144786,6.866475164402212,15.501200816263294,29.27797491574435,15.280502235880984,30.65034153083741,26.02492520784364
38.12874902270986,20.562670559806364,12.125065693295848,10.000122589235511,0.5191655799343717,2.6619146773236806,-4.3084839307399045,2.028875108468561,6.012150418884573,16.602601996871527,31.69049396594641,18.130462584475566,34.83006821495559,30.0480881296552
29.77158121920625,14.403032274913308,14.652801566047316,10.9219891125341,2.01585695216737,1.268202702565061,-2.7245203483376343,4.660078010474591,6.640276309414995,18.707170314886078,34.63866455562358,21.439891031777428,40.02748273656776,35.93483220824122
20.96827596613282,7.1389674151583336,15.084604703400547,10.859719522703587,4.124467184349442,2.364164167438159,0.3476387199273976,7.739870130454295,8.151533816755279,20.6943685483782,36.811439817677424,25.280052731723828,43.586022691738016,41.37545698916403
8.636928557358193,-3.755434926325348,13.97406934547812,9.25470331713844,5.508735178816329,6.291075975019325,3.30492230205689,9.02842392092003,8.740285624807534,20.43404561073032,36.08672954068558,28.070093884819165,42.507119888429465,43.10658865514421
2.769266311441978,-8.135762875624959,11.900858642497818,5.935767719323253,4.89705471600425,6.891876362986762,4.593749579940649,7.652256788423294,6.991687397881079,16.512633810918842,30.9927938402885,27.35853940768846,35.38402807011456,38.99931515885827
5.349252103335585,-4.709738956646989,8.968489947172095,1.434075441222249,1.9976671055636488,4.602475290604064,3.746316825216448,4.548140327871198,3.262724728452852,9.629453560508267,22.16209195167664,21.92817750092672,23.781144007292323,29.650377723201217
4.324510291277823,-2.9183875584813936,5.165595783907374,-3.008393342950411,-2.1089887126840097,0.5307193482280987,1.6128755678696702,1.387434691346899,-0.4386874287649904,2.4090652533380217,12.509135267252846,13.372442394640371,11.871679226092644,18.293067833380064
2.249255453098208,-0.2647550960968445,1.0099574746345787,-5.999702613642895,-5.523799838436916,-6.673552022767409,-0.3351923304394582,-0.7347460667582357,-2.008544125641576,-2.3182055251137017,5.688513619459229,5.49908719369814,4.132098142645301,8.999192268026372
0.5127711290699798,-0.411522749319406,-2.419684963388053,-6.8719249738605015,-6.778833910798391,-8.790333381783192,-1.038875575651648,-1.6516820960876295,-0.8799780872886469,-3.3808281164312506,3.768781796581703,1.761495790005963,2.4576901642245854,4.353403934818489
-2.577455366470973,-4.902586021173127,-4.217125817648606,-6.182943896057823,-5.880636550806035,-5.4125047432102615,-0.4403184166951739,-1.569270333129788,1.6433026291005426,-1.7682556261469848,5.834903458261081,2.7478323407844734,4.876868744906174,4.138386302064513
-4.1401293422412575,-7.395577522893069,-4.391771421660055,-5.353107219863593,-4.249044690841052,-1.793174469061252,0.7166459836924108,-0.5590192549904511,3.545371529016138,0.5013266951585935,8.635229535156299,5.82631633052153,7.06676018035159,5.825585470718663
-4.336455405513992,-9.031586781348762,-3.826253723511023,-5.656076977966418,-3.4987788304079306,4.004680480521793,1.580692192649046,1.2754437747283625,3.67458432421818,1.9851399108212195,8.816113038928911,7.227681619265274,5.631159607632828,6.399315339318392
-6.560961764716877,-10.300083637177778,-3.4961227850858023,-7.343324661179079,-4.069644088236041,5.432277490237632,1.7791463929754716,3.3243827592780786,2.4242250638014564,2.461522855305903,5.039736894909352,4.788449869076828,0.5154533514523525,4.199239544014523
-10.523966767472851,-10.192742971153963,-3.7487196973102073,-9.55608786426744,-4.961789968058705,1.4642826161754765,1.5023458344534042,4.479244719751511,1.0773521923923903,2.283603450877252,-1.5618564443651906,-0.8394382413931787,-5.425313744560459,-0.3932415946451346
-12.453110022717246,-10.612918502759388,-4.292274603053272,-11.018656787474145,-4.868934115665665,-1.74531095486001,1.1556366317960212,3.830698219573989,0.5166844594246296,1.4121818894067175,-8.710645882884691,-7.197825571941934,-9.226001796166877,-5.665002632293756
-12.75526167267015,-11.371345952980278,-4.738968116443141,-10.93233410098036,-3.63146022847374,-5.897217447766462,0.958611235432242,1.4311044496704248,0.4445440085136214,-0.7014816452050745,-14.764655876103063,-12.023438976275624,-10.408279834236172,-9.938134832628007
-12.405096721855744,-11.555580361701182,-5.01600581306014,-9.449413578348624,-2.5175114046113087,-6.823226138347625,0.8160753430759478,-1.6383177509986284,-0.2643590998608562,-4.257050953798002,-19.45259319241301,-14.474440682764133,-11.0523633245251,-12.536274647269144
-10.66263073352162,-11.4517145463955,-5.247692965212552,-7.502432940168562,-2.9399405790973585,-3.383791778388381,0.4986668305991344,-3.979609717330896,-2.4339078148901567,-8.292932621101269,-23.199319574927618,-14.914156101006956,-13.416844624775246,-13.788251995996738
-10.12844735639332,-10.782525653206298,-5.3906791212999146,-6.191763303778014,-4.835348797924153,-0.3648069680628765,-0.0748602505362932,-4.74083775384789,-5.668629283364931,-10.979220488078806,-26.008566775207196,-14.00083060967432,-17.47716908689106,-14.349144294289273
-10.940532886739938,-9.417785076384469,-5.164137953019148,-6.124760926618119,-6.410218106243568,3.482960945445132,-0.6999556147792632,-3.966539667930359,-8.437830786119527,-10.95514332109348,-27.143846045426223,-12.170531020846571,-20.77378533276691,-14.591456957266878
-11.761786775022518,-8.965548768226167,-4.399723533751578,-7.067783461571144,-5.691160076585002,4.584478788829807,-1.0016992648596776,-2.337838527632254,-9.130226444019062,-8.521897479985444,-25.916641896348988,-9.808315920024278,-20.703886339774705,-14.570660923221396
-13.229314051573922,-9.4523966661656,-3.3831354843817945,-8.113255760611915,-2.484082039101575,1.9930911845693648,-0.7290711482212933,-0.7098512684017395,-7.261276445685518,-5.523338652244894,-22.73492998662875,-7.568959269826274,-17.040991595712583,-14.397803529028751
-14.569857167934462,-10.168231607454272,-2.729244626103623,-8.302359745844178,1.1912104907925452,-0.2627449985230994,-0.0233846654178773,0.1803312532999612,-3.8919291798701874,-3.925649257370562,-19.286497015716225,-6.29411860036284,-12.27205252636564,-14.439342827249687
-15.698161454261015,-11.50056941931848,-2.8508100050345875,-7.326646362523436,2.743837414865233,-3.2544571793197594,0.5619795314323395,-0.1524023903049909,-0.9350063695103,-4.312316094632983,-17.52432188444789,-6.550370544493699,-9.450272987627237,-15.010342371690887
-15.072613066635984,-10.628497999042528,-3.5439670626630577,-5.77600955934959,1.2856129553008082,-4.383449585299839,0.3864217542478521,-1.7490944002903972,0.1317102458155865,-5.581181098444491,-18.1942765341056,-8.198457731603293,-9.590851706469904,-15.858017166872472
-12.298133946329088,-7.28454296704453,-4.114361936657894,-4.654097630974949,-1.5642867011898725,-2.9059309045048587,-0.7722425936966832,-3.960175902109244,-0.7759075609632848,-6.013557290688791,-20.07484868256624,-10.288469375071433,-10.974161447243024,-16.0455281656415
-7.9645615287597105,-3.3818480420598327,-3.929904445440196,-4.476666074450876,-3.0978496158384017,-2.3616895273515586,-2.413009371987977,-5.483862119374891,-2.3462733352244074,-4.6712531166411,-20.594935543275604,-11.31911704573912,-10.84231289441123,-14.491659157281216
-1.4705752470969182,1.809317746822178,-2.8905730535406216,-4.721510980142939,-1.8585112678799511,-2.0106402549658533,-3.537703543580439,-4.981572207400241,-2.766015594730332,-1.9156243440702312,-17.511241739855528,-9.83010005363226,-7.787170464507834,-10.769896587384668
2.5793442617569866,4.611844342835082,-1.4316046482478768,-4.200104900850482,1.210622102655524,-1.5628166382558712,-3.3503972167168428,-2.044644519779784,-0.9004064670805025,1.1934460081202776,-10.565534931246146,-5.240390787191142,-2.700650276604588,-5.512345768710436
3.906789269299261,4.538647582423388,-0.1418911782634007,-2.125348696099248,3.767756261402943,-1.5258065881299625,-1.9198322409992663,2.2246389340684143,2.945965438754854,3.804473187776278,-1.983307743389883,1.451233760087403,2.28373984557156,-0.1439962692251164
4.685400743548803,4.562990434104345,0.6169155337121701,1.0559779763052433,4.201929097452937,-0.4077374631008161,-0.2126442335773095,5.654327196040562,7.097327104066768,5.572150378954898,4.631371962982325,7.756259012628341,5.565626864288275,3.764883338972023
3.715149572829049,3.71438769445248,0.811064766808089,3.8815743553482687,2.920006281620516,1.7709051306542791,0.6304830155416319,6.332451310918078,9.365469164088427,6.276085090473774,6.401579266209524,10.899964618579713,6.891028274657975,5.084803353928878
3.230102274071151,3.288193924289375,0.5997562839182464,5.03510927081852,1.7151785249371017,2.681118613884188,0.2399424468157764,3.8915280969693473,8.272548611441561,5.487264331855279,2.9416283635280536,9.529825390429284,6.772046687572196,3.493848248526392
3.373209731965352,3.67653655090534,0.1873434906779056,4.448691726974101,1.958922528493401,2.466964104635464,-0.6196091791557503,-0.250175324084303,3.991037991755155,2.8742300488143933,-3.415770843077823,4.655632858573373,5.508234355984822,-0.3003049055052553
2.887894558067402,3.709226782688213,-0.2097341150428651,3.350948564908675,3.3737315726368315,1.9565294077818065,-0.6325912165916794,-3.882779012088575,-1.5767254745246273,-1.1219875765868252,-9.09512318259068,-1.0084512079271324,2.979569654110989,-4.554132639299192
2.298325171452979,3.80846807151786,-0.3467802171258292,3.2093495083145704,4.47564617349626,0.6624377315498818,0.9744237624530196,-5.448373682147416,-5.751929013268338,-5.087475373512351,-11.42143955139764,-4.822457204557775,-0.6908873601726597,-7.00057135828528
2.8046152763622043,4.265379175034858,-0.0078862669559409,4.516272181355427,4.138349740635823,0.251062952787525,3.734312448556489,-4.850624330387305,-6.61697331852714,-7.354352240232965,-9.95577109666329,-5.712795254693598,-4.543446046009231,-5.971076888274549
4.48305484117857,5.040246363954899,0.8616352492422052,6.479249561932559,2.7147765898826446,0.8550607750186856,6.231846872489008,-3.15378555166523,-4.2132676597011685,-7.128963282433496,-6.2279062411986,-4.329929691343622,-7.1054151967400205,-1.563357789626238
6.031821228290799,4.925071879852857,2.072967213482793,7.81695090997162,1.6716787170501046,1.4707079516168549,7.14899162276275,-1.6029746359688772,-0.5561991762746139,-5.040023953777261,-2.303351400567632,-2.0719171792945232,-7.446305571083474,4.102282438406864
7.721452832255088,3.874013421768092,3.269718611782966,7.873456416373532,2.1657769018581625,2.515738505102412,6.187015387418022,-0.8201363925712926,1.650109897486118,-2.6313748033130477,0.5981356767554367,-0.0430009150560799,-5.954555818189999,8.002330028321346
7.970542975711997,3.647605709209092,4.124531064947874,7.058706175000854,3.958922744460274,2.216281261413904,4.119833966671507,-0.7060256342190208,0.7846139676663597,-1.2808919960849714,2.4604359732089804,1.258354239456608,-4.068698974571902,8.060630414613918
6.408653681002063,4.059963201900999,4.505282339694627,6.325005048734184,5.6559886057772815,0.352318000120328,2.0137150335833027,-0.9140004578594834,-2.6689545086016224,-1.4493943407713452,3.79221593647798,1.668307981580142,-3.199281512031927,4.38866821642954
4.307678753710719,4.724905935485803,4.493178695611764,6.2755003811695005,5.954818320790725,-2.221403799380676,0.3741233738543634,-1.3425142055382828,-6.575151812105464,-2.7089058464205387,4.726591971078747,1.174922672503076,-3.791247543256919,-0.971217384013201
1.1557510102437458,5.988802919676849,4.278058291872572,6.751647252598556,4.710479242918407,-6.021160056235424,-1.0132910410557263,-2.1908754290639507,-8.687382173425458,-4.245578835195516,4.7699416053504535,0.126479011240935,-5.242242788603615,-5.4669357175059865
-0.8298720389608752,5.237141482530988,4.050183032170434,7.197399810917702,2.911908356950512,-7.377688532207522,-2.4956920669190765,-3.56308163621609,-8.07174825602992,-5.277915715831885,3.388640985658032,-0.5718044138911971,-6.556001782458466,-7.4534061106484195
-1.3728740325326942,2.2813864626024194,3.962804212457169,7.324865909277626,1.7326571775992612,-5.977918743544277,-3.907150844868944,-5.024851091674375,-5.397164881359871,-5.205678790559777,0.8279406253515909,0.162139889175549,-7.051917372313362,-6.700460201186239
-0.3811914672430508,0.4508878319963191,4.122533410485804,7.350470802755474,1.580722252958363,-4.100169189823963,-4.590102388688454,-5.612344987531902,-2.088467067034106,-3.732506070740463,-1.676760129164041,2.680911671914256,-6.6212500322874455,-4.039379548698275
2.9111610477004164,-0.7372406494672943,4.521442796387312,7.547425221400051,1.9142109954756807,-0.7940529484208778,-4.095344516564953,-4.455583175906295,0.7502004189228124,-1.129160059598874,-2.609138063010917,5.960632727661448,-5.570713035591638,-0.797892974869594
3.471805020896511,-1.5110719648503217,4.928093879873721,7.604305774025839,1.8251351404973697,0.3768782725023091,-2.828311571361926,-1.6113037447189311,2.741843814691091,1.6295185497284272,-1.2821018152113286,8.007375643174495,-4.382153401961329,1.561548822738981
1.258173052128603,-1.2434940546062994,4.879687919669294,6.563776260217935,0.7955743871543923,-1.037343673371487,-1.905675128255204,1.6434812022330585,3.8859018125173073,3.2686265380199195,1.5819385547474596,7.238647867421491,-3.5562241318868004,1.7590020079583155
-3.8725205653500057,-3.316211871355029,3.895253167844629,3.610286689241725,-0.9555754584003396,-2.398738737419525,-2.260440682952307,3.512855877696033,4.107876592900432,3.0970754946580143,4.319458089984252,3.7686542341158926,-3.4519488287425237,-0.7742093682532918
-13.336782161371213,-7.805887626714043,1.828383583763891,-0.9068449940920332,-2.677092138863209,-4.649104755330434,-3.8148267151604713,2.991015834028285,3.299441839411088,1.6582921179693528,5.473585463589622,-0.5720111660430369,-4.065758944204273,-5.385891810481702
-17.0608006691676,-9.279883713086692,-0.9154369610510856,-5.246490396860015,-3.5848471348240523,-5.208631719157337,-5.522273051222573,0.709727634606196,1.735069509308186,0.4102447819992925,4.692482837370314,-3.62268354816209,-4.927376308956603,-10.314483433368864
-14.857587131219454,-8.143250872502437,-3.5327691713296865,-7.318280983025247,-3.310204001376924,-3.6290384001266047,-6.265706018782559,-1.5154245636937065,0.2333148590365468,0.5208894560152117,2.73205614937185,-4.541361605809527,-5.338486686875619,-13.651052386267914
-10.526897599467484,-5.3139200825805215,-5.301172091861293,-6.318428969595956,-2.0898266226972027,-1.7297996219350007,-5.788861985133465,-2.1702882188592483,-0.3177008015024327,1.8024746305739117,0.7388137103107653,-4.271080683383438,-4.878571581580712,-14.532311063699131
-1.5902842775875934,0.4042183076473689,-6.0472669397081305,-3.574555790267105,-0.6536039987770863,1.2383942441313096,-4.815996268693851,-1.2778721427996516,0.283816617635793,2.8394612486431683,-0.4584259678921523,-4.43919631631211,-3.760725703160237,-13.557703675671997
1.1429469078837506,2.498429446816938,-6.23544412503804,-1.7132633061957383,0.1363574143320676,2.815091577054739,-4.285394264521177,-0.2302507961590407,1.278244509962846,2.3080648757621987,-0.5278933759162339,-5.754129640437004,-2.664901232616181,-12.030642325213162
-3.084406136087648,0.7042005054484617,-6.576254721132475,-2.6581639352486626,-0.2378691783931401,2.684220339171804,-4.4293350773606655,-0.3452559252705427,1.5272254374117935,0.2943282610750124,0.5821079789168095,-7.399161594321789,-2.139023659789398,-10.715461980559128
-6.5734960162170735,-0.5723730905101834,-7.420822973120941,-6.048096740995216,-1.5934018658793825,2.3566783432355067,-4.542819221317423,-1.523211083627757,0.5115646656080095,-1.6859130668247069,2.773356092645926,-7.909559783828055,-2.0970170627057314,-9.26701043677921
-11.884272681467216,-2.801960112076923,-8.392321483339156,-9.420654617583956,-3.0786972554319902,1.1514505849074843,-3.638755805333105,-2.329326414771998,-1.1536874947944575,-2.0760497783495357,5.6399722845787466,-6.594908250391519,-1.8920060117514552,-6.829988032336942
-11.817503323919366,-2.507106368708483,-8.571154250647098,-10.076253926288205,-3.6905947048675145,0.5116483872095289,-1.4048276654526577,-1.4547694169853609,-2.2081103982030363,-0.8016064440941051,8.339003676828703,-4.142671893280063,-0.9175153935495396,-3.159743236578983
-4.965676138154646,1.0561362961734315,-7.167588462911336,-7.144718735153976,-3.0049864830168005,0.6070312480765256,1.374283839131223,0.8722328345124097,-1.867175024465439,0.5526539155432282,9.89646561551793,-1.950517912399043,0.8186281174722758,0.87829995470452
0.4355861976684655,4.071887491379364,-4.218915852002425,-2.214536608773635,-1.5690293267054294,0.9437485816658262,3.316465640456244,2.9568130475093675,-0.5905027964969705,0.1634110555477121,9.879957329745356,-0.950661331607808,2.6924283236661424,3.934411093909016
6.244651052457535,7.480264874190023,-0.7407891979302725,1.927455923412364,-0.5444710987075254,1.941592790448828,3.4963665167108715,3.1963190300942657,0.2473718663152464,-2.277981111808444,8.85713707724166,-1.0061285183717956,4.041450117720286,5.3170211269619365
8.488227025383916,8.556056695014943,1.889998078854159,3.3911920389688337,-0.7811034605144194,2.42215573044333,2.226373198179745,1.6595799399720883,-0.4085824598785486,-5.098103269617674,8.108674387351192,-1.2358990335920943,4.770231503502485,5.557304279685347
5.569940036041506,6.517901783484444,2.9194437051135544,2.4580126952821004,-2.066661845206601,2.372731142063597,0.9155079926055834,0.1452199291611808,-2.199471915846265,-5.932313762249473,8.70675914773515,-0.7809725323336352,5.391863628092082,5.877626868288235
5.388288261262007,5.4728100907519295,2.7627858089356927,1.1049103005151355,-3.2591346887182286,1.8368518473132376,1.0543568485860728,0.5924486765872929,-3.439727118396835,-3.677678663641858,10.683709214864036,0.6381416651733609,6.453773180612572,7.080794539502337
6.815852439783995,4.676068192879382,2.5816093307805827,1.2488788273724154,-3.267088062145404,0.5002415066704884,3.0565614684420304,3.267541843983527,-2.478459997889474,0.5469984667656895,12.991838984698706,2.595468612363902,7.899528940287141,8.87203080012239
7.289256134784847,4.28377723138388,3.190519765039172,3.148620797894884,-2.035583808186967,0.005803475602603,5.836231677529913,6.36624671216346,0.7199358530160982,4.199083941623156,14.28262748800168,4.14286954810901,8.996218077942352,10.160063707203056
8.045597824766991,5.004310865559384,4.263760144293915,5.221299462095549,-0.6213425477917736,0.355038794357949,7.477378005942741,7.3885112021527934,4.171987523857473,5.162011527643476,13.839620679503952,4.213034098577352,8.917623181833942,9.98410572732428
4.942554858910036,2.649759648631108,4.619026244997479,5.390499384408282,-0.2545395277229039,0.2026301210036548,6.542823719050184,5.098756658505947,5.184380180046395,3.174234004552698,11.921848157068917,2.2429424740923576,7.450080886392067,8.237496339135964
-2.512182141153787,-2.797369071049157,3.3785959067876563,2.8716326434696,-1.2380764497047103,-0.1422775087035879,3.107712578157495,0.4759532200459566,2.484358877212764,-0.1572518095546873,9.3615220874414,-1.192008503347826,5.197347669254352,5.680564508334446
-5.04907179715459,-5.552183750597299,0.9406183434196702,-1.0534875840925393,-2.695853880940964,-0.5706127699135148,-1.1875027535357745,-3.9769353729765946,-2.522878192534644,-2.5876016650443354,6.916786701217992,-4.260360682315998,3.162923731568533,3.41356362786534
-3.1007568410563024,-6.172322892610926,-1.190622409469146,-3.93385508152004,-3.382133525334819,-1.2724423901416124,-4.07957930110536,-5.863679400300625,-6.494521320944026,-2.6921871920124696,4.972857705302903,-4.687859879998332,2.137426541468251,2.3194072031827613
1.3092883649032392,-4.2282575371262086,-1.6249573485271638,-4.048287594344335,-2.779442993689724,-0.5784055128375449,-4.004099160357212,-4.234096788188413,-6.465309601689791,-0.5720621297949151,3.684583162474107,-1.2292921184421832,2.3675589498603062,2.7655027600914472
10.305676688932044,1.6294041580881748,-0.2726999714362321,-1.8104047849240663,-1.4898961510837685,1.619767221154685,-1.005856179381185,0.1003381349473357,-2.0219131396993504,2.4773793838314155,3.1486923512290783,5.189738754869726,3.5950849963837,4.494648121522323
12.780813604418952,3.1421214053868964,1.5742051325115227,0.4614488933111857,-0.6306346222810362,2.60128110196008,3.2603750589515386,5.178833939719572,4.3327062179753,4.910977376274559,3.2614279059351805,11.651797937092107,5.23927303796145,6.618302980474351
8.215152107598167,0.3243655726516887,2.331205907415669,0.2771756327498345,-0.8519244203909757,2.607735941645042,6.427828135619389,8.91366540025679,8.919451668233744,5.810475257476142,3.456693747619422,14.867418332009162,6.574247436855227,7.873691009526059
2.536181222642789,-2.983445566839724,1.399358063602964,-3.10644720912467,-1.8586845369834213,1.1645002323965508,6.73831951093922,10.04549544787946,9.405177060634362,5.22718192621495,2.8487122250630077,13.23838169367198,6.970263119424523,7.308701307935955
-6.962851636700496,-8.634151541634779,-0.4752724914006236,-8.05765326775769,-2.7721839914249102,-2.398331314067471,4.0551691180562095,8.680760417221382,6.218593847398807,3.926497927047688,0.9246946148507575,7.909666594462401,6.216308016945671,5.083406033196734
-10.19278398154379,-9.90395288321257,-1.9983302365113536,-11.711759046790917,-2.9111958595915013,-4.362474419611813,-0.0730125540243946,6.114899808276487,1.89313231190156,2.783331722659753,-1.808381404777084,1.9881847461992912,4.662232268811199,2.624807916288262
-6.01871655125913,-6.078687342636948,-2.484572472801595,-12.012352667315064,-2.298236879132425,-4.849401906325378,-3.4328704148621725,3.894456246062603,-1.0010461305882783,2.201451234480274,-4.034251080924662,-1.5778854061203873,2.9069166104941715,1.672849675238396
-2.9142906349978035,-3.567117505830472,-2.32376710468656,-9.116979423284214,-1.5403229745570712,-4.373869295298302,-4.648385230281782,2.6454910133725065,-1.6483425628288444,1.8805733378471103,-4.766531321411684,-1.941798278750575,1.2234566182890203,2.794752540545069
1.6034343508413302,-0.8192185363702407,-2.4070860513364,-5.150196050891907,-1.2851700346283297,-2.04510262491659,-4.091653413733212,1.62199764441025,-1.1793687471165055,1.0807502874705293,-4.43213979109402,-0.69362355598129,-0.6421611138729517,4.714575050514696
3.283187193918106,-1.0703774853888115,-3.13536410119746,-2.559948778497038,-1.7193287593871247,0.0813860501459238,-3.4308042624736927,-0.458705421720083,-1.3090629950503967,-0.732019005218703,-4.708679926874765,-0.3674288730188877,-2.9230894419875213,5.3001861314882746
0.7768351758163711,-5.535902529609351,-3.968837771683198,-2.3737633731001964,-2.4319491690041843,2.151959704608878,-4.067907420221829,-3.873557572518088,-2.68436084470941,-3.2482187457470038,-6.999991338600921,-2.319452531078092,-5.026871895582843,3.502898195046832
1.6213250583007677,-7.893314035607147,-3.905587025373983,-3.659656820505603,-2.656915029455135,4.14398555765857,-5.721453472322011,-7.100994565897601,-4.311656306257731,-5.181285445392575,-10.862377636730244,-5.661514675025586,-5.482266050834227,0.4494344357519537
4.74429443405948,-9.021946627492968,-2.3897788426869013,-4.496600430316207,-1.7019499278235344,5.60253022002532,-6.451062347021392,-7.781536485538524,-4.4550998398664206,-4.915438879156504,-14.001486624382338,-8.059532606874448,-3.041721338943205,-1.493195311138109
5.447097641035017,-8.025358441765544,0.1897967486224843,-3.5681567070752607,0.6488670786909481,6.196412625514803,-4.294220845275007,-4.826962280064166,-2.195158986932249,-1.6878295167073532,-14.137036640000858,-7.691011205693854,1.9163807669193744,-0.9414233580756886
4.688366293888919,-3.5937511044277697,2.778113283216527,-1.0836903848879444,3.9197242754037447,5.632459188455206,0.7634023684263411,0.2101480271469427,1.629909456349253,3.4647726120882822,-11.213115511836657,-4.756883254407086,7.100660619946183,1.0870992991117774
1.3115297352050572,0.3815289015411285,4.342874446835694,1.603381894407768,7.032226325236941,5.382530843118024,6.228583477469897,3.9581896718035674,4.8380910019989685,7.842748791178316,-7.882472836131782,-1.3749992882558644,9.648176208914066,2.005304435318976
-5.624125486591273,4.458174229207587,4.36902424675916,3.195249245987597,8.734834904464876,5.317020616029608,8.639299599882278,3.754585490825925,5.358872227763072,8.540391398651387,-7.58912213565079,-0.0130079025102176,8.068939480140273,0.0527603828896445
-6.768081120462091,7.880957237237889,2.940905198576523,3.40030111180333,8.240723120652419,4.686617015374707,6.1164000151116085,-0.2599590645105465,2.6641545059765974,4.447371644145292,-11.7297289738543,-1.7125647822600314,3.1672565580428937,-3.970928633705334
-1.9749875581893117,9.858023714217866,0.6355169800576945,2.955521091096543,5.745536100479718,3.739990680156621,-0.094337854451922,-5.333468891981816,-1.8350671761794644,-2.6307436711638985,-18.29262251506219,-5.395762373190308,-2.711254130423278,-7.27566490613998
3.1867864539191118,11.33297290129848,-1.5786216981671473,2.913086815652683,2.4612230005780944,2.059727191853277,-6.35569232332098,-8.396228890172686,-5.667449993135179,-8.773722631208742,-23.16417637055508,-8.640019646836173,-7.242311085689195,-7.43482182776026
10.80872707668103,11.764945052658002,-2.583158231541688,3.900866379779977,0.0428401594787004,-0.4716336957347355,-9.086820296912236,-8.393302645049907,-6.7995965480933975,-10.365718844644649,-23.033770913076843,-9.258956198541291,-9.1351156112405,-4.364155975750762
13.037597687117742,10.460188883778308,-1.6760243963553094,5.851589102858554,-0.3127985991819386,-1.3507191590632506,-7.045216424592461,-6.660923035422854,-4.728049062664034,-6.4966526529292565,-17.562199097926353,-6.585486589967935,-8.12297121919076,-0.1948506512361874
8.701344137769723,7.267301774190658,0.802346755360432,8.158945859401726,1.447649354277523,-0.4925889129289105,-1.8277341189649332,-5.256775484358769,-0.5347256981918918,0.4518984077920009,-9.2638513650177,-1.6972321736535392,-4.583841918829236,2.67347916080071
5.928613126882809,5.504041511109048,3.432785850498284,9.960790159625423,4.206576227383749,-0.011252239562767,3.521758293489256,-5.008451843290871,3.921654529542785,6.530177011151402,-1.5246618793254498,3.4098489653901467,0.4834150455636248,3.4409609759396247
2.779163926578527,5.205919752431109,4.591024509733394,10.417612352021088,6.330077799014909,0.6215192811411316,6.532274209814908,-5.094602320162586,6.9715078080390285,8.947504327094443,3.481968430311099,7.046690210555546,5.3017944989260215,3.0764918180908936
2.0423104527059,5.386708060808565,3.676295505453631,9.057398446939978,6.598766357134487,0.0187560463927336,6.499226511100325,-4.305146162190439,7.688389219011121,7.717253560373912,5.542420595879143,8.650207194281656,7.763628954216266,2.9272094506021418
5.126662273705316,6.889593607718709,1.6343905552857976,6.155248878411058,4.862578165170383,-2.2506087657764566,4.310199614757423,-2.4922704594528757,6.0071548807575965,5.078957047252516,5.750711972989656,8.767726080920333,6.691419625211083,3.354382044956388
6.018241560876914,5.368157996626339,0.2353382399159045,2.854774292071397,2.0668509696856603,-4.005226941835024,1.427059738662308,-0.7131547238200397,2.703366715786636,3.420166676026568,5.42302233516434,8.39661913798966,2.959026310593273,3.741704314084615
5.595205138215373,0.5806796371936176,0.6839837301426925,0.7395632978753,-0.3253937009399266,-5.631493656998572,-1.0632441904424823,-0.0430369840305218,-0.6883437673303305,3.561959114364836,5.456878950457963,8.278761641215205,-0.785535250054977,3.664558977420512
5.59537758973155,-0.9567975723463232,2.7514571888020853,0.962120120008084,-1.1692168105327312,-5.585419687524787,-2.769837728172977,-0.4025784304918289,-2.309606294044727,4.717445528178793,6.259915768806259,8.653162070899963,-1.9214950534595303,3.779745945109994
5.074937035696616,0.1071636605336354,5.105939504413659,3.4786153011526686,-0.2629626746540729,-3.335901201625846,-3.735151589384241,-0.632763110504257,-0.9460695067068484,5.785667848714773,7.862233031103344,9.471776573357396,0.2036895055351912,5.328472612311714
5.91431262301565,2.6033193150311758,6.428078218245201,6.9641915343936205,1.5927386227501827,-0.9328358488319348,-4.004550922344336,0.3053916922773574,2.952374965634643,6.488261328813895,9.94036271285811,10.65365860391297,3.8647128352772455,8.65166886972186
8.297031226475859,7.859585908583742,6.286245506507065,9.523688547189868,3.1381678758552347,2.13136166903856,-3.4393314252746627,2.265825833278459,7.15105488580015,7.244865338200181,11.840567822343148,12.007066587133483,6.412352326762779,12.239332224282354
6.894344816020965,7.959430202775798,5.1292953651186295,9.748692672878366,3.454793537692272,2.9075808832851195,-1.9110664313443733,4.040498244167431,8.900966598950664,8.127761972163935,12.79626185188256,12.934660262380136,6.272218288113715,13.437460430743538
1.746916075731188,2.487264064684028,3.631821204787656,7.450311839487398,2.4834737120929766,0.8307100123259213,0.3347705777075198,4.48724736809735,6.8757474184986265,8.231979661114627,12.323254579906587,12.426968960458815,3.823674445937174,10.407206383808145
-4.275161572983854,-2.325189383982916,2.1249713634015635,3.647331904877424,0.9088135939546174,-0.771840102757805,2.554243518534342,3.528161197932228,2.234621759707577,6.334763597003098,10.553154621682326,9.655749491632632,0.6931943868687682,3.7400582518734256
-12.340800054437848,-8.23488040100665,0.5823263864508625,-0.1128747031643886,-0.45082128807692,-2.6844468593621147,3.8729280202235854,2.1187136170361907,-2.1933327719947453,2.2874366889782296,8.262330885520843,4.813445140252314,-1.5903572331755544,-3.640738442218845
-15.051262476555417,-9.959319142118655,-1.0071745086504933,-2.6240962173063025,-1.2165602460858045,-2.9957207768168903,3.938942289939421,1.3481828765351018,-4.039802590951721,-2.329324053409448,6.520818282398062,-0.6177406069199876,-2.379614800697219,-8.291708242829003
-11.504047444412658,-6.226469303563439,-2.3906922806213693,-3.5417504531959807,-1.5276082879756787,-1.048149038147234,3.2750224916987447,1.5913710989287235,-3.1004803121382967,-5.168508776601099,6.086179812770933,-4.644478289425368,-1.8377345100658289,-8.468508977225543
-9.12135469035548,-3.953452412877989,-3.210204126865427,-3.3045387479737043,-1.6633387128661603,0.0663154590218316,2.8969876205412386,2.4083885177321336,-1.2358218762471016,-5.019261145153072,6.838732380285952,-6.120647953328134,-0.5804147342672477,-5.209811142368773
-6.129118352123355,-1.7246115821539043,-3.360302998525534,-2.639020561946851,-1.673758845043155,0.9049279828789512,3.426437103728864,3.06857789598531,-0.6801528355194089,-2.965871109621524,7.646276966988723,-5.564729257916586,0.4827603792826958,-1.5958878613946894
-5.241807164184055,-0.9689112892254588,-3.1147688668824864,-2.0861664099793344,-1.4098767739724156,1.225278375692463,4.496457523461779,3.0668379732463844,-2.2944085530483957,-1.6848320063997195,6.9123671861058416,-4.685543907374223,0.2732212790251886,-0.715845508808929
-7.769176527160122,-2.909408534243132,-2.858589373605693,-1.863375102034752,-0.861846428219363,0.4824609483456848,5.076367161938992,2.2440834538393126,-5.170571334902469,-3.387400709305224,3.6315783591171096,-4.993825001698077,-1.990540983400174,-3.6811435226551374
-7.74018193587935,-3.262215275825706,-2.7092203146999205,-2.0026842595401053,-0.3587010261670293,0.024168122776461,4.490068111857086,0.6878646288935792,-7.658006582079623,-8.093696344207736,-1.709135975635279,-6.689559571438906,-6.142994980220575,-8.976369771632049
-5.967651978346816,-2.619974910064976,-2.4438376826300185,-2.461183755251449,-0.3488119087250396,-0.3640771269982722,3.185138115590844,-1.2407935647216917,-8.679635228795643,-13.597376276157949,-7.117709185515047,-8.713092363143067,-10.901231129663444,-13.57666333253403
-5.512735509403996,-2.538145019612679,-1.8126398510407125,-3.035507397877277,-0.963412503856679,-0.2460994755692118,2.486855945395387,-2.7843486843926737,-8.202003049978828,-17.029475632123336,-10.146911028019646,-9.754660959797496,-14.530388398794416,-15.059635153150062
-5.538069139698887,-2.368456778589625,-0.8891600816043113,-3.271971608992746,-1.8191352273028176,0.6539532426959376,3.514540824052066,-2.965726453967111,-6.734496645544651,-16.711271543217855,-9.362212402369222,-9.237296920934758,-15.849232290891914,-13.197502259305196
-5.761937938536455,-2.604268744345604,-0.0727962948368521,-2.6923185513318124,-2.2793855037067665,2.159264263737453,6.213022539696439,-1.244437448269171,-4.639483951789289,-12.981507352776466,-5.202801948725316,-7.529013708232764,-14.707881150089351,-9.876854174346844
-6.5745317834509285,-3.3905676817437285,0.2442023454706579,-1.322663753678782,-1.9474646331403704,4.521545070200012,9.310295788584344,1.8169885489468955,-2.000316509221797,-7.675687163155578,0.3579437240367973,-5.492270854195471,-11.666173213394542,-7.496445368419257
-6.151589478480366,-3.685172741349924,-0.0242738856717252,-0.0345291814134789,-0.9782548868556412,5.368831058730753,11.15171651394613,4.648276183009266,0.9820058326161104,-2.913636402014699,5.048293449114787,-3.969561952797026,-7.449107032344099,-7.1887853702722175
-4.41026909971002,-3.5721842361529457,-0.6776123184881477,-0.1539281430936476,0.0102865392436761,4.563582241535904,10.68204118970998,5.733870611283248,3.695920315758265,-0.0648287361233421,7.521206179963652,-3.529460448483817,-2.82040811446716,-8.241280983783529
-4.074492352774189,-4.1272074307702935,-1.455794208567312,-2.397495258558429,0.3287256771568749,2.540608421178817,7.923966310833876,4.845466094030005,5.38052386026386,0.6639151755160242,7.796764495196793,-4.313524419158437,1.2399835673908155,-8.951304807535532
-4.883203065975721,-5.223013459916033,-2.167241757032688,-5.963055341013533,-0.345037971321684,-1.3880941502467012,3.854888758925334,3.265031168111882,5.701722156501837,0.0493753555927476,6.8297263558428405,-5.823862044456668,3.707275174399708,-7.96374578024999
-4.276276052061675,-5.667199269948174,-2.6268728542117223,-8.73488505991904,-1.7281174217690598,-4.054710858510758,-0.0656018833773366,2.6236464649789504,5.0047523508303335,-0.7124469876900008,5.696460297395788,-6.910310106216056,4.224131888901081,-5.007485246718463
-2.6021955030905937,-5.570295366369474,-2.620239033254144,-8.736526379566932,-3.0734536178198546,-5.40982539470816,-2.5296974551884084,3.3263141176682858,3.93526431814708,-0.7290957299399672,4.979430187767555,-6.334116128136014,3.6213774124434823,-0.7984981669369162
0.1465277652500468,-4.628196598674345,-2.0668095323037825,-5.79200955622224,-3.688268325748833,-6.107266490383564,-3.0714460674510136,4.073799288993715,2.810602363472128,0.0274802372878717,4.605632413930128,-3.731031133779588,3.38909399534062,3.3738428067168904
4.502639082251212,-2.532037826713095,-1.217452228829469,-1.9312945939467736,-3.51828929932822,-5.328480364232107,-2.487544539410539,3.0624353535411224,1.4118412315118398,0.7063183901403001,4.060157282561388,-0.1496521980909264,4.299293805184707,5.985137643458458
5.342819191898652,-1.3068216423694048,-0.5690504161495795,0.0335514453336784,-3.2680171651737524,-4.81898519481978,-2.472560155075307,-0.1705137085413142,-0.5725896224360376,0.2483262049874994,2.7842054604884865,2.516582954231687,5.5009249273985255,5.728504248107274
2.429631632691346,-0.9045399171043595,-0.4721092023222333,-1.253145391146422,-3.781425306775159,-4.47288128997648,-4.368749348215829,-4.018205543888513,-2.9341303516875605,-1.6640728249469063,0.5893758026516167,2.893527732633874,5.182119982665473,2.3188816872267246
0.103854811847158,-0.6113148404723785,-0.8149057338983887,-4.521489856687268,-5.116328019662493,-4.626290793410206,-7.850820111479727,-6.001587424891429,-4.8569529056082,-4.1576283532968965,-2.096936656666635,1.1265995377879603,2.350732357604251,-2.8050806525670566
-2.7369172971990627,-0.8805674591910085,-1.1563239353944503,-6.891005394849373,-6.233068030134401,-5.705788432444736,-10.825278078425818,-4.898119744693997,-5.522517802988126,-5.713186111042436,-4.362949570690635,-1.3829752049139437,-1.9826985958377428,-6.827705909724987
-3.06046075294726,-0.1253686407929153,-1.1962013192630998,-6.294471072778801,-5.806153263989895,-5.0129295763658845,-11.003604099810982,-1.8678479656170204,-4.832011813107208,-5.356056099406789,-5.352257863399657,-3.2154351866470314,-5.47509102483761,-7.251960044900397
0.0242854906113562,1.7616447937954225,-1.0683585836221496,-3.20363458921155,-3.5457776729467234,-2.602738945765333,-8.001214531461745,0.4969209346805208,-3.504940742364731,-3.478533287024259,-4.874468061411143,-3.938838954706597,-6.40020867221045,-3.839149022055526
0.9358951533399408,3.2884334405038023,-1.1072063525788811,-0.0892497667835705,-0.7207783431860655,0.4441389060066815,-4.00512684102069,0.3859719651523576,-2.407313353892309,-1.4943160405838896,-3.544476491652184,-3.988940964125789,-4.994780883598082,0.9713652489956424
0.4086071745938743,4.787302065690076,-1.3278739474193983,0.9155558174162302,0.8093443283933937,4.723015781376273,-2.120483185541101,-1.7096123647307273,-1.7372524267578306,-0.5408306209031579,-2.225470620279697,-3.721797212327889,-2.9255111609462503,3.853793869956011
1.7153380934697873,5.879240297140159,-1.216826464705445,0.00208800692943,0.2750249104240012,5.785673340107028,-3.674730450479977,-3.485537354933882,-0.8691236868151968,-0.375204115602255,-1.227022942371942,-2.7616805112707894,-1.50706094204833,3.277703258080741
4.085819478071657,6.300830776975062,-0.139507233647425,-0.5295184536747968,-1.217853120101907,3.207869443314559,-6.927785267540205,-2.826792542491656,0.9576881445628692,0.4587142321788455,-0.0555725410344081,-0.3791497590032193,-0.5208049924143872,0.7599865180569338
8.199484887034508,7.712539820154413,1.9827377266193336,1.504477743864797,-1.6298810128964902,1.6790778516785438,-8.495833733252638,0.4575281276900007,3.737159838578684,3.2311235106359497,1.957636353081046,3.517073071620935,1.2250502982172795,-0.4837142997923394
14.639558669529888,10.04393049351793,4.407398206673221,6.002766194725727,0.1799788138082831,0.2186456487154831,-6.293331589055752,4.592258281126103,6.45774501909132,7.619171502254979,4.74449455350754,7.87855217474403,4.298777518722041,1.6749033827201938
15.703740094233112,9.785941971849176,6.041001997833725,10.460290065829913,3.4348560696215245,0.0139484781738594,-1.337797508820822,7.353386013621986,7.824468507766946,11.641699550147884,7.281554299212129,11.120464870904192,7.7454111353765,6.522064669007195
11.0871606383735,6.991243424024634,6.249839555524403,11.971705504507426,6.116529763813649,1.9248922877940984,3.1854849125940774,7.724185727594525,7.353680040018771,13.13267101920531,8.386083940825934,12.297693484023537,9.814257286537144,11.250607956623128
7.300621441319454,3.2927790005972466,5.251885239979757,9.517200471789334,6.593366710447917,2.180362773003738,4.645716478901637,6.3511899676872,5.860172218228472,11.52566335389847,7.768857425222965,11.713714649045391,9.527787822319093,13.348131364952586
2.7049319503731315,-2.099688811031554,3.720206949902272,4.568889586678347,4.688277594850471,1.170854549096159,2.952837569587926,4.659985721390141,4.8314124689165325,8.361245373442175,6.259557910818149,10.382491084735388,7.5001034423067185,12.364193351521273
0.2481333405225039,-4.359094116250676,2.02215373697646,-0.2959640288853258,1.4348376615304623,0.3530274626407572,0.1555379721785641,3.606996497479576,5.155211259772848,6.024291400195885,4.950436339675274,8.917609007242776,5.278608735119009,9.62844447906769
1.112576091644162,-2.9784302794959387,-0.0809823775828082,-3.3463931811576977,-1.8925069735347204,-0.9196000482944768,-1.667569492397611,3.1289803604331965,6.288254513100414,5.798866436628041,4.119552510573607,6.990089195480483,3.997908861499239,6.589993841250742
-1.6394613722631028,-3.0056155052967988,-2.9119254373888275,-4.542730986211529,-4.410556689040861,-2.633345421107786,-2.091326887288563,2.5288929555289457,6.64266399984962,6.926477196756489,2.997108112756102,3.8954670167697056,3.68670903822317,3.641191617756097
-7.295538858583209,-3.3522994410004667,-6.082669418098241,-4.871795369317086,-5.572939357801011,-4.728611207786363,-2.185183256205395,1.2160211611495717,4.935476068913552,7.426989386788999,0.5409559801976034,-0.376768122889505,3.692334927113942,0.4648520648833179
-10.25659693914615,-4.240241901600256,-8.38100992021932,-5.148416336543787,-4.9943144473980965,-5.92643455629163,-3.0271177552183994,-0.8829900203251455,1.3691200861288673,5.869260244140857,-3.597737928486173,-4.701668114744256,3.4677012597964287,-2.8424180518613102
-11.433264061924596,-6.465354047703403,-8.665323506391271,-5.4594896977015885,-2.726471433804772,-6.087076564437345,-4.545049126966896,-3.409125895036464,-2.405670143227057,2.5157349429375904,-8.782842091350291,-7.51252805155744,2.764732766943897,-5.384778781481321
-10.983814586451189,-7.891780066334331,-6.989098998202206,-5.505610400615371,0.2723352382510775,-5.283239705018896,-5.71604925332004,-5.842657426002988,-4.5740563927684015,-1.0552308654680136,-13.839076586751064,-8.016406765506854,1.2097393010181623,-6.330952835816747
-7.839274624558977,-8.765799143576276,-4.768511190043758,-5.170798615118895,2.3034106749776253,-3.080917958913327,-5.675009936974902,-7.667112644515027,-4.631465895158186,-3.3503813822751627,-17.65325525530934,-6.825019118848656,-1.8777844831959245,-5.991868117652782
-6.491769496816009,-9.27340085894275,-3.6436082457067775,-4.624799286515639,2.0417839353360736,-1.751759121701933,-4.527412383626496,-8.457323208981723,-3.796829608725794,-4.083956462507338,-19.49389963231889,-5.463582664480503,-6.815932053501171,-5.759901652983237
-6.880331497236828,-9.011192104391128,-4.007749242046342,-3.973389625241425,-0.2289583675851445,-1.2960414894590198,-3.1983060843595004,-8.067212619929961,-3.9937022373257065,-4.139615174225911,-19.148660248234407,-5.216989387137742,-12.574770692514864,-6.798726380271791
-6.140964121734229,-6.918598234310354,-4.629848914655974,-3.0158860889892063,-2.5451017806248277,-0.4927813406361673,-2.660825861487228,-6.866851028021013,-6.225044377034863,-4.597668852370669,-17.09609108096524,-6.249902548350388,-16.709964431592443,-8.77501120368894
-5.156025941883437,-2.7199270658822523,-3.817761251980757,-1.4729227420775353,-2.7173113444831403,0.1657725452492245,-3.301281547809655,-5.716644398090572,-9.671657110210038,-5.793025210572333,-14.526836116128004,-7.582801076965305,-16.782740033587263,-9.954369672340055
-3.472061092564981,0.0149483439197382,-1.081745593851904,0.5668525229517944,-0.169385871728239,0.6038999900061801,-4.8003953574463685,-5.488887028861522,-12.263466763714185,-7.180672762272698,-12.83030767682405,-7.824892629965941,-12.338005781875829,-8.64669681377099
-0.7388030358041734,1.3921090132328908,2.266938278241149,2.520397687699852,3.5176353017736304,0.8758218937265285,-6.385973413585455,-6.411784020563249,-12.297490126548857,-7.987371275270245,-12.663707975182456,-6.151454416572932,-5.701676882668062,-4.693135494022724
2.309082381363893,1.866781091303429,4.172683583165028,3.6969429487906913,5.925064064173917,1.0266619248223312,-7.193305465635255,-7.815484570362253,-9.83879196218503,-7.98488551525549,-13.4096711230853,-2.984771926815013,-0.6681876783005274,0.2999596237775552
5.882456021020499,0.5568151649600603,3.5995301663190906,3.829672223812623,5.796503113176234,1.0480878675606788,-6.626438595199247,-8.583371351496826,-6.778594316024465,-7.708514371394055,-13.720145549248985,0.0254980379886302,0.0583313695176737,4.097745516529247
7.49337853779401,0.2551032463568532,1.4205663098882502,3.236608524676073,3.891173762438987,1.3596476603583385,-4.657457438477254,-7.968503160636672,-5.435180392748691,-7.964699155346237,-12.781052874683333,0.8831865699243018,-3.3327825832480378,5.32261951121572
6.815889095396175,0.878680810864154,-0.3292882018224956,2.4935596915336884,2.0050002869814696,2.0149358381199645,-1.8807683091270613,-6.06999799327723,-6.723811220895653,-9.049875181264708,-11.018417121913364,-1.3376970589054291,-8.113227365005152,4.148674306141476
5.9472118093082935,0.8404998805891557,-0.1403986437322189,1.986155612948601,1.252299398956115,2.246425338585808,0.8243048894308727,-3.587706935466284,-9.320487018206716,-10.31097816584738,-9.3828281624392,-5.451878996220374,-11.12151035477319,1.8706154562616089
4.228557730788959,0.6733706569443928,1.809984531217224,1.7649857309176236,1.306357854648755,2.123078884204029,2.855130841121768,-1.1681550507534926,-10.530360726695982,-10.416739623488937,-7.873956816189501,-8.495209374401313,-10.821288604435356,-0.0928149956872559
3.74677277087785,0.8522368803507914,3.952971690458905,1.7441887158801657,1.1772071015504515,2.733224448439953,4.225402404177838,0.9919326460790732,-8.24468267072757,-8.194618047739322,-5.003449964536536,-7.572492856847147,-7.760342599705442,-0.93900729267187
4.914700925053943,1.2805074533312997,4.728277612945281,1.9194205413119765,0.4971930075868487,4.015210266888781,5.379741903763554,2.963172440353876,-2.488835197719408,-3.480988800645531,0.8772329134758721,-2.034390145550562,-3.434269716904872,-0.5592478192681138
5.108326749710738,2.662979107055492,3.849985927676173,2.3170815297500726,-0.1082580682728373,5.652944369053534,6.653665725020674,4.641983409733481,4.606445075113809,2.5964660376154978,9.449287885955542,5.778228844338666,1.091364108441013,0.8316154569562508
4.848562232544689,5.174951389627253,2.410570107205399,2.758706137034265,0.1418109156209954,7.887433430024075,7.870502252707796,5.616699364774226,10.289796735897731,8.12406211171293,17.720922881004704,12.027867982484004,5.5239464199138775,3.0106213234144183
4.079147023084797,6.259393102242272,1.8428272778086117,2.788259573483054,1.1799551437556826,8.544263743197442,8.42639849361648,5.524365443057671,12.883953366598424,11.404991142429632,21.87423935347996,14.074841512145433,9.663398422578156,5.718083111378337
2.373720175118363,5.946502558554696,2.696165862642244,1.971363867290088,2.063874781046524,7.44549952329762,7.787084716473071,4.513045339492459,12.459273128433544,11.851102900066882,20.326231281088173,12.246215055191357,12.803562085176267,8.44521497746825
0.6947912396201658,5.292722206817964,4.247498287903752,0.3624583862397674,1.9344970311759644,6.376670028265803,6.010116941209831,3.29720656454103,10.28389683383528,10.22573542991774,15.26193373375634,9.28228120168686,14.097209295787858,10.42403177815442
-1.0935672247981336,3.714230846943297,5.178901980261402,-1.3143266083313565,0.9046564698410702,4.820731131217897,3.906781740357059,2.71031796191601,7.830832465849643,8.103897498345727,11.085407418550718,8.004009741634992,13.533200433931738,10.985628030520944
-1.699089039514857,3.316867196519361,4.664259485316179,-2.03743152078475,-0.041793252458369,4.097765843589563,2.673696753411273,3.15241592550018,6.169461390646052,6.897149348579816,10.998973971428573,9.162557923001437,12.32428425999924,10.014541861188505
-0.8156853304929829,4.282385843141908,2.9618695720849733,-1.20169218401825,0.0101886380339388,4.541841235835028,3.1322401224408623,4.389650189328982,5.85229436815755,7.051466291622368,14.635090586441542,11.119546851767684,12.018466828030808,8.052358826701724
-0.5132448105623442,4.4322067858042455,1.123313200018961,0.8756726916953621,1.084897583446807,4.310024830680158,5.03146168274552,5.784328719794429,6.873836268390335,7.904107378466,18.691603868680943,11.378693855055316,13.024312937175722,5.903025848534273
-0.4737193819037958,4.210073912065595,0.1585856960008609,3.085903673328314,2.344274085247488,3.749960322798371,7.003850834391998,6.663028779760853,8.505184204938006,8.246755231262034,19.827577954707305,8.554859222366883,14.015389380890316,4.079352328193718
-0.4162353133084422,3.5569368459617823,0.3309652206719828,4.232116823253382,2.8224540018610496,2.96940122288064,7.438172626874584,6.527671016757465,9.371434592619636,7.174984269635916,17.227785668802987,3.274258155827876,12.961056558502028,2.5895059108193133
-0.6974995388844908,2.116555327827512,1.0470721259854372,3.7918847032431584,2.1470576575742424,1.6757020787596202,5.776464497484366,5.108990796107241,8.169767641567795,4.642570493659425,12.83580838076261,-2.4199715270069166,8.979619791171833,1.2216110200412178
0.5670816152422785,1.3037512249069103,1.3487803123395334,2.190969684785962,0.7091485498973551,0.6353470466437999,3.165283428957704,2.4602484703641565,4.728051204301747,1.408230809919515,9.487504064600657,-6.428331357669407,3.359595704115457,-0.0133576428436343
3.461531903000409,1.0648134152866724,0.6480672378882506,0.4311814518769221,-0.6918798093611063,-0.1934319989968212,1.7093395131241564,-0.8490752765569711,0.4582521308801786,-1.4677821014519017,8.829758310832684,-7.67843434099935,-1.2181230142965631,-0.7637547948217138
4.880259833165439,0.9458960295987068,-0.7800663458145065,-0.6067677970584402,-1.352383138720505,-0.6111794449311485,2.7548343515523728,-3.679060225142474,-2.4478838235676585,-3.149044440339689,10.631495124237947,-6.403963217695456,-2.6431783018333563,-0.6807783731113402
5.064187459380311,1.250454368499211,-1.9103035754010445,-0.6649104875810457,-1.0013785096833008,-0.4194692194550437,5.648283595148024,-4.705474104359529,-2.612794778000289,-3.2712344036933327,13.541712652294772,-3.761265028291058,-0.9064728381917782,0.1257506487804596
5.196397734252589,1.2514189339719015,-1.689579117547995,-0.0928043582987161,0.1234451523601887,-0.5665926449659309,8.170258408474714,-3.195093857144223,-0.5329009122783992,-1.9454110057282108,16.21289336678506,-1.1884449430741508,2.004871172148004,1.012210158277341
4.668088439702092,0.9171406098796648,0.0944983404104737,0.5993460625600777,1.429466516946146,-0.9829169025663356,8.384015081376859,0.3581574112211738,1.8594286199808048,0.296879255541441,17.886230000072413,0.2161410844964226,3.676728324966822,1.2477919919358644
4.489008919245248,0.7396393981199735,2.4924061461658225,1.2232004023697298,2.2819266303499277,-1.5064358788231718,6.290169976936996,4.34618138656538,2.7753923624783594,2.5856867922919005,18.415825139491623,0.1610677552885464,3.013268651056497,0.6084138143347713
4.759089944611848,0.5613539110682563,3.9824199535347553,2.030130160617765,2.3502567474228684,-2.337851514983046,3.786480134923276,6.995719412322017,1.9136816212053311,3.985747889610717,18.158401547382205,-0.6931585133946903,0.86764966331239,-0.4340070833613816
4.1887559871976165,0.8793573301170039,3.589273158741441,3.356955528146506,1.7972084654419938,-2.3844428960215414,2.9645848281620206,7.5024113497711955,0.4575878775078932,4.012567555657479,17.858962623956483,-1.0994717675131405,-0.7704177765090172,-1.116949429987459
2.957730402314376,1.7916232710930606,1.6273889494987874,5.088331208856001,1.16311644158219,-1.599517595868004,4.290636481288093,6.450092226727,-0.11936063936737,3.073414109500647,18.292829713854537,-0.0376551770893396,-0.2934747636802655,-1.0114125097775075
1.6225814629241444,1.7819786851851094,-0.5761889821394082,6.423635290927203,0.9848674189758562,-1.5687617590450949,6.282712899066583,5.169966062772314,0.7315075425271802,2.329875826645289,19.61862538884916,2.500973067393242,2.415795176222004,-0.2853904636708688
-0.0143330051302044,0.8825374312587161,-1.7516298882607142,6.248261640819608,1.3937436145433535,-2.1312290069397446,6.880561304372086,4.597569808799292,2.4022746278824347,2.845037935480187,20.9233843811081,5.369404814404106,5.95099233769139,0.5749076275206031
-2.273158500686172,-0.4998313805444352,-1.6328408640181276,3.919240097861574,1.982132339706408,-2.9089527718518315,5.183138462579789,4.595426157680226,3.8336777391716583,4.57289087561048,20.53547593436241,6.955499701197855,8.281042185433392,1.1943509198627784
-5.135054193627317,-2.72606922916899,-1.011710607124507,-0.1308028747475706,2.0612637234032007,-4.214245809257447,2.011655602580337,4.245001896772548,4.304653871713626,6.094031080847517,17.0645699309038,6.215438943085081,7.911167716981705,1.398202664272446
-7.0147638235492815,-3.368955119784442,-0.9480769461074768,-4.502736232027516,1.157670531443202,-4.690712899863239,-1.05268176161453,2.738584149424418,3.634821129963566,5.530676075826575,10.4087610283763,3.255571324351298,4.645875764991448,0.979475272790132
-7.837336808449592,-2.268808597110752,-1.884899387344704,-7.647910112047626,-0.5981509025923266,-4.263348371533636,-3.1114554159385435,0.0552212734449287,1.92569843656838,2.066225193630333,1.928406133271141,-0.9224915168097692,-0.3563529062246617,-0.3639155415355763
-8.036181828809758,-1.0406490929955257,-3.3927948763299027,-8.806366190205289,-2.500848642626716,-4.552767608534857,-4.522350291319518,-3.067248597222157,-0.589963728128234,-3.1593806418308708,-6.326124935845362,-5.161021390345587,-5.189645946909,-2.6444028822303727
-7.16725920017455,0.9051616854395536,-4.636324765073001,-8.362672264112039,-3.733795413658712,-5.316582959107415,-6.211830294581371,-5.687620031292403,-3.3805717746911306,-7.635573024361501,-12.730310333408704,-8.67316903680308,-8.189048345118847,-5.180774159059291
-6.0630093341148825,1.8199904380522636,-5.046246241714371,-7.376361019254177,-3.927195754712108,-5.6682623161898,-8.543081314923088,-7.221166387359043,-5.538843773753249,-9.217829340024531,-16.819650468211346,-11.023621964527038,-8.840487389029711,-6.862124044946451
-4.674091527357668,1.4140900274277677,-4.611192027783276,-6.688419250014762,-3.3562442189699104,-5.829825848419899,-10.859235739977509,-7.651709858739543,-6.230851864672947,-7.672618817639295,-19.30969700925112,-11.858769163479096,-8.056692195953014,-7.075188749016884
-2.6847417733315466,1.4673144773880713,-3.640746086685701,-6.30918160472714,-2.613848207212052,-5.082067069472687,-12.051360581152576,-7.391495848994072,-5.4389495766066585,-4.779094174606284,-21.492601494259144,-10.894357159070282,-7.493821384910873,-6.362917577675587
-0.2475870409949732,1.533834538013184,-2.350599599967452,-5.539838891686407,-2.0730190461947813,-3.2175515730290583,-11.506726413906735,-6.959841077173578,-4.201247026841958,-2.9060134791027825,-24.317861747263954,-8.266298027018392,-8.234517327749481,-5.930989327832975
1.367988416047331,1.8561062478301675,-0.7399036656216599,-3.692299886327594,-1.658636861381975,-2.368215395684273,-9.549249088216502,-6.65407612402269,-3.872374562445589,-3.2437683478603203,-27.6052377003066,-4.813144686435288,-9.81587343491582,-6.323783270936664
2.035192621841325,2.6911545521072164,1.1142998494358505,-0.80426440886602,-1.1330879683654376,-2.443501398284202,-7.09984368505547,-6.375846210715415,-4.929131574242509,-5.109505364955931,-29.9381110445361,-1.810428218092789,-10.514837609146891,-6.664492624521704
2.262313990147064,3.084995964643892,2.70964760388597,2.253843281584801,-0.5479232172448456,-2.2867868021978963,-5.022014501238056,-5.752155379792557,-6.452740954916613,-6.76844127868798,-29.54921286841112,-0.1980280179072924,-8.819300661188235,-5.442376725155697
1.6659757539781204,3.1335831638095355,3.221013360870387,4.398707449862476,-0.3221965697608464,-2.316338984240581,-3.747610159822753,-4.514700312293754,-6.885840528316572,-6.926458164984072,-25.78096270332412,0.0921365888499172,-4.887931473759187,-2.201520330570172
-0.1016838112323486,1.6219763737766255,2.1426664912772027,5.177289983714343,-0.8169485804281411,-2.343342788213521,-3.3199486975267423,-2.837993297356125,-5.438253981400356,-5.607029051586827,-19.99961346241202,0.0675332901363399,-0.6700592298163714,1.5987619286316477
-3.158260913314568,-1.7761487874506765,-0.070283127596882,5.073598235947465,-1.8608347011856556,-2.2580442242805643,-3.5742786035877208,-1.300163085307123,-2.8493311422606933,-3.845760514168988,-15.015726681724251,0.8021283597506574,1.487268275527589,3.53781041706354
-5.282918082098329,-4.743296394225308,-2.086647985010638,4.940529126156029,-2.789031116132057,-2.682845265307092,-4.217563407032714,-0.4665046381704889,-0.8061518040187003,-2.72876133184372,-13.260633581993556,2.404508683305309,0.5302681275662393,2.1479042960013146
-6.429422695348083,-7.563699524713972,-2.6514879518864043,5.0346382164273855,-3.025234571508696,-3.585447585294566,-4.871729471242682,-0.4890833171966591,-0.5781615437246468,-2.7113969373672706,-15.161517045860023,3.706933370435144,-2.771475949953931,-2.017923418196047
-5.4262030271842345,-8.21677789081238,-1.6491867002989062,4.615462968209393,-2.632733300199692,-3.3192156700331794,-5.223602422671532,-1.0951257785887272,-2.089990455155576,-3.625396769221696,-19.079469293320397,3.077768277246868,-6.748660938908447,-7.029892843363404
-1.508241120419017,-6.021065371080943,-0.239648245149449,2.649706827185444,-2.254939209101093,-1.86591967719414,-5.201084086130678,-1.8891369250465455,-4.132787754093902,-5.023307691593721,-22.75727249538301,-0.1311220364025409,-10.12607397442302,-11.066539400937184
0.6395089119214002,-5.853535997602788,0.2024937674772111,-0.909245272578107,-2.4851724883489847,-1.136971362327287,-4.938360085435459,-2.5542782144336424,-5.334053179258289,-6.3522340694560375,-24.848205697847515,-4.62847272618126,-12.429589911081838,-13.234300848172944
1.3021611604469854,-7.273347603639934,-0.5684386014946146,-4.509109158730535,-3.2881895836395216,-0.8549634238121611,-4.497751395653704,-2.741745088870929,-4.972603162532272,-6.924814455246121,-25.18424061658287,-7.660647132951393,-13.38885658980865,-13.244088464878612
1.7491983083689684,-7.378433163954731,-1.355485761967809,-5.8518514864622855,-4.021396971662793,-0.2788497106780945,-3.657037704850713,-1.9355529325675895,-3.125070633893651,-6.062250521107671,-23.887528020500664,-6.832031315592001,-12.373948723191576,-10.83539959047292
0.9938583035246246,-6.956443730753306,-0.6462583825803376,-3.680409274036256,-3.985983870259747,0.2900988427076851,-2.0755666909321526,0.2869899004223444,-0.3573738503791235,-3.57389581086678,-20.654712000113875,-2.003839356731876,-8.796508513329014,-5.963663645095519
1.195689828757469,-4.0334411477298495,1.8175134116108704,1.0137001574700104,-2.954093011463301,2.995457492510968,0.2596000407103234,3.671353300390813,2.563519356828497,-0.1751074762692699,-15.201975648331905,4.301600758794768,-3.170955687212765,0.402460356396495
2.38369955767701,1.9795234525058965,4.547035428531787,5.503178511924794,-1.2464316909268804,8.106841557078003,2.781435349248203,7.006984150886625,4.786979499656115,2.721421427121129,-8.357343803307947,8.542056034439131,2.4390798326363035,6.029920319561319
1.310171438390645,3.2507409584598714,5.455178315696887,7.23101397002303,0.5523973625768797,9.598623048283342,4.628517484436097,8.678982394531571,5.542894796749962,3.880221027907107,-2.332968566371981,8.709533160954106,5.431670110929883,8.483181938242208
-1.7817726037239972,-0.1720987510601921,3.6591261477755417,5.558049739733411,1.865690746841312,7.592264683819515,5.275093904005681,7.791428050628255,4.508984998891281,3.121276110675145,0.5612662622936644,5.745894510894391,4.521102258509557,6.855192399203451
-4.142025224720991,-3.239294133108773,0.2975895785635574,1.9507685346877817,2.209788279141425,3.905004037536483,4.934498896039041,4.933106463137629,2.1684170235940385,1.4409647857271444,-0.2018669647870767,2.574527265406682,0.836892169561664,2.6307296168994805
-6.259268026611895,-7.575419400678817,-2.387789791983796,-1.4135910187342224,1.269076410230014,-2.886038733607841,4.351066948047412,1.844367107641505,-0.2504474662406228,0.2513721676563278,-2.712065888078601,1.510587571135365,-2.795220901397534,-1.2304949136377128
-5.764989291419457,-8.124004797503224,-2.8723308818061777,-3.3223513986705067,-0.8576567751248421,-5.143768892500471,4.157904022579732,0.1711581872986469,-1.4108741796730069,0.3587629141576207,-4.028273061278423,2.285953350317259,-3.8746292441040775,-2.34622277045475
-1.9108695909596864,-3.87130469541982,-1.457929016389801,-4.081862705473165,-3.4107216271178737,-2.3778539372821994,4.3688310377823,0.2923375131292016,-0.7600424698182051,1.4570726811833457,-2.565533445929757,2.452789966692735,-1.925019357998808,-0.4698892326904229
-0.0068729066469613,-2.342421151651751,0.2198199789086659,-4.677147414236622,-5.136413225870123,-0.3243146460979633,4.44374208428215,1.1420738306638674,0.948240536609759,2.4183283676082787,0.6010382490608517,-0.1815705047634912,1.3950385071846387,2.60350650432504
0.4696753062762372,-2.388951845428996,0.7024020005363609,-5.509918748152238,-5.000714298971584,2.7846351828599185,3.860723964723333,1.126053426578347,1.982848498561228,2.065292407835336,2.673006942628636,-5.295690440632282,3.655261004737158,4.546009998866899
1.6853751521511464,-1.488839667566095,-0.171261640248709,-5.940997871931399,-2.9841884079919065,4.143001835824469,2.6918768282778025,-0.6146024840252489,0.7687005972048886,-0.0914711066348725,1.5246300766433325,-10.03519850406786,3.3112050509935,4.160887575451726
2.705064213733013,-0.7934442666453652,-1.4115597757842522,-4.979545223425268,-0.2176834705429113,2.8824379958784445,1.6579511067733568,-3.526267292674809,-2.844020123743713,-3.49020030543916,-2.42672559414214,-11.245312438079258,0.5629215720358651,2.057640678019463
5.802034232510857,2.5324690897838087,-1.910694697263555,-2.3506637851821983,1.822961543684646,3.732807647244048,1.5676613381587172,-5.977420772836478,-7.11855001273102,-6.631005365920949,-6.351156446780807,-7.922366809550088,-2.8414372734738,0.093413630230472
11.309209056303278,8.884934383678084,-1.266893643765651,1.125338251375082,2.48478194507704,5.979292062314824,2.5938778355346788,-6.301510130798633,-9.316964242384945,-7.653334158571381,-6.961896115945661,-1.7451257929949544,-4.48079422137371,0.1432940903811026
13.132192594456898,11.120484288467098,0.2471952013365288,4.17109891822461,2.452516437260201,7.421758687866327,4.048386722729078,-3.8337639743994782,-7.505734431363141,-5.251069812118383,-2.772575999771969,4.565572084309089,-2.41414879312667,2.9662796147710973
11.42873304865902,9.47269055516624,2.2159079281555982,6.025233327229157,3.090689436922504,8.713956309635783,4.926065140521018,0.6635089132960457,-2.0180369117125543,0.442680794635841,4.930160221124256,9.31304608599468,3.672877044360906,7.707291511444657
9.82793198082537,7.781138412050449,4.322682984055443,6.786688578121459,5.143926674377692,9.097436151881787,4.770247978252091,5.36322635602807,4.602286817081993,7.560721088459984,12.930457361943688,12.397241555717416,11.816008277657676,12.264912611205112
7.097708763313404,4.587048894755317,6.064771042786138,6.872231512874238,7.957052716050234,8.21644753220011,4.030093243044187,8.275483321711066,9.230950880843375,13.188321438469377,18.031960166305858,14.192210397646146,18.320853629607704,14.425333198508229
5.093407575330743,3.067754146586665,6.518008857543251,6.278950215114158,9.94412361130601,7.04478249858004,3.5083833342266084,8.22569994875116,10.151730094354903,14.83483297589718,18.813001863378588,14.289577662238074,19.72151896495103,13.21501570824892
4.329379399011925,3.806963913566992,4.786308185687913,4.5385240283784665,9.899342458397498,5.296927624068763,3.417749487244425,5.448204581303328,7.910439916260134,11.875170354062194,16.194894858660682,11.671945495458782,15.13837451835954,9.581216444472126
1.4889740066938462,2.2367925390195924,0.9422166555578744,1.4653546474368535,7.977214371584129,2.500082194936015,3.044588076078501,1.4824960591153855,4.534611725883247,6.016388899433401,12.666120443086507,6.187748089164872,7.20962339436144,5.756177481974773
-3.011659973289099,-0.955144551702482,-3.5127956542412706,-2.140542913375754,5.496363258459248,-1.300244217152427,1.4662094921735351,-1.6433416300880646,1.9640208315402483,0.3969310348313164,10.786179872024114,-0.3542306656278395,0.5150546136417395,3.624113198671054
-5.715217188776544,-2.5315357638322404,-6.390991967321631,-4.74338441824885,3.814244265019268,-3.9914832828541855,-1.3553091668599448,-2.5522180495461955,0.999625544930412,-2.1903432230814306,11.880003560039723,-4.915787452419525,-1.5723987157689563,3.358885711185915
-6.935929846499459,-3.022506742303963,-6.352136511393039,-5.230593764429548,3.3174339614473287,-5.476095157920042,-4.2803391061965534,-1.289500625329524,1.358668483094127,-0.8627631559392994,15.562164317748222,-5.422672518718018,0.8285252165833659,3.5247860018276653
-8.051752450216746,-2.403067361090837,-3.9521233927330983,-3.925157618480092,3.347589358057337,-6.387053568545262,-5.928845226911756,0.8287226422768328,2.3615390129629072,2.970661738883084,20.181839532915227,-2.5085679617765706,4.545133849605397,2.5650963876675297
-8.39400587391527,-0.0325350114928106,-1.2601699283019334,-2.412083275523853,2.9523929381062137,-6.138715004852937,-5.970561489937678,2.216922032768439,3.4321805581063938,6.62437014394739,23.829988396604843,0.8462798748348657,6.078648494422735,0.278264664244584
-8.439244437781298,0.1678045818751268,-0.3345959163310457,-2.240016837324968,1.6717542050929068,-5.51570009658903,-5.428250208869847,2.120851909271602,4.122803020458536,7.862213754850166,25.37535611715211,1.6065206942514298,4.271233857001255,-2.129236637289272
-8.256446207476637,-1.857640145175015,-1.7938324054895876,-3.654854011508766,-0.2786129740691981,-4.437970520980224,-5.606640198813656,0.9749193752149496,4.020550416379908,6.200801962593639,25.041507219071832,-0.9667443639308316,0.7782448822354602,-3.4010600370420585
-7.870018305281078,-3.981965713243788,-4.538091243610226,-5.507044600019468,-2.377155881813271,-3.519570198599669,-6.696777613477275,-0.1757006840095498,2.919457148888162,2.969613333015296,24.217008139376265,-4.828758993568751,-1.739136725050234,-3.549156146853002
-7.424839840541562,-7.089324904297434,-6.661383300989982,-6.349278184670572,-4.20855032097443,-2.971386247935531,-7.502972807762342,-0.577736088818197,1.1332555464333982,0.1790817125449111,24.53275813310541,-6.875757065428032,-1.8913514729696252,-3.74489509281301
-6.314188703903396,-7.11138560193772,-6.7373871051990095,-5.641350926436422,-5.5497478037266,-1.852715752705689,-6.6156121826652345,-0.195202069459659,-0.5127107095487995,-0.9198719100864924,26.72504947394757,-5.426297331232121,-0.397247493015072,-4.916366629997005
-4.56826836271944,-3.539109855016084,-4.593443520826254,-3.97657825439256,-6.208647936083713,-0.3557087621374457,-3.844755596463055,0.5803975396570262,-1.1821005157679334,-0.5193971082605602,30.10703055220474,-1.4529295761931555,0.919741635148217,-6.559226312430312
-0.7841761848397494,0.2062252315616392,-1.2251119371503545,-2.274756165039384,-5.93675364381437,2.1716290588391534,-0.4292076517073826,1.485876269033481,-0.6146441035091199,0.2537482588047592,33.16200463068827,2.366054371818378,0.823670516435344,-7.04434123628859
5.328928594567152,5.164237548647673,1.9255765497206532,-0.8710797146669755,-4.593291962481249,5.941206766613169,2.2053863838574768,2.623661753361252,0.7713791153456928,0.5025116172753147,34.85311350850825,3.916221143916972,-0.4101104252453871,-5.145051671832642
6.990943314650055,6.626833912409244,3.8312910991621782,0.5857758884574702,-2.4352578828284708,6.380800030127278,3.834782531817853,4.228718698591441,2.337750761648411,0.3179393700214179,35.4637038141238,3.3160215783093383,-1.4059910124793662,-1.2745349477292036
4.06231314012532,3.765273719895888,4.383506248287693,2.425060874313281,-0.2437027571656729,3.3148407244920937,5.481513063738914,6.264627964551496,3.708795597773406,0.4599326265627066,36.03999920120536,2.576688795859692,-0.9165931485543296,2.735553331712292
1.0500479229032331,2.753662000245724,4.248005375794576,4.264265834252903,0.9266897093053692,0.4946658931295178,8.027766100342545,8.20237617470806,4.727228591314435,1.297467600989668,36.81013706444779,3.5537992024448983,1.1064201794242343,5.026776922724366
-3.551568248108731,2.480944370924905,4.179161158960337,5.102191915592522,0.3375420141154575,-3.067563636274923,10.853652354566602,9.11865855247316,4.997788366276495,2.081578818996034,36.14100525322366,5.998454193615271,3.323127427765649,4.957612694731885
-4.198249153129555,2.599376232076944,4.329224115977788,4.137395475886248,-1.831726196297025,-4.60325832264438,12.023629404529242,8.079063404600236,3.736168234750416,1.3789391637216255,31.352680160181897,7.505736876400169,3.819516969112792,3.216520015581844
0.0807852521968511,4.134660712912393,4.169457473260271,1.5364777571871164,-4.345963379695897,-3.3457832773149203,10.00463375247758,4.697687113312833,0.4065982043160758,-1.5827289558847235,21.027437361653572,5.530985340788724,1.440325994249997,0.982531512802252
2.0432230472633317,2.5098793054739983,3.140470832278291,-1.5538265942025822,-5.517484126827474,-3.8774196857338503,5.304652237902751,-0.3777004051758177,-4.310267869932391,-5.853429596431467,6.8492541939941525,-0.2364814479323287,-3.219648673082286,-0.9447198306959184
2.984484735955979,-2.309817537682405,1.427246370443095,-3.731304632433458,-4.296055696533054,-5.500790893254784,0.4022316498853941,-5.46456485123447,-8.321523910040192,-9.068045361181817,-6.860326102759488,-7.26752388799385,-7.931610166800267,-2.374230750251772
3.9580414628311376,-3.0130919084909387,0.0440394083630028,-4.148688966662919,-1.0880195664706993,-5.41451177685386,-2.070927089096612,-8.592364750097353,-9.291456610479557,-9.054071832819922,-15.826636703012223,-11.959910035890433,-10.1453466966311,-3.393447039603337
3.8226319544979392,-0.1049735710959811,0.0384421404627457,-2.7982108555051552,2.4082122609302274,-4.183638150754256,-1.310742067222909,-8.691998326751918,-6.444416004674563,-5.486537799883611,-18.657253733337868,-12.264513236576198,-8.672486611504816,-3.9882988088637465
4.430213606355596,4.388198482259626,1.5309896183517775,-0.2367513954012943,4.358560017239419,-2.6932214166529334,1.1853993731947354,-6.38512969983466,-1.440179770730509,-0.218346480827035,-17.565277707512546,-8.923125561342104,-4.496449478291548,-3.970169112938645
5.675848361685496,12.020763629491691,3.54780007231228,2.803454015476476,4.10844456613123,-0.5381037126741594,2.9014857074201963,-3.652342358823707,2.615417947792732,4.001350412586193,-16.499580035770748,-4.40952414510757,-0.0401688526812513,-3.187146366771102
4.8853607610252725,13.51116053068042,4.852990435372627,5.558589887870542,2.615947167513911,0.1495003477639296,2.126836771218397,-2.4990506990499077,3.3549574259228465,5.390345539657303,-18.3083637740693,-0.7772839541965685,2.5615522023575767,-1.7803775649679163
2.1910562635267548,8.19841870059495,4.973409417173701,7.2299622657043745,1.6411637314811522,-0.8932642823976759,-1.0904409594420597,-3.58460214293145,0.7789143846639734,4.146830836530583,-23.13867073750705,1.5456126472483902,2.818802004147366,-0.2621369702787777
1.628452601974307,3.738897030615044,4.39291425677316,7.168839208387547,2.3406374968554253,-0.0584865627826052,-5.288856011197125,-5.856345622024559,-2.9464440373204592,1.9678273833263824,-28.99303531660149,3.138440782565936,1.8472352745652507,0.691251205259875
2.9328267911654478,-1.990460800277356,3.7430832731589696,5.306026788867781,4.380354375350443,2.29533534061601,-8.655001664193415,-7.450193638779938,-5.246967750659767,0.6233153801087317,-33.56895807258982,4.1621865738296,1.1294207891976933,0.6597221255902312
3.034930940547503,-4.4788583150678924,2.880508624345585,2.4235396373494806,6.227277954088024,2.3073794232627534,-10.013205694536058,-7.153788418604112,-4.9783687134436185,0.7332172953012455,-35.77069251834316,3.828434817243507,1.2590460047450307,-0.1644184841276545
2.6068614708453643,-2.3538349764206417,0.8995286712541657,-0.1689484658379521,6.327892327535553,0.376559353207007,-9.344209428453848,-5.332185472450284,-2.9934960185862263,1.555197149330098,-35.96664764398942,1.3298411421970056,1.719594408116794,-1.0391640928335524
-1.3929692675343586,-2.828588183649774,-2.823535575077506,-1.4585766805682212,4.227703751366171,-2.9537670675531973,-7.743535293433718,-3.638618584786563,-1.2231326914723184,1.7624114279027991,-35.24187159627164,-2.8723346790371247,1.6976634191476567,-1.2526482604761475
-9.768141602039876,-4.694143918500535,-7.5810508386775854,-1.4026716491339162,0.8047041332166409,-8.500518112263975,-6.790613509617035,-3.71990262972889,-1.1413395192798257,0.5422870691768251,-34.48909681218354,-6.94952514504863,1.00013584900154,-0.8336758391631585
-13.05060168878001,-5.9644657018294645,-11.444857412467549,-0.8541757726216364,-2.480586968163553,-9.614367191407664,-7.495278250836006,-5.879045078797731,-2.7624963268995035,-1.7765108204331748,-33.95391389032854,-9.103336621936702,0.1829503610320939,-0.7362205664845622
-11.547061986920882,-7.707476933260635,-12.64571958008774,-0.8122179841649466,-4.668880631629509,-5.905914809657393,-9.444452824097082,-8.743104008067128,-4.797969903998474,-3.992969974231283,-33.32758344145092,-9.157518268441756,-0.1319662420493879,-2.165828955316833
-9.396114458812066,-8.355622712258645,-11.059671711401595,-1.6717037154936774,-5.85758221885449,-2.8906308618687877,-10.944847217064073,-10.265287129956269,-5.763360279359553,-4.9975344269422095,-32.16705306902032,-8.72583907827769,0.0243935950312486,-5.463451924389314
-4.577625255574882,-7.743460465353679,-8.400741966541943,-3.066002551395655,-6.821791452228288,0.914979826399162,-10.303819570975294,-9.31274675003705,-5.174415937496528,-4.690014843042663,-30.34484793616373,-9.65808758925455,-0.0360246475314882,-9.47036196091059
-3.171491537807202,-6.995150581534927,-6.820769680220397,-4.2751468819151,-8.068350266349261,2.2302023493981773,-7.285560653999848,-6.52334326302149,-3.884552276548456,-4.061873010970919,-28.22764068243892,-12.145547909054256,-0.9459815745374276,-12.035210516428924
-5.827335446625458,-5.741103568420768,-7.0802450009595015,-4.706941467365431,-9.172836529803012,0.0329586062555009,-3.3824212009177623,-3.667374247918474,-3.236092373344093,-4.278233649864464,-26.37989120481469,-14.270881998218318,-2.558489195178267,-11.428638615720946
-5.533607244488151,-3.1615039014543904,-7.915853040014394,-4.091465760692138,-9.0212170327574,-0.0613620787364275,-0.5031287787426466,-2.0623912190092897,-3.69587915786138,-5.49583509287003,-24.92971462745566,-13.51550621013894,-3.9180205241447705,-7.638477183383175
-3.553014885521708,0.7308410363711351,-7.203873734334024,-2.470495347262313,-6.794512914089325,1.0895437922260154,0.7823429749655095,-1.4795968610486798,-4.212448338647776,-6.514715629174154,-23.150707623368085,-8.958419983416897,-3.9773116900371166,-2.517699297239261
-0.3884514468381405,3.2144969159956607,-3.907489727454919,-0.2131647705376425,-2.850946099244148,2.564314470714259,1.7514034597661183,-0.5372480094593974,-3.013709989719622,-5.707582235607301,-19.81246488596202,-2.2387652909739533,-2.43774285480381,1.411434088827461
5.126663380861589,4.249190410870755,0.9267762437968632,1.9800453498985644,1.304128870659988,5.308363330943155,4.226490078008704,1.83809630776744,0.7441023537597697,-2.486814679645761,-14.20824668751741,3.60130820345356,0.0014569372625696,2.666671811699377
8.771805189612424,5.004497734830131,5.007985140922683,3.348395520664403,4.007637094299367,6.57696550392434,8.660117722178729,5.310336880722715,5.964943492845415,2.0081847501231778,-7.003653396931251,6.454890581459375,2.1763328973705414,1.7810816028207332
10.578623752390095,4.813243691714568,6.701018386790151,3.632228577189239,4.603624285812421,6.328689784805325,13.448509982613222,8.418587595034614,10.239303153345068,5.665745533069586,-0.0258177916780755,6.720997265581987,3.311070902434209,0.818445663494519
11.084612608380192,4.526668517523709,6.280912342797197,3.451900966172552,3.834921852544833,6.233621010604352,16.163998212230897,9.891413621022192,11.6106054720949,6.951676589473649,4.962913531554381,6.8062427987432095,3.490628020420941,1.7753027476493202
9.23195970189096,4.178368536662244,5.4693933689396586,3.960708052227075,3.161308417691287,5.712981473127942,15.570315391375306,9.67283695585068,9.92646071870188,5.911037932693368,7.44644463650109,8.97842318540729,3.3914827117250783,5.036731793072287
8.941308161495297,3.436957451903057,5.772143827492194,5.845108828093368,3.586699346112632,6.161488823001504,12.565123801627772,8.733841684572845,6.665435789240396,3.851225311730337,8.223956356362956,13.34097967259348,3.531396920984452,9.02011941900627
10.165259890428576,2.495769450228112,7.185325259037693,8.49369285687521,4.9420359285701645,7.859553571370423,9.247005424845815,8.002707580252224,3.598584414800982,2.1656149047437845,8.406393426634521,17.585630371713275,3.710507236362029,11.281966598924178
10.029532614460908,2.228805289525411,8.405702964360357,10.199253628338242,6.15010940461036,8.114696430196991,7.073470386647629,7.564080175868945,1.628557573886113,1.434683287270273,8.455798595903811,18.740804588448118,3.179395387058865,10.303117567633857
9.263243511343326,2.744805584533712,8.229476217564697,9.402858599889209,6.188795055288249,7.17462671109964,5.85197640923115,6.874993904955925,0.720109199439118,1.4808760151644282,8.245638039149199,15.533990135050344,1.4516975295340315,6.65929782217632
6.128300884863629,2.7066882431463,6.747197925816989,5.992454321869167,4.940052467918637,5.391991350607884,4.40123351016984,5.625604725761967,0.5906028463412107,2.0235595221896894,7.88556657594518,9.484659952936209,-0.9576742296881622,2.686517628547989
0.0525467251359376,2.2931001569648237,5.212636422834597,1.5172810711596991,3.25442972463762,2.201390161118929,2.078360230951171,4.217423969141397,1.1461996258070957,3.048884054226132,8.122043687883393,3.833494622620449,-2.660090111551666,0.8145331262438793
-2.1440561499217714,1.593446458235397,4.769138936376399,-1.9155581744235144,2.219829429911837,1.1256253999691743,-0.4086409703677884,3.305573055712295,2.1891339429453494,4.470880391704192,9.615472889023616,1.1401322422506333,-2.484271933287949,1.7526166871174405
-0.5402438925881506,0.3484537114278738,5.302135143566286,-3.1436543923635347,2.2616383696018745,2.315233111793691,-1.682480689762765,2.937479910857145,2.963928746735174,5.5805771015730645,11.838355269263664,1.4914627901945725,-0.6620968336055519,3.927971783576752
0.2811591840464522,-1.0129353439590758,5.5489402085476005,-2.604009709828227,2.820824105480763,2.139843013263512,-1.1166970416338162,2.354798761406788,2.4125730504349567,5.157875773860864,13.067014105663407,2.8053156877389176,1.0827768100483142,4.728691027575756
1.691816285542429,-2.5611242209099534,4.378632914194418,-1.679504826052198,2.865471505052358,1.2745983491637858,0.4835488023418244,0.8656301232201864,0.1858155565946209,2.4768288805086804,11.922784381431455,2.9515905554199704,0.8954533661096393,2.6938887541558243
0.6621963023995915,-4.170117807368106,2.004567894965436,-1.4321794117267024,1.7876275165660829,-0.1754885157515222,1.6256570239343613,-1.055520151184731,-2.5947598325512047,-1.6495411439420404,9.08843708996551,1.7729589041859917,-1.4692391782141594,-1.1056947532760333
-3.627413221050949,-5.758607858390479,-0.0905712233060704,-1.8754866628596945,-0.0827626117002839,-2.8268009766126374,1.5133869155580215,-1.7811451370240898,-3.8765228133717695,-5.01265215140184,7.224687750583946,1.086750507263475,-4.216513828809709,-3.773349610737488
-5.327768641039151,-7.280521807007531,-0.5245549691623236,-2.32076347608362,-1.7692212599588748,-2.881274198565701,0.6544004449898928,-0.0169311654376094,-2.376158427396243,-5.620743811991348,8.695110569743967,2.5864675117892992,-5.050464480724486,-2.978062176839228
-5.0917077741249885,-8.652611837214982,0.6082150695365302,-2.293038047226218,-2.4567718064232418,-0.2389741536404419,0.1277807091409859,3.5183182449669244,1.023717353478009,-3.5340950645036013,13.066154235715286,5.667512665007516,-3.408359470228297,0.924204365822328
-3.458649453899393,-7.763672794529882,1.7472750690277317,-2.0378129340786817,-2.098553979257761,0.7850173771179922,0.362669534241359,6.072259185261747,3.671825122289269,-1.1127633887152029,16.987640006876358,7.491278976308585,-1.1797453099113526,4.9754606760345
0.7479313442699477,-4.332241831288063,1.370288558383374,-2.14501791901941,-1.3365289383551089,0.8414359965123557,0.7510419471781811,4.981901872316499,3.291805367291808,-1.105814713828038,16.99840172054968,5.550258290127141,-0.9498972711744608,6.0392686792867
4.0244047942399535,0.3006945958534545,-0.4034683661178526,-2.74586644381163,-0.8963831024651556,-0.8706572358494207,0.4628958249036672,0.2327208460449372,0.0761763432562081,-4.093459892466345,12.869061836264343,0.4212151739359475,-3.266857035178331,3.5704396256553137
6.499683503769691,6.754153819745315,-1.7227845788078702,-3.1752096402147605,-1.0407767993254198,-5.26936759408413,-0.4928315513532091,-5.034779244722192,-3.263407132076136,-7.675454710481282,8.250354520360045,-4.105742711180445,-5.674609445842763,0.2480594340773565
7.760051718532297,9.316597706129045,-0.654717722276992,-2.521900492670361,-1.502473849672259,-7.3006730099881,-1.1798248840477437,-6.883339367411739,-3.7296887584213305,-8.379199143197045,7.717622923392883,-4.02605287774063,-4.788130863541356,-0.2452620005171386
6.906975373406878,7.389660040132806,2.900911695733629,-0.5886178382929552,-1.821672639193478,-7.162899241699078,-0.7713899174887231,-3.898044012145379,-0.6460793696274922,-4.726756082908162,12.710862874509631,1.2854360362256911,0.3011317813067475,3.540924060173237
6.772596574072102,4.893385554078679,6.840075207528972,1.6745983172715388,-1.7121135801869098,-6.412943684488405,0.3696912485154759,1.5216366797564005,3.7260308535878486,1.304271424644857,20.058755844267395,8.18635923913407,6.581113741330283,9.422139159125935
7.025753625849663,0.3150459730659499,8.419119465560357,2.758800946492049,-1.2052274823601552,-3.947561637891684,0.7448068990080501,5.134801263288187,6.131434166953346,5.7961846779340425,24.50289366190878,11.524790778046723,9.333475938263591,13.302682023123024
6.260116792756582,-1.3316827933071034,6.3663993216723656,1.7711059573095935,-0.6005340406518662,-3.0356085543398867,-1.02769479676239,4.353890241882487,5.048192192440832,6.051024463830912,23.01107406127652,8.693653506895338,6.255546149814704,12.5438014125826
4.895808039461123,0.6794761296389026,1.725937310305456,-0.8051384337920013,-0.3344424993959782,-3.8305350302419257,-4.860965162024195,0.1688043597869679,1.7688891308174766,2.6307548567453045,17.099450150080756,1.5264795983776445,-0.2585780384348695,8.029587419566873
2.578892863489611,2.449963854906032,-3.1201426694680894,-3.4333996061174354,-0.7785772018004642,-4.857277729369404,-8.958672856143284,-4.0460786442994685,-0.9703678169784338,-1.3725983346071482,11.27283260109482,-5.398482072481547,-4.9277960713675295,3.191628913987953
-0.897490397755825,5.330646445110445,-6.198292928599823,-4.667485517408464,-1.9726116430418628,-6.918458339883677,-10.939301744811816,-5.525252481457706,-1.383032685923414,-3.0073500701569293,9.16395945782764,-8.358501019338355,-4.03079510038607,0.9972539517230709
-2.9038235388319653,5.951696920353906,-6.984429659594122,-4.164550793923501,-3.466605390235844,-7.093056019198633,-9.497605565463074,-4.1567512960539865,0.0975855141259331,-1.7233998518171556,10.785080510044532,-6.954456238487052,1.4147006373368622,1.632421143922573
-3.367462678962612,3.675642602568712,-6.20159720712727,-2.777083191838384,-4.520306108170142,-5.131123553978241,-5.41273745592333,-2.0095766552413523,1.5310696592819126,0.5055909696299801,13.028733001388314,-3.758920276381183,6.531066335910934,2.7843500747615666
-4.443739919526201,1.6061648316208543,-4.976294698362873,-1.7594478965324705,-4.6393845025364975,-2.2379733882466577,-1.2004670871009226,-1.1956369638514963,1.2098776938675209,1.0106021452944447,12.607292001409316,-1.9366095886017567,6.688846068585157,1.9552970585407343
-5.584392298937208,-1.1847314435710348,-4.205075631612186,-1.835909280778596,-4.026011991672622,2.387996414166227,0.4108506894131101,-2.2025035261357733,-1.1486623734642176,-1.435008626170979,8.733849758433523,-2.9877525547084693,1.2310376213605472,-1.4716067367241623
-7.014823784849182,-2.436138310068138,-4.390132075309104,-2.8574346484541784,-3.474980612290814,3.827515598214461,-1.7482091001689644,-3.995159811699671,-4.489170499368785,-5.785228113032247,3.4566575001873483,-6.165169231730161,-6.274738930159249,-6.137845010319119
-9.047279578506766,-1.6026137916336791,-5.640576418868181,-4.150498489045084,-3.714486135198508,1.704540060730133,-6.427011145998524,-5.34319595279702,-7.328654375291922,-9.62731725396933,-0.2446403765302673,-9.515748976548752,-11.169358741444055,-10.249866997927658
-10.801446599489228,-1.978520512666309,-7.584569416682224,-5.079740466853376,-4.7393017310089895,-0.4530857630051068,-10.681076374999332,-5.862010600187556,-8.623159803106288,-10.964527152597228,-0.7729095724280968,-11.385274934842176,-11.29574366478642,-12.991492484665836
-12.402855382101226,-2.999839449811728,-9.330284869087151,-5.324652499598336,-5.725125947656958,-3.840845693637928,-11.81799835182311,-5.890616474574481,-8.126868272560904,-9.499328763572995,1.153284754028872,-11.266811729254666,-8.083804713966238,-14.539875362615902
-12.033565918096642,-2.975646071299137,-9.76183186144418,-4.788410977860004,-5.591209242765401,-4.2838543961961815,-9.232753534313373,-5.667067649029392,-6.307656399156218,-6.534903642714889,3.3401304010508683,-9.67273317895895,-4.652252514793071,-15.081444676112016
-9.345277373195668,-2.30996631490617,-8.16338829633617,-3.417104412690033,-3.734228388083511,-1.0611156670554418,-4.739954675491001,-4.884232707270803,-4.044370514582995,-3.714353402291292,3.7484843581382,-7.4658950820969725,-3.018711282245116,-14.226763103238683
-6.042210890870189,-0.2239109754473303,-4.781861277439919,-1.1861189698983243,-0.3943108353338074,0.6331956617036066,-1.0950718897788367,-3.109688997761933,-2.245231774916105,-1.708690964879792,1.6154571369267283,-5.294560890212232,-2.9043902260487875,-11.586137309264071
-1.5965512610263397,3.632910228796958,-0.8638618660945647,1.7562153123480022,3.5056452429886127,1.7926892713736844,0.1440226216936639,-0.5179047528814389,-1.4855810549989694,0.0456345956179393,-2.5164470465524733,-3.4645405397801428,-2.8083187477535843,-7.814195243962096
-0.5755758004944077,4.552363611868839,1.9768001549271124,4.976102837770099,6.826169608231393,1.8469723268860616,-0.3202974413226451,1.9689477886323337,-1.802490762470858,2.41125556992066,-7.513733815543633,-2.125543859821656,-1.9268496661397143,-4.777768859135636
-3.610784132246996,2.4497496822842235,2.7298985334774253,7.809889288177562,8.683171562670044,-0.1210012541067362,-0.3915802610181773,3.373627276558277,-2.741061891854081,5.357077442442453,-12.369106283927746,-1.4276951192330625,-0.9960289759586008,-4.356891211373528
-5.560348504882983,0.6694111644767948,1.6495436758242223,9.575719856889997,8.744874417805576,-0.6804981820335956,1.4044820359352372,3.501737660343281,-3.603198347338421,7.687527637661074,-16.466759388194447,-1.4523491902450123,-1.4181944311383754,-6.850346165286828
-7.513095068308376,-1.798342688602198,0.0679556766645865,9.836718771829496,7.284485829560801,-0.1158329454913074,4.51265078394456,3.0417130300899946,-3.7531646072409584,8.009394091612426,-19.47163049150452,-2.040822584038983,-3.6881075064693074,-10.502449393277285
-7.625122945387518,-2.4084898750830592,-0.5990078361244104,8.59943692978258,4.994705528975967,0.3338273366271633,6.774876839563403,2.796555087410844,-2.868698988758598,6.07061073108115,-21.184713950333084,-2.79055635547154,-6.647925799212953,-12.708397814371956
-4.913185900077015,-0.539948082620364,0.0674711897722479,6.347040557895102,2.6834736842642224,1.299723637420231,6.331297264907379,2.839191110972335,-1.085445397055876,3.2157994750361225,-21.566215172592734,-3.307079550102847,-8.21937059770485,-11.92135334603421
-3.811472566005628,-0.2731765314068594,1.2252163213690062,3.855952880283544,1.0475961636645064,2.1027380463932253,3.357843482074152,2.490888397116642,1.0248333444705175,1.4710352906532778,-20.82844632297539,-3.4854195857984074,-6.944169845477608,-8.649003330989718
-3.7480605983958775,-1.0059272265891204,1.593878095086856,1.8489869954708935,0.6042152893908295,2.6720288690287948,0.1213770358184642,1.179096730276023,2.706846046796799,1.9932780298721269,-19.38026456179608,-3.51029348464227,-3.055827868949877,-4.784356152079086
-3.019401036824673,-1.7954753095034388,0.6498485054206902,0.6612006389022613,1.630420549757195,3.577703303292548,-0.7419209017051627,-0.7049330181062666,3.448970732607569,4.197461665287482,-17.5694334840765,-3.528459509398446,1.7239378890022057,-1.9976550913738975
-2.323563361970162,-3.3182624905958087,-0.9101006471312064,0.1200322100994495,3.9324285586525,4.676424655645345,1.7079152454533506,-1.8791457212972549,3.3310374173151978,6.3038308502820914,-15.426066540241296,-3.3116250276888675,5.438111574913693,-0.6179767762795425
-0.8763823400849536,-3.7985209782572498,-1.87255788534036,-0.2845017720538508,6.581533484392185,5.256763200811084,6.035010000124947,-1.1976445633609951,2.992717418211806,6.828209606276496,-12.686905775081872,-2.315482572337404,7.200798665229948,0.2102541569996607
1.5092803292035366,-3.146905623822761,-1.687969541021937,-1.054835190507589,8.055696648429201,5.320531347928906,9.647679703955877,1.296074718487243,3.1585408393100747,5.73116526435826,-9.169818792671748,-0.2042183603455338,7.586988048670355,1.5365616028462918
2.088757289992803,-3.4365485064667696,-0.9780539689082874,-2.3875851185870367,7.02453037004848,4.6886507548674885,10.779612436182608,4.262281913258304,4.037327782431119,4.253080000630465,-5.222981824293089,2.5822650717983127,7.88459412513968,3.80709331984488
0.8742987058410063,-4.36247913712292,-0.8989111946621993,-4.096859866345808,3.349636585454363,3.137405258981512,9.523230002822723,6.002560853236131,5.103417658332398,3.651086166862107,-1.7990112823428135,4.829709701694561,8.894329548861277,6.810686509612275
-0.1886771171811184,-5.404200968803428,-1.9991213946885236,-5.76801637424453,-1.569793898162851,1.806138900018358,7.2280538306190065,5.635842162537444,5.538808918892788,4.063784733258862,0.0675328701401321,5.342255011451621,10.31253951654542,10.068152826278148
-1.6548557306698828,-6.912095554965933,-3.653997345031892,-6.995212384111261,-5.594013912271642,0.634343081673668,5.1358220996217065,3.6004373951398136,5.059015113544879,4.595699210532245,0.0690663653871634,4.009210807221123,11.206678039135262,13.07762308811295
-1.7643086545567486,-6.7227022993419885,-4.559330124802762,-7.52144519772486,-7.283443562011654,0.2309575117010059,3.6489003955738655,1.2269765086205515,4.383802662794383,4.486199183873453,-0.9813017795566394,2.180659961486805,11.08974942084123,15.255280732137042
-0.1055279219853867,-4.653016642565979,-3.793608661567978,-7.228140003431611,-6.829913268851305,0.93371449746721,2.6776287788734976,-0.1618120669486265,4.745689843442925,4.072974225209709,-1.6621504217298784,1.7892692317873031,10.511882176230625,15.905799101696717
0.3959673096833775,-3.375172297474271,-1.5258437578070598,-6.098042651449519,-5.687288625267853,1.3675999031406707,2.2604271583366606,0.0155556476111029,6.641916823110249,4.418913144146416,-1.0662353819022048,3.746743839261223,10.518845453301395,14.520784054536866
0.1423042789409645,-2.468599943344675,1.1574618287847072,-4.300145212470289,-5.2172860909921095,1.7518689087529822,2.533568348922982,1.3893741832346365,8.92120486926989,5.898225410917473,0.4486401102699453,6.986395835428464,11.45675813759174,11.25330467804046
-0.5982560082701649,-3.8901627882136274,3.0749765945366625,-2.34916295873418,-5.525262067936647,2.536689105319608,3.185578426339115,2.95704961930291,9.310634218305704,7.299355282083074,1.6639078648252976,9.175626931031708,12.341688491094397,7.11713125529506
-2.371122127782827,-8.343163526190017,3.731614791671056,-1.0730840928340155,-5.500751922457761,3.522965890290002,3.359106931351284,3.725480558012816,6.300095108790655,6.646837351546058,1.7635331815841226,8.670475128708983,11.563924449788216,3.6232887044721913
-2.670585364737636,-11.03400406373471,3.4936743460243296,-1.1951228299241992,-4.0294722243604415,5.286799230785316,2.454661565877484,3.3444926141347056,0.8381908503310846,3.169198885102812,1.2069909829177412,6.013094554632743,8.400507404518855,1.9968286283658667
-1.4559856304262837,-12.400403571327802,3.123530250242803,-2.7339197215096727,-1.2838465357804354,7.910401491998085,1.0207836968901094,2.3360209445157345,-3.9172500839122506,-1.5424471468928331,1.2248303488013264,3.5169640417577543,3.9220426976473455,2.4355244249382046
-0.374697434917793,-11.276202263237463,3.1326715731096746,-4.74943740847937,1.154276801695314,8.749154856136864,0.5217510818089153,1.6915272424101886,-4.956946339875356,-4.554216883806336,2.3493418433500057,3.204300188970244,0.3392231183698193,3.90393353237285
1.105254698842105,-6.477630374501445,3.4918289564950777,-5.795251035615135,1.6159872417494117,7.730306611962862,1.915900724790898,2.066227624688006,-1.9716440531427484,-4.041204810694426,3.528108606197989,4.964161891393909,-0.7364716236903632,4.698018101532206
1.4559003029353077,-3.421868714926956,3.85243662068952,-4.839356873445345,0.0276001829950978,6.143099822702279,4.427654398355452,3.19722878414804,2.2663679765178117,-0.9180021211199668,2.921694721026133,6.656860929059844,0.3893033564902843,3.5324736393408145
0.3627602222054272,-1.6841255638903017,3.946849434926611,-1.9634245268365011,-1.6821204874682496,3.3400887494918914,5.9129107848537,4.062032343103638,4.183140813368644,1.9022576683640369,-0.2486615468706716,6.049007453097412,1.7389251475198435,0.431983656265082
0.360646696567709,0.9513660774445024,3.726839957418443,1.6877535139446738,-1.128330821944655,1.0111447538558844,4.636299956643658,3.663479713147347,2.3222166747729744,1.9215821179105657,-4.674201097844051,2.7177978562722744,1.2112171409382846,-3.309670482576383
1.1266293441376445,3.4886100051220037,3.1797843796892726,4.619278067266967,2.1850177072396533,-0.6804612610016367,0.7814933430125457,1.7650030092623226,-1.758806825334478,-1.0853322907872176,-7.932435734585367,-1.834253113473407,-1.9103473220390723,-6.161432494230306
1.886630767390488,7.341922134125757,2.184276760235897,5.810891549574798,5.917583795462488,-3.1039343069071137,-3.748782596395114,-1.024412876205755,-5.321852140101372,-5.324214069175616,-8.616000408057884,-5.783905258343204,-6.639341233511064,-7.521925758788201
3.0739417443165893,12.730415409935976,0.7024148018172687,5.163562130931358,6.561989699174726,-5.86246569491818,-6.969314513120725,-3.7817804193540336,-7.085960964038202,-8.812018734633785,-7.517999950841324,-8.561883664992065,-11.161601988194132,-7.958193341897198
3.517943999543212,13.955369977211818,-0.8930571242239056,3.4485450630853887,2.567508946378792,-6.983402087622099,-8.25511355800623,-5.864135821978093,-8.072474133699643,-10.89383292472289,-6.674222281817559,-10.822840549359812,-13.988284103578202,-8.331055179940913
3.113098285032483,10.906408152231888,-1.8595573162773145,1.8919226796765427,-3.848328691929653,-6.41425616094031,-8.334326443193113,-7.094865586101406,-9.984805172543664,-12.15275555287188,-7.2227313408302525,-13.02019923069227,-14.547366931403031,-8.778949894446782
4.536190090539481,9.480843203846725,-1.6460463648792223,1.5611956234188953,-8.074348384339828,-5.213482405605762,-8.14141927771783,-7.563057418705698,-12.963703867812882,-13.15514088257038,-8.22366196029477,-14.29641220304987,-13.105287582488964,-8.677454527396351
7.693849790407567,8.632988901274945,-0.4751874200866544,2.7516296236773354,-6.742625617879948,-2.888046920389111,-7.877112586424186,-7.378736890103452,-15.111666870332453,-13.519108942073874,-7.582983818606047,-13.0541581126827,-10.429230557720269,-7.577869928005269
9.367521259793218,9.16216654965506,0.7075068191166647,4.700198103625785,-0.5606730362955019,-1.883178047817274,-7.14787213792842,-6.606870160089413,-14.285195109222157,-12.2430084821684,-4.118952887122479,-8.743477881107506,-7.492575981484615,-5.973740738154415
9.919275697408349,12.204769595821084,0.9681241170577928,5.94292090488004,6.146863843898859,-2.464104548467658,-5.775066533004155,-5.321417802975686,-10.30476202896534,-8.846868926202248,1.247729768783385,-2.9916224805580143,-5.1833086376756174,-4.90609191502141
8.986017162358047,11.554190083401773,0.1376520148466065,5.249634723360203,8.823681732474885,-3.116605283017569,-4.229949735069828,-3.648172265061408,-5.314348004356966,-4.112554915706701,6.243658232724503,1.2943594487667305,-3.937594071671821,-4.767702489845497
5.829015009217239,7.395991440907965,-1.1048891549443658,2.53931350524182,6.122266286101036,-4.499870577883323,-3.2336044921385,-1.7977780693685572,-1.9043676093670336,0.3066501542840587,9.125095647968108,2.24307751907252,-3.4886271566873184,-4.668086076230663
5.0185692494337655,4.729269622763872,-1.8316118914445605,-0.9588313847164296,0.5941129725167682,-5.631678467842094,-3.070266017216292,-0.1398815441470151,-0.8527049708348189,3.0270557678456638,9.947489371043943,0.6388917863273598,-3.032360373154397,-3.187868900051569
6.518506617587851,2.4842813327921847,-1.5446597685476613,-3.514487428541741,-3.7121023190130953,-6.373990376616711,-3.440235030797396,0.7732688795357574,-0.688227728959399,3.814954119400865,10.219217907335665,-0.7500504724011421,-1.8045170849153145,0.1573106038717302
7.190839458482964,1.1381181883879268,-0.3969403846191515,-4.098439748439182,-4.516921218483144,-6.311382540787117,-3.9847267507431434,0.4232793767668446,0.5698719484314783,3.5271048222464625,11.441692642964856,0.3866208513585132,0.3426560632996924,4.232269853066102
7.941002742041666,1.5417374041443972,1.0471553673497829,-3.035054007995017,-2.7197224290809934,-5.076945125558741,-4.797805204853649,-1.2284067034110533,3.302640202806111,3.2898318391157284,13.878512098169212,3.910775392392476,2.8134138434538087,7.105140271912024
8.56718960910122,2.702247051986983,2.1647670610694045,-1.573384630657845,-1.0284281984503818,-4.1610245987965175,-6.246206694543078,-3.430257133544499,5.924677020269327,3.672844958398049,16.48032356867025,7.514500543524184,4.661507234615861,7.615700934826629
8.682418878753001,5.08750448127102,2.5148482920632578,-0.7126625410909875,-1.2594884967099964,-3.384789797476084,-8.245202809529719,-4.901416629942384,6.570993534494139,4.479709433005031,17.830110510903502,8.936957655278075,5.187864598527614,6.265858930349091
9.995796539768396,7.944819119142724,2.001899605153412,-0.2426025615550666,-2.7085343471943637,-3.372043048993293,-9.849509911779316,-4.676283278886663,5.09200814042164,5.1711760906731525,17.24477245279441,7.976190265512883,4.377074414425339,4.739409145206058
12.447531041375669,11.22395404217349,1.00647891980339,1.1664772544551478,-2.8891977685681924,-4.486515129263445,-9.781807141087295,-2.9421025369774583,3.359520618709602,5.440326038535462,15.24338897254778,6.443785109034493,2.990194701584059,4.612285414806245
12.901006893006,11.873871377509117,0.3442087673579501,4.793314580772742,0.1331501734006721,-3.758146400821768,-7.523351593859446,-1.0929337313291962,3.6148365799870423,5.448145507597896,13.198740029585268,6.2811033451457545,2.2653797155063278,6.3536567597646165
11.461271960260202,9.362086053105369,0.8967750141487612,10.484761347251007,5.865233195201818,-1.2555690387094445,-3.886096121907261,-0.7488912947105408,6.48594812541888,5.612569387960061,12.53391813680201,7.803689300809226,3.2487065118659846,9.230681014345262
11.34791671543328,8.015160674879564,3.0330170936937493,16.226528691924734,11.525819317801242,1.3514691512925034,-0.3852716577046127,-2.37302621655641,10.498009695326594,6.219660201326813,13.96305282857112,9.743912793142318,5.9894567171026845,11.902894156429245
12.068941101198504,7.1158955983847205,6.224503302099835,19.19899139609988,14.024519897603504,4.669024705115107,2.0952660211765477,-4.617084795860662,13.355283799226097,7.180987703846685,17.087839111178415,10.82313659538095,9.147735503268418,13.140526156548267
12.083771766070855,5.999072478461591,9.217794700915023,17.694712392211706,12.135547524523831,5.360798341872945,4.078877708497215,-5.107506084662459,13.663033289517964,8.052213027583838,20.459459095911,11.061616879727184,10.560467644206687,12.325224399459252
11.861916712234857,5.377301891094123,10.741983494506089,12.476537931876226,7.204902902971988,2.957119373812484,6.896873505228767,-2.254567313796118,11.61934548154797,8.23359138910333,22.136512275763508,11.476250260460056,8.678152673516708,9.714443490529655
7.733368069510182,3.336277082273146,10.304602302021271,6.442380443763131,2.030706872368099,1.828579305660019,11.192317041626184,3.294715054667754,8.423175516421466,7.25187390394801,20.66444190172732,12.639272490711864,3.917581392789761,6.465866058104727
-0.8669832187149965,-0.1343606947778994,8.503328783600244,2.716545126123584,-1.0384353281406966,1.24844214334646,15.911829968427565,8.839383672949921,5.292815749835174,5.064153056238022,16.0954563096005,13.782196705285678,-1.254650174694384,4.255047332751947
-5.367224242910279,-1.5303667432815742,6.571856095385183,2.5471960967401164,-1.366384778239656,0.8199860872602607,18.80613484766948,11.482046106513144,2.992619121852431,2.2642649338488376,10.335829961768711,13.464614559611991,-3.832201463860697,4.403988167166303
-6.216039465239082,-1.0015854799105703,5.4376954539459055,4.596902761690101,0.0172297850214171,1.2932695072010532,18.12987848998983,10.272414841489166,1.9181794257326024,-0.0410519738617143,6.239805367061697,11.080223259941617,-2.36310384787456,6.895970881356938
-5.043778756863579,-1.6097691460480872,4.998805425953536,6.137402983279315,1.4052737034602854,-0.5343233924937227,14.131729289141408,6.890193939133058,2.1902038829384485,-0.8213726548265279,5.7077349342591965,7.551653003291629,1.9763564743056736,10.043354794131682
0.1062886825680214,-2.7722404841879014,4.229961923191191,5.1455389743480415,1.4947275425956896,-4.709463387654225,9.033558721211325,4.254119039912553,3.4436413187307244,0.0738275893517443,8.052926631506779,4.433203153288325,6.168912511198438,11.313716325856069
-0.7184075568557721,-5.998783561002019,2.071442568162758,1.606786077787055,-0.0556136379525837,-6.111196253456832,5.431699397781083,4.162126484724064,4.624933988766605,1.5116337219074156,10.07477636085715,2.336159269133637,7.356558057628656,8.912689076725014
-7.904648753547766,-11.978917862936823,-1.6507854701383196,-2.9337200399002024,-2.7001868612487887,-5.103617445127508,4.375410725248555,5.8901341025661065,4.30518079161385,1.5746116716667815,8.136646817857958,0.3146597428173165,4.507970981625249,2.9519693300941654
-15.047982477814651,-16.372654454605893,-6.076417365517857,-6.989004555944629,-5.47864614758013,-3.289370529679919,4.67969458526223,6.872086165527522,1.5337805065106591,-1.194746745964288,0.8659520502801366,-3.1360973726065486,-1.3546997627701618,-4.738751755484914
-24.41381247926427,-19.523574212518984,-10.0015124370583,-10.32836375255789,-7.552206986066103,0.3944128473031678,4.043660605250087,4.862634644371414,-3.3640909731644104,-6.640995242512745,-9.63210387018218,-8.452277702617875,-8.193386610497633,-11.933665686380111
-26.575217057810345,-19.21941715820409,-12.666508781058123,-13.631493207503276,-8.522708064028453,2.091783509317962,1.0601166330649263,-0.178774269375848,-8.732864332763763,-12.82677314789159,-19.10409748794457,-14.33828151648283,-14.15674927591574,-17.24558984261814
-20.073738817460725,-14.241756844351276,-13.883389199049388,-17.026068844861047,-8.400329861558031,1.5453644751488695,-3.548609170334704,-5.927219840782339,-12.408214755109892,-17.046153875135715,-24.023821211215527,-18.66857468783205,-18.045730875069168,-20.266749733795294
-14.964329727423294,-9.891719735506744,-13.566188020909651,-19.12458654529552,-7.330576215355489,1.7075599399633383,-7.492162994277363,-9.290182478170646,-12.869291048430348,-17.344305189081002,-23.75042006355477,-20.029442954144766,-19.10048485302099,-20.84374281474112
-8.907892358257337,-5.414794846437356,-11.447706047393272,-17.79143848371745,-5.389163128180258,1.7018651295627425,-8.769328953229543,-8.49526998002548,-9.968217279961024,-13.540922917271647,-20.36938016439771,-18.47089660736669,-16.85146862947863,-18.625408449342046
-5.518579695680109,-2.264585497792045,-7.510858600885063,-12.15779793484238,-2.682078480946381,2.085571964092248,-7.225811640956624,-4.166214076380986,-4.872098340172378,-7.191448746940278,-16.612151763456552,-14.978096469074268,-11.509613998160864,-13.580580593387214
-6.590029672103173,-1.5925570845801795,-2.676705069731235,-3.9913252086945032,0.3662460235750728,3.2331488802506456,-4.519057174703521,1.2519493913157056,0.577493950599901,-0.6707501429608094,-13.78900015073384,-10.487719624226166,-4.496580874916535,-6.8713579068272885
-3.7393979182792014,1.0963212812244136,1.2495727985553446,3.0991217962050968,2.946333258267857,4.780199015285099,-2.6290376083569056,5.15124488056312,4.625393523821763,3.9709448172210258,-11.417185745928425,-5.565939897450424,1.749645049707926,-0.8139020879287697
1.966181208820819,5.234640731542965,2.71270581646637,6.183221385950606,4.284858454324349,7.0189184448607564,-2.310561097906329,6.261663796237971,6.179221336014721,5.7780633789857765,-8.537903003335058,-0.9061853822102908,5.00572402954621,2.4841067107223367
2.920701223408932,5.642261058937974,1.708483102824915,5.106585252548786,4.286644354520616,7.520041675265504,-2.827820174832852,5.018551579024583,5.132550009258939,5.031496922163576,-5.217840143565878,2.2612730185854386,4.733269961819124,2.704138210065566
0.0034966550167285,2.6713177054779997,-0.0967450691751778,2.28659433464539,3.744689164785707,6.115096327653743,-3.046379611201313,2.7510507650170557,2.384675958364733,2.833744192731696,-2.76809934456419,2.683694852849009,2.48508643658789,1.5133778001406617
-4.617842368791022,-0.8079370582081036,-0.7696129431483332,0.4149983724486676,3.7369706311592914,3.650500640434045,-2.706303354892704,0.5146344779802274,-0.5781957273037474,0.4122233842010576,-2.604101889387421,0.2104472986029057,0.7062720403137681,0.9790672202724392
-12.403052965655611,-5.779579255307533,0.1498911266360965,0.2012732336429858,4.612198125747894,-0.5512475245779072,-2.635572619348636,-1.4671576784429217,-2.5107279465225028,-1.491256119844607,-4.971664213527017,-3.7005538418088975,0.8237493004486631,1.577219995426177
-14.469026022575504,-6.71582390247418,1.229299074165516,0.1859285357492011,5.495151040082493,-2.3414589484279915,-3.7820518075815777,-3.441084060070656,-3.183799085878035,-2.8108601424523934,-8.741654165299092,-6.874984313678963,2.2490130316038144,1.7158003546963951
-10.0849772900994,-2.786959083378884,0.5396768898152215,-1.3712486977838614,4.8883384188280745,-1.4496348446326772,-6.104620964053554,-5.3851023061386165,-3.436453843420563,-3.8404049715861306,-12.294995449525237,-8.053992038182606,3.153532009580643,-0.6359351442134327
-7.765452501186288,-1.4200152698066164,-2.3730394255368656,-4.476788656550546,1.9431016556428584,-1.6943240872383805,-8.44599927348343,-6.709595247011395,-4.306452747576135,-4.69659874636984,-14.496238632026891,-7.723050876559192,2.2723563956324986,-5.62730821959653
-5.54342063811852,-1.3996781144708583,-5.786751929321536,-7.219139263828249,-2.7089820904703776,-2.180782274243567,-9.481558490694203,-6.690516400944647,-5.91588187965257,-5.042247666052985,-14.909471929758144,-7.3018533706085265,0.0693262066428834,-10.714454031073164
-3.4162715904361245,-1.0583030508471587,-7.075825720686293,-7.504830136346499,-7.310717204548884,-2.281717590645617,-8.767888599134123,-5.157701158154083,-7.173866734540596,-4.333321390204806,-13.427767714382398,-7.501143115839188,-1.741081766325988,-12.310227067745917
-2.618592646357289,-1.577966943657046,-4.846775722378211,-4.963382214878267,-10.175888587093027,-2.481818752089211,-6.8734824961501495,-2.725093464666576,-6.691285878110383,-2.362280514519123,-10.118242646812064,-7.512950187668402,-1.7489549791330083,-8.630310602586817
0.149905938677538,0.0671831478586018,-0.05722431945208,-1.2180003678748883,-10.662213162731272,-0.1862193235072587,-4.567642805620036,-0.347746651118018,-4.129306047176062,0.4235815634191535,-5.614330119240069,-5.840242915616758,0.0240599165338233,-1.283448342968489
4.61601841784138,4.038496857502911,4.78580891232411,1.5957479796083014,-9.20796443523862,4.8130015688730685,-2.0151397133264077,1.3380481712881944,-0.7106684113094524,3.141180789294479,-1.4456202980002644,-1.892855995873932,2.3661822220984243,5.84712061132428
5.783689143808119,4.506694730574743,7.514232323174786,2.5163566757039053,-6.697164158745511,7.497223131928913,1.1504087415784907,2.288755557134015,1.6247026947353356,5.019099361551393,0.4936715762381336,3.274830687536197,4.03002110270974,9.51334120900319
3.85256560065354,1.7588718975431408,7.598088268363517,2.077836478569869,-3.940075672615789,8.174630646387493,5.018570445639213,2.80328603693909,1.6698901029318174,5.774536071017745,-0.7706936348600268,7.7698942696067475,4.574010192106064,9.28236947194373
2.427677796987838,-1.2518107579394775,5.931435244750134,1.208939409900167,-1.6315134228158468,8.019400586054246,8.841149945867185,3.1304439265226174,-0.2584838590424354,5.547580168578492,-4.377056377747964,10.315819179919671,4.22234987615464,7.165083013763055
0.5788249953765534,-5.686703417819452,3.654938355363442,0.0747141144021124,-0.416377707020052,5.928820567011731,11.427966417142862,3.351845065815928,-2.7593346823865077,4.590479218982472,-8.09806277935699,10.90964184024413,3.2285738751761346,5.280549558196864
0.0290030522893556,-7.087767202482207,1.2837520226587,-1.8697311177720477,-0.599304460449265,4.837313442604368,12.130828039355396,3.549280652924224,-4.462059747383812,3.1009536473374606,-9.96359019927433,10.212489683781865,1.6636113384301097,3.9619296390446914
1.4462818294653277,-4.816222524662789,-1.1889931369394091,-4.76670757083942,-1.6741828329645791,4.761819984617434,11.371549773937405,3.922079888720739,-4.82849227300891,1.3158676327265093,-9.666191915187891,8.568742309105748,-0.1570544094959352,2.1127509125337065
1.7312329809525184,-3.4792813867632733,-3.654576130752469,-7.534090570678673,-2.351756427742179,4.11933254821219,10.16064025539853,4.61681361598774,-4.172999686674069,-0.3875247351023274,-8.550562525459803,5.816785553722635,-1.344935291508288,-0.8129374473492466
1.3867666917146662,-1.9887466128636848,-5.592373205397071,-8.405203387946592,-1.3919518633943335,3.529643302357525,9.14391468626448,5.416888275576755,-3.194538184570608,-1.6400752618702183,-8.30375220100137,2.008192036967369,-0.9587528944206134,-3.5884845862765222
0.6472509882433088,-1.8116327714090088,-6.4351161595553545,-6.459657245606797,1.357445486003848,2.452689743471205,8.174682304214828,5.670165107302141,-2.543988410396064,-2.3755770553095643,-9.590949497942828,-1.9658656758752344,0.9038731826597476,-4.302703748111214
-1.0157521229114077,-3.74233088816568,-6.127526143590751,-2.6863216128746936,4.69766621668373,0.7427432756902446,6.7537248511612935,4.651466163702596,-2.614821786613484,-2.898191035129407,-11.761762131190975,-4.759393952178306,2.638250081246988,-2.693509345096825
-4.005603012453714,-4.969200674975698,-5.253857653582549,0.5119141396730424,6.917244614350958,-1.0343540512849057,4.719307140603133,2.1457437651625524,-3.4211026405002234,-3.5382175937210514,-13.63080493072443,-5.700508250219397,2.1289168793041875,-1.067643312348138
-8.57627644748875,-6.017689023308701,-4.624952249490446,1.024154728712012,7.016422770968265,-3.026577283466697,2.4076560532542826,-1.2177101292825785,-4.498463990792686,-4.191732079489007,-14.40969408412599,-5.453017167603434,-1.38628745497979,-2.42212713548892
-10.148930916327126,-5.717860732794517,-4.743366094832812,-1.4758887634271152,5.269917607197593,-4.100584040267671,0.2433694765643328,-4.203933602333444,-5.007004289621957,-4.254537441964661,-13.97506575333295,-5.391820258929833,-6.267390869386785,-7.348693950507761
-8.534655394128158,-3.496187312317349,-5.569753496036682,-5.407001414569119,2.7775061996984007,-4.071964367057503,-1.6132270368821997,-5.681301805867197,-4.177712543394728,-3.1221350687376237,-12.496478348434296,-6.227649376982025,-9.414091242681009,-12.843080993239454
-5.511115616598183,-1.6609623328315293,-6.6371751385131645,-8.448780042212459,0.5944742930154201,-3.905775381759045,-3.132126644162818,-5.315459754361222,-1.8813437112973543,-0.8377714699277861,-10.0606523622123,-7.277580248022053,-8.60636083523545,-14.499495118426164
0.1202130550042004,0.1815919962606098,-7.295189177868526,-8.953102447810572,-0.7372730672417518,-3.2848142626358072,-4.101180912977204,-3.746194528373636,1.1597765625344567,1.745729157808157,-6.750716300292308,-7.180075314202865,-4.284846595144437,-10.27011111399216
2.5440902438606527,1.106653367569585,-6.9303092938042985,-6.627452431789299,-1.0473081161189086,-3.2533355146522043,-4.21147651332647,-2.1247125004176786,3.775512719272096,3.513021557700405,-3.0037288956021206,-5.377528155952181,0.7899755215809422,-2.3424952292624317
1.355138892758743,0.6219754586998059,-5.181645056399835,-2.3368338882130533,-0.2634482169409,-4.000357436057982,-3.5477309157703742,-1.370923096456103,5.09289118764312,3.899509993511881,0.2893323918191952,-2.856831464738506,3.7076192003630255,4.593319780098699
1.764955625650786,1.835837639680315,-2.165980393557488,2.49460203908735,1.498029996238242,-4.981814495850598,-2.8228642500049186,-1.6892860910838632,5.036622464825291,3.2690716997988734,2.2120959294415625,-1.3347458503003262,3.5314308928910663,7.052335930054787
2.501366101046339,4.545918832724975,1.427489872007628,6.435365848898338,3.5843934109262063,-6.528076477490506,-2.850962212552446,-2.6048938279748164,4.234929687516432,2.5533541892844984,2.497020752730407,-1.6095831084001688,1.648414356960216,5.110973210198143
4.254993319366031,6.055892174815622,4.568065497267542,8.491362649335338,4.788573795518811,-6.917600192213374,-3.6490673140500713,-3.33599439060917,3.5103140728683324,2.5136463116192003,1.889767635972878,-2.6484844212651386,0.2810322820972446,1.607835400222939
7.815793646662051,6.822791154396328,6.422691392758629,8.510905253183907,4.018983653538525,-6.0175618067518775,-4.156135501024423,-3.147158969668677,3.421370036640545,3.276469504784205,1.8698514591237647,-2.3122873906027044,0.6640321181899558,-0.5879252437337867
9.529660954576457,6.059026763848977,6.875461540791758,7.367087373978752,1.2461142219700676,-4.522754303312293,-3.071087069758846,-1.5577230232341928,4.124953558009959,4.455908509899032,3.85252965142516,0.8842990569292297,2.438639589294774,-0.52564174333035
9.60637304447144,3.177931265736526,6.599797395095685,6.566249749107038,-2.179999214947101,-1.9608387995606424,-0.1616761094903835,1.449423272877474,5.44725192648829,5.598775659568508,8.318238497046714,6.481764024626948,4.474136977566179,1.09448337317193
10.49028360978516,2.9147499853199803,6.538283081743053,7.2699314855116,-4.354023445123847,-1.0762366756223265,3.209256834808678,5.156985764093446,6.937421956409426,6.456695256309485,14.36565768974038,12.290000313753678,6.017388687975423,3.4262117525261724
11.563137779884045,5.222212240517949,7.136692232668313,9.353119650342483,-4.256056123678143,-2.0709879664952044,4.960602589404376,8.076696383987976,7.907549047244283,6.8997656626492,20.01563724645401,15.846711144756688,7.023294874608135,6.2723623836821565
13.33813066688116,7.162418998701817,7.959557890162991,11.343639285048264,-2.571858424332284,-2.4341041301540245,3.896799751737986,8.541259052563126,7.666289944166022,6.742419813404407,23.249968922728968,15.93960421308418,7.606764990915173,9.481477775804274
16.211341577262456,9.708372330295468,8.071323746588751,11.490121999478951,-1.0678335130910144,-2.7710841915577875,0.656650187523403,5.812264116462511,5.994099715564315,5.8263320223156505,23.28268957236244,13.143083054488184,7.512033832769787,12.078872107852488
16.099367354062213,10.28264447089865,6.912348653725401,9.20890005045402,-0.9820011452544772,-1.891129037219568,-2.804274775206028,0.8946076585629621,3.513659829112182,4.325288728324253,21.19678686816088,9.195747271474213,6.336591135488058,12.54785914922575
12.923426604743057,8.347925281024553,4.898722131135347,5.704511978000035,-1.866449858146292,0.6786256085780222,-4.706478990338804,-3.8168791215849223,1.4885408872769066,2.867493988840768,19.292202415816803,5.841379555940552,4.241356849674909,10.19835222986644
9.773906555480927,7.883998593740215,3.151058529290376,3.1618290972114558,-1.9801251250286975,2.248488495590297,-4.61074251743684,-6.056799298557832,1.004425783966874,2.18214568298796,19.413494649181388,3.941614333952789,2.214724775388799,6.116346527479468
5.7958374295972215,8.31524665094014,2.541981278610344,3.1030218413454893,0.0819809310094834,3.1177422969812403,-3.3530689401273817,-5.264141923019851,2.116821286192233,2.4902989087066123,21.52352434954875,3.3025967767681297,1.3884107019889889,2.4835403826914217
3.766363146160296,7.826198440825996,2.928650012351546,5.227093575346815,3.996653087347309,3.956572317586195,-2.029925996153959,-2.889564089828561,3.722138331527087,3.206063961971355,23.826001916083708,3.1307349580810424,1.966602068795782,0.7927971688902091
4.347679067153591,6.994241096607373,3.3084919279749148,7.651760437353364,7.817641521629758,4.271312647513962,-1.119190407894275,-1.1427781475018133,4.354692189657052,3.28943986926009,24.47773496873384,2.687564800018677,2.8571398436876585,0.7157859278012495
3.0499932200359945,4.652185819837253,2.7690793184614804,8.315536734915334,9.473488434236318,5.199526832022095,-0.5108588944536123,-1.2585145270539706,3.290182063890556,1.9926962412241065,23.388421970160216,1.6885290488028994,2.4817300068301447,0.7254208797368729
0.5291505276757195,0.4730495273091527,1.3305769633376738,6.3955153999477865,8.342487546356814,6.7786638286508,-0.1786124664922952,-2.755887124415803,1.0369137432899236,-0.6139039901077878,22.3477713713463,0.2583225754595548,0.1063295717033869,-0.2527861111509701
-1.242321929369706,-1.94184244115546,-0.1194821923336397,2.686529982797876,5.610936807011883,5.8761708012566265,-0.5634289271980633,-4.198955601275445,-1.1625945988896702,-3.721395431543716,23.23129562367281,-1.3666097968883737,-3.480350500180601,-1.8899997167533773
-2.91732169975598,-2.709400950220466,-0.7211422576641673,-1.194920950150717,3.228750941655643,2.4876135311536967,-2.14956258321567,-4.584877392533912,-2.320240861355524,-6.304509230669203,25.96387233312947,-3.006622693561578,-6.511007370700522,-3.068349920775684
-4.126714402194461,-3.7876347226579696,-0.495798676407423,-4.0062308475984985,2.394068631586954,-1.2583633033254056,-4.714884325695238,-4.034861553172561,-2.303413785289857,-7.613091266099878,28.29052848822124,-4.395020964067397,-7.491840386882972,-3.2127142728985314
-4.620946298273481,-4.448784222971344,-0.3389485270638201,-5.51815874058813,2.73558933746954,-6.022880070085796,-7.199468810294775,-3.307524282909699,-1.6245103214812446,-7.330314145279581,27.696536028530616,-4.9696157230471725,-6.110731784929086,-2.8207432363796365
-4.97009083742075,-4.268331797723544,-1.145814417618201,-6.237972206564789,2.7179914892647794,-7.926430412732438,-8.50134877884322,-2.853038146950841,-0.7864373229092654,-5.487339356976366,23.67105384672804,-4.0355862989349385,-3.1826743249978464,-2.705347013279713
-5.016902047825039,-3.342576305822033,-2.8638150062805154,-6.646267116025527,0.8973630711692823,-6.349367696582944,-8.45312106146006,-2.449881591374666,0.1106809100117747,-2.403252675431788,18.11346067651081,-1.382752734306103,0.1111353642198973,-2.944068378833026
-3.6042887632844,-2.3044893957676944,-4.340794531270212,-6.701544853815272,-2.887684697596618,-6.185239712216224,-7.941741656826212,-1.6826546215156624,1.189016624001653,1.2499667271782466,13.49512660513003,2.17129577981976,2.9461540195809626,-2.791098528057235
-0.6720276327896411,-1.1214920346483968,-4.164087373495089,-6.007363406116179,-7.235531847179598,-6.525638368651726,-7.981916122255503,-0.5722412328467361,2.3668537420677875,4.431732143891699,10.592420661966766,5.002996163495959,5.018828235676945,-1.625507586293291
0.0747735837312288,-1.3104486660851686,-1.8443940185540564,-4.383741695234783,-10.051709653852832,-5.994875276541318,-8.648189522019992,0.4036515415039399,3.2212766341552035,5.999227814684,7.979244063687126,5.729990064082887,6.229906781993484,0.1985693040656282
-1.3788401687790033,-3.191038836027316,1.628747778704994,-2.236186921304074,-9.989322305954031,-5.278542187755045,-8.93719540913969,0.8621117420364608,3.2885568442754103,5.25420169172698,3.673338504130225,4.2599660266174055,6.354091322607918,1.600493053750896
-2.468217307194758,-2.525530400272629,4.378906853518718,-0.3611242324496158,-7.398543987460766,-3.01273286648024,-7.6874461053628655,0.9120248325152288,2.4597934558000207,2.43964451021328,-2.773227478020452,1.8369390867021973,5.074098282266501,1.846819531997504
-3.9752885755260223,0.5156099506355156,4.9922564803202905,0.6116255376681807,-4.036746490408148,0.9799173455869042,-4.637679698784728,0.8989155300290816,1.0583680020612278,-1.2504745304800509,-9.759910054048056,-0.0485736006515138,2.34556743886823,1.241451200784044
-4.382530631257559,1.86545112083452,3.566250244187838,0.613791387688464,-1.7601110903693078,2.404142550595837,-0.6302984195121242,0.8443375157348323,-0.4400034447195895,-4.300822690389495,-15.044641659177572,-0.892845688419424,-1.2880695474839787,0.675101390675966
-3.260402770957641,2.183131387223918,1.567819754368548,0.0482218332699133,-1.2497549151690182,1.2703410925210592,3.12982079550958,0.3525157345615612,-1.7280543027920974,-5.7778882814915145,-17.556783689725307,-1.3722313495932168,-4.79998589411967,0.5680981931287716
-4.408835290735492,-0.0219591698478953,0.5643501764642602,-0.6241644248332721,-1.7485223840428876,1.361425312477833,5.968258364130238,-0.7852305600939893,-2.7349369170458355,-5.820074237321685,-17.912865340214402,-2.3487575452863583,-7.208426908392703,0.4126914269119455
-7.583925739638549,-5.676896128268139,0.8834236756788996,-1.1891770842471754,-1.866555170298339,1.8750319423133084,7.990712495886232,-1.9543394481526053,-3.4580176138852394,-5.284948984114312,-17.433006844228927,-3.772721252394303,-8.12678656877897,-0.5564618197610427
-8.244575321274889,-6.776777627693996,1.3821708445137462,-1.6290102304267786,-0.6540455554473272,2.850519109306201,9.63682692146459,-1.8957934823821176,-3.803783372205197,-4.852711768977512,-16.94562473496932,-4.674128316237411,-7.871577606706884,-2.294202277783216
-6.831272571994678,-3.4145356074983506,0.5655072641694465,-1.8627736018476,1.8838332194239584,4.896799662676714,11.117001606408689,0.2717185601311991,-3.6197915834253327,-4.43488938410537,-16.602552531428813,-4.25339143524906,-7.052266065320178,-3.680459574892021
-3.062208238126132,0.3742142074700534,-1.9316703946125655,-1.6219802592405248,4.972905513680671,5.332595320686657,12.248443156360484,4.104500835238042,-2.88300072795466,-3.4928236532871324,-16.561264148823376,-2.8706771579166395,-6.062489963317597,-3.4554158121537077
4.126466497470725,6.3256918323876175,-4.855691471473814,-0.6440017664318729,7.537822176782008,4.203341636274198,12.684292321562616,7.907287451812534,-1.86562106233312,-1.949924837138866,-17.38038283338043,-1.8207103212825717,-4.978401540412577,-1.5155886059425605
4.883660008976418,6.456555093991399,-6.33205863131774,0.9589443245191988,8.587586029208241,3.2426483005825264,12.18581991488645,9.83356358670936,-1.1187944751324703,-0.6929066271484263,-19.46853782918636,-2.10001643965965,-3.9128659845499625,0.6847692881770842
-1.139015810115572,-0.2019249897745831,-5.492820219686833,2.494435706933137,7.52196325880535,1.930151938353871,10.710076260938427,9.094727168379723,-1.2285922480566978,-0.9822504994323058,-22.265827822476236,-3.4838314169328743,-3.332326329423396,1.0927040640900714
-7.979362581823495,-5.60480346323036,-3.283826810986298,2.907028862847889,4.4426824487753205,0.2389636732543976,8.389581101589487,6.35149134101742,-2.446878649281718,-3.203603008204616,-24.344474338792416,-4.894299178768126,-3.831392996175613,-1.3805240826859126
-17.938992997151786,-11.637841068536956,-1.7120790866356064,1.3839802822667755,0.2858589484142353,-1.641688878077274,5.550325905756587,3.149420209183644,-4.429962135314314,-6.172316050159026,-24.597136527431285,-5.626708955691024,-5.462688832183842,-5.982214133274773
-20.47975689000813,-12.761079408729689,-2.170431655732456,-2.0056365201743374,-3.521489408173325,-2.471712370646637,2.7221107206410515,0.9736168865865338,-6.331970753819983,-7.795266145178651,-23.305528271747185,-6.062286376001525,-7.31954500449908,-10.625924115445972
-14.171857917219995,-7.2658543278074195,-4.283003993451523,-6.11544497099805,-5.811387622284782,-2.047024830493343,0.4720648766772655,0.5392130318777113,-7.292153065386183,-6.643068293701191,-21.84041922118796,-7.07581467634474,-7.967981308301812,-13.32793445257346
-9.961312300992477,-4.351205815513488,-6.248766294320964,-9.218974572020484,-6.28209794022567,-0.952340580725332,-0.9277561989113128,1.5456995283516637,-7.015983303137265,-3.11542800667668,-21.21639604346342,-8.79650796883243,-6.529099493118924,-13.39297672639433
-5.306791924301653,-2.52097972650865,-6.347806723870276,-9.946897550411537,-5.440300246475161,1.2253921850198697,-1.6956315394276125,2.868692691521576,-5.974969510229752,0.7820990268925279,-21.05484618813051,-10.109017448594331,-3.4920887205194813,-11.462467928413616
-1.4313147014577263,-0.6837791068404984,-4.283206726823359,-8.021585938353285,-3.9699365253244814,2.769561892905725,-2.2948769304793384,3.162299954436792,-4.993824718465069,2.861805282537256,-20.093169718376075,-9.499670326213996,-0.4594876438612125,-8.561786141387753
-0.0185283765191951,-0.3778566315326703,-1.227130731536139,-4.259993594357306,-2.181056658041056,3.5842899862694324,-2.8558314205337947,1.7426582471831402,-4.517598082008959,2.2690548011176883,-17.63208594871852,-6.435590538458889,1.0592491108427264,-5.138665271084964
6.0728811352180285,2.736699123279195,1.360431666091932,0.0854505053583842,-0.0723415052232248,4.757393525472788,-2.818604650248073,-0.7394223848944463,-4.187568151497999,0.0241086765161675,-14.253294604352718,-1.925751454188898,0.8190233119851875,-1.0061987336632985
16.391296941443596,8.60450250398077,2.963909204268914,4.032319756998874,2.150387380558513,5.883247150244319,-1.3016597952409086,-2.506381753189231,-3.1441072308601896,-1.6950951662260856,-11.031028945347378,2.229123375479265,-0.0215363070302032,3.835489538267312
20.206835077638164,10.452033259428545,4.138224274479654,7.053016266449813,3.768412861616598,6.025797510464556,1.9449058399369257,-1.8960545450713724,-0.8563320589607439,-0.9973094263164946,-8.26308083746424,4.720388199507969,0.0832497738511754,8.446659971736342
18.084852637679592,8.69810179637509,5.508202138493076,8.783181042897448,3.911689038136032,5.158332104392461,5.836007367017963,1.1793420569294852,2.21342876825943,2.445840735534736,-5.311522533651631,5.4034894844208665,1.7508034002535062,11.204510838810831
14.00633994940274,6.95807765699064,6.775229827646008,8.817538930201252,2.322940702592508,3.5859711183903435,8.328065896196017,4.842685410614088,4.72005008802755,7.045374794779688,-1.772706676782489,4.985553202602597,4.158559549927409,11.023701245047835
5.670474928346662,3.938842645297005,6.869472377570595,7.012138950344752,-0.2168323243731258,1.0434438499473362,7.827047873199708,6.492339276458331,5.319888951127545,10.125633727194003,1.4926007350177457,4.314480410312196,5.759095780087601,8.468730656282508
3.027400863453282,2.882840877108725,5.174924927488151,4.036042135261011,-2.288351660356988,-0.1957418320079373,4.540710877314302,4.805439106361751,3.674807369728347,9.533543576818174,2.898440887390233,4.002383043706835,5.623357292432881,5.650193372526283
6.932677637565265,4.420541676198296,2.5434121320973846,1.4507656815197765,-2.799189895876605,0.0355662587143669,0.5202875565162355,0.8342863622648942,0.7760961074895665,5.076873969167828,1.8769265507426705,4.479190534869117,4.283600524562161,4.8414279733398935
9.196439128740472,3.7115734086887846,0.8971535369483572,0.9085869161036592,-1.7232947992557293,0.4102028035019457,-1.833931782505664,-2.791812670455526,-1.7071164490806383,-1.1810637385107343,-0.0566067176097213,6.027918370362704,3.3432215093133184,6.899676430040449
12.151164087624116,1.4680722923201928,1.59994589985624,2.9130136711767527,-0.0037514536873377,1.512944864151889,-1.6350351246556176,-3.9195101920968094,-2.5724782004375566,-6.0703989324374685,-0.2664127022120919,8.521129084030289,4.135227457593729,10.751865813487818
12.052246149288436,0.1418723645416413,4.091461041811941,6.167513747429331,1.2678707148159205,2.049838429505348,-0.1318199367950772,-2.450506738831725,-1.8196491132648616,-7.209199064586262,2.7366110483900297,11.169533308544164,6.545749407333522,14.288730436476284
7.584707124124035,-0.9383629010110768,6.156549305420324,8.228722794506268,1.6689795639423828,1.8563192083270847,0.4830213784758808,-0.1694763200141142,-0.3995658966629882,-4.368175577479896,7.867840849848045,12.797824562032696,9.046575707037436,15.881993245369204
3.4155128946596127,-1.1832351814016882,5.696204355818745,7.160757166022616,1.5831956369581863,2.075316214913607,-0.9723063549700592,0.902483132762538,0.7591060901598139,0.6165308558999314,12.296398823236949,12.653329950851733,9.987316101264495,15.359596957778878
-1.668883701074561,-0.1938871455003155,2.4491056204393606,2.991360511734096,1.6271531106146284,2.394257440578083,-3.6997291435757935,0.1287561893509203,1.5479573019282613,5.233246002739405,13.810790651991804,11.063653115268984,9.05199853149156,13.824190134960464
-4.837856285280851,-0.3032689621784997,-1.8438928539502728,-2.2065862484445686,1.976264811328745,1.7044613848425103,-5.770998651922248,-1.4898551335721968,2.563674408250713,7.878415725251754,12.56801317915012,9.21336857876313,7.514335930774601,12.589311083352552
-5.242476642634949,-1.3894497172907574,-4.901675811215987,-5.77136352943186,2.2355640990022634,0.0268303971251031,-5.9461004085337965,-2.4743953520352218,4.195479174663048,8.45034341087647,10.662275949741916,8.080987102180506,6.918683311268516,12.05759928632386
-6.003001153465257,-3.069563645440678,-5.643042520475233,-6.370958604321923,1.9305810250698272,-2.5597246601188117,-4.7502251320417805,-2.277192175634658,5.814015024756134,7.663140085330022,9.95645694159918,7.453876982717391,7.314189719240831,11.32372307352976
-6.217596830438943,-5.871254901973394,-4.744254113173984,-4.872970862982143,1.079779396623965,-6.360784608168595,-3.849296281658288,-1.6955362635764932,5.941717596527967,5.914116406223779,10.193989061064247,5.999887361127984,6.800514623065137,8.795154581771795
-6.669663686359924,-7.132197874367832,-3.7279652859865937,-3.463756775220726,0.2512312174688009,-7.536900983872583,-4.374366786398273,-2.0311720636897173,3.430805487490906,2.899556111159185,9.175342269456738,2.4601874601770963,3.125674628508888,3.467170702031856
-7.762408927700015,-6.7661954695708095,-3.568753198226167,-3.767585922500727,0.0302392176582655,-5.844041885490885,-5.794847735926314,-3.838997499698425,-1.2792986210632806,-1.607507731817873,4.943979756019888,-3.038242749719288,-3.869251784227507,-4.0167678311581945
-7.656870393452766,-4.64646196258666,-4.05214434392841,-5.569583968606814,0.4070585663056372,-3.725405871080686,-6.382214845281869,-6.374943981654671,-5.970460109979605,-6.661026964047289,-1.936271932336884,-8.741795797717476,-11.25430854200676,-11.3828839511605
-6.572167085120725,0.0123514068475589,-4.286592662852263,-7.208447397995605,0.6815180479709386,-0.2294830474879203,-4.823817714268882,-8.164385027205597,-7.903419595844836,-10.071896852283428,-8.17863887327341,-12.380118620972985,-14.760640726849797,-16.010779292006692
-6.049011220781027,1.9052778166416264,-3.722853350854748,-7.212161614193095,0.0199880338684539,1.323534956769716,-1.5179513173378667,-8.149557916707714,-5.735572028713143,-9.82554466309793,-10.101101660612976,-12.729870513185496,-12.127793703444183,-16.6777031751782
-5.873247107861424,0.9737377662525896,-2.701394331895952,-5.65901582069107,-1.7765538377608951,0.4599064196774121,1.608569259381177,-6.461541098063764,-0.6551802071559885,-5.911977602433014,-6.655191260289993,-10.38310629037062,-5.207433774549502,-14.439337346939
-6.7935330074151095,-1.2663158764487177,-2.099899100040421,-4.05919789316269,-3.936479458543501,0.1280533842076548,2.6070098393262398,-4.24778988580088,4.256153329702938,-0.818440266117503,-0.5128432287178804,-7.212231391025135,1.2074493351334403,-11.859194040208443
-9.207401392539216,-6.145419732394994,-2.4982764139974183,-3.9525813627415953,-5.143636307085023,-0.5270551277233309,1.0473181318535691,-2.7707132227762488,6.102962315205238,2.0506153742447384,3.889548311405092,-5.101742373171628,3.047444328279889,-11.083213608534344
-9.735507343004302,-7.592536678882484,-3.659884166408649,-5.552639325409958,-4.477549044767384,-2.1805314297458045,-1.7020659470743666,-2.526036528265994,4.178061561707916,0.8912568589931578,3.796903170172798,-4.953434678327853,0.0513845318254375,-12.257167224598769
-8.457059467927062,-5.318727720848395,-4.770802702756335,-7.615766956362156,-2.1997684644313344,-4.583583800383689,-3.6664077182578,-3.04740525121689,0.3322547681391885,-3.1412982665219893,0.1555698627988873,-6.521513736737074,-4.371481344513032,-13.57934880700912
-4.791577877251813,-2.8747578460182512,-5.160209573032969,-8.522506622729258,0.2418647918537955,-6.981638182965368,-3.9058948523393378,-3.485420897084444,-2.575061589349985,-6.894974361968439,-3.4696441356091365,-8.889228069398765,-6.272977063071606,-12.95809132029262
2.205927159029233,1.1818293368887922,-4.806703270263124,-7.5259675309392655,1.105322072017907,-9.383990486884644,-3.2218727047244995,-3.4275254665292225,-2.853115719399538,-7.671587364052115,-4.013762787824028,-11.051893477653962,-4.407995167774547,-9.875222945980394
7.1080595791882,3.6078431121597783,-4.16748019726017,-5.135941614207123,-0.4139562841510003,-9.100288271580858,-3.3327517396177804,-3.227126375816926,-0.9937103758099796,-5.112877994257666,-1.2594131110335285,-12.246268171374243,-0.7517988432541127,-5.826323355199959
10.054445921664366,3.908603134047216,-3.524438895822118,-2.478409851109891,-3.5026576444643664,-5.635631202673138,-5.2045332531515855,-3.520878738061757,1.203376366350584,-1.069986561886962,2.5520429727177945,-11.99091033020037,1.8905524705098695,-2.8965640683681766
11.954651186588654,5.619328014407815,-2.510367556882189,-0.3033086662877053,-6.168372549661869,-3.5542958784459446,-7.945822581043841,-4.349985147404373,2.438826648856665,2.2124282113772,5.240119543428354,-9.981527445482904,2.688113004930525,-1.700844711034451
11.501739062419396,7.977645102092995,-0.3411244493365863,1.5393151883678335,-6.552677323151703,-2.2889824241723176,-9.26250323784052,-4.755717343610692,2.9574531966528053,3.927706433871661,6.823672755108601,-6.039761621669865,3.3211900673605665,-0.6192574635989718
11.145334557940124,9.255566966420856,3.352733578388189,3.8103943863732432,-4.190103966770703,-1.6179476478011356,-7.224994951491027,-3.410984672229461,3.972316411872967,5.044275108724348,9.238644106768096,-0.2956851747140057,5.909289492668346,2.7555157408272635
10.653962304772444,9.810128842864051,7.78678266092159,7.047930194174304,-0.3019216652141203,-2.4534061075930405,-2.001792916647311,0.0914212682965747,6.172122352235371,7.005462003158336,13.946631123064552,6.404569876817465,10.483625362564664,9.045384153386596
10.084149248553109,9.533650269356086,11.10366486652154,10.812209533672853,3.05870281225522,-1.8088400330727203,3.873618184454047,4.441935627230569,8.796420861449715,10.014177637847505,19.788607176346247,12.251650692458966,14.47629368019332,15.72200277928377
9.93727311600031,8.098499974904685,11.414700556862016,13.607466472180924,4.337924934995936,0.1912382656890419,7.08206923420466,7.235811427594626,10.127797670939932,12.43388889280722,23.287415132456385,14.959290561949688,14.705089748979084,18.48235945633929
7.74111651743492,5.733109718687689,8.15566173997035,13.672973053136031,3.326367273244717,0.6079497478507168,5.878256747337263,6.748126052486951,8.914257688864547,11.908853368973102,21.35729596880455,13.09054794504372,10.047429074587273,14.548118114754224
3.532383922223912,2.2603273367594947,2.7298640148563464,10.215299659908863,1.0141680014388292,-0.1357628241314771,1.4414586253504351,3.444525817026218,5.463187195613777,7.37912233033525,14.0767540798763,7.391919679573416,2.4906049638715477,5.2058371783348
-1.623345242671198,-3.0857389976187304,-2.190415710813493,4.200407836055572,-1.2639723434565564,-0.1239464068480385,-2.907812289868076,-0.1607619388942609,1.5162811471611963,0.345881113727108,4.992265810092256,0.8444557922869205,-4.223006999807087,-4.675817979427936
-8.266431149401694,-10.43590156865739,-4.353317048027693,-2.0004756670282404,-2.6582188577234938,0.2510540156313163,-4.10331896488435,-1.3405630111836435,-0.9443612391257156,-5.773273502873973,-1.3912675537524706,-3.0613299928221096,-7.123960239424438,-9.934461854638135
-10.28094351396886,-13.407355621998144,-3.408622654028129,-5.988916642095122,-3.0488685498241037,1.698885049367284,-1.4781078050346783,0.7777173694425201,-1.0168698131993654,-7.868701526261363,-2.735566581562736,-2.727269018916928,-5.729571470607132,-8.619055826459464
-7.044711450583945,-11.640878136368745,-1.0174461998475977,-6.760414587864887,-2.7252045547169548,4.626155722316627,3.0394134318245065,4.633472640213451,0.6148431245027446,-5.291473378773548,0.0285502545219102,0.4381069055927256,-1.8807413970492897,-2.9841782507278545
-5.7782275609197695,-8.980484967192291,0.5447784540868206,-5.100731853249933,-1.9590094662682735,5.989514214970188,6.733510087158187,7.587159804007479,2.2673248474328678,-0.2760751302342612,4.1963918192820735,3.24038084763891,1.7930247088313784,2.5896826174565994
-5.177761538829967,-3.831107513316297,0.1858652591699439,-2.7270243474137423,-0.890218872434204,5.888781385192695,8.25031795212966,7.99940230027498,2.439858012270623,3.6666683036157215,7.532443804392262,3.294164189974037,3.42843276317052,4.842282329329407
-5.138723032068617,-1.4286243817822764,-1.2704739090549388,-0.965293329801206,0.2815186211215348,5.362095158958417,8.223171945678175,6.2979912874813415,0.7444060027451194,4.10858719081013,9.118332464220984,0.8107429692272845,2.529266122131503,3.4874460566939014
-6.9052142686265565,-2.4648793075972453,-1.9770996793572664,-0.0351417458750979,1.1590830342274394,3.7375710819437966,8.03602484796287,4.29854976432317,-2.0013576253084047,1.078303065017035,8.621687284997442,-1.846107107186569,-0.3569544999778387,0.5983682771219385
-4.514182814424284,-2.2200388029182414,-0.740943688634264,0.6454693216604959,1.3425328969295904,1.8244233312071376,8.159665599810378,3.568195954477158,-4.467432076651356,-3.339140095921831,5.639321591930173,-2.280219906071068,-4.215507600557878,-1.4823018649038602
2.027938590845693,-1.9993880696585065,1.976316867146597,1.616497879284502,0.8085863841076026,-0.3812184583830132,7.765054869168946,4.275819665432088,-5.713838242248514,-6.58133356859695,0.3252310345339779,0.0215825688952513,-7.89153230848224,-1.8336573257516235
4.018906831352139,-2.722673891047517,4.499370500611057,2.78710144423696,0.0327778083380039,-1.6344240843220166,5.866735112929653,5.320261060870013,-5.678539737177612,-7.120088081332423,-5.564310750725841,3.4278378720383493,-10.24516234010818,-1.1386084387018585
2.1761296211939314,-3.935814707059121,5.28653971741689,3.4895801239782003,-0.3837770380922158,-1.6129900792411762,2.641240471315758,5.35783402679834,-5.010539900550903,-5.054168025561772,-9.097827970130822,5.474631024307875,-10.473964576331356,-0.6670147166895433
-0.9111937518862198,-5.698396180802654,3.973319486296369,2.973802030215797,-0.2815060195036807,-0.6581829262903387,-0.5288883245332805,3.760611018215045,-4.474325974175731,-1.7361802121025178,-8.428416182154791,4.5527394803592,-8.608617245890947,-1.1765517038231683
-7.010715847178976,-8.075822630498763,1.3765514321317411,0.9167474243111756,-0.1152534331951571,1.7279515630630014,-2.2995806197217057,0.8782785204819419,-4.379246625386358,1.1145830084752897,-4.827966779258588,0.8384541226215987,-5.714222427471547,-2.573333008416132
-9.287704431046794,-8.441745573743214,-1.2725017399136185,-2.3184483030631498,-0.4865411087729363,2.9352167386743697,-2.549296120456709,-2.3069488610634963,-4.41583806588886,2.315599602256434,-2.0959442691496726,-3.8822082137916567,-3.37019808991127,-4.322872130625218
-7.286920075684626,-6.55897330994294,-3.0698497346514486,-5.724474109183021,-1.4616857549580224,2.8979566694414625,-2.299165816125712,-4.68795023076428,-4.014857863738495,1.7633429211875118,-3.4228977983497586,-7.205563689034875,-2.64808958536274,-6.006946043047844
-6.682214492557315,-5.286287383916668,-3.663366097787712,-7.972989485553372,-2.3855280168839315,3.1476215567953494,-2.5545100913857084,-5.428287091116793,-2.9917974977649884,0.3601071501875346,-8.545536770326258,-7.411514638807048,-3.411815246166075,-7.504337566758004
-5.960528232520691,-4.04836768473995,-3.096344228587734,-7.970508689737995,-2.43564499644792,3.094531336150342,-3.3372900515945325,-4.256794098557158,-1.955882935234868,-0.6840252882746505,-13.994073495797974,-4.497591134454046,-4.61015253277208,-8.796196054028396
-6.42311458984439,-2.96528307508846,-1.668410767842861,-5.4595252721116445,-1.3937452181766332,2.8338353484144148,-3.859793842591664,-1.6808689261808567,-2.008826564955015,-0.778357793852976,-16.274311223264846,-0.3368881768245799,-5.352228121199191,-9.782341295758766
-8.912876005660461,-2.5129188468889665,0.047145116093695,-1.3138623033228871,0.1412357363035692,2.465925638985617,-3.537728308037172,1.0582467784907197,-3.7920100431990384,-0.4378811145829928,-14.95528940445739,2.34534613773615,-5.781357648006164,-10.381648409968673
-10.176600561428993,-0.6670711457417172,1.2360047821299087,2.7638080293488265,1.310101145327545,0.4523569353315447,-2.720905969963116,2.4843016369407804,-6.643996502072447,-0.8846492979995979,-12.772168573463958,1.7027656573683672,-6.899870591593789,-10.769606412028716
-10.655872414261635,2.5019584597742925,1.1403630464603631,5.074632911995931,1.741590771496801,-3.3083818743504776,-2.409189916821949,1.701510527582868,-8.784122193977783,-2.9924951425533326,-12.799039157571045,-1.9846592356299304,-9.47207793819058,-11.38228870796946
-11.652287393856843,2.4271333468798666,-0.4844180660534709,4.7974125302889,1.7401463001358444,-5.6766464311122125,-3.2955834626520586,-1.0025174380984971,-8.647464706603472,-6.393675097711269,-15.51900006674058,-6.581873703180633,-13.0285466515173,-12.563384500376207
-12.67715241085291,-0.8553586605266623,-3.1273174164184687,2.316148390934932,1.7855024096602703,-6.814441678845162,-5.115542581448618,-4.284585237979406,-6.329497388435552,-9.527462964365984,-18.56191276971011,-9.76455045155595,-15.950120041736604,-14.168982918716097
-14.701656892278052,-5.414427792156765,-5.776532020642087,-1.2096355514690016,1.944999964086402,-6.71601663133214,-6.918954377543436,-6.601864388077739,-3.748604815935891,-10.704099602242964,-19.21830240636888,-10.7387443862535,-16.65028456029355,-15.557654281844762
-17.932766018258782,-12.316027918846885,-7.553937798036177,-4.655428544917216,1.8390849688943445,-4.596436170021881,-7.962370749771567,-7.187328599031254,-3.162701825756729,-9.420708204190262,-17.202804230313973,-10.5761377298085,-14.875272327425872,-16.021391572335602
-17.392513824410006,-13.338603372827915,-8.252755469146074,-7.453611648152454,1.1447677861373329,-3.073353477950878,-8.336429099751873,-6.410493155370864,-5.243827444560187,-6.879394760488289,-14.979298597258843,-10.93546599003304,-11.994817830775418,-15.26164472018312
-12.936717307268689,-7.700055875105196,-8.319503410316678,-9.447722413291071,0.033975664912548,-1.974370841984465,-8.709244931460617,-5.292835052612643,-8.453586989426698,-5.197876729676754,-15.3115772485622,-12.371094218580296,-9.98298406733134,-13.48532304469638
-7.92693173649617,-2.524552924524849,-8.25816782709549,-10.360450853821886,-0.9295700768262504,-0.918372241273555,-9.409936037656337,-4.637502926295529,-10.321724411230496,-5.811841223078693,-18.343602207967045,-13.751098332921895,-9.870876459133004,-11.104339810867645
-1.2389636171978895,4.1597088467002585,-7.96311090841759,-9.561121898887476,-1.2613191270108215,-0.4665656658396446,-9.736823057463267,-4.493677134812005,-9.453506329533717,-8.272552402540809,-21.013146229200217,-13.246140241034173,-10.899305589602715,-8.391752601041818
2.6247521321934952,7.514123617428125,-6.633949028459831,-6.522170053908557,-0.8367963004428027,0.7996188840426626,-8.24686585165259,-4.307207796896289,-6.435062179877974,-10.43285290711466,-19.494456283825727,-9.929961611222986,-11.05377617728603,-5.39829554759018
2.9048625482416752,6.201201276083323,-3.477933481054805,-1.590570007539732,0.2623869762720119,2.821044588821116,-3.936655322459245,-3.5016966277911443,-2.9278836726412294,-9.96793250509988,-12.550991473587914,-4.56193622457749,-8.574608413391182,-2.090825727071028
6.2312281353807535,7.733356787737727,1.3238709092737937,3.755879149274072,1.9975648947045637,4.897189723710396,2.6261985625947237,-1.948710259865674,-0.0011562919453282,-6.098575109812444,-2.77078410687556,1.039867251758679,-3.2705098564289514,1.5240663419438718
11.640906208105472,10.853374478429757,6.271395027893185,7.611320417163213,4.273154420272618,7.2946481208922656,9.243708213801035,-0.0045821494900444,2.6120662835178443,-0.1844946270358249,5.453913214335529,5.350677335312337,3.360885329377062,5.39250004890328
14.924973960546293,12.491414390647003,9.28507148181825,8.834411446167458,6.572760928297591,7.597831868304673,13.31180751204132,1.789440444430184,5.710318384257867,5.2564141927269965,9.3820937395988,8.008645801739526,9.232335995690264,9.409027322783396
16.927309249577984,13.661938232836196,9.082381174926,7.739657409921122,7.907099322173195,5.510766591905536,13.49807820103848,3.039382275875475,9.266255389297228,8.303113954896126,9.759060885721064,9.601960211656625,13.05180063173556,13.323177004538316
15.86246167186266,12.93727289281364,6.134603656991246,5.721519806378737,7.417089046516224,4.498206521466808,10.640021591544397,3.655109058036345,12.031991722954473,8.809751619545324,9.599183449548768,10.815125363453404,14.915466146472056,16.688169174385884
10.80205427682242,9.829401903658592,2.425530645147532,4.201588892487273,5.1926400061704285,4.0821022166583205,7.192133461089362,3.824399215903007,12.572587736301529,8.20601238372101,11.321248786337236,11.833803673127951,15.795387465610055,19.06002643835424
10.817682651444311,9.458554334352907,0.1838191045380526,3.815109235356424,2.443172550979668,4.298338557120164,5.608571060607105,3.8844792306995535,10.697068209803804,8.234944480526039,14.933003884550892,12.460637000329918,16.55731599876878,20.40423206324806
15.851194876204584,11.719297983144052,0.5508756239573458,4.38397165899606,0.6830940353351167,5.837026323635866,6.791483227476931,4.154517488007755,7.834190783108241,9.677920131890012,18.62356955691829,12.620396457736454,17.415994257113226,21.322819704191204
21.68227094819498,13.72105369072546,3.1147652871233262,5.433374867360236,0.5957926968590357,4.968191994215135,9.652829606611554,4.787743457920143,5.945263739272974,11.964225826254712,20.72757642798105,12.6279669761919,18.149601391939527,22.714042518549974
30.34735405955889,16.521139348892753,6.477702047782991,6.629730838406061,1.6257433918734634,1.6895806243572633,12.028755734838292,5.713722705194158,5.9890647744139045,13.795666433480209,20.996983355836385,12.95503478178354,18.614447512403125,24.950548600012127
31.96138231306248,16.78605414570185,9.246219292453809,7.811734050681949,2.64533460107603,-0.2834967247791051,12.229089106454865,6.694530762788176,7.332231830792182,14.184173523199306,20.219452115173468,13.766917359675489,18.91217996852172,27.22804082180908
25.480853915151144,13.95936124276851,10.680600283329142,8.796453821938329,2.9739972926395524,-1.5852942333343365,10.074165196600616,7.422663060274893,8.519675660852954,13.105389477262122,19.015332930052157,14.670771761138155,19.087481808124718,27.802583496432604
18.19217238220955,10.741556897126555,10.71668851443301,9.303432281120152,2.7366147532738125,-2.109486183548261,6.712167812047539,7.571671075862184,8.539973455140895,11.35632101777928,17.256185030962165,14.881933105373264,18.83687286863764,25.188721011454007
7.568783944435804,6.206057828081868,9.64083725124766,9.101803089196396,2.336578750826831,-1.1639486237875416,3.5182689254442465,6.840319333244466,7.416926010807401,9.843818128684871,14.60531813397835,13.705781636284897,17.711496281297876,19.49958822438009
3.6705059745931625,3.799303787000396,7.838961437499606,8.222334845728781,1.7898516109873557,-1.4014005730705377,1.1201620581689582,5.123312901014486,5.82486969507292,8.954821389674507,11.412968003933264,11.079356804310905,15.712541171794,12.782706723745465
8.089384012244032,4.080109797404576,5.75134650048922,7.038933275669649,0.7396748984943144,-2.699475585012574,-0.6290691404960853,2.798255725567401,4.417347809864552,8.523605283412763,8.90216629419136,7.860055633637643,13.64871808040553,7.872317930906703
11.647814678673694,4.859853510767074,3.846746464365836,6.1409466533204125,-0.8922419493739966,-3.1881523489937,-1.9224457916444635,0.8291025482509866,3.609559091399362,8.313970732640982,8.36817156216074,5.549979911655242,12.752217064445006,6.494064291772247
17.017055240320868,7.156882274924287,2.4571297026636643,6.019160732402611,-2.457078030771981,-3.318031648179504,-2.48693513125356,0.3456146971689264,3.753090958188324,8.407735424559476,10.0787167254732,5.379122556719665,13.731604694073836,8.081727322335212
18.48188047499773,7.801839657090774,1.5981100082837258,6.689014880784214,-2.9634741266696096,-2.8241260589384405,-1.947479769406556,1.7938685482898509,5.0653501268305945,8.993326036281132,12.834488961878805,7.231595321324363,16.028346936974806,10.280975786673338
14.474275582572282,6.460577849132226,1.0417184936205786,7.516521306909667,-1.9600554781990525,-1.405542391909775,-0.6275929396153117,4.315947595279653,7.089756420002885,9.743822514052384,14.605016259317154,9.34679898742813,17.963193854593428,10.755560646725485
11.262221950350504,4.578857011110201,0.6576607458310377,7.523681354001397,0.0286618986510944,-1.188265174709679,0.2883424179862857,6.0575858570824295,8.354439118228868,9.551667457400567,13.809271320334084,9.389413500695497,17.752942053311713,8.836710926057378
7.1150134886208205,1.2720092715738118,0.6582106422776803,6.127079933200818,1.991627709150407,-2.1658521640083825,-0.3339471468662367,5.3888793530310295,7.050345962034854,7.14884743846909,10.30643666563178,6.316534222943872,14.657913042928044,5.727646608601091
3.722991888246003,-0.8422727582124634,1.3684072441656951,3.762837663885506,3.301391675786988,-2.562155164334881,-2.42264042139702,2.141670409457305,2.5344426284801784,2.2298091481575284,5.369442633272684,1.4752625143045035,9.40244861339032,3.23500767690706
1.9605834622828455,-1.6085960637163954,2.6467731108071746,1.7284593768823413,4.009327299586218,-2.7736764671092025,-4.564557383474494,-2.184305513396368,-3.685568909933423,-3.962963643106363,0.6973961421806365,-2.259311159639936,3.593907457189431,2.2137221841844905
0.3907457966346811,-2.450284450880786,3.600076278743515,1.1696944630889732,4.302889723654076,-1.5196252792043228,-5.166788822984557,-5.467178746689093,-8.692754852082444,-9.266129828607385,-2.7076198010544488,-2.791432896907935,-1.3387624297179457,2.031287741552873
-0.240797686270514,-2.7310327117406383,3.1032035012980543,2.0225858793337608,3.881010806761239,1.604617857689769,-3.8140797930751873,-6.40475492523629,-10.285359100352984,-12.012082034173744,-4.893164352493798,-0.564133884366413,-4.843452688038099,1.3586356643835416
-2.0430136218309736,-3.778810858206763,0.8249127390004887,2.950407557236701,2.1512395727685885,2.6889113139936542,-1.4935551837283754,-5.195446493547273,-8.676467498976805,-12.06347678840806,-6.368047190645235,1.876542210843226,-7.139427631347729,-0.5585529805938876
-5.1708754611633365,-5.759832316448038,-2.223669653742036,2.476456114995848,-0.8261252310197946,1.9028704460454764,0.4404256076281143,-3.0527442573797003,-6.186859569017408,-10.647570331421903,-7.301259257399579,2.130114319166708,-8.61405598691433,-3.3035590864412328
-9.255404037465864,-6.377350742966514,-4.322511621768179,0.3175772880597165,-3.756601702880317,0.9336649008051312,1.3906553593195952,-1.1785018773547264,-5.183749357106606,-9.247923946832977,-7.400452381685568,-0.119154111926413,-9.400472199183357,-5.808806810404747
-14.904764575087931,-5.833293767657369,-4.446250563133617,-2.387528336601555,-4.8446459380816265,-1.0274080126387697,1.5969773254995587,-0.1411352050502614,-6.163908725321555,-8.547575428976955,-6.587268650915988,-3.246412092055145,-9.484398863320465,-7.413314465545923
-17.75197700001554,-6.281691460039203,-3.1782171275451176,-4.243820380124895,-3.4290215776540123,-1.7984209331951908,1.3107156207807975,-0.0014530778797876,-7.677867797464223,-8.199332130937194,-5.652396058347328,-5.56816845135787,-9.04590353527881,-8.454458309205343
-17.5979415116391,-7.422295057867854,-2.240471143834334,-5.046686476739097,-0.938971226084348,-1.1345640102532422,0.2234457001734924,-0.7288435675220128,-7.971957242924869,-7.39272220336651,-5.987540243701137,-6.917753106491141,-8.507542616885317,-9.880229771539383
-17.33884884943263,-10.627953404463454,-3.0327225776303166,-6.043152104563752,0.0139882744085788,-1.83351666143739,-2.0777381648739137,-2.300381121767515,-6.647771188192461,-5.614298872900477,-8.410812583332234,-8.34348027031724,-8.185784901906018,-12.277765172096366
-15.961264629996954,-16.482735373106358,-5.493430253123574,-8.67502150179863,-2.1678709879748865,-3.4682811177340094,-5.1676763544782816,-4.424361395862551,-4.822166507157974,-3.0574916435746715,-12.123766916071476,-10.44980188908676,-8.005959703740611,-15.225009678955905
-16.154938723868,-19.358304241525303,-8.236434254295052,-12.999602012862878,-6.564851130916329,-4.2115439240137045,-7.588797542059757,-6.376039222762879,-3.873814543781833,-0.5455083219894838,-14.897826882040706,-12.345839420425792,-7.728474259083683,-17.54622995963574
-18.4226408082188,-19.38003654011865,-9.700092225718125,-17.359560532060453,-10.431014678719578,-4.405832571159242,-7.884142983023917,-7.334111553739691,-4.1665614334547865,0.8794458557286529,-14.561632392994422,-12.440143538349451,-7.495671996318872,-18.2266861674184
-19.546175162048065,-18.10820482221934,-9.23849218888665,-19.691645722616855,-11.547884307700762,-3.540326295009012,-5.945671359641597,-6.999636529612207,-4.924274578321846,0.4887813549913933,-10.678440322995668,-10.260496547791163,-8.00014493237605,-17.179963478239696
-20.189524280441777,-14.221710262665662,-7.377305244070545,-19.2813234790123,-10.088353272345714,-1.2251666909996006,-3.282555410915464,-5.882401185843985,-5.143058345103954,-1.6930984963215892,-5.052973768867073,-7.313973638755015,-9.88572496521007,-15.251569892943444
-19.771109141793943,-12.308214041859978,-5.321178217363208,-17.332131967541105,-8.274524074624754,-0.7283248366705566,-1.8207478856883568,-4.919559195498255,-4.488911047389898,-4.785496003851881,-0.6118368704055968,-5.959547473943065,-12.880504461232784,-13.541994566335164
-17.729423924666012,-12.530255852960602,-4.26197983919409,-15.8345232921215,-8.20282615427854,-2.036179551911124,-2.317953991724192,-4.742586710298955,-3.380404956538364,-7.437855201028213,0.5244287850757381,-7.313779753066484,-15.631053301278484,-12.657487150671384
-15.383580411466124,-12.419124530851926,-4.826863400599699,-15.781767285486277,-9.905405050173002,-3.911209862313777,-3.888341069818324,-5.239332139603938,-2.404543168865189,-8.562306756319504,-1.6361118312841114,-10.217231103328707,-16.61289508524414,-12.4248864124272
-12.41638486786844,-13.040562124652544,-6.710082191292443,-16.327131722281024,-11.397940990824488,-7.117769064292732,-5.036388051798141,-5.746106933375309,-1.7858612935087876,-7.955885465885778,-5.142930583513113,-12.260236410653576,-15.377531361001855,-12.148961143408023
-10.215825721232772,-11.74134322126431,-8.621835083364985,-15.574433284789867,-10.534641295181878,-7.853322313431662,-5.116096354228127,-5.624203380165248,-1.3714762434814958,-6.366316646136326,-7.558202276572686,-11.890737668859558,-12.945864470304834,-11.136905469055726
-9.08835674190881,-8.17061734519057,-8.864062316899485,-12.258242077085242,-6.885502135788727,-5.814362366416412,-4.762422888290949,-4.7043792116646586,-0.969550046983251,-4.95034222088082,-7.572895963695352,-9.655327330874997,-10.929486580670035,-9.182027867513952
-7.6046553375240435,-3.926179237191579,-6.497286817003193,-6.876294132206127,-2.018832536531676,-2.9104260908296635,-4.943550687216956,-3.308107697363937,-0.6001573671857443,-4.529471880570263,-5.686375119371817,-7.519845218698606,-10.196965288724437,-6.784845496855624
-6.167446501485814,1.7234394805777782,-2.30960688887474,-1.375211293166302,1.847192544040368,1.8673812063294075,-5.7087534541091856,-1.944648340522548,-0.4449327185423044,-5.161491992543347,-3.624874277896879,-7.013133551006106,-10.328282451097069,-4.937861441280631
-4.044910066497661,4.477837655400666,1.4433921692455556,2.2968216834574804,3.480689561757828,3.9734073217773975,-5.99409503707048,-0.9645775557897308,-0.6365293224971253,-6.251342673251372,-3.050365256839541,-7.920623541913216,-10.28522733688314,-4.449337854448402
-1.004241434247941,3.8791306884964074,2.6660076261692183,3.587798447794881,3.215914616465028,2.993054120910629,-4.714618388439163,-0.3769549613270868,-1.1271354583230817,-7.018875827448454,-4.469250502036601,-8.614337271148145,-9.527744564786104,-5.169966812258792
2.1027702160176944,3.144997502815185,1.181948708915982,3.591737568677189,2.247116721857253,1.9764540206712744,-2.0067182968902277,0.0982101869516753,-1.7168867265816772,-6.966358164904278,-6.969365827086818,-7.580526476238475,-8.449602368877123,-5.818206944704897
5.508147566465093,1.1718644871366333,-1.0201126387082695,3.9747729454285543,1.4740638840727485,-0.2286137274383188,0.6928627915376069,0.7662050456962817,-2.1634037689161403,-6.10115426915128,-8.83161103517321,-4.729558171363735,-7.790881341258043,-4.830264527221317
6.115872484276762,0.2722229846386106,-1.477574867533491,5.454930616830112,0.8985266316128389,-1.1760465723769025,1.86207914530641,1.6257265064491548,-2.283083041415125,-4.880107114548736,-8.606491315236212,-1.4294490904342183,-7.750693227652135,-1.7586954658524974
3.511179032943413,0.9369505187964884,0.5245361529431136,7.098124690469106,-0.0789378487230578,-0.4340043177996137,1.2191792840979048,2.2375531882577064,-2.018797611260481,-3.9593093240215183,-6.061344226535738,0.5967077406432963,-7.773061098658445,1.9865649754731576
-0.4231360171376609,0.4342871508333591,3.236711501874936,7.066235160638911,-1.884465642936334,-1.1349971525650322,-0.1214027835483761,2.01029821243813,-1.4653170944333451,-3.842438352294834,-2.4496344831864576,0.474370851642135,-7.209674412148871,3.919569572328157
-6.58831723782937,-0.6385538060417568,3.963281716100568,4.241427902122297,-4.23218248514101,-2.72146088830445,-0.7551471772392802,0.7798955261282288,-0.8144687629493887,-4.537539354973461,0.1664790108612805,-1.4278310131355738,-6.110751579739684,2.342541479077568
-9.111786179087307,-1.4203114502857068,1.4890844221827422,-0.6512392724695246,-6.241817404130188,-3.6810383291722943,-0.2256091289885944,-0.8186834176235607,-0.2064872715877754,-5.39076428592179,0.2696630069297043,-3.981520106511852,-5.238539865845155,-2.2221417328650546
-7.393590605851137,-2.22604588880986,-2.760055109683293,-5.42170411779685,-7.064501818917222,-4.399604997435555,0.7665226362039448,-1.6532056207809376,0.4246066177264254,-5.275902377589318,-1.9456932291273008,-6.046523056387088,-5.207470283950812,-7.277477841735333
-5.960927015700192,-3.362957635542639,-5.83869256631786,-7.991532159740558,-6.466248922683576,-3.3151195588458595,1.2354361596371175,-0.971904805597319,1.345571384965865,-3.167450336810361,-4.567048036549068,-6.908842720248742,-5.616335480981348,-10.09721476134706
-3.330430363769475,-4.773098134794081,-5.657892043337085,-7.803184855913315,-4.889923843512378,-0.0366560417538223,0.8718931182239658,0.8560233000544883,2.7746328906152087,1.1493407458069953,-5.354354569908679,-6.34540297183861,-5.163613770485597,-9.546557007174217
-1.911826248086267,-4.820740076769065,-2.562694067972302,-5.896189495105404,-2.992971391197216,1.747789929563984,0.1600211548006882,2.46709936109039,4.536342592252368,6.676547123338196,-3.576337019556604,-4.58901474527778,-2.825955988154959,-6.605441166870094
-2.350485948610784,-3.4052005141098944,1.112228800710028,-3.759836175590152,-1.1242373976479598,2.302335509957239,-0.3076020044743472,2.516869042620016,5.951837645555287,11.46894211373197,-0.7535853616468842,-2.316831686974524,0.941945131536812,-3.401143290492115
-2.017588929713828,-1.3733761281433658,2.9545971749913638,-2.1496040604194206,0.7831759546031947,1.6709439197900755,-0.4673463023494264,0.7815385765589724,6.190290404264601,13.538705752514858,0.4801821905855661,-0.4861479259246835,4.227774103294507,-1.6948771409202834
-1.6188837528222395,1.706855819283129,2.2038331987849915,-0.8898725478136669,2.876916301964201,-1.0085933638243092,-0.693725590386407,-1.591320104281749,4.919620706788294,11.931410397459471,-1.4161058863246865,0.1335108993669962,5.10605028599872,-1.9321429815478268
-0.7777511591501042,3.2906203810474355,0.0358069303056538,0.4507870627654711,5.034034184105735,-1.318887783984932,-1.156354439955294,-2.918119773732741,2.7351166846528088,7.336828587979141,-5.457551544628103,-0.4922088183799644,3.3292798351271813,-3.273865407943731
0.8503791047328889,3.1293011568698987,-1.559832528475965,1.9626218810297476,6.896734258505859,0.7274945229747218,-1.4044278036499236,-2.219915499838976,0.9114973007291384,1.8437393445112773,-8.73483703880629,-1.5177968833704654,0.7158052628406324,-4.270477045871928
3.0966807808687085,3.952162099733345,-1.2731047626459144,3.496549800083301,8.22499601620163,3.439692293781202,-0.7029223520509902,0.1161427769320937,0.5546469599689203,-2.0627853345420704,-8.593942351036475,-1.7209100313297083,-0.2208325648988705,-3.6343764092043216
6.213561981119483,5.203777369361715,0.7284396466880594,5.095688267847862,9.107846707454058,7.8369516332643485,1.1498659450278126,2.6978036577042985,1.791926419241321,-2.7492119997834834,-4.623535605964179,-0.3467477893674697,1.739981813557904,-0.8133698833325127
8.177747237855995,6.257844056750654,3.071940112717442,6.9640913511871645,9.725180916664897,8.197413576831291,3.3208282025933045,4.110206449913505,3.6760584840862975,-0.2883437681720409,1.0824773334912263,2.3270754784931,5.631542885274854,3.695066377688193
8.893389221698845,7.487882941411044,4.169984245901901,8.850848185879016,9.896444624832869,4.038165617866342,4.322486626266482,3.729480625761624,4.89771119458598,3.54273046206643,5.4612417388621,5.115866024620573,9.19750392337886,8.384456988520952
9.263192276266414,7.550477924299034,3.255007975580469,9.676075992429588,8.989761672654083,-0.460486279904892,3.086264126941728,1.8924709783314029,4.717235143729084,6.209773158819701,6.554183874525165,6.649231925089651,10.688081686320883,11.32852920500153
8.769013875237563,6.319005342070775,0.8692593811080656,8.213933184261549,6.468716589510052,-6.703121119584343,-0.0815942908828049,-0.4520207208523459,3.3803086572841607,5.908467845592867,4.668203856919348,6.23259307832916,10.006865532825344,11.294951015513504
8.801495595790634,5.632955337751891,-1.447233285036333,4.50140574772837,2.6738112254389392,-8.5247815948077,-3.4533647185515832,-2.2005658078508503,1.781881715089142,2.7564118082828912,2.008863769461428,4.355186320223112,8.443276144658554,8.800395830590247
9.457276588241193,5.24948919526742,-2.0994897817870566,0.5555111885228996,-0.9517803135693156,-4.940631196705066,-4.89658448549298,-2.445456263167316,0.7752828319048035,-1.1796742883850726,1.1819624368477406,2.5285613097029085,7.507278289682063,6.156303089854418
10.439169676121695,5.955778114261972,-0.4615289956388153,-0.7106877960024747,-2.6209782620240816,-1.2716864024000707,-3.3225231789567005,-0.7975750992566333,0.6940391226503948,-3.263580746907394,3.492877598592898,2.4254583282198183,7.9130444625711505,6.016644050489816
12.138269205938998,8.204933244039987,2.6667684302244936,2.171372214138344,-1.5079211374671075,4.162148630762758,0.4380246580736866,2.268498106360312,1.3051477112861107,-2.2659266011107064,7.974443416370789,4.687147137487344,9.27002645808568,9.186291680853472
11.47219696520004,7.990345405558331,5.495207017556538,7.61344331628537,1.444011962695285,6.059235915112994,4.00095926082588,5.306397756703184,2.0074893389168835,0.5384632309757507,11.732199189229831,8.152435266912548,10.346035687990003,13.453926210242564
8.267747624399586,5.367848842504872,6.30976536297117,11.741787701026208,3.993842130580312,3.383588704833169,4.87222492685229,6.405083833600045,2.046387063683447,2.1607205573863624,11.579956272946212,10.248487948623628,9.604590101529348,14.793031017996505
2.836685319434607,0.4262046292500165,4.48676904764354,11.195879823808417,4.135715311507262,-0.3281911321412353,2.043611794372861,4.292393447744903,0.7576418819327095,0.1418726657042341,6.141847206177573,8.593633852889036,5.950791746069445,10.398208756039525
-5.735026743975279,-7.897560852600434,0.8328358720852558,5.717236082041513,1.5487066986629454,-6.714006421333122,-3.313709985783221,-0.616144602099788,-2.0432415911419577,-5.439213254108366,-2.9328116642626165,2.846338171267226,-0.4125142504574723,1.2306652433769736
-8.328920105982123,-10.282608599610212,-2.8991236548343835,-1.6395281041676242,-2.1910196722023905,-8.848552712262071,-8.502151001467343,-6.088662059761855,-5.654411590251055,-11.796275389625944,-11.660015034859455,-4.62195639192133,-7.533678455064411,-8.17008240681842
-4.448166804389174,-6.348292951198098,-4.965335781867495,-6.808068414020312,-4.811468774016383,-6.007954126724162,-10.838552262577274,-9.188364625251872,-8.49582148448387,-15.254864132940044,-16.059373546596163,-9.946473270057147,-12.336326824256425,-12.6919665780867
0.771534211511262,-1.098863743751343,-4.503894133055383,-7.534117591376614,-4.980356597645255,-1.4203153907533446,-9.089243913394554,-8.019136127339138,-8.855801013904255,-13.642604207376491,-14.55631417693695,-10.155570109228506,-12.31521380505646,-10.164739583064602
9.602746671608449,7.735471882711498,-1.890352390637432,-4.469780129221718,-3.0830623238325074,6.863774873789817,-3.978096639872419,-2.95586103172036,-6.090611315947569,-7.490647520533571,-8.677647964385741,-5.027238107207722,-7.230180437142593,-2.644076420401518
13.417504088324064,11.502822627868982,1.566718279891944,-0.0050287653731118,-0.6390712233031479,10.19603582441435,2.37810826956175,3.487824806682852,-1.3828603843257952,0.6321470105036724,-1.5796882009985609,2.904370581183258,0.5994903039722601,5.364527184322469
11.20491651167944,9.21981363426464,4.414758531314902,3.7503409633286537,0.9905839606342112,7.925155613675169,7.616283650112052,8.097000941516,2.7543834072405105,7.877095154995402,4.287325793254496,10.094596447281702,7.805440305221083,10.105226006797407
10.59717297703845,8.18236759151091,5.893051033201687,6.058893374992408,1.4786784175519756,6.050348706797935,10.169570594483332,8.805939195874231,4.126310606147911,12.57775035317826,8.436590834447117,14.135142293471858,12.155154797973182,10.694067210491
9.485684343556212,6.256131725622103,6.291335591843904,7.22946678671957,1.412643233226504,2.479452714494516,9.7624741674193,5.8349605269824,2.4913483011892765,14.56991749748613,11.680980277846912,14.840942412577988,13.66910657789191,8.896584715995118
8.958683340999631,5.622961950168892,6.552414202192665,7.762661971540808,1.5385174887959463,1.8020607400601645,7.2982909803643,1.4473043779781278,-0.1972968204446488,14.537243087895888,14.506638888207249,13.773269020786188,13.882887909343708,7.256058655677066
10.021710380225784,7.293136901744322,7.372493238122274,7.971535910528132,2.148880580368427,4.951588929631527,4.328026135786388,-1.5008599090774624,-1.3066471819192316,13.175715699688284,16.230710404518163,12.824855706641642,14.112979241511423,7.258959025723982
9.276024142214563,8.131598057087166,8.507176776080257,8.136539205759902,3.0385472589713918,5.689079674027434,2.3593573442818183,-1.3044126903176334,0.337367585707625,10.859226794680184,15.744577379255873,12.963482904962348,14.367451166032708,8.735674926120794
7.1537901781669575,8.906188252934795,8.912515692828435,8.56752813339034,3.840052072654544,5.096927575904742,2.251951879824958,1.664167282344522,3.463141841240088,7.915496933288068,12.959369055458808,13.881060945773072,13.763442820074433,10.510889198346264
6.268395475768666,8.770404597006682,7.674378410144584,9.282975501519388,4.321364559741028,4.7845550100104415,3.928789603792154,5.4290574146002655,5.4043037597024295,5.078638253527743,9.36163974877553,14.566399839717462,11.810474575681267,11.48869527052682
6.227425919085181,7.24139225726196,4.950943378333363,9.766936290921876,4.460486647348603,3.826388265084865,6.546078585825399,7.908110573224917,4.343721696507259,3.5334970893518403,7.02603070408793,14.241577961761436,9.172589183231366,11.329269572132604
6.606530949106765,5.3322861439891485,2.060984987531697,9.33091424703082,4.398796172670245,4.630348243705946,9.049402882117192,8.322420588913019,0.8648949224669877,4.310671548067489,7.016088277137783,12.960583846969826,7.187112816156514,10.40228664268011
7.891774827591372,2.669659187766076,0.5675925326912648,7.846923197642241,4.378323904899048,7.418012769871871,10.783403053922598,7.500138393065072,-2.4846929113732585,7.4000775560487,8.698700059323414,11.478448800406229,6.7101665698050965,9.283325163732684
8.213949692864762,2.083889024162889,1.109190101401964,6.015416367226521,4.620772256575037,8.02481061055365,11.742862933510082,6.941710769740553,-3.226681474353086,11.358479813636222,10.542685234518558,10.557047077687573,7.456433122456133,8.300957114176981
7.520692350573389,3.9155443635303135,2.9680999386762323,4.747134266681883,5.120803853976213,6.781861656611558,12.295611852942102,7.478032398360142,-0.8990033263252144,13.958334604541164,11.503237029244248,10.308554042944593,8.386313834604152,7.459593658208632
6.279453858726504,4.545194021280644,4.702346467426082,4.264374849464275,5.530307986442722,5.467651658889634,12.63613309630614,8.61019367419965,2.603790775558309,13.610716064118948,11.622840900396682,10.141770271821088,8.625518792571143,6.671856045756272
4.006091302634202,4.571931766176532,5.241825681241494,3.948099763836353,5.378248049046647,3.295141250656774,12.474195483020369,8.987569399214749,4.467663041520041,10.52601499707555,11.41872171722366,9.347422868101262,8.005650948800508,5.9933270566816645
2.590592805580349,4.182943601475092,4.531708553351109,3.1816037992672364,4.58132963366495,2.866868298120296,11.27398601792322,7.542745849665266,3.004262143705205,6.604878760662245,10.923998825784452,7.770400290115731,6.881625940649997,5.631978849639381
2.080196350841067,2.7387433765552363,3.325197782051987,2.2830266990796417,3.793107510364166,4.516356915258081,8.849471339470028,4.3448894498804975,-1.193785327874025,4.007656426324729,9.53655631057336,5.9283382758142125,5.654837604266049,5.749301896135876
2.5344509540030598,4.066109193839071,2.489223025141314,2.3974565558436325,4.110643783737942,5.009947712248255,5.749085128332467,0.54857475807421,-5.723946592655466,3.495782935878651,6.854840142944795,4.46742097087008,4.560460599369321,6.22294851270658
4.494743491536947,8.274325086660621,2.450739180573237,4.276386538633233,6.186290824238768,4.899435852286687,3.003276011508888,-2.434267006974096,-8.037655713477761,3.9411018246253207,3.525846879596884,3.4953916125061824,3.7681877831612383,6.532926053282836
4.567808333573252,8.925014564865203,3.069665967459059,7.128551152336399,9.433774468868704,5.077527061798253,1.3831660043663303,-3.848048764761416,-7.081637121030326,3.483060419671233,1.0492227549545987,2.457617297218917,3.442447706141934,5.894332003883392
2.7320328664246656,6.462690071214179,3.799362523014168,8.833970858395503,12.109938119838771,5.0583551918972605,0.8141081622337083,-3.9125157070951104,-3.771476428857966,1.384189931111962,0.5762123593074193,0.693751620562125,3.5910080849561155,3.702005037660968
-0.6642263183842966,1.930293970735261,3.935925589158103,7.564762476403303,12.393144860888412,5.512866008617585,0.5108134522955083,-3.3745933921333062,-0.0167213402422703,-1.0653320283879566,1.8637783353633492,-1.841117266051356,3.9558741784381937,0.1470663030529522
-6.525144819802426,-6.113755412256489,2.9473633129726977,3.4395400881047635,9.696519669941154,6.5090122368320245,-0.2412483974118231,-2.7301218344746303,2.8707163167188128,-1.5145520083804058,3.476091837827653,-4.363058320850655,4.206533893776509,-3.469274846556118
-10.03763857306812,-9.662101162469176,0.8702403925890394,-1.3534520513549069,5.1590927789773104,5.403838669232157,-1.3744357764719553,-1.8102593253586288,5.032927255404047,1.30909310095808,4.085075877656436,-5.769589954042658,4.240655315553795,-5.260665197375602
-11.125168985142668,-8.399477201973255,-1.4971603384425407,-4.238950672139822,0.8704059756279321,2.130066044652341,-2.111934506093121,-0.1224212793466676,7.438988203922236,6.1186732667256365,3.572882023260036,-5.477776838117848,4.137327719270502,-4.086842137743474
-11.145460272361118,-7.894561951383442,-2.9724965728277084,-4.381777580788821,-1.5869047305652657,0.0702130987431339,-1.8229296424246968,2.330800304367017,10.382260287596182,9.65354693025347,2.8208893685081198,-3.944301179377817,3.714751046017796,-0.7730168883176702
-8.885001409848844,-6.359105136182801,-2.8807074445051057,-3.403456656341632,-2.1273080313251285,-1.2047694342265207,-0.8528162986283405,4.540592825988256,12.634439509638014,9.027081893331795,2.4557942579460814,-2.476585375993409,2.2727894060983544,1.9886128613045455
-8.928877302306375,-6.536945626454816,-1.7766743218071497,-3.982269394716696,-1.939506144987604,-1.978744783209064,-0.440904873089039,4.924712707319372,12.282466974765498,3.9671215273990574,1.9763646724881028,-2.4429349195650047,-0.9220742325428546,1.3708365413602903
-11.434572721325043,-9.239435855173284,-1.2209831566726734,-7.467591602153107,-2.329608563742454,-1.5791343202332595,-1.6538395540329702,2.553337957434678,8.637277150367936,-2.921344080695576,0.3148664291902605,-4.3937145969746325,-5.6890391090502135,-3.3822829812462487
-14.17912267962789,-10.088807510067932,-2.5865752123711445,-12.564605603267635,-3.670298871914497,-3.499839699642661,-4.264304631413552,-1.7967967408073946,3.374604869173368,-8.116102153994234,-2.704859209855499,-7.685661247036592,-10.548090962415133,-10.1119854866663
-18.254907054460773,-9.785224570850335,-5.846294326344719,-16.297613337244456,-5.3297795372894825,-7.816326416221084,-6.691185244564849,-5.795018719879408,-0.4201776761373139,-9.750933398788106,-5.691089669370058,-10.90473242160192,-13.585022120678332,-15.159661097860408
-19.76312671009085,-9.941749188957424,-9.469143359811028,-16.49834519134356,-6.526545565831157,-9.61726131469898,-7.214766190149021,-7.066197050580399,-0.6930740648695064,-8.735208881564404,-6.812482637836524,-12.837022389070512,-14.006384485642457,-16.067263851716348
-18.308671983563485,-9.93207042748184,-11.622919046706327,-13.69090074239125,-7.21181488292757,-9.390077375857784,-5.475224682809198,-5.018967247846263,1.7952927121524451,-7.659124933150224,-5.831850019713556,-13.29935732840977,-12.958076490114763,-13.430674615597924
-17.321630788105136,-10.705960543651756,-11.664937082483164,-10.705437100299946,-8.098137672712824,-8.636989328384773,-2.919684157325264,-1.5037652106093446,4.034091637229267,-8.587424558380576,-4.941916008789349,-13.193550470402329,-12.717977490866474,-10.399846385384876
-15.8854415848152,-12.489026552088012,-10.59441950228836,-10.305505434579402,-9.815865650152432,-6.415307609597695,-1.747559261100605,0.3827642725963187,3.2475136207673927,-11.618472669427431,-7.2361151517013695,-13.746721292660707,-14.878170531917476,-10.222265493693383
-14.840244939143592,-12.605569824296143,-10.076944173045147,-12.855512959756766,-12.06738422187476,-7.363868417344348,-3.221565973060308,-1.4651758592952433,-0.8945082049487496,-15.218815680880596,-13.957989344407224,-15.575380938856084,-19.106848602849595,-13.79839760616494
-14.694544657817788,-11.146672214459706,-10.95453943683168,-16.035180942112333,-13.68948838189857,-11.86665398906426,-6.742199421477039,-6.616908964745903,-6.240358005576752,-17.756187433884577,-23.05551674926693,-18.33405891218365,-23.547119634606133,-19.152800485841624
-12.73066345097977,-8.784534863397138,-12.579450793814772,-16.832720072560107,-13.657094234639146,-14.764458636791254,-10.387572051122788,-12.474609534069884,-10.150111401887555,-18.779094739365405,-30.512766056777707,-21.14718370147898,-26.4034493780232,-23.118527397897594
-9.152578558956073,-4.899509928325031,-13.48968529893682,-14.09133624759977,-12.10685806723086,-17.004157300002795,-12.390338453976767,-16.22106195506808,-11.580506211249826,-19.04958081760742,-33.370801288444454,-23.31137651233439,-27.2573230913564,-23.760211105362544
-7.97872374019464,-3.670936199951511,-12.72188970805314,-9.467548904685684,-10.382070447262947,-18.30363547889053,-12.358714104697016,-16.735616945231357,-11.462321552574451,-19.53505740928921,-31.774179544979347,-24.601478332757665,-27.03643547063683,-21.585177153950468
-8.9995001906359,-5.368494089392109,-10.584103293079238,-6.080705819464896,-10.003911807258705,-17.743180047026712,-11.402433450320274,-15.00450498782891,-11.346393219467416,-20.39363605997181,-28.34260775495619,-25.028984297161745,-26.84909851964184,-18.73667142983973
-10.853364241746826,-7.66266231896269,-8.328828347248617,-6.087585563865531,-11.49184042914132,-18.55095258713796,-11.232085660233023,-12.927558754599032,-11.864065478725225,-20.84136173923173,-25.683386604254625,-24.50319348558122,-26.84786941195071,-17.074711500990162
-14.41812881729044,-11.612252091392111,-7.16460861776136,-9.196682457118529,-14.076158133821366,-20.499046643593022,-12.967317693876026,-11.750892001474284,-12.449154731425295,-19.939289882893743,-24.44391738881589,-22.88131893349853,-26.11884176465304,-16.838747081335953
-14.830045957946854,-13.075817819666351,-7.468739119742764,-13.18099398598497,-16.467004645354052,-20.680375803141352,-16.4178154085063,-11.455523059480283,-12.321253664494762,-17.557422373487213,-23.497346688728957,-20.36096597968816,-23.611391419290044,-16.863115117232766
-11.69725338916078,-11.5893754421625,-8.682671251791177,-15.71801614563725,-17.858221470465864,-19.52967924723396,-20.180212488822303,-11.34652365480595,-11.51409905942826,-14.655690696491703,-21.640120578751493,-17.675811333993764,-19.247367775172847,-15.870975698408884
-8.584011381632827,-10.375761118135047,-9.740137079451472,-15.917080597922997,-18.23617859041089,-18.68317029816728,-22.41417428053825,-10.965233889728516,-10.88261866573164,-12.602946958356595,-18.85812556479484,-15.685786894478433,-14.254278146743992,-13.56162278192317
-4.308655615008952,-8.388135616139648,-9.620839073877036,-14.420289331351563,-17.87855750244781,-17.730607010074827,-21.850921426035303,-10.349676258696215,-11.17833993638599,-12.060518441666485,-15.987872500779176,-14.60279651103616,-10.424906383140968,-10.642053578981788
-0.8102993957115595,-6.458932404512491,-7.784223578810304,-12.341544529827411,-16.759662272694243,-15.890052839861156,-18.493253993852413,-9.54642960789321,-12.177137089636012,-12.35850509952174,-13.44252121929196,-13.592795276426898,-8.8412319894789,-8.026789867100236
1.4028151145855798,-4.960209181342716,-4.425090051524897,-10.220631207225876,-14.56698831618573,-13.326388500657432,-13.602235053808505,-8.127316328872453,-12.682970136436932,-11.944389082617947,-10.57692713067105,-11.27220523137653,-9.012529811766475,-6.057017563197013
3.648433241173845,-2.8825222295448985,-0.4717415710615356,-7.884579825046947,-11.251590333034985,-8.234615143349457,-8.938353772392603,-5.411329613676713,-11.368864796706724,-9.6139500978418,-6.393182608686033,-6.812675544969608,-9.09440425700364,-4.33757370669651
5.282304047933142,-0.5197036522129977,2.7934771462303374,-5.0708056552749525,-7.401559715020191,-0.2845899926547721,-5.695627695311636,-1.2578130414285127,-7.752212178328222,-5.535961085697814,-0.7461373671486342,-0.7336961527225938,-7.092184396519727,-2.134402128820568
5.975575595952778,1.1625973460370205,4.4130345447835,-1.97496746724525,-3.93858038266012,4.29652916092603,-3.832299610265977,3.4074962838975296,-2.6147598794728566,-1.1874000084099094,5.291755569961609,5.346664987408218,-2.243872014149332,1.080210839361655
5.673519739098213,2.163674856836544,4.33215973019891,0.8460756957676949,-1.4239365227310543,5.55520564420109,-2.2898073447583016,7.002976619438542,2.3597882602530973,1.792236120449573,10.262426312249133,9.834541884451667,4.378071560180757,5.250157072024464
6.6058470688849695,3.8883178258457063,3.4221935354948414,2.998045589642146,0.2931184709932921,6.982229359070683,0.037420410498612,8.409703836359697,5.490900616267808,2.877828271537396,13.43054769092521,12.204270882929563,10.477505368656937,9.63770049236389
8.84889574328207,6.19611240308602,2.883791436733034,4.5697908725164496,1.744444099394144,7.230414775377542,3.316370027615875,7.825295995478427,6.051311067513112,2.9834297929640456,15.073169462706446,13.10802823182317,13.956417886800535,13.071430298738136
11.71536841456064,8.01684137349891,3.467940310091649,5.962747824454652,3.253884389233434,9.04913839651502,6.573556936997818,6.54692894528884,4.716611029495084,3.579531518469423,15.862659797175525,13.58885995579979,14.201248247231447,14.55983409540832
15.801500000565218,9.554604612399428,5.094352499832809,7.526580834731618,4.766972769861695,12.935179058594352,8.474144444560011,5.853862640060981,3.173051524085309,5.414792567465383,16.2186185292546,14.235028416016291,12.403412321723664,14.034089850777946
18.563163257379188,10.80699590285968,7.098944408098959,9.417880993002512,6.232634656121689,15.151825081103222,8.469216458692387,6.028915191218459,3.039047873924005,7.980561326717861,16.356289196815567,15.030135597395828,10.750872602875774,12.671404296662445
19.88910266140022,11.583265506092417,8.843867960645298,11.704677724615069,7.977285725089359,16.307657290686198,7.354703789706804,6.435918837686614,4.795231994516371,10.142362591572038,16.769951257951135,15.831775301457045,11.071033753918186,12.34045181120419
21.09523793963508,12.78273438083156,10.188516505141225,14.410315988203196,10.49242921155053,16.76637178575963,6.746468360948626,6.507122129783397,7.515163043411377,11.280313975174664,18.27907463996229,16.76107572074929,13.823030609684992,14.34399608485478
21.566766151216143,14.39789320711362,11.479102077609385,17.351188518379132,13.752647899883414,15.886322533224654,7.864186054480484,6.523319598459409,9.616140905556506,11.834766783318004,21.287636319110163,18.000483381401835,18.038534683519515,18.33631983454464
22.0681575800495,14.615775220645892,13.089957953327511,19.999406091206623,16.806765947120482,14.510352155365611,10.581550621835788,7.253635162576842,10.016331128551483,12.755811901865911,24.961400543137582,19.27458071946674,22.130174147369388,22.35118395942999
22.69176543742147,13.489183005282278,14.881690432738113,21.630237001012432,18.20415817438976,12.489360965716832,13.468906156905092,8.777385122226462,8.765820283365855,14.418125336115368,27.373997956450665,19.72839487100032,24.911486971617364,24.080108575841194
20.13942696535144,9.840775407077766,16.04036725729577,21.648716628647463,17.007011514964944,11.48844228945599,14.770124089121964,9.85689438377736,6.746683317021166,16.086034864173342,26.80993424545736,18.51817583273754,26.11642610792279,22.49764952799967
14.31066235980759,3.070172552930569,15.530247042293752,19.75826715084699,13.548416864982642,11.801050204130906,13.594117605619118,8.83734622954077,4.900840550501215,16.508387384433746,23.195470751944583,15.649637549897108,26.18342923354882,18.568302559511324
7.538015871401407,-3.32577152217682,12.91541513815855,15.90229465786203,9.320680663894136,12.509501867829302,10.529049417891857,5.449664499610492,3.7729532270648463,15.153357771056733,18.343774727575607,12.28093103150644,25.668051774996883,14.47362582819349
-0.9173901198033098,-9.657629340572685,8.91657952912712,10.302250343578606,6.128083833250997,14.14729746842553,7.335284448263451,1.7040707425749702,3.649105894367267,12.946792328860738,14.69844331522316,10.14404383470611,24.851863820158517,12.00276014353028
-4.122596668378784,-11.399688064772777,5.155514667615847,3.7900946272540352,5.141718194243623,14.6482807879574,5.934005925234828,0.6641895776217268,4.831380742317066,11.748666750401751,13.592294361154984,10.457453938929632,23.794397486973622,11.407881007174351
-1.1351845226040955,-7.3091657716560094,3.145940618297061,-1.962508681296356,6.3858663049230415,13.859924865533438,7.26994977636636,3.887393103292254,7.465816894360756,12.89047958236506,14.428317087182336,13.06469257899343,22.58367189478355,11.56267032882576
1.140696948027807,-4.392570830604771,3.255574271656741,-4.963512295247,8.786673518252002,12.427224549917511,10.697620467005692,9.774831570461489,10.987542855873215,15.947880244428037,15.328147671842515,16.36458249522775,21.38742864056385,11.113673257010475
4.4442250119154805,-1.4060524225891549,4.467426332728849,-4.147218040156076,10.691582720650814,9.774076747088207,14.305474285814968,14.472717567125072,13.912809453308,18.809753239432663,14.562153369743555,18.13567699841707,20.2132271667212,9.543983648168163
5.62606272722667,2.1147860666633185,5.160266839864391,-0.3435074641603819,10.73007840299897,8.511719005524641,16.0635418706824,14.751763609598584,14.558401185858088,19.09499831972701,11.59801961421411,16.857791972309002,18.68411090062179,7.323833867108959
3.4590662694265992,5.017347682045083,4.311169349335643,4.121626456086318,8.721638834176616,8.754415952149317,15.08998582031198,10.503805377740036,12.32826668338754,15.89331746943958,7.152479758177293,12.754404496766398,16.176926491295916,5.260107408617415
3.208697711159635,10.411091559803404,2.194420351013747,7.092058280086121,6.032681797802866,9.741205076533824,12.138044243450182,4.776756864769155,8.430263182736084,10.52332121722199,2.506901340062825,7.763866953881376,12.306646416908023,3.8085195286593887
3.9129301256205338,18.146304744182096,0.0729977242036028,8.072711008652874,4.839216732583452,12.165494388071966,8.9223790208802,1.349411219147413,5.177989883280986,5.724831696698203,-1.2468698638429316,4.254382506690419,7.363258619525851,2.9192685996895875
3.02902172123919,19.18098623711076,-0.8337037732291748,8.139163825136706,6.503952056907735,11.608186791744288,6.8231183584357495,1.868279675167443,4.274667919973325,3.852486521634901,-3.5890699885417234,3.3099681899022784,2.2982410023348763,2.3072929815622416
1.168321709214795,13.318959015473796,-0.2961634121315342,8.404110690820772,10.234892325158595,7.801518549096884,6.0222040121659575,4.8289132751140045,5.505594292105883,5.344999314697532,-4.55912282053005,3.979636912857359,-1.778949773739669,1.6778871017990582
-0.7989165786557719,8.189974670988247,0.7784611899786711,8.672629759219035,13.31172680261328,3.6156178677790263,5.706791257218455,7.076648668549026,7.018832346439666,8.511493217920759,-4.537480844746,4.2306728115524095,-4.245741744775827,0.7204809184996464
-3.1925351291988115,1.9221916976206364,1.0931053569583329,7.722433546054532,13.009507061660628,-2.015503517236989,4.991436187075607,6.448498309466828,6.976128611365326,10.714441245474845,-4.000872074452289,2.825911020427029,-5.307935262891675,-0.8756379200330429
-4.286630699980317,-0.538516689337907,0.0064960742256658,4.890423416010421,8.786512727604688,-4.950566919292444,3.626563913819794,3.3632328147041197,5.097777897325997,10.06615256091422,-3.3747835330969598,0.3859168703923643,-5.822150466726924,-3.14783478409123
-3.8135368620700953,2.3822801680120964,-1.9650221295278527,1.1876835559084071,2.8577997022740504,-4.577843079331488,1.9300616038625835,0.1668127953603857,2.724135912269901,6.487273329472217,-3.024084609781412,-1.3878033894782504,-6.727448824800646,-5.554762955853647
-3.92573379155601,1.8872072301579987,-3.608707022645546,-1.393305246850062,-1.447836565606636,-5.6397245567365575,0.2443112548035415,-1.0468317685995387,1.4049251108670546,1.5258489333537426,-3.2803436861051978,-1.5297766384970686,-8.445071132328458,-7.124644220028337
-4.222311034708864,-0.7289356571539145,-4.051137802279285,-1.7834554042327326,-2.2122822956596195,-7.161895360393119,-1.37292443826464,-0.2074280355735496,1.388581177437942,-2.7653815703537106,-4.322459138992436,-0.7998475973364876,-10.618510823893333,-7.164511699368795
-4.883041137049276,-1.6946568721614443,-3.470019349131398,-0.9774913881769436,-0.2135692717633261,-8.505874515803926,-2.947141031179406,0.8257490844232294,1.4276905805750957,-5.044141091618052,-5.9108517555154805,-0.8559874583085829,-12.366092616704712,-5.967936416844417
-6.289740691413541,-2.28059512748824,-2.8664975526046987,-1.1174918035190942,2.016173227433505,-10.353475750141756,-4.287202206987494,-0.0098547379250319,0.0223606241316005,-5.268098068503658,-7.315305739107007,-2.561470916642236,-12.91305618717405,-4.787688028843341
-8.250455117426206,-2.3015333176029222,-3.141896620683585,-3.3254719760893146,2.372041325556374,-9.585057470540544,-5.10109574368839,-3.251643971066532,-3.1391618297554302,-4.499583052789948,-7.7987327717331105,-5.28043249322522,-12.212396147457998,-4.957272840202325
-10.995215443652654,-1.3447416466482114,-4.341653547086079,-6.431127118636219,0.6451822377192062,-6.04430831653079,-5.45871447219816,-7.67334988940252,-6.92017053202418,-4.234483712499234,-7.457668847452368,-7.861255702990604,-11.118404680736775,-6.866915165853877
-11.080920329883302,-0.4463586717714854,-5.701569613125168,-7.910136807134734,-1.806043381590512,-4.268374392973179,-5.99139740654809,-11.555070678992651,-9.847472019426434,-5.650958413073428,-7.570082408861145,-10.073777289666763,-10.910220056157174,-9.669551201818834
-8.24803566697797,0.5159052402109672,-6.3257248733313975,-6.166580187873795,-3.5404184194588657,-3.7906909057108367,-7.4115939467419345,-14.097663456965323,-11.44959411032626,-9.032290087023156,-9.739373965811216,-12.732740470466094,-12.383748217678862,-11.921177250577134
-4.293963360792973,3.940465998714128,-5.797384738374079,-1.983853902040728,-4.14679915362147,-4.745437978110207,-9.696210336381004,-15.620127261925411,-12.477591879297597,-13.533024389673342,-14.24461997154264,-16.260710283155756,-15.090326398516606,-12.540245549624505
1.700327324305536,9.872046723249744,-4.262780760620757,2.174516304591462,-4.134429170945147,-8.146877057066547,-11.765021066541136,-16.50361415201043,-13.791546552635326,-17.4554596344029,-19.088083406499763,-19.34235685822736,-17.338248760970014,-11.296369512458538
3.854040782717973,11.25464809435396,-2.155425923192812,4.23832999210817,-4.084154508373544,-9.296332822566516,-12.111336840756907,-16.14338180333963,-15.057680341336413,-19.05542132341177,-20.961100898828583,-19.429842686630277,-17.1467229449201,-8.60774786376517
1.5933556968932387,8.066438371003098,0.0089897605633417,4.006496553467521,-4.116615271175842,-8.304837482235317,-9.956592375671484,-13.169534644120862,-14.671027891351624,-17.518059232476602,-17.674206870224562,-14.942997464712782,-13.637825862432956,-5.078380949298467
0.0269171287209364,3.7909157498634327,1.6469579936868683,2.840726586471653,-4.099639558380403,-6.376172131671597,-5.976035324558126,-6.916651182260551,-11.179948139405465,-13.454387055292036,-10.049932723731231,-7.085839738869957,-7.86303606345183,-1.294618282205569
-2.2553759595841774,-3.2046212986194624,2.184924473533826,2.1831113863504683,-4.077334120147292,-2.425140513919388,-1.9858211189134565,1.212143443465216,-4.980946715834271,-8.486142544658762,-1.5247507553172923,0.6287280798280577,-2.3025887428034224,2.054943146993736
-3.352536562237906,-6.399876638696454,1.37360260743462,2.4274443917811936,-4.265519252395123,-1.0786335670307037,0.1649321603903857,7.945714274101356,1.3765943178365063,-4.186765567019322,4.308681446506526,4.886802084846835,0.7520946142469143,4.103910121518986
-2.465338495406028,-5.077952883028614,-0.3971284251853291,2.987223121348663,-4.664816308613474,-2.537032348335189,-0.3219342846982442,10.099304354575274,4.790629460148772,-1.2184520240585923,6.126866166377496,4.894216224713837,0.7378934400416028,4.090321279062785
-2.2378378010215587,-5.275166707499055,-2.1898546594032595,3.0926422427141915,-4.914618826534401,-3.831354834239902,-2.8190908162341657,6.904014778133316,3.894254468322672,0.6570407211800813,5.270948207804587,2.5051401597699794,-0.975320989799478,1.874842498128615
-2.0175564073759453,-5.448601153692011,-3.089750569167741,2.3516044305766783,-4.702042729041303,-6.019296353289587,-5.712456106536365,0.833048055794336,0.0938549191238991,1.8356747096216992,4.045577483735976,0.2550354256633156,-2.387801039093425,-1.7640595203360832
-2.5301544990730687,-6.695690002043093,-2.843242805015784,0.7121341441882905,-4.257551646654903,-5.533707645465606,-7.27435596625002,-3.895082809033134,-3.5584544936637457,2.226899271922399,3.691016975718618,-0.7597774674698599,-2.5237964576616605,-5.421687061662567
-4.183711353650667,-9.911047996258151,-2.0461805814727683,-1.7693247329312598,-4.251556321373002,-1.7863743320190937,-6.485006422005164,-4.1493219513814665,-4.700834165811571,1.3903493753077427,3.808596848853071,-1.34383219217996,-1.9792231179064717,-7.853898936560462
-8.34441067361468,-12.634098543627427,-1.7244729732963575,-4.910552693684565,-5.095870787038152,0.8798625480663123,-3.4554591416132325,0.0304657614834411,-3.231066861991124,-0.7199252331923702,3.3950781683090128,-2.9287348734535072,-1.9798660443299096,-8.735078111945015
-15.55932132349231,-15.358913355063962,-2.606168445154296,-8.219548817815394,-6.417936321130355,3.3062371039883445,0.7167260418508619,5.650496066768355,-0.8854352976812123,-3.2590799167185622,2.138958531729912,-5.9875679230746215,-2.9874357590255016,-8.799845748357868
-18.09708727479765,-15.42558660484333,-4.573010256793651,-10.91979796395421,-7.339459907055613,4.129138091553179,4.619199397077125,9.06138450172891,0.5946502887466494,-4.886719298926167,0.6766504064692782,-9.513715008637377,-4.239433082085412,-9.181373161800993
-15.876227848277653,-12.19249693356671,-6.645102977444537,-12.28621405847477,-7.271701558626034,2.495859056494081,7.373590410147827,8.535033359826443,0.9482910338838052,-4.783652936306993,-0.2119247410133482,-11.75758548331642,-4.574634699197404,-10.380028671091864
-10.313650952601446,-7.470301349911383,-7.5487214424519635,-12.009182877694272,-6.357766888902461,2.4926558225004483,9.063091137028737,5.193596738843951,1.2424994224480628,-3.3457025969342027,-0.4442239413312734,-11.430904248539235,-3.5953429071576863,-11.678820181876318
0.6365705176911888,-0.3554331623282506,-6.57515681060022,-10.328833774472583,-5.152418317516293,3.709689009936884,10.321173463664977,1.7493425289620887,2.402397112271544,-1.873436794482899,-0.6661021975773167,-8.547048103210187,-1.984040826231194,-11.57962218528914
5.9267438824692045,3.76754817273599,-4.183900240117424,-7.969629134431045,-4.044816902983484,3.7845202576325527,11.355269865895693,0.2343623275879736,3.9637917518852106,-1.5237157210527386,-1.592633556847474,-4.546780270667895,-0.7665940220191203,-9.033929088223289
5.192545266489121,4.380934881082503,-1.8416226769441124,-5.972656371540808,-3.1368048181585664,3.348167612914737,11.341556713603822,0.567692978086427,4.319950264101195,-2.461616188325649,-3.3983075051507825,-1.6796789214702272,-0.3770664777596408,-4.492021678589168
3.454761923759097,4.543742908696689,-1.0536635512745676,-5.3181660672493365,-2.560044618156084,0.4791913549573889,8.985151886596327,0.9810213353512012,2.277175086397449,-3.905513482505896,-5.632766009046563,-1.7556858249412386,-0.4419976112301498,0.1903713355915925
-1.984961004981537,2.805502978324088,-2.20752348475051,-6.250328485184383,-2.563669080601926,-5.342367587263869,3.966334586175094,-0.2252192599367788,-1.5520605818097266,-4.885869132713353,-7.521437648294253,-4.76297942870211,-0.3354317319739124,3.0448562546045963
-3.6082093458225817,1.812963723200245,-4.140981261390436,-7.704826224852596,-3.057542488133961,-7.842596292863262,-2.0869795390885315,-3.1313981867503315,-4.909478604269189,-4.9480355697981935,-8.296970994822061,-8.366392076798007,0.2079661320166366,3.4628697283076946
-0.787308323605754,1.8462680360432664,-4.892107474534583,-7.626832151710467,-3.221936265971536,-7.182650723289689,-6.325986467332378,-6.116228527030032,-5.602970914046935,-4.249342591079568,-7.472147694623118,-9.141716666373329,1.0281699016960315,2.583865108869474
3.003099735154572,3.578617832562164,-3.159506436617079,-4.452860266642119,-1.9980983261232976,-4.872190003302542,-6.82942176002566,-7.243711896472,-3.3156700534845527,-3.1872100528078704,-5.151414118236545,-5.127989726778765,1.912281153246568,2.2314672664137447
9.74990908891803,7.915395933146516,0.6278219707696664,1.2136637160110837,0.7199496407063464,0.578873394238524,-4.35470066540546,-5.914172038921912,0.1106399383626524,-2.0736091642364087,-2.2529304117918656,2.213263689271052,2.838467836709917,3.3124296253662777
12.224641493495923,9.340322490582038,4.489140824783021,6.388182578478329,3.449481812086276,2.5745920914248326,-1.9397780432306464,-3.3744296676744625,2.21132018966037,-1.1176849302584912,-0.2403493320986811,8.590843363017783,3.788465900794201,5.089538374415312
9.86986811307219,8.003846539314877,6.241318802782963,7.656171812563386,4.033806044467248,0.8546534680204325,-2.464834794695122,-1.6591789250416653,1.906561949641457,-0.5135846835270499,-0.2204436225702224,10.024171433951764,4.431827457106991,5.969761550661467
5.937618867127808,2.523383109105757,5.049238945305554,3.978393800684032,1.549540119306208,-1.379524043469805,-6.248967898399549,-1.882627772234045,0.2122493836579835,-0.3488818482335531,-1.9705570039866205,6.108248081814615,4.208164196729342,5.094459860891199
-1.493182718607624,-8.664540837834958,2.0450740005198758,-2.0950879147370074,-2.5618644657260816,-5.730050583591744,-10.844154164939567,-3.3694490866654547,-0.8923042865727382,-0.3993285536048532,-3.8392157609761455,0.5115486356862178,2.9121902166584874,3.302975147794811
-3.533057861700906,-12.69685650640026,-0.44979749239738,-6.131547326798824,-5.370362880781265,-6.6296920842215,-13.188273276158604,-4.379998180068746,-0.2846130554681778,-0.1497529368059602,-3.893360818992079,-1.943265640178673,1.2520915619955275,2.5862633313663963
0.5246657075277815,-9.52246927493784,-0.5633899157264111,-5.210574489364475,-4.728273119253203,-3.532363905395389,-12.107774744498473,-3.752486524593813,1.495572818528785,0.8226392579727957,-1.5337829530171518,0.7833241768269943,0.679322650806526,4.444021059604111
4.385867560839811,-4.373023254280327,1.799254333660464,-0.1600980120795299,-1.0071611568667436,-0.339287899649781,-8.936319598668923,-1.9505097722141684,3.051632142306147,2.4243648879684088,1.8144408724999863,6.369449403205451,2.343874258578275,8.479165441645968
10.212945071311683,5.781320981115809,4.917841599980942,5.256870647912677,3.1454027285182,4.348650138417035,-5.917007352433807,-0.5605729863709854,3.5504308435296466,4.039669936336516,3.6796209250046985,10.210429055971485,5.892683806337779,12.368630398836435
11.5242300930828,8.71866033400941,6.55229238876656,7.413509245809898,4.7529680571303246,6.2094844947745,-4.132299596877552,-0.7400892874261977,3.29112250184275,5.001476636586958,2.492460018204113,9.24016121513175,9.219073153406526,13.283807876568565
7.151365741119307,3.4426359361947974,5.5989434713814,5.467109327520628,2.5727021900487763,4.526218494495873,-2.9230748476150303,-2.094002153331654,3.010953975194994,5.101666002685004,-1.1022441936007503,4.208548490189592,9.69589570560155,9.786465557708826
4.404721319974367,-1.0770916287019194,2.8369713267824253,1.5115434385928204,-2.1723530655733363,3.5394429849697437,-1.0706064622798408,-3.019753416572705,2.893812932970107,4.682275161689965,-4.686094827588185,-1.274930929076124,6.199736348737268,2.9411423303179163
1.650248068470483,-7.777266636289214,0.2253128963623041,-1.4812227916288163,-6.659735493033711,2.12775187399257,1.7335339296173018,-2.144083234670269,2.468013437982989,4.308617854577506,-5.884745182502449,-3.729243682090253,0.3539266228534963,-4.069834340620911
1.818864354946633,-8.910439463780833,-0.6089345090103357,-1.865456040360577,-8.136989101053787,1.8560433918993229,4.655877775746866,0.5224338840749709,1.4629179462229374,4.415850647648471,-4.038958330017282,-2.142246420642904,-4.2249231447325695,-7.63328749881401
6.278837289572877,-2.8818066975431123,0.5623535978336065,0.0637114012483763,-5.360450587499541,3.4033221898876693,6.753964963508532,3.717252179776045,0.5255686040694201,5.203253554469315,-0.4129128772387709,1.9788151217495216,-4.37937962275892,-5.761345507964975
9.381764089828962,2.5345042701513205,2.702414379285818,3.005366287152448,0.8279128194883398,4.631390117429616,7.956636302087653,6.048155500933159,0.7925318220792779,6.645169645894208,3.0492459768809628,6.2671611669950735,0.2136568781561116,0.6531277423938882
12.074260376734529,9.487753097670934,4.5074461847293446,5.798304556647721,7.911965787162626,6.09515561105674,8.874432270382425,6.929412496699625,2.5980967968594517,8.373502972893144,5.195943787650072,9.077344867540004,6.646901669137708,8.191122092150355
11.538511612653986,11.58565429062564,5.284972012851796,7.7420223328113345,12.884486585729585,5.790798242102326,9.725683821517068,6.544624701359297,4.689474396371932,9.529647370300763,6.12446074312197,9.859768565898715,10.777876509070005,12.802923251654295
6.501595638422712,7.286922092277877,5.068616197512556,8.289125057282414,13.72274066352373,3.2595106556415487,9.683993940483298,5.186649239843126,4.981763870601998,8.993678126914325,6.466003349520703,8.668262748635124,10.112390742681477,12.179229496329445
1.4121014130909717,3.480577834364318,4.175605240207698,6.971843517143861,10.45504593283702,-0.4382159725605112,7.51299687073022,2.9243199661220576,2.373589472326634,6.1373342145927525,6.444073998715428,5.800406170097435,5.365078102711201,7.083638262474516
-4.74557667168628,-1.6990023085037247,2.857436211764042,3.895181405672111,5.155470672304533,-5.991914244041469,2.9523282135636326,-0.0130207866149554,-2.040572051933765,1.5768197850157255,5.718359421844848,1.9666939523514548,-0.3920251250123545,0.7225935519799078
-7.672081043172754,-3.2952518833985507,1.369257004636582,0.1863348764284129,0.7302300279561464,-8.116577143270225,-2.550568141571741,-2.74956936687034,-5.620852323378873,-2.8803761549532085,4.083376322146552,-1.536933878474955,-4.122655533076518,-3.4129611241965865
-6.313783766943338,0.0010822181309564,0.175195596589166,-2.3902041144462167,-0.8139458963166231,-6.384861951167896,-6.612730396959481,-4.027828002222093,-6.258887534279671,-5.306671214726135,2.1536650115674867,-3.286069991121485,-4.7824225309623,-3.696016778172254
-5.24073315113776,2.5572876334950427,-0.1636781047104225,-2.6182498598624253,0.5531546226566046,-4.384146147893554,-7.623556451674503,-3.2092032389627807,-4.067164677717349,-4.97177680103907,1.1810481540287618,-2.676337597428794,-3.464953654928337,-1.0501767534635604
-3.1621482152598577,5.845956123671877,0.5467459109095394,-0.8462480757112179,3.218166340374605,-0.7879859742559652,-5.938525130798659,-1.0155912050272526,-1.174819413796083,-2.78651345413439,2.072134524386925,-0.5065707538507755,-2.0006552020906465,2.082137128305698
-2.211835708594745,6.485250299907763,1.7791327303237363,1.1574617627710655,5.314824310926436,0.5372683809756813,-3.566760893658625,0.898909924736996,0.1449065931256949,-0.4915642279590351,4.534787415363965,1.4834145141393282,-1.422434474636347,3.505588187275372
-3.107764112307778,3.445864037301955,2.50347485555746,1.530307845651759,5.975738606031346,-1.0372838275984295,-2.658483200298395,1.2897215132427426,-0.7123211466047827,0.6720224896660696,7.217704493298987,1.8834595720469915,-1.495434382407641,2.5139150775064927
-2.9202534286514568,0.3293530489723293,1.9207144741877291,-0.2230353558423665,5.493686543249929,-1.3625443099467198,-4.017612590812512,0.3222505761329834,-2.49205974607602,0.6780245814320089,8.795892322043267,0.6987877604576447,-1.3567578653543748,0.0334358090492763
-2.296887571379629,-3.962278656487857,0.1270741691734329,-2.8517002475602453,4.561005481994886,-1.394528031640791,-6.687470812836867,-0.7303498890311104,-3.4744325436483336,0.3586367760909859,9.074459354837147,-0.6334222521487476,-0.4253324935160485,-2.1034682503558635
-1.7102356055296168,-5.371763987582277,-1.8857425431711297,-4.389297166573016,3.586225862954258,-1.0277849076040175,-8.727614973203327,-0.7450002698532323,-2.9875374989074857,0.5044076479476054,9.150222830619306,-0.3361031824445533,1.190719686484087,-2.243812836216147
-0.7888398415057023,-3.143969585819658,-2.9464474632319018,-3.740167254243037,2.752414117976482,0.3391617786115565,-8.496699430803595,0.314570527051508,-1.6894574111704976,1.2779658969325958,10.477760246944351,2.319768128396092,2.88517149302886,0.0760952080614636
-0.2083103764652425,-0.6469858512530788,-2.563886614780273,-1.502768016044996,2.4281406053558463,1.1123174488375127,-5.606024260598407,1.6336459248128,-0.6280733766248012,2.2946552748494256,13.611432855036252,6.353546538016349,3.972364211224029,3.644913510729911
0.0112100002144231,3.291692866536231,-1.2209933422652917,0.6312335415018211,3.076549865757592,1.4562786733231816,-1.0707530579153826,2.5452608753823505,-0.2154666059762497,3.065689559817645,17.652628843849875,9.629622251478033,4.04290993524695,6.092430906894641
-0.7648974292389489,4.03437132740679,0.1098991976027647,1.3378172929900458,4.541467006338333,1.8126202889872185,3.3319633466038248,3.156215755630363,-0.0764832300317728,3.333618473879028,20.83477120151185,10.25152676393035,3.1945250403373,5.420258802781323
-2.786023618185153,0.8615971704237115,0.7474947932946527,0.6811089473896459,5.616425968748647,1.9008463181250432,6.108803671618379,3.995361706387879,0.3322401611094321,3.1271870787567586,21.735291250250683,7.813299344528097,2.049512748733896,1.6053441415571683
-4.621918249672164,-1.678455207729535,0.6588753699279657,-0.1929017192267892,4.735070695312626,2.0731614304122177,6.883998434001256,5.1821646507433385,1.1383107638671677,2.6408025104043737,20.09920267945549,3.606800590854327,1.3516951196926217,-3.159631756351281
-6.446685953976443,-4.77599290951382,0.1489154312027523,-0.3445883451396234,1.3689194530753284,2.3373796348912337,6.468150021273313,6.081090785323749,2.022921294546314,2.051282992919745,16.64430221583997,-0.3583685166031571,1.2102409552378717,-6.129497095039856
-6.541561314554075,-5.69785316061555,-0.65028511088736,-0.0349432890073622,-3.2710855190803017,2.553196744655391,6.097264544387233,5.824061442854703,2.5553688177623,1.3268480209404745,12.181933870232063,-2.750054168795085,0.6503206383044962,-6.312247527508465
-4.438876919777829,-3.5977829478472367,-1.834288361919004,-0.4140153562733992,-7.061775772431989,2.7966011193687685,6.447506981409681,4.172755892628224,2.4625526717195605,0.1668635451915676,7.038277552089404,-3.6124163077844464,-1.754204842973472,-5.246422065709893
-2.640401140965231,-3.171506816130173,-3.2465636427171383,-2.1686223733450305,-8.56535731746057,2.949015744889904,7.276300974815584,1.901912854203779,1.7309090937287197,-1.7298136405855296,1.4030326396771748,-3.850843968631416,-6.306860253320124,-5.322468491586797
-0.6624090297795745,-3.707170655891736,-4.109207554051093,-4.485538531568512,-7.853476965177759,3.00254506766429,7.979103789853905,0.3854569791251663,0.6980918098049607,-4.135788570525278,-3.856126724621994,-4.068680850784695,-11.079789588564308,-7.171338561686508
0.0693432500423464,-4.2801284463604095,-3.4249853833398625,-5.484070277997216,-5.959700395251989,3.2240242197929465,8.430412348411377,0.7485604412504081,0.0951459700630508,-6.014408347482419,-7.068905928653411,-3.915987483052629,-12.781437891872365,-8.797919712774014
-0.9968375132175544,-5.668539706210082,-0.9798863701959242,-3.8762634969492993,-3.87370131965664,3.6066225449020255,9.155015559042363,3.188578893640127,0.735786491513359,-6.025177184324562,-6.890777325965782,-2.606757893894599,-9.439207868634206,-7.558159091756782
-2.573249138698234,-5.666254572795982,2.046800902368325,-0.3344479782051337,-2.24765136376778,3.7802204469919576,10.587943240367853,6.8277967875589365,2.803036814937439,-3.682347756376888,-3.813493235383074,-0.0837642749458495,-2.6661144352416173,-3.1490537489630306
-5.220004249734535,-4.197674530295991,3.7058195500742688,2.821788161132876,-1.7599835768797227,3.777372099795246,12.234578948322966,10.104354393718795,5.307651471621503,-0.1900676833990395,-0.4273622934206429,2.407755523694302,2.917201949181205,1.47982823281745
-5.842136329642914,-2.9764232149684844,2.835500849130828,3.492602226630666,-3.0698945941252056,3.774657934546732,12.767202467823754,11.494365106654788,6.466135821074495,2.0546713043591325,0.252846022306084,3.074143985410444,3.17878927561782,2.498499367929416
-4.1044008773046645,-1.552221086103236,0.2164341455341141,1.6027975078353407,-5.915514350273195,3.704600457316804,11.15851620049684,10.25996065583563,5.009179396709296,1.216446501281423,-2.8178773749564314,1.1013758244014618,-1.9353050847087,-1.220209686057819
-0.804122598416991,0.5291900093548754,-1.8509104249961368,-0.7968166501900669,-8.425610365262774,3.7395523202743055,7.800107020221411,6.860774867013403,1.40830289433206,-2.3363644162359787,-7.753130918300117,-2.431377294582449,-8.037272449004705,-6.736997662064686
5.010931239350516,3.093779460338882,-1.372578385855098,-1.2582451774712258,-8.03591366629786,3.909839278458517,4.435644451161174,2.741294400698255,-2.1737228379522406,-6.035876827353821,-11.201844804581492,-5.16878278248976,-9.761504004989888,-9.32723958314315
7.68917119893232,4.732888337042042,1.6071634875630814,1.02400051769707,-3.758155783790313,3.863513596201933,2.8353229388252057,-0.4755073570981025,-3.3770034811955547,-6.971138354723923,-11.00690077835567,-5.186051378368862,-5.147440303553513,-6.399774417062602
6.983544487083238,5.350505152000251,4.907842396136566,4.6270128814561,2.329824363281979,3.62692607480458,3.3618690187826044,-1.9250258333711048,-1.4227642557666336,-4.12044321375304,-7.712984378546045,-2.374495515807876,2.880065279273998,0.4554187536887735
5.574357450562438,4.719494915800955,5.932897581405413,7.1861241128681534,6.257700115471311,3.795932445858198,4.699296790824729,-1.9255197122522496,2.3173082765661395,0.9264660721144686,-3.721937643826334,1.585631241274136,9.130765219291977,6.977314047148372
2.0537969943588936,2.358253858195823,3.8015837370342336,7.328247371567243,5.379838661870634,4.349484540968044,4.94301920521813,-1.570404038403459,5.432157532527382,5.317152801567562,-1.117365794441577,4.506457153451494,10.39489117198162,9.73275603885804
1.0196405264644752,1.0832869715828128,0.0790064167926436,5.583001226239723,0.7693385784764519,3.709833231536154,3.0627433009594327,-1.8050859777883816,6.298876101958307,7.091015183679936,-0.2594179350201688,5.092436804685058,7.593790394058546,8.463482166565905
2.8833144066938994,0.8416454089527068,-2.529292042307812,3.653085870196951,-3.571353889602828,1.87106395198356,-0.4618998810257846,-2.728237914654205,5.118461671704333,6.291458017874819,-0.227340168974373,3.456800357516559,4.29991370550309,5.539676332356082
4.230953724996446,1.219315124817501,-2.3976749430690303,2.8862401198931917,-4.104273545620384,-0.9279679657623224,-4.19385279085247,-3.676481504433685,3.4331487068273785,4.333920958904699,-0.2667413429358953,0.6914654487812779,3.423756909084812,3.518420625573228
6.171813843254164,2.912021515822022,-0.209387271766567,3.3362730168957726,-0.6919339589108939,-5.109948374513307,-6.837832507193263,-3.9760240532283726,2.7143571117740306,2.571368598053544,-0.5812068064919003,-1.85595837769522,5.165924918732664,3.219827538716604
5.988881088817491,3.0488550574187654,1.8060568674026265,4.075970152773216,3.5282144853909987,-7.017258798943851,-7.958832993058598,-3.6628778257557264,3.27324586142191,1.4952648358112737,-1.7737344036642249,-3.071104560450933,7.671433607990964,3.75911335657916
3.09566690043478,1.6124398347730986,1.8419309554137933,4.240977716935545,5.0277554077808375,-6.447703728788488,-7.925514540610991,-3.5090952119394205,4.274344985392233,1.0220006415678982,-3.7975527921471466,-2.383601226567242,9.150502019095086,3.922819320766007
0.4105996957809984,-0.3687123578203525,-0.117612961505491,3.734996625738622,2.7607132193138417,-6.23706283414294,-7.394588209666987,-4.326511830258399,4.59324917241579,1.0798373096765737,-5.735390187241345,-0.1498365915068192,9.190362158401062,3.251102420599926
-2.812152295665637,-3.572607946111758,-2.6603948551763006,3.007968922228099,-1.4583647110395708,-5.554528817327395,-6.895713466966293,-6.181236857908593,3.64319832625898,1.604826084383852,-6.711097206429644,2.0837346483531456,8.281945120066862,1.9406499156387411
-5.373811217434644,-4.869476521168012,-4.474748064418966,2.2691048338198776,-5.005283839318232,-4.8886995542742815,-6.751205069464588,-8.231778948733258,1.5655669216134354,2.059947011396708,-6.926202729186029,2.044418854452145,6.583892588905278,0.1167932269685234
-6.784029778709861,-4.035915168651836,-5.445388500825949,1.0321449205928048,-6.661444839108111,-4.602833194965894,-7.121023761180947,-9.34111381523033,-1.0932104258005428,1.3887340086761295,-7.617561913348181,-1.8542459151809052,3.556039533899349,-2.437013228044874
-9.235509374717388,-3.887179428122853,-6.319347566907911,-1.4462988433515545,-6.938705357120827,-2.7115622019664367,-7.897131440509518,-8.935957906880452,-3.699051007247368,-1.129679529295394,-9.834361623262632,-8.97126216620709,-1.1109718699371085,-5.762915232152326
-12.372055692036144,-3.738184571635878,-7.490713748069558,-5.157912388974919,-6.627837894005456,0.6833426297168675,-8.526783913057066,-7.402045446603235,-5.578111895442198,-4.85073724715619,-13.185500674289017,-16.18544407405602,-6.410710526607261,-9.141348015673511
-12.763382024457965,-3.186351925396877,-8.319231110468627,-8.73230989606551,-5.4778234469642015,1.8915886708191445,-8.151126713156852,-5.733226744803034,-6.019971906651905,-7.780393789677511,-15.831962487950348,-19.603392844075103,-10.174188573214876,-11.275634880021304
-10.44626747190292,-2.579582506374412,-7.736680984603552,-9.995075383386752,-2.550457887793762,1.015938498518184,-6.248241901887713,-4.771706396692029,-4.552220663274676,-7.938526901296548,-15.860041970125614,-17.22838570782644,-10.58460114597336,-11.217222626731402
-7.322592502154249,-0.2921503416973713,-5.472715124122886,-7.503511703734773,2.2045112169615955,0.4155999100437351,-3.3603115224694164,-4.657183237291726,-1.4001417904191549,-4.961200836694067,-12.867422272263411,-10.514999428057896,-7.729293980413623,-9.144455356282853
-2.629708806820739,3.7893956017558823,-2.5728551489312945,-1.920734782562425,7.061721112583414,-0.6486588394354125,-1.12633051950617,-4.875836074269073,2.340396726583218,-0.4693691952812395,-8.366609887694324,-3.427334247490715,-3.712054820789184,-6.226113479145451
-0.5420602692955384,5.108376051162685,-0.6330672957863275,3.995186383843917,9.563732321152647,-1.164695273343423,-1.2852669324562207,-4.818245711271037,5.140635504666004,3.134929054844501,-4.668886044073308,0.3575674455132152,-1.1334097470855262,-3.729773334455741
-1.5899822156951111,3.700865521289343,-0.4918225539811569,7.0168200161244,8.649190887518952,-0.7828959737397305,-4.297498522121079,-4.386999462211117,5.847975152543909,4.328663715912761,-3.2513374402880064,-0.113850436323851,-1.2240617963416298,-2.2431130464964752
-1.1330440545978635,2.0849582825891595,-1.6258142195934546,5.593259439161874,5.728315619950026,-2.5324214947283483,-8.777253969516398,-4.157780987481399,4.259467463415877,3.171251620357032,-3.979897072974505,-2.887679632967977,-3.1966857450605843,-1.633740774714436
-0.1328995435704518,-0.7335826015866845,-2.746235994267193,0.8968828395534096,3.5053761800665324,-6.27553223935633,-12.346358684381652,-4.897618280871644,1.0811057263015016,0.7157607019383736,-5.670759600732097,-5.104883673925958,-5.2406418490289575,-1.545405021009545
0.3992359147409613,-1.2359419191355272,-2.925263761161567,-4.048387170583737,3.602635446325541,-7.272461755413759,-13.248150205292934,-6.7275228934966,-2.5535277399439646,-1.9886917710418304,-7.239857895238426,-5.315226638337987,-6.1319891512476,-1.7707648558891105
1.089151419118427,1.081608833875537,-2.185307899795113,-6.474644934459881,5.282181924636102,-5.791091878158951,-11.347364173258608,-8.594957944732174,-5.560064208781409,-4.303118696662397,-8.308930221204399,-4.174576689000419,-6.00841148704647,-2.1835782505897026
0.7925859453157245,2.1606324461551845,-1.146114514040551,-5.589153190674345,6.468499990087841,-2.823423140377625,-7.760051857348456,-8.658357683831216,-7.1609973848353485,-5.742606501311387,-8.89243767644783,-3.2349468120640754,-5.781194359625774,-2.531564531524591
-0.5794530032686767,2.8128020669767424,-0.2724134025788931,-2.692672279531193,5.968128512098108,2.712610984981165,-3.701430244611391,-5.563816419061993,-7.048876307371069,-5.788836947934847,-8.808127379749866,-3.236645107540701,-5.975098142878369,-2.510083714674124
-0.2682870200813846,3.0938224128808733,0.4668784208370002,0.1479320516607938,4.626785555612055,4.797756167787768,0.196800248683779,0.2273859303430256,-5.570440616216164,-4.266290333594888,-7.652439796536468,-3.5224589428969715,-6.227960417045608,-2.0732282264073287
1.6668351427862096,2.3561756156046565,1.2969466656903244,1.6149301642590608,4.3078633206772405,3.138767541378167,3.5558472460049373,6.210091808129396,-3.746963971800485,-1.874461299396458,-5.403531189251767,-2.8954761377330964,-5.886784413975587,-1.5456878871480075
2.946540337725973,3.0179699354515384,2.1820531002411627,1.6602685263445114,5.798755063349838,1.9079223098530589,5.6207978888140415,9.202459516345616,-2.841397489238439,-0.0448124940992862,-2.8708613115398336,-0.8454413119238602,-4.952142826362301,-1.2946746910762543
4.072782918415727,5.011779387571355,2.802718325156917,0.9091709569902732,7.780029223877274,-0.2726109060774622,5.422622769565771,7.53640128912218,-3.548649506913128,0.0744034979686407,-1.2665159658986838,2.08656461828388,-4.258156459375953,-1.2562828834869073
5.663733955807885,6.040949249863098,2.984435098928257,-0.1897788208450084,7.887050772313149,-1.1886646360645363,2.840745005978434,2.447197107786568,-5.382662094615991,-1.322388601062105,-1.1131653708885008,4.983981672499549,-4.586172316526907,-0.8242527238060191
7.426677562887894,6.47968898082454,3.037213735797751,-1.5843276573505545,4.852081281608569,-0.2403372148893475,-0.5837017784655671,-2.5505017605491016,-6.858309505904349,-2.6732781314534133,-1.5300710787977767,7.405743662950995,-5.574964739084128,0.7463457557818796
11.07761718705622,6.069941644052925,3.53755372700828,-3.1608683839667755,-0.2621455103489314,-0.4597120430189194,-2.287649399269208,-4.013114348434471,-6.473552222351723,-2.246970063871686,-0.7389069452148842,9.540256221473864,-5.619984868368157,3.7592691724421226
16.822870567121573,4.350715071632011,4.705482615193023,-4.336456963643342,-4.8204069750397895,-1.258527363933691,-0.6039528618555661,-0.9497077800947976,-3.802473551767223,0.4218641315154414,2.4709677570501096,11.64908198911956,-3.072381085520652,7.768345440764183
18.65199096747476,3.601548962768709,6.019954472955225,-4.334472616823678,-6.651443963205124,-0.7181007741829855,3.6807992810141066,4.563227818057154,0.1263239218112488,4.114101079524243,7.535442508143907,13.509669260941427,2.2240274839583343,11.700340562967014
16.532262010478096,3.738928634238595,6.542018302329143,-2.9484731844560983,-5.613206674583138,0.8709478993349532,7.727008662176866,8.98740140295304,3.44878423958564,6.86526250472196,12.274068512751407,14.456895630718194,8.450946559792131,14.28650512478348
11.94609405848865,3.964828323498626,5.735388931167181,-0.9371678350830726,-3.4522690235834403,2.803347349286985,8.908016614391855,9.890522152284952,4.635130197065272,7.416165149022236,14.40327560927064,13.946432143715048,12.92283232672814,14.62433861511706
3.349559804622496,4.768216773556266,4.072207081428402,0.5380018427802362,-2.20548707050167,5.40645512997947,7.049678072172524,7.5382568117858035,3.4293720543707336,5.9804305346557625,13.249848993294924,12.094686925243028,13.938280266766167,12.701820181526177
0.4571548087451483,4.931586557714454,2.854398552633252,1.0332453942601454,-2.5528083306110023,6.5094474342403,4.612953961160368,4.4303076324745945,0.99667939258949,3.8591019752649416,10.31667727154474,9.763521629743256,11.89468935425343,9.61934374758033
3.80291404752882,4.380617027981273,3.3236152723003247,1.3981633219533594,-3.4713729189545086,5.864217758526202,4.565161057312318,3.316704014458069,-0.7714082899662227,2.424373591646249,8.258340459332812,8.179144567712974,8.848268874584864,7.200010931304023
8.541681665916284,3.8949510969916017,5.702888557395566,3.0849851632283363,-3.3757286933816664,6.015999762351312,7.778659484103512,5.270463728148455,-0.3919131916215939,2.335887839916654,9.05120296571721,8.335921701577812,7.006100958698631,6.977378097451682
17.135498719515716,3.193146177086985,8.880420929286784,6.665699779729979,-1.6573974131788043,6.490906107927605,12.2442620358136,9.129097407334193,2.2590176431184457,3.407997601742552,12.706056645238048,10.44229396371731,7.393973708020224,9.105104653196925
19.014149339261994,2.8437213915011013,11.002824400305082,10.906258570232833,0.7614468230822613,5.685587057802293,14.743554922395186,12.449709602445331,5.746646973429142,4.929543791256255,17.373566392184678,13.616706577571817,9.560591391028389,12.0252090060817
13.15816739753085,2.96013390960769,10.628368073493291,13.386296756624288,2.3012876947532543,3.867858236193341,13.41606692094422,13.09204538981698,7.835841701572464,6.0504362776533975,20.607613950160363,16.052271793988325,12.184482796426064,13.332327120555446
7.003958861550533,2.732732234186987,7.69248723872003,12.300846450915545,2.1311956723978174,1.2869061922287628,8.959985530478797,10.354834178609003,6.842454136009337,6.080105526734524,20.777957170396203,15.770461805106969,13.844899599889754,11.378939680768523
-2.1186511898590723,2.289543179115169,3.610261523646538,7.96373900121785,0.7608141381760261,-2.35079180957693,3.621332339286932,5.147583667268177,2.746966576385641,4.742564838497595,17.716644606266627,11.734931674962684,13.46289871219273,6.499205427333768
-5.6287304444631,1.7653392474365466,0.3927162773010426,2.7086754615563,-0.653661520293106,-3.818683871801405,-0.7891052499073394,-0.6405307558519988,-2.7089423315398795,2.353812309591405,12.4342071309502,4.689103651141404,10.523074101576054,0.8965279785390354
-2.1251524308781558,1.0249318575673916,-0.6418276457389869,-0.7714761534117418,-1.446912713051412,-2.869786868305882,-3.9053771918958726,-5.082203404140712,-7.066915295663828,-0.2629578326468254,6.429289870841894,-2.9557606066001827,5.375273345568135,-2.8061909589140663
-0.8795581272855059,0.7051000920912337,0.3569854525194187,-1.2906506288804591,-1.8055080241631092,-3.16132230920779,-6.161071567367187,-7.007442211862341,-8.627518687617451,-2.205783571963367,1.1761171993673356,-8.316298505690012,-0.5014081153034105,-3.321556991884823
0.2389608259747845,0.8380107260162037,2.0570040514955417,0.2434213347262854,-2.0841037147460417,-4.036565421612781,-7.596020428094017,-6.376296553762224,-7.329229805287797,-3.014783417095447,-2.09142240475066,-9.657157072096656,-4.80312490090259,-1.4428486804047167
-0.7446244885224184,0.4887916028096051,2.9986464915320883,1.861281571819089,-2.026976035751031,-4.55182742530861,-7.628922888736406,-4.129802964956501,-4.488804952746625,-2.8642545947443225,-2.58966374118,-7.369701720869192,-5.546329066907392,0.7720692389904613
-5.356705690696418,-0.2478915164379465,2.533811074633209,2.1739902180218103,-0.9510929022520164,-5.250771683617974,-5.999782022207109,-1.6184027762833175,-1.756471415323352,-2.2607850293980274,-0.3761488795948411,-3.618437964430677,-2.485692683373258,1.6675453347237918
-6.676753847387599,-1.134762578788851,0.958548477333408,1.2347306248018333,1.208804688415284,-4.403271428124222,-3.60844357423165,0.0919365182533082,-0.1547206870264363,-1.5512581856435577,3.360588201867863,-0.8963410420424527,2.3504529081651078,1.092096194508731
-5.3194187306376985,-2.35437947470522,-1.0557858387030687,0.0658580194842999,3.223585902127157,-1.846174994605949,-2.0301856526404727,0.662137585954889,0.1928737331524272,-0.728481381953038,6.627540225932173,-0.5077782662489843,5.7332799880932965,0.0548638416768016
-4.67988476000666,-3.060222857345908,-3.031762288466528,-0.4918836384281793,3.2772037230950666,-0.796842040329847,-2.026954045697087,0.4586236445131777,-0.2628319490487241,0.3034030060597994,7.683769431664329,-2.010648820861276,5.378567184275947,-0.5779461198411129
-3.585554766731618,-3.1983115859511817,-4.73118008623173,-0.4770356293528164,0.6403763783841641,-1.0326900672155588,-2.645169501970382,0.1663175756348633,-0.9031487438751578,1.3466986459634147,6.188299599585079,-3.892474675840967,1.5917385510232505,-0.959471366512834
-4.050359753586598,-3.85884146241174,-5.850173493496849,-0.5174575451111325,-3.270855817362389,-0.7399603762792005,-2.015002223658967,0.3457467858602936,-1.1121772286604212,1.895938537020088,3.474023627721436,-4.837761636153607,-2.953310112126273,-1.825622356199672
-6.594248342701016,-4.893990434320108,-5.949195113101766,-1.014711993407886,-5.6503626579032185,-0.5007358410811007,0.8051849219013469,1.2051415839824933,-0.3500279753278459,1.5866456289257789,1.554904865297031,-4.579710744046944,-5.232549859472519,-3.3097726943832786
-6.38701674951248,-4.570458636705246,-4.855450772952362,-1.6859316156052748,-4.433571803634784,0.0298626742336631,4.760344400864079,2.633615506205899,1.614772831009572,0.6775680184473725,1.5606436819341152,-3.771031533847151,-4.116265159157854,-4.435894064268761
-3.7394709912770847,-2.9291006095361447,-3.0916170729544583,-1.8692550293584969,-0.0407642713749315,1.0747781987805534,7.611885178843477,4.352346499317572,4.398110318145392,0.0343298751148024,2.890967101854722,-3.145334000015445,-1.022879624266242,-3.999033589121215
-0.8170849159608237,-0.1133587581024209,-1.7015251510705132,-1.202343009610818,4.779935487194727,1.197318649930308,7.875185222935894,6.0182744430994894,7.011470080543569,0.5172202129736699,3.823481760695412,-2.791171831301032,1.5034981041107236,-1.9555848435452927
3.312074817546002,4.332100017114437,-1.4504010976663482,0.0147723944731769,6.921907806075047,0.4467988658107421,6.026462325494743,7.231448242762438,8.380384489338772,2.229275500358749,3.0182607562516868,-2.197750516790048,1.9816443419345204,0.2458059290676477
2.6264106545077657,4.340375229155518,-2.140024222578331,1.0387557132602872,5.11107801889339,-0.0169271656129902,3.882367499041063,7.526386510888766,8.003260255901193,4.233021507733104,0.5386884587770222,-1.0200251901649446,0.9819873663269254,0.8982042671755326
-3.584599435279358,-0.495465401470754,-2.794811255534917,1.163969634220591,0.6208521477017624,-0.4394230560682542,2.840651130696582,6.467773984440088,6.151677888444281,4.991463938492077,-2.509488944361367,0.1658492541543408,0.0827882314047725,-0.3761741421284352
-8.586659871610838,-5.981239434052612,-2.6304436341624227,0.023112898527081,-3.8952785952883136,-1.1494244124739563,2.7038340825059466,3.892396677797426,3.459072381691577,3.27429987555544,-5.256711576299175,-0.0768829135658632,-0.1114054247321625,-2.353241159822857
-13.739440569436674,-13.599568953204743,-1.8610223354650568,-2.3725519231084,-6.351633933140144,-1.992940896595216,2.146909775195665,0.1855546810005344,0.4104091416261908,-1.0146756961549654,-7.895366744739064,-3.003655506024061,-0.8729455330830622,-3.538297344692161
-14.372070344798267,-15.956942845502333,-1.496963381481463,-5.624763933465738,-6.398213412064205,-1.5925493337259022,0.286637587494472,-3.640406381202173,-2.665163719452356,-6.569333826423152,-11.165366169699745,-8.384284785197144,-4.160989086163133,-3.661031980554332
-8.92136271829564,-11.979187559516834,-2.290293399420573,-8.878835394161467,-5.097853746910968,0.1777725724321148,-2.1873526588885355,-6.256040584974478,-5.1544534476913135,-11.162943844183529,-15.02890130529838,-14.05303105386815,-10.356036588985706,-3.734583580165239
-5.978825740305684,-8.94421162881499,-3.876916923864389,-10.934703554383256,-3.701583633733868,3.305389804867492,-3.392487198950928,-6.658193739017019,-5.978554915162013,-12.711611058432911,-17.97893945068977,-16.917882970870483,-17.08760044413772,-4.683440944831027
-4.288525169414267,-4.981084550846693,-4.998126949616646,-10.76624683093273,-2.701925495228897,8.254651566744704,-1.8224853394367384,-4.790789491758,-4.186696073174826,-10.406811357180633,-17.88312247248261,-14.914313068789294,-20.46864890553367,-6.130833895093259
-3.477775665040456,-3.0189493595302577,-4.620215452987665,-8.219096463688665,-1.8368556833473877,10.747939761905783,2.25801416221654,-1.6871001520591324,0.0695130664762668,-5.252022123554038,-13.758337934202762,-8.539393826270942,-17.921637845904847,-6.737387919324636
-5.131949529478278,-4.286008512335404,-2.8930628164821783,-4.282448415944536,-0.7382828732179121,10.612036407651129,6.7875600218332615,1.0652543624646746,5.194830930208022,0.4255224927125365,-6.880573820141864,-0.7723016684050101,-10.297296849150571,-5.728596588014032
-4.845878434127874,-3.6559911158514553,-1.0617730793121822,-0.578644685017931,0.5645285270323122,9.727673020447485,9.285305917630946,2.257123247732025,8.993624250551813,4.285662943449868,-0.1468242162412174,4.679282796773023,-1.489279720556894,-3.904813601330794
-2.9079228803491874,-2.0379781296332755,-0.4361043884163749,1.590765197994262,1.7193987482187367,7.010125267828497,8.538195892493157,1.770399602473837,10.105930001243056,5.2854120227409,3.849669172990112,5.636759885255405,4.200566970904504,-2.9852686745555275
-3.3775114634528807,-1.334044256986676,-1.334657050834689,1.8972617326099552,2.452961391213144,5.570202749565573,5.309864190612643,0.5486674817449746,8.81261291060029,4.093597044526909,4.446247595507181,2.674474969517238,4.874715042727686,-3.959586204786195
-5.673189109625897,-0.8758232346312353,-2.8559136650568213,0.9132105950023686,2.793815492968662,5.629471610894353,1.6241326148633242,-0.182731640796856,6.550258481458798,2.359790097625922,2.9724625301268013,-1.4661451829868852,1.9016509457455903,-6.18108536764332
-7.744476581069023,-1.1181690689338062,-3.579479709983019,-0.4290181557844832,2.9488077110876887,5.178068063047763,-0.7061271749548261,0.1095136087492676,4.657231154705098,1.453946884401773,1.3818568267174527,-3.782590702677727,-1.6198641779011993,-8.098220044610859
-10.2015820885846,-2.302506831714054,-2.611371981592903,-1.3088187932001176,3.093788586492732,4.958897399238441,-1.158209470626364,0.8371615022429602,3.476608271948216,1.644605066068447,0.7481439734255133,-2.908269428950266,-3.320389133334796,-8.763210176254418
-10.317711169935478,-3.0706084774109943,-0.238702504986179,-1.2090558683971615,3.3451330559522887,3.941710833151447,-0.519463124540227,0.7576759557501092,2.453341684375676,2.2272294813947475,0.8313220387184295,0.2139294940281981,-2.9360036899508763,-8.527122445021373
-7.557823501431071,-3.517310981959328,2.20702855224717,-0.0317374366147937,3.8306469401701584,1.89011878027652,-0.0823560725222627,-1.0000461247536592,0.8992610863740893,2.297884120480276,0.7962190352096243,3.195976954174068,-1.7871829871823903,-8.35176491153614
-6.712432187341158,-4.05832587986658,3.182526574298489,1.7159354390753236,4.590079741369603,0.0267126197803631,-0.7725353750217643,-4.161714782453169,-1.3619029618403609,1.4286005534850563,0.1534407374668802,3.903370814381862,-1.2620499587229013,-8.698544458394313
-7.232042510282526,-4.420334459142542,1.9573968130652128,2.9136468549314145,5.292825515990639,-1.9125389081114963,-2.7695359020450034,-7.425243810982554,-3.921542360691991,-0.2328929708011795,-0.9857609443179544,1.805991829050685,-1.850391443207581,-9.264707449490189
-7.212937205429938,-4.745887351797307,-0.8379712026317669,2.338587533459908,5.14290049072304,-3.265229381769527,-5.628841425348238,-9.395417151940215,-6.135325007364587,-2.297770294753331,-2.3609125445914856,-1.8664844161980785,-3.361716462654451,-9.677345895948498
-7.4660237708596195,-5.014842302858872,-3.582884054802866,-0.4594023592525484,3.315099597968233,-3.781411271961777,-8.595007101804871,-9.576623365181598,-7.504879148083525,-4.4252031132085445,-3.984458572936601,-5.13132875659554,-5.589798831575504,-10.079455883672216
-5.900681510178144,-6.040195036173868,-4.7811457064578775,-4.62485776857895,-0.2608846174442778,-5.168613816461875,-10.885065649256354,-8.61070442321153,-7.871304391070188,-6.294101107989225,-5.952210791730394,-6.594604365854875,-8.352141076833986,-10.756908027719714
-2.2044892991657017,-7.921586944600873,-4.119796757417508,-8.390085580398974,-4.454386891760989,-7.286226723290097,-11.933009863517247,-7.601556434570347,-7.419676057142774,-7.440927041709777,-7.892524147774358,-6.163460817228016,-10.855386254210766,-11.276413723862994
-0.8585532062410104,-7.543466494626373,-2.6088213342102127,-10.17623520321251,-7.391451878262803,-8.447634474769291,-11.599964925143777,-7.154549866633909,-6.531968375724856,-7.328151579823032,-8.839864929014785,-4.748412048291509,-11.455462801515946,-10.395316478974667
-1.5963265680788636,-4.869284277251862,-1.651783834333053,-9.506673146151106,-7.643805330859786,-8.866902906370104,-10.225121473922536,-6.969941838273139,-5.524637928272936,-5.737967671692871,-7.91934772636672,-3.369196002875655,-8.669177018943095,-7.214699916499957
-2.254810691327818,-1.4200700168216192,-1.8355582799534356,-7.030701384508951,-5.273878053059184,-8.280450304950138,-8.407483033080382,-6.287583430202339,-4.421656952736603,-3.162954144045313,-5.2886756631963046,-2.444223873598509,-2.8296930255976704,-2.493520935610924
-3.702978441238766,3.5385219904067164,-2.516614644972991,-3.825165778108671,-1.8793223259183571,-6.303273779863823,-6.640405580648949,-4.706917233787117,-3.0032040938583044,-0.7463523685730014,-2.3350552720194617,-1.746132191776633,3.328854456958769,1.453216837256214
-3.175308082565936,5.162829861239009,-2.570809227694909,-0.7547189054436068,0.4492968285842664,-5.25342882972825,-5.096681082844851,-2.6132803659899224,-1.1900337477814062,0.3354464263381871,-0.7353908553677115,-0.8909371380775397,6.204434125240418,2.545746003623119
-0.2632526698143825,2.947784177712363,-1.580189269547727,1.6007056241283522,0.4890050837676014,-5.085786827586319,-3.720783193361882,-0.8551725711214218,0.5729083785409763,-0.3363845104641605,-1.103872570578325,0.1611573217167148,4.036507664906541,0.8629338596716778
1.3235962468199287,1.671613691289251,-0.2964532195659792,2.723784117231446,-1.4191926874851255,-4.436463534202916,-2.4558346730935128,-0.0034810242009228,1.4321332890108884,-2.053848234800938,-2.443276562662166,1.0188896995652748,-1.4960600222430855,-1.232785512915754
2.1728198203463807,0.2120832614703001,0.1015026082377374,2.25404492066027,-3.756052405402176,-3.7723841365868496,-1.3101280707552618,0.1437733253291426,0.8432830074183428,-3.3567225003768115,-2.9407005563444137,1.2161168934336786,-6.317004725182457,-1.0742827792088685
3.6504305267889783,0.6781463283975614,-0.7396186763929293,0.5038506986741655,-4.897510392759251,-2.835940388914177,-0.2176025270609667,0.3981549855735622,-0.6849731558114698,-2.94437938088371,-1.434743635047134,0.6860266569486306,-6.908934024139128,1.9813593165638943
5.209530346916289,3.965017809320413,-1.823392812384521,-1.242929892484959,-4.082527167783496,-1.481952558535728,1.035316834360616,1.5058603439730869,-1.6404400196678637,-0.5317899612578607,1.711935483415914,-0.0458121985931843,-2.796634864385707,6.03590649394256
8.807494781493094,6.06474113529026,-1.5943011370864824,-1.30829161754472,-1.712802513652388,-0.2998359678081891,2.5855900428731697,3.5027628133394586,-0.5701263309616547,2.9151621047826843,5.029169687831093,-0.1421454871501648,3.3809505823702786,8.410490007620016
14.744402329253932,7.615777018138242,0.6333974752767482,1.1393302121772564,1.046899889154263,0.7833819379042801,4.14709728163918,5.601093929571421,2.6200667721801327,5.73703273105796,7.1902414689439045,0.9591436423716077,8.080025765201695,8.010175350394496
17.661609002462725,8.878104713149876,3.9504814809164337,5.26154120264968,3.0102199178542097,1.1049245032246966,5.001195686678365,6.712901469657222,6.32059134206922,6.603049535728177,7.990925134676722,3.0959472749941934,9.414814245249143,6.125436517156668
17.703033589118167,9.15862398734361,6.555410722064757,9.050705303175915,3.619220590088528,0.4793983078263308,4.527649350229467,6.242875874616022,8.3051586739848,5.369796079716608,8.315725872305403,5.474324042133883,8.107644188995819,5.075823097749282
16.67539790386105,10.069046682801115,7.271577239015885,10.86299169199444,3.1837803733073464,0.2890179594518958,2.8700155299735397,4.557849331997732,7.437567386332249,3.2156658813793424,9.276723524301389,7.293185834525847,6.405630139662538,6.125186705865179
13.35619449510035,11.48232542123344,6.487332705166935,10.640699068626873,2.5870666408171843,0.3876127282118773,1.0377225633366614,2.7481516640935,4.543464450280018,1.9089324477476328,11.320123214274478,8.40359514120209,6.176617299308685,8.613579148663295
12.15322020506618,11.909219615468611,5.673472986446583,9.70431095750062,2.6087231957371277,0.4566422780158561,0.1949998616126187,1.831627750001941,1.682108117720034,2.6261978879285834,13.941599871464303,9.38586855977922,7.77720266333068,10.89468755299691
13.336770922554606,11.544562166522372,5.969111802773007,9.355766351674884,3.3115011213831345,0.7594613035461678,0.7055054410069275,2.017585314270857,0.4771543358371843,5.095227137346738,16.050080598822735,10.889331662380544,10.304442069528612,11.924725603059528
13.49215561587516,10.275776787526246,7.158495111123582,9.669836313249313,4.00165324059228,-0.5194717589736327,1.8349807269088565,2.6345103739010067,0.9728343472727534,7.69830482569424,16.571896892641522,12.773124967688773,12.57998075454844,11.933196296724777
13.603243051114974,7.778468657493996,7.925604381405471,9.60556376065567,3.884822336095656,-3.512982863027712,2.4437570216140827,2.7755677439437463,1.9117215596436488,8.544823420695629,14.896976313415706,13.868835027762524,13.82272816359502,11.750834932090218
12.214162329800306,6.6484981290116,7.065613380297709,8.21423387976279,2.899200549024563,-4.509706592180208,2.036636021141133,2.0858690912425217,1.985274989633254,6.799324442522526,11.04712147507447,12.718914688551768,13.63608408882531,11.741373228360017
8.790000142940302,6.945406080341798,4.539432459618226,5.661977899422681,1.9190887683600124,-3.7009541310813447,1.1606440190485152,0.9853746007252404,0.8330846489418811,3.29057252009968,5.648023208327995,8.786267264401104,11.798234988344287,11.500820430674342
5.824754180974436,7.802946889553481,1.5293282784083182,3.085853304763571,2.003086033129016,-2.2517880351619888,0.7724338593782427,0.1464876322792996,-0.967062993224328,-0.0852054591434523,-0.2108176781803976,3.144912094191074,8.434771946271226,10.509162596378374
2.906600132428708,9.8797425416412,-0.4278544682827032,1.5502045640290092,3.2905896420188974,0.6445607986086024,1.215949638897044,-0.2441328272206497,-2.6082475062535018,-1.7253724557739218,-5.221726667183759,-1.987249391109,4.44414272727942,8.91427726338431
2.3209883617327023,10.699789290172308,-0.4784681592684521,1.2160598560971323,4.62481915506492,1.6473111281636934,1.833119769902812,-0.690205818560969,-3.627091282264029,-1.3714246915951662,-8.206716697869023,-4.590413020872521,1.4565610739775217,7.600454367142511
4.743834162909206,10.143415266856932,1.0566629196197113,1.4679956427872265,4.414432110006011,0.5368437165273108,1.5911285725058877,-1.803271154599415,-3.922256207127568,-0.0151662781999313,-8.491579363442309,-4.071793187076018,0.9437444153280944,7.499545139898071
7.149869383221846,9.350484158054206,2.958244499979436,1.6907575064835356,2.073044383292263,0.0847772292592953,0.1127291581532006,-3.4547310725557523,-3.4981603661318985,1.1969800885915092,-6.173347511434219,-1.4967915983814315,3.079353589462933,8.804266074703008
10.235858415539491,7.70526568538832,3.899120737984898,1.8193940474605377,-1.2769578333273124,-0.4496218375352141,-1.871909537598853,-4.519097309947377,-2.374725493650269,2.028937544130313,-2.165637753472371,1.2593503035180973,6.44801739179951,10.725286791009363
10.671999670706503,6.575392359746117,3.2638955063915525,2.193673453061436,-3.5728311466586185,-0.4244906498347449,-3.055506174193656,-3.6129505536476954,-0.7044432173137984,3.178021213870561,2.0249641510760448,2.7223150321507337,9.028807343174543,11.91425719905399
7.694731613489407,6.06496056258331,1.5150132103514196,3.029996385858606,-3.458809672488222,0.5717630260505344,-2.57040256655921,-0.3366230617273817,1.182994128544669,5.223917842149447,4.765889104478784,2.524349823482289,9.64589473383111,11.235879459053084
4.6586262516728665,5.326488805515228,-0.1519874361850473,4.109659643162717,-1.3912192710198426,1.7715467394258153,-0.6285306629916345,4.044100762772263,2.9251699049644024,7.543200436375375,4.8981337385381245,1.275000024172595,8.589781532245086,8.457273719937046
0.5707482556456362,4.6877334222636255,-0.6821433653242632,4.900498665505037,0.7456688115654995,3.4767155150528906,1.664997033293906,7.214667489165297,4.245062549755804,8.364531874704591,2.259957265727035,-0.0614805045511204,6.924515408379431,4.492630218365427
-2.4664595639754965,2.8890673838783774,0.0411308805849,4.861334503545926,1.1400629734675043,3.863458223576205,3.0745046765045743,7.406781369998688,4.856655934469689,6.124023342895352,-2.1367213307266404,-0.7234208723588331,5.282675574245594,0.9988144644370768
-3.8962700590730166,-0.2453639918461903,1.1044799969441126,3.6490514528514666,-0.6248365335536654,2.71964802772526,2.965543294275493,4.728950535443204,4.337945116688255,0.9972659168316262,-6.476205269561495,-0.3848731666417286,3.381673387260781,-0.5599071133805822
-5.454906596435966,-3.681765203808534,1.2956877065754888,1.228158949207911,-3.4432679455763893,-0.1014461348708347,1.5658557211010449,1.073138603741196,2.3146739780590035,-4.838349635102752,-9.000309988629986,0.8143409329600342,0.6629012358742621,0.1659764993625447
-6.45900628763671,-7.752566995607452,0.0927857904492732,-2.007464126424063,-5.661249364293703,-5.234033502171599,-0.2801363698327659,-1.4020577525399895,-1.0562042500324935,-8.626343491514833,-8.96348877455261,2.276469056435383,-2.7250772657723275,2.179533190340952
-5.915352388306969,-8.986031432221807,-1.893141813570665,-5.192340773286858,-6.213483081677936,-6.267949595509872,-1.6165132191224316,-1.941920185235109,-4.79341876817446,-9.048602978897913,-7.092687995399456,3.0641781106536072,-5.697455137077423,3.816673614739806
-3.793777163050173,-6.9322698814325685,-3.3815399708240435,-7.268507671397253,-5.089296615519314,-2.956047567412111,-1.8389120069188136,-1.5676624798380994,-7.4561541882865985,-7.143952340978661,-5.14730418968324,2.302706104983904,-7.046229755714164,3.818183363196521
-1.3381996512869438,-4.962544614713186,-3.401032291576275,-7.578485072241112,-3.0393479103174608,1.4959562544540344,-0.9052967392658756,-1.858118117326824,-8.024634789909468,-5.33197145067083,-4.740451544693596,-0.2199757069459345,-6.514980638601038,1.9782461439881465
1.6508132663084831,-2.207930310466138,-1.9821562087470097,-6.327832217908708,-0.9937770340242498,8.669435387804139,0.7731570653324971,-3.311634827146673,-6.587715649777074,-5.367749030448078,-6.176025996273832,-3.690249251358426,-5.079081966972351,-0.9849521520037214
2.3353803282555003,-1.941520891913592,-0.0331245417504382,-4.428455698936379,0.3868862421182077,11.27766268080308,2.660818564649145,-4.820232840508559,-4.223921158067344,-6.9487466592346525,-8.170666698942524,-6.559411355071846,-4.123858299183343,-3.9805979478261175
0.1893130427880783,-4.930381895048452,1.4340576675435042,-2.776988866093527,0.9412349684301836,8.583924537374557,4.4026443169504645,-4.702729158023447,-2.167361156909065,-8.09230353024271,-8.753220485696032,-7.421648968109032,-4.248733346569615,-5.979195754693086
-1.26642132653854,-6.035375161810689,2.027524209664968,-1.644360536717354,1.0452360338813484,7.399739742605996,5.868436216535594,-2.2848091968490127,-0.9778454233112636,-6.887480757129929,-6.740062857858227,-5.899015134835617,-4.790265448069414,-6.236299872434305
-2.757026940854915,-6.043907152536177,2.0331564888610707,-0.8098746182245407,1.3638513646855106,6.033156762851171,6.913185602057332,1.4168631818931132,-0.3957053389224185,-3.1401258520997946,-2.698342838527193,-2.905574991640176,-4.531022196344663,-4.595560204655667
-3.795783446945191,-6.225146874758539,1.82379535659852,-0.2929835648094361,2.27540928542767,5.27772120220808,7.120611556939565,4.430393546983055,0.0805068270535613,1.3690917524000774,1.3253242374811158,-0.1203730149787283,-2.989103979441655,-1.9002166674644163
-3.781944267261017,-5.751362521907819,1.271510397122423,-0.8030672016359865,3.3169355312208104,6.128483968529597,5.884580087829338,5.24779818466072,0.5088674945163163,4.124760927056554,3.1041243747877605,0.9624168735687332,-1.1060126411576725,0.0142846491282977
-4.678294945320029,-7.929616349676368,-0.1586140303567802,-3.207580580053003,3.2752924220999056,3.9530254882047977,2.914428401007502,3.764458496489228,0.4075425266021497,3.633685019836598,1.6298266435616302,-0.1629680997814233,-0.6133006350498604,-0.7490646530069114
-6.240962138892895,-13.020747939892242,-2.638420471558657,-7.360893132901209,1.159184347930207,-1.0130192826096218,-1.205526736472322,1.1774934397274457,-0.6245993730867614,0.4699986975659413,-2.303438466199287,-2.7543061745517363,-2.5162470674742483,-4.662814781395218
-6.5731661505204295,-14.501586586594325,-5.311494934651537,-11.505147546160917,-2.6190284544033453,-3.074408507952372,-4.9801147030935855,-0.8670875519552936,-2.178220268049309,-3.044292539619301,-6.615983374050614,-5.204197260255585,-5.996432596255403,-9.97233706751824
-5.8639686828952815,-12.739791889032242,-6.574329407801294,-13.13605705418767,-6.0272151482087,-2.7652440113086705,-6.743419482010994,-1.2339856848061093,-3.0250006030921317,-4.309465492943252,-9.154052747447952,-5.903565095702962,-8.791095223652478,-13.578011493132616
-5.473804879607092,-8.483153510158301,-5.295613751601186,-10.87863425513612,-6.701042448143749,-1.2839541978411178,-5.753489189677822,0.1163699809654268,-2.075849833753159,-2.1918669879655326,-8.86616012920972,-4.198509681384383,-8.885042403071974,-13.210578274712098
-5.106822992587999,-0.1990443855376764,-1.9676558543691467,-5.806342370139262,-3.8751026994421194,2.5511844929950205,-2.799615830319153,2.131021905233448,0.4258786785867858,2.0534685722456896,-6.309609120880301,-0.8953701925862596,-6.176594122599711,-9.215130352917924
-6.432858535298394,2.170376639284616,1.3376601201064169,-0.928377974801748,0.7278035978887978,3.7561189206742274,0.2379454269668617,3.279154046519677,2.659082611990033,5.41177505988351,-3.232548499803212,2.109016985255309,-2.700945655960618,-4.396248881060068
-9.845675367000617,-1.7509873013174253,2.352044896765829,0.8989832671994726,4.0290669648076936,2.130798942502452,1.6203124324507705,2.5370727330145684,2.4492405942678896,5.095165229764831,-1.4806964354240364,2.9834715745654954,-1.1407047684196885,-1.9667775150162363
-12.0135234326405,-6.57204285046459,0.2672088633380127,-1.0078972124551235,3.967168726712586,1.2116403484802691,0.8699356323631591,0.1573457604261854,-0.8636548649609104,0.6347781106706307,-1.8942617696364368,1.1839082227841686,-2.7719654156378226,-3.262512169462468
-13.27321006251312,-14.672992557791597,-3.6809178953807375,-4.818980253045424,1.1175811892360556,-0.0962844808118319,-1.0427256106949656,-2.4165080519198945,-5.545892870819243,-5.533135336652748,-3.8980520261889815,-2.1646530168538263,-6.484299465903277,-7.043359664478578
-12.800757244957412,-16.628853594302697,-7.142216479188637,-7.713497685432655,-1.8801572670471745,-0.6404702811616104,-2.527047890338224,-3.5774885707219752,-8.557478456943702,-9.670328426842053,-6.018175373460711,-5.0664534456810415,-9.653213069042195,-10.767435730142946
-9.786216880645991,-11.330835998351125,-8.296188078771067,-7.935961268712262,-2.613845993140416,0.0568336194525796,-2.540944269705424,-2.7858711649790813,-7.878099413154317,-9.470283015888686,-6.8912878574721965,-6.048354236867585,-10.148891794057644,-12.554578576887732
-8.426042627165877,-7.013110863403165,-6.928584831486631,-5.7545649871204,-0.8901762722654105,-0.0263717543198325,-1.2395150584043255,-0.9584219806792048,-4.121310868385983,-5.746491099616893,-6.022143971679036,-5.07268499105129,-7.866120778902221,-12.173111104996192
-8.474414924194246,-1.3544170133377038,-4.249183143237129,-2.7602344236409664,1.3197760670084977,-0.5525545019765088,0.307577918434319,0.3754939779475492,0.0167091792044082,-1.590157282424986,-3.847256200295579,-3.304929337181804,-4.5904752724297,-10.509303531227571
-8.033499373361362,0.7095632417473949,-1.7967721228486615,-0.3505608758283216,1.8475446442859784,-1.1161598478065202,1.0457618974789398,0.4387848272252839,2.0406576514131167,0.3522861411250133,-1.246222816309654,-2.0388172086986387,-2.409431359046515,-8.41282058898279
-7.908585635863657,-2.2659346246959444,-0.3854573833058339,1.2319848950119692,0.3207233929604207,-2.0286080596340144,0.7718173708706892,-0.1396307901751967,1.665051220255812,0.099712818542752,1.036541895965108,-1.7396468231749544,-2.0669641055925574,-6.159545960370295
-5.626889643877098,-2.8733818457301963,0.1567493596429621,2.6257088986903128,-1.6780659540306644,-2.3912353771102746,0.212411542648212,-0.0038500572234205,0.7805160770889259,0.0286147654735522,2.708988937782322,-1.9547864431902011,-2.640032223031735,-3.8474442921302696
-0.8490702077288049,-2.453150041696964,0.4329222186893986,4.327931805930717,-2.3546446882736305,-2.1597741532427355,0.2631957857538864,1.521092242700636,1.4867589152461065,2.287781042208298,3.909866759694374,-2.001642858863285,-2.696501128753166,-1.9487052156802636
0.803574865445397,-1.3019678824847432,0.7207622311728912,6.0105666157289726,-1.5648719304114709,-1.5220268779058037,1.0304861839582102,3.6047097035545086,4.065227792454952,6.347690630244497,4.934532970700932,-1.6765832815451098,-1.7557459627417131,-1.1663684676999004
-0.396870766117208,1.7982603205902965,0.7186724973965539,6.819077996073784,-0.8998579650956202,-0.2341156370405116,1.5956852112179156,4.4966472906081805,6.761439256162184,9.0890821971455,5.881925476483882,-1.3222656059129747,-0.6415942633937526,-1.681017391298564
-2.6006698289772645,2.5534643743938883,-0.003674137423399,6.3075761736372975,-1.8722481647305216,0.1317229566755935,0.8736974190815872,3.077700024001402,7.499144668947558,7.542269042326151,6.495633649385272,-1.2947524638181171,-0.4278384726706719,-2.6960161941552023
-7.024735626002922,1.0714099141913656,-1.3160276386335248,5.056937183907618,-4.02141791551712,-0.4979386296244292,-1.1176084134499078,0.0141865447684566,5.843495516394764,1.8732611750877304,6.43246191259815,-1.4644015211000294,-1.0918421349699017,-2.94106535334738
-7.209002541686266,1.551331274035314,-2.319251387902927,4.337323060146087,-4.934783022142227,-0.7303315410851454,-2.847484256801014,-2.561887000987408,3.383325182255092,-4.177177626941187,5.825869816761692,-1.299000283857552,-1.3156183882444097,-1.7374605660804183
-2.650769525310772,3.337459009257212,-1.913542082880788,5.08419766978637,-2.3666335851881755,-0.8941382845286472,-2.359523826656371,-2.6593718557908304,2.281633055591349,-6.012948924500741,5.57062378511456,-0.4276203717702636,0.2631357219069912,0.4392027014327517
2.265442497449308,7.199054436201806,0.3027166723385051,7.0964085419161975,3.449475020297296,0.3982369801630467,0.9529978325006851,0.0013884702348683,3.452490624537358,-1.848940239904572,6.823323232811347,0.948362299884444,3.557906497864792,2.482921006224423
9.132626498889731,14.025122958618988,3.603822550146585,9.157773880273451,9.513761265842676,3.4897849873344544,5.553186081262773,3.768574568126248,6.0216983555480095,5.788369033829937,9.959487077427076,2.2818988063862413,6.850056100151688,3.7244596832272014
11.437720107691328,15.446988308883885,6.579912653796679,9.956165346899011,12.222026806038572,3.51793397236518,8.855786998541014,6.349623047538458,8.347074029218291,11.988075090805284,13.94635493398358,3.3318186159319563,8.223590578314845,4.437664143806787
8.211094440742501,11.296072758733391,8.066602368374934,8.9999340719187,10.163315306951375,0.5522190277445568,9.311888434985503,6.500886593975967,9.39210548287284,13.140853837138758,16.87480260958346,4.493386257812089,7.275338589963407,5.2729543058420525
4.782971318644721,6.100369127092804,7.766493428176712,6.799629734447287,5.148459425507674,-2.8324599809443605,7.526549027881996,4.735210382007395,9.134781941835534,9.324126829151254,17.289333718217584,6.304161749017037,5.385279039836679,6.224248038925797
-0.6061825391719639,-2.078684682705438,6.120073584275719,4.273642374011603,0.6378981617864969,-7.68072525021173,5.333062650960317,2.584123379231176,7.898641122376269,3.632742147113024,15.106628626263166,8.484967576053746,4.204007279320695,6.23928506921882
-2.24900207083444,-4.3308471095381735,3.717086580457329,1.992772344610856,-0.9973540976738492,-8.310118368789809,3.7881633593556767,1.186933292164678,5.638554813811775,-0.6072807952730717,11.324304655689588,9.527066379766577,3.837173093840152,3.9852629043561976
0.8902395881129522,0.4188138288951923,0.9049676448045378,-0.0590291528992512,-0.029208661020565,-4.00545366502737,2.1740697864256617,0.449272472255128,2.1044562927036736,-2.1920600964052497,6.997639970712092,7.536334909334812,2.6396018502317933,-0.8187583998780639
2.682169989861684,3.17256335043631,-2.071924138422487,-2.070938518947317,1.4375629360847189,-1.787655306309579,-0.9328288134524404,-0.605492610114327,-2.333045270223357,-2.1741347104264808,2.6641750856127064,1.906686256558347,-0.9855925845025552,-6.67526438424667
4.607913852074993,6.029566950955213,-4.698589942580812,-3.831363989459236,1.6945219713068749,-0.4242887308435613,-5.646197941398118,-2.732366328072798,-6.26876410686641,-2.174559201575498,-1.2856324240668373,-5.580907622712767,-6.456861431673602,-10.927813807559248
5.564263562907327,7.569260102156038,-6.144964512657328,-4.640985625931831,0.9758209273126752,0.3227804792996371,-10.001794114363245,-5.624805948732732,-7.978328967894283,-2.7452901834208028,-4.039345932869912,-11.434976103979864,-10.785187602846738,-11.391922192507831
4.60931005078152,6.366109224124297,-5.752820950770191,-3.8806221851801848,0.9935718891753388,-0.7571617072240799,-11.415118746579996,-8.039728107170998,-6.776466686311054,-3.2094946275038323,-4.619011828818321,-12.69604342108189,-10.801385056255643,-7.812513600412752
5.8408246586109485,8.453609708819961,-3.6394752107036794,-1.7166228432835815,3.04665485979441,1.4108247462027232,-9.02748680945772,-8.737195995918192,-3.748477043314134,-2.7632690367486967,-2.9028423349350696,-9.06839351693305,-5.974462608046055,-2.0209669673620665
8.901817680767728,13.337528399935607,-0.77533609623916,0.8031651064267269,6.5631956443117,6.782145701802202,-4.590647072600411,-7.426444464932661,-1.0472704947816158,-1.4858807199750057,-0.1997201613302266,-3.130433737960999,0.8461512127753945,3.377012589064808
10.052089973095825,14.038425675009409,1.6648875602839652,2.4815127759630453,9.44264252583891,7.826961055709882,-0.9427209574072092,-4.95332924493434,-0.2514586164666976,-0.259421223000702,1.5666193389540943,1.6681773520135028,5.651699873605912,6.782544565899002
9.810116015578878,11.184261283230123,3.14842559783035,2.90820159139507,9.826861613367877,5.113802237004101,0.441956529398297,-2.6264818567032133,-1.1935677782395049,0.1449383086819899,1.4676926766510086,3.5847244494266306,6.547787201397178,8.426270629097356
8.865153102229565,6.956872443533068,4.017615472451698,2.6749242933835227,7.611697844103194,1.511530983006876,0.4032099699001534,-1.2932657584769949,-2.303499569623831,-0.2400353695600579,0.3061085059754518,3.535773469334518,5.060007441767702,9.567642830079407
6.517422586213456,-0.0431257784352408,4.837425126904037,2.5945508224780625,4.341605692570891,-4.476248600194344,0.6787397390663372,-0.9356578885922104,-2.1600217753841875,-0.7737822151164799,-0.4259076703050191,3.6719553331888832,4.255206212099338,10.837722945874424
5.508971451223915,-2.415986662741984,5.49857646093038,2.692078045669387,1.7234891437274662,-6.201786399928198,1.7169870675033962,-1.025937461434502,-0.8162722245815317,-0.9497210288800062,-0.3429342245164299,5.015220366302511,5.5349849236773245,11.343846516128709
5.940284656144391,0.4432465843966823,5.073408130836416,2.0671541704819063,0.2555481900269498,-3.002719877139167,2.0962151058502485,-1.1695533830172948,0.350171463267575,-0.8123523922408751,-0.7306572176438877,6.451330751223445,7.279822254922688,9.526043982095407
4.481329700981306,1.9564109962614256,2.73668964689665,-0.1137395568519465,-0.8058323793461426,-2.1906212519055552,0.180562247614155,-1.3667749070588826,0.1209219408859354,-0.6476860309100232,-3.107281506458463,6.001994213235342,6.688222205849456,5.055811257307198
1.5842511618643773,3.804432609249565,-1.0875996076405985,-3.4675675496704272,-2.3411785256594584,-2.34288961520915,-3.7902469220817063,-1.7234073775267549,-1.2143168815323977,-0.4190769749294176,-7.229602274385449,3.0266740459060983,2.92160636710679,-0.1349234858207708
-0.505628188511091,3.347765808948505,-4.602608470233399,-6.364168097876693,-4.38961562445877,-3.1981338176356258,-7.497614292789287,-2.079763387605226,-2.048356019748752,0.2896949831980251,-10.784859517469556,-0.9114972690421724,-1.6994525380294192,-2.99863789285304
-2.2295568039360747,-0.5454896181723587,-5.89187045430306,-7.2317445254633554,-6.238588367095318,-5.940240980333829,-8.56336269270404,-2.0812060065552203,-1.091938848637831,1.686836976301791,-11.3486666994375,-3.398454671644096,-3.743867093800681,-1.929135599940473
-2.1984057799627426,-3.409674333736493,-4.499323132997155,-6.013460533899661,-7.291901631326461,-6.839686360367443,-6.7526237807937335,-1.62809110491537,1.1596311774243873,3.23193564930893,-8.731245842861298,-3.34679398902761,-1.939722891432972,1.62519785426241
0.1302918149866393,-6.094382645440925,-1.826975976499156,-4.3167728383209365,-7.660461607371701,-6.048972760011905,-4.0951157345616735,-1.121128464229038,2.69760551022857,3.892289115694936,-5.24373668670367,-1.7865081802787586,1.630658710287932,4.24286388189649
-0.3760177256134572,-7.676140324331394,0.0860091317085505,-4.009799931023522,-7.874683185783596,-5.86629042650884,-2.8315564578532744,-1.1175907651063994,1.8807337954556689,3.089884882412313,-3.478813096509768,-0.5406402449823347,3.5950061007244614,3.572886998032168
-3.5665687574878997,-7.342843121732099,0.2668552419571313,-5.540428529911665,-8.163469975918815,-5.622622022817632,-3.3339075193843613,-1.7275130623621209,-0.8995588772130674,1.3674950467646312,-3.8220123418117495,-0.2713162457767026,2.486846083721112,0.5573761962430339
-7.068918347848711,-6.94752761728623,-0.6085410709998484,-7.5494991287033955,-8.187584145713167,-4.727118649454605,-4.09065424952523,-2.4506635619760644,-3.503260990019065,-0.0454853547102658,-4.273569693373105,0.0062804527906195,-0.1334488040508858,-1.415535916354976
-11.968816998856257,-5.997589262160265,-1.215828988605665,-8.121090632742067,-7.5232690085820195,-3.389599298783292,-3.616907999446873,-2.6981524984568,-4.103416534754054,-0.4634164239433147,-2.7883259934441256,1.4666953172459287,-1.6118656454715534,0.1747093402750152
-12.742715432927689,-5.36516172777276,-1.051212321170496,-6.4805159142745765,-6.299652071200015,-2.047494151068976,-2.164518655683402,-2.4542649496624733,-3.017176306596525,-0.5354252706524818,0.3099092929394516,3.7098400988933946,-1.02301528604211,4.30317653341973
-8.768341783660915,-5.341922577543418,-0.8647584821482468,-3.595669400581585,-5.217634686719393,-0.6688481462039919,-1.4310172302461694,-2.340071431984498,-2.444039458092149,-1.6933426490535624,2.393984653485973,4.67683544318912,0.0599203415643643,7.049473554735158
-6.239509598019443,-4.97741451268146,-1.7056163191839602,-1.2387660212548326,-4.881275901275757,-0.1366125559189345,-2.645545944038801,-2.984599857318983,-4.298661918903008,-4.694909487648218,1.0707355638684817,2.4670078053425613,-0.5040319513423697,5.156135520636269
-3.938143727948548,-4.562337857785203,-3.6675694232216927,-0.4901854973033721,-5.150159688231668,-0.6558996905987184,-5.079384011740046,-4.359532710722533,-8.22999150160264,-8.668705059920171,-3.3532138347106866,-2.733715050896407,-2.9787786645110828,-0.7885069191275136
-2.3080729494362,-4.087565116301071,-5.6606988339827495,-1.0590304362111027,-5.228097785309501,-0.7180622735224312,-6.512062765500005,-5.747702554913005,-11.752088390548655,-11.622474508003066,-7.906125309971031,-8.539450776256672,-5.385683992327955,-6.597432124032423
-2.4104712050918096,-3.464542909997561,-6.393714237981342,-1.8831676351236692,-4.439065692739717,-0.5312010921116677,-5.166236219215989,-6.312075221289348,-12.346546650122214,-11.958518102183398,-9.364522911266748,-12.165259893434438,-5.502765277013495,-8.015197440340458
0.8517205902652908,-2.8444527501646726,-5.494458117591037,-2.235233003773516,-2.9221818851069514,-0.1546100832976327,-1.2332642641977287,-5.643217043282618,-9.519442655712538,-9.61395784730037,-6.669469310309481,-12.38269754260196,-3.0575694940112896,-4.291511264205738
7.329360916799862,-2.2031608940374583,-3.635413308811152,-2.202026544122233,-1.541679411446239,0.7010163708738666,3.356927784029679,-3.819068557709528,-4.957350191328644,-5.903596754835263,-1.2377677568350975,-9.881456078882536,0.1175215742960631,1.439052241835128
9.656861307493696,-1.477252359125338,-1.6542578275696656,-2.1803152707773563,-1.084832521650526,1.3253309536257811,6.548257883134596,-1.1353254745217498,-0.8581658763283713,-2.4169344682428857,4.673855528364726,-6.030230504444091,1.9729854094278068,5.1548146358862255
8.373121496368643,-0.6848040219715161,0.2826705550096591,-2.0768544160403053,-1.5230694876779012,1.7839985282909274,7.625246429219445,2.0289479660985563,1.7900162244827555,-0.069806816678593,9.632868310761111,-1.5946378853190168,2.1256814133124777,5.3948771073877
6.484147019363157,0.170791541383938,2.5577009239617894,-1.161539353116325,-2.046663869201396,2.6034148059385136,7.366242568137949,5.077220060382203,3.4010529201797794,1.006172674834929,13.22544694654664,3.248146829035818,1.874226072935244,4.004627640924184
2.532060530684142,1.097788276840348,5.228340938071597,1.2081001209413105,-1.8281104472709728,3.6891017354324975,7.005465533888355,7.144659098011324,4.590844874562691,0.9962837114281626,15.111060335684236,7.88190451110912,2.511894663391388,3.7408592647154535
0.9194607700598262,0.9351693519023484,7.476533316651022,4.70658483903933,-0.7715410346245051,3.64414316272036,7.064771938468425,7.464594335021744,5.098869196775446,0.0381823693917908,14.397965332198808,10.686348420050898,3.7667463412673854,5.239863861429072
2.1367199719344296,-0.4336468779514106,8.104840783886104,7.9128389974018845,0.4485837825040519,2.4216670066032204,7.017627631175287,5.958953090708945,4.018649774255003,-1.7404093806154606,10.182873645704532,9.886025458897535,3.909487188314976,6.270539436235225
0.0121066864484259,-2.0673932180375143,6.626690258661519,9.143203676114958,1.040735156726214,0.4097212346617619,5.929107686295623,3.4613740247364437,0.9876704499945248,-4.037976438309251,2.6532874966484243,5.143712687944223,1.342925120209145,3.8875181067620304
-4.641066119469691,-4.2612328839114,3.7947996018440335,7.57698039199731,0.7695897469877337,-2.774994364903279,3.44723525185411,1.237361568706767,-3.0446629564899865,-6.376368590039043,-6.474319534759182,-1.7115010507365866,-3.853497846787647,-2.617468435089215
-6.641948910015107,-4.839837693508479,0.9728206651391104,3.789485819240582,0.029437481940711,-3.417792755901336,0.3239004536565488,0.1457948572788439,-6.333298783844654,-8.254301954900868,-14.670993049581298,-7.682508934005433,-9.736410704514036,-10.69477681572701
-6.703476519802544,-3.488754905968317,-1.0061138327886212,-0.6325251079742884,-0.6445773407014102,-1.2481417357793791,-1.9613967841401347,0.1722706868599104,-7.603022325148572,-9.21947151203399,-19.8179518025266,-10.532400502613385,-13.685514304098056,-16.305436457401605
-4.856258246727681,-2.491117364714606,-2.2967719801509503,-3.9858222623102506,-1.044821066735892,1.1870518905497098,-2.220974492012914,0.7220209593309193,-6.797694285304665,-8.818153946378011,-20.95865624807706,-9.98498589862789,-13.932428078681824,-16.84234444301257
-0.0181944424527534,-1.3054743781633256,-3.376747077928897,-5.193373550058851,-1.2765286423863245,4.805137113994093,-0.4565701169817941,1.3305393053300634,-4.698048501802539,-6.654040068272074,-18.257278361020347,-7.297581619520251,-10.388954618158555,-12.701997758928576
3.131024145131762,-0.2191158346830738,-4.068127555191722,-4.045665172663618,-1.3923580853070767,6.6600740974140935,2.094612779482876,2.067520332526371,-1.9999229615791163,-2.698673725997118,-12.615196984308843,-3.8501906518728815,-4.456722278657807,-6.400811516808858
4.685478920543111,0.4207028258520581,-3.419436043678161,-1.0417555118783142,-1.1883994479775808,6.26925446555756,3.855456430113655,3.252549906605111,1.1253273946573614,2.3941752229157096,-5.4607206735991625,-0.1722575796313705,1.824437390656339,-0.3480097042022123
8.025610375211494,1.5172851561956595,-0.6793134490472177,2.891224267167006,-0.4293446500014592,6.521520380608431,4.054052189726454,4.819646897974806,4.670606567734122,7.393593682350206,1.330634155957673,3.8289595554435607,6.726659135362972,4.619097978730176
12.289051642039782,2.909812635604282,3.6340570343845418,6.651516507747395,0.7777508497794949,6.654117537442225,3.1722697138816613,6.045872658212756,8.238031154221794,11.093166330949792,5.829364131202061,7.966632127646519,9.45982296825184,8.846575233536313
13.938038347489512,2.970762397392649,7.738058789332542,9.20947902481943,1.9438904438182032,5.988864747126764,2.330005286503509,6.024406699663225,10.99634112283024,12.944293103296967,6.907484154539072,11.321776819755248,10.26842750827666,12.427249687478252
13.069924092305833,1.6785065264398005,9.768262967131635,9.887825972751168,2.593963352017461,4.80973222573089,2.1781366534646347,4.520398013181608,12.164464426998393,13.148121230966506,5.020943710595149,12.761294390173568,10.011691346296733,14.44282255893392
10.449940267687117,1.1903698600767496,9.076156431725646,8.603121939704998,2.6818416310623387,3.015911799229138,2.313234936841308,2.4031051116443685,11.455149062208411,12.150296202860051,2.112324959043015,11.889398374828849,9.48972279517686,13.74752551999401
5.179532445284687,1.251772918700211,6.51027428445499,5.916801379956542,2.566894426161749,0.5335084436386381,1.737240856221394,1.1397280735960962,9.098808751252584,10.111452091081503,0.4170008641231817,9.478215155097796,8.961883670667167,10.456748416632657
2.2866255155106763,1.435845986688938,3.573607240891896,2.799018807857408,2.5794842945267007,0.3197242693050171,-0.0833587106119679,1.6512003946173195,5.647553126829557,6.961989914675439,0.9494871780977904,6.979870980828416,8.206718468974852,6.497266908806576
1.9955818839187505,2.1580983111705545,1.3483270093637143,0.1843742679541264,2.6701993275776843,2.6215659447272674,-2.534975456806165,3.4689822319200445,1.9244111909177943,3.004412947189301,2.890094714692026,5.593143879780726,7.052814710133603,4.440413610800164
1.113417470707534,0.9161562179004236,0.0916337245416656,-1.4288721205452577,2.5470172140720564,4.438396837263968,-4.150096068339167,4.997747173912316,-0.943999727914928,-0.6402236469852554,4.449395925623179,5.668308964751738,5.879165950470004,5.51359817430172
0.8096180793729965,-2.442122846693189,-0.4088187140799562,-2.080399713872154,2.147163513165509,6.42902526859867,-3.603054447331118,4.809890732291265,-1.819805492918924,-2.386883626729457,4.536402819222552,6.797042581706776,5.563247133217011,8.544016708682548
0.4509607764467009,-3.7089394264288975,-0.327062007284951,-2.105069722941991,1.8859083865320516,6.703309467504209,-0.5991173842877799,2.966443516438261,-0.2523619149208826,-1.193309943647776,3.805611202849392,8.304699840067642,6.837018167805368,10.829668487041246
-0.2467997981344574,-3.22134189789883,0.3207902896677979,-1.7864832654033904,2.3346326502834813,4.6114117260892025,3.939131193462046,1.1894336476335354,3.0120470375161688,2.6525288778196625,4.133218941408416,9.652748107117176,9.589142456797902,10.268079909783168
-0.1512769445320185,-1.6159071701917782,1.4384749748216592,-1.234118413114345,3.6018629560097253,3.675320215793389,8.361368247734845,1.5609250646339774,6.394928230664448,7.703389796243471,6.913186936458985,10.531283193741103,12.757929234108133,6.989935504227489
0.5680014217140439,2.023891009751464,2.659153796831802,-0.5715566570823967,5.061456099077006,3.3866100013302938,11.0289049628676,4.692390887667244,8.607103543682172,12.314622194735293,11.612535585052967,10.76115806717361,14.952151564054615,3.168738618190588
-0.8269934963749107,2.326542435493085,3.4510574750820524,-0.1668608738481367,5.7760652338486125,2.2688666305212077,10.945308496146993,8.918086698019536,9.51905569724886,15.488359602245282,15.85550421137846,10.196954396747117,15.288301272455044,1.1992033484648346
-4.409952666282887,-0.932339231528262,3.3841847690994484,-0.5416331603514948,5.280315827466737,0.8390033686022953,8.15737087762193,11.365630498013688,9.889748905166314,16.907940223940088,17.050471239506948,8.699382743408691,13.76696883971195,1.7609187876177543
-9.441690294495451,-3.919207199387464,2.2875681744305467,-1.926376967897525,4.003205383238054,-1.94985069338031,3.846711174446881,10.184858394146488,10.215680017243272,16.411122014534925,14.290496599896628,6.16512639356219,10.98090620540104,3.325366359050875
-16.664609300215663,-7.83325671918044,0.2277379916814368,-3.877649200372957,2.9199801511639123,-6.348508311415944,-0.0720311896924812,6.093738938663506,9.951932167924667,13.755387579004264,9.023760949446938,2.625581245591974,7.554065449098033,3.433217645332008
-19.82686219603572,-9.209545920394223,-2.538856179313456,-5.433976150392965,2.728743739162269,-7.813917152537,-1.9024262052123788,1.833522113844424,8.02321438255342,9.089198184050248,3.9755151194124494,-1.5989095332195973,3.8475742961574326,0.6198928022226653
-18.50422803913137,-7.309473128414914,-5.5229169007847645,-5.814221304178915,3.275205021868743,-6.291616581378782,-1.2361149216666831,-0.1066624305134666,4.147994698018408,3.549521902809829,1.1924614912809377,-5.827583351170944,0.0640867064858241,-4.573232127195524
-16.055004805482618,-6.513249597443561,-7.983365792737374,-5.087837971175844,3.712097770145533,-4.47342329804278,0.6811472278580197,0.4486225078154007,-0.4624740421310775,-0.9608988495934055,0.7454276579361476,-9.204415146725124,-3.54693774126244,-10.167611190422122
-10.861955347573668,-5.932919202800935,-9.13934942235079,-4.167038540511868,3.2261569186756844,-1.3414909096381604,1.7895641083785565,1.3465449870012662,-3.891406438997194,-2.95915971413109,1.0532353852403276,-11.103163370243095,-6.671060018798016,-14.188356965443973
-7.81168890855095,-4.9842089717659706,-8.603176033093632,-4.039021013878767,1.7059436603873053,-0.2104602334003584,0.7731763240471139,0.1506418885791731,-5.08835031004665,-2.526790053266666,0.4557741011508653,-11.443349617659493,-9.042550434665998,-15.686375290173345
-7.408106822015421,-4.2962529494331365,-6.707752439598295,-4.864880115642535,-0.1707384146398567,-1.5941839651944698,-1.9334685150103328,-3.6304921292557424,-4.657402149565598,-1.2396093173135512,-1.333689184407007,-10.626347903986556,-10.466064589274737,-14.72163651437836
-5.527536976900023,-3.0207467638710384,-4.366145662887533,-5.7392842916107725,-1.4435475706318073,-1.9902376069509975,-4.6129297997484855,-8.155080280347903,-4.086920856287719,-0.8290429196447633,-3.104206746290572,-9.170799983885246,-10.738666837009331,-11.805563300771809
-3.3303665581123862,-1.224316879255306,-2.47738104995517,-5.349608814910084,-1.539559026240198,-2.214894657100924,-5.806112791649696,-10.967917788383716,-4.265133012543686,-1.7912302099427675,-3.373452187702469,-7.4396386904804785,-9.714529032059886,-7.662525244074885
-1.41976769990711,0.6980705171852248,-1.3421723554883729,-2.9965340149623216,-0.6169845546619399,-1.9529944646744264,-5.481146839259139,-11.124336664235528,-4.821232737184886,-3.216487419129749,-1.8071517344502297,-5.705315906997157,-7.609581494120277,-3.455293306039607
0.6148485156807352,2.8769705741580767,-0.6033374139589966,0.8528229744695466,0.6173110284033783,-0.6780273569885614,-4.746689975018057,-9.742517012906037,-4.871480430106033,-3.882224812220216,0.4513248766942297,-4.345199478071493,-5.232003704059906,-0.781672710946367
1.6563497836511658,7.136776989696284,0.2399332769448676,4.877287235132968,1.442202681099218,0.2480774047813152,-4.503454705079861,-8.636780118251295,-4.215396795932321,-3.456528256650415,1.784529688078038,-3.764873506708625,-3.7249257530185673,-0.8926132830719098
1.6012106971684752,13.62579139379129,1.2395204704457967,7.748775412734801,1.620461547542277,1.0363483508610452,-4.499030730875631,-8.537311361633726,-3.614445542049338,-2.7192315318541205,1.4454900109164726,-4.017409910740639,-3.8814681709745287,-3.632846165922331
1.532141331765876,15.880760160819456,1.899182573443028,8.816811162816435,1.5101582825161586,1.0419067991025055,-3.766837396585601,-8.63894054752177,-3.906106600178816,-2.8186947306595584,-0.0135528258555268,-4.589102973809446,-5.648438003065877,-7.296969797347543
1.206811190636878,13.839169820723365,1.6468703556429602,8.200991968584674,1.702421124879436,-0.0393913574661695,-1.9045264500268784,-7.736282112072729,-5.044600915573994,-4.447062820571091,-1.5437407008981268,-4.780700829015785,-8.342655006488172,-9.908352910258088
1.1144753722367375,9.954965119376062,0.3964579530857293,6.430334310393079,2.444838768456861,-1.1576386935301362,0.2595986988606569,-5.614793189374183,-6.197063765570249,-7.585285245224867,-2.7402471860241064,-4.44925088582599,-11.350979011121211,-10.900916600283892
1.4664774691642255,2.637438274519439,-1.3391132087559183,4.08274265758763,3.315468382233746,-2.5495630598459327,1.3672492907502942,-3.273019650478716,-6.742383306880015,-11.648757437413591,-4.138036484407678,-4.323713624607194,-14.503777462101482,-11.493871785020929
1.7675642915923024,0.8325531887075412,-2.8447761663291544,1.6945860900274283,3.473326719418281,-2.848028754160342,0.850067922554075,-1.8919190550759024,-6.935861695973159,-15.557973942899082,-6.386749735066132,-5.395181461954792,-17.657975981816094,-13.17379750631872
2.213498932414154,5.23993174996184,-3.688376801378979,-0.1817410998466471,2.3535017074041207,-1.7665726013137524,-0.5378104706381635,-1.732959349034104,-7.396209667443031,-17.770150080733856,-9.213932532283138,-7.837594357599528,-20.019617826830785,-15.685960328985502
2.4540105080237447,9.13246720530266,-3.864602614112471,-1.0555269251730266,0.2470822140712556,-1.4519625422200144,-1.5060994779813797,-2.070203075614657,-8.018682703886071,-16.798041443476393,-11.36404236757548,-10.541448843782646,-20.253515386859632,-16.716539339284992
2.43538196641264,14.655022303927844,-3.579874199949657,-0.7698082490911275,-1.781909405902411,-1.5888752553674312,-1.474997675805966,-2.078299249642157,-7.73465313432925,-12.352884633226807,-11.770475443586278,-11.887629516948609,-17.72835958812658,-13.98143618031203
2.3467214723750995,16.282668820834676,-3.0040685468669324,0.2900237664699148,-2.664615896760452,-1.7970030392710383,-1.0186238444452584,-1.6537729395205076,-5.683621300059173,-6.279402781087896,-10.944125886291973,-11.197629653419495,-13.896443457523604,-7.972120525942927
2.087529274456916,12.81364903330033,-2.254464229987377,1.3473505768700278,-2.177286635584821,-2.4468574795732234,-1.1617035216760172,-1.361775813491079,-2.674814830836852,-2.0975047120986687,-11.148680817200116,-9.533504737817395,-12.207935074336532,-2.587550615060053
0.1733027360670255,9.388005438641214,-1.543751038644082,1.7346126457335984,-1.127239390457902,-2.2888125877243897,-2.347131083134684,-1.699795363721293,-1.1745830708695522,-2.928704866858517,-14.84421623093634,-8.984927415843735,-15.951641969273972,-2.529635778428414
-3.5554601527987164,4.397028922741389,-1.2236544812141972,1.379151187734685,-0.6656414500142418,-1.284286725569477,-4.092958432662229,-2.531625938079649,-3.352078342616501,-9.13016191469556,-22.418157547573387,-10.909172361918287,-25.32154196247337,-9.313789837340032
-4.947554107476933,2.0501545675456074,-1.579817403196527,0.8672591323266481,-1.2887982139891605,-1.7066927595319894,-5.549857708523051,-3.253809783674745,-8.78263858013353,-17.570635476528313,-31.078471145778423,-14.585145858935403,-36.13681399503274,-19.30803991884932
-4.088034156794623,3.2508770493548687,-2.525839673064515,0.9860766887166456,-2.4068309794573577,-3.43426133925678,-6.312953674272348,-3.4471647844415654,-14.115862347125772,-23.393207293193825,-36.11919436542417,-17.491955624567513,-41.77309217090103,-25.77765718792585
-1.2158389887493417,5.539731998060208,-3.497793449120749,2.048880538599377,-2.892771510998138,-4.982045024393271,-6.741529631037242,-3.313216141634616,-15.430658111515116,-23.144242455406644,-33.95130859802025,-17.1027341047053,-37.41530192643085,-23.599453101755856
4.753980733197094,10.286592737987467,-3.72514052028437,3.504503048253937,-2.159263772687929,-6.764199697138826,-7.594574417896048,-3.476478754198041,-11.460076541122524,-16.98260667283187,-24.724844124107847,-12.797313276439496,-23.624806224008573,-12.98925051942708
8.359342569256984,10.754926144419708,-2.7427227168684,4.177453041256612,-0.8098209702289267,-6.762022964095129,-9.337259908624176,-4.369089963890815,-4.8113486636804055,-8.34531907477296,-12.433512202722795,-6.33328654945673,-6.328661937088967,0.7056335235813265
9.585817544584282,6.383716811549125,-0.7598860833442984,3.071984267449181,-0.2424725315631946,-4.581454768783534,-11.61233612994576,-5.760782878238032,0.0898628643974319,-1.3952016993094958,-2.2379710410500024,-0.4650266935538241,7.090893047610095,10.945203861585426
11.014865660754708,0.1184579671988178,1.451965724318228,0.2326332987256307,-1.4887810084538842,-3.770374041875378,-13.21357335099256,-6.82574338185924,0.670865364375743,1.7721958215780091,3.0285991990675143,3.162166968630828,12.80267449503964,14.539981892519734
11.420478763362048,-9.88580127198804,3.129150297403072,-3.014936302612512,-4.269213154516706,-3.921553692593691,-12.662773431174427,-6.684412419319415,-1.7113555014624922,2.130675368631387,4.484636897253324,5.084445747060698,12.78410857729284,13.362754407650868
11.429827781328209,-14.312997521871004,4.084337873704044,-4.792188491174727,-7.103903650133759,-3.420537059699713,-9.190804397878708,-5.022062053234976,-3.1319340925025188,2.408637583091064,5.750420314759282,7.17786192578879,12.616957642235832,12.214145980127595
11.132279048689991,-12.455353286957918,4.742304155149185,-3.995273600419864,-8.42667412853848,-2.8467792370865066,-3.554859702272836,-2.356193122415391,-0.6437816698158372,4.713515715157456,9.713865121542426,10.703403791503632,16.747879250172275,14.841696366738972
10.363993706037652,-10.472467210308151,5.569302831389109,-1.2407160990185275,-7.773215136005149,-0.5405529997329674,2.0250125468858187,0.2393896895898137,5.196335824347102,8.998966109932496,16.184054031131666,15.03241380818656,25.1536231715134,21.279549702005625
9.278748756548602,-6.06420584402298,6.452433437137131,1.441267070067454,-6.030832766387675,3.8104651820650206,5.082257191995609,1.7923052785765208,10.993028092906798,13.39065818397171,22.23128403700173,18.212475786150836,33.94205730559116,28.27859194882683
8.221617358144332,-4.701810171862612,6.717256711689743,2.0941490346385763,-4.5453068102298175,5.275150869526783,4.612035373853814,2.0450184687684327,13.547944049698629,15.83797608909623,24.719295459324652,18.81024657783115,38.91399744320944,32.04197289540576
7.273937985147501,-7.333261011097956,5.85956881610764,0.368508651424861,-3.888778820106097,3.96335376944296,1.963097800995115,1.595191927431074,12.381648041682922,15.648306976059985,22.825052842016987,17.270493520315313,38.73904254344882,30.917389645648427
5.059029154659193,-8.008168565806008,4.264528123982132,-2.2126170319427274,-3.4029178965068354,2.921701393303104,0.0088387011882105,1.4492489195570784,9.618115809447602,13.799505912650943,18.560237621906367,15.50652312865401,35.21549581654034,26.166097311123902
1.5855250325113008,-8.084879982317824,3.070966721936088,-3.547626032415337,-1.94788406392388,1.156464066443752,1.0342036429188963,2.308445299083644,7.753754955937893,12.02660738752661,15.077025525302815,15.130610678518453,31.027044549198195,20.685062493275154
0.107196256211549,-7.804945122620682,3.154656245161732,-2.724070931528445,0.8043994278829132,0.60118428002867,4.94496758579362,4.10245700648079,7.650440605306358,11.538386162819108,14.26951500846576,16.003863728175247,27.501256144666,16.986902056434815
0.581140915986824,-6.34105914937438,4.176118639715469,-0.727122512111805,3.731153058003315,1.748477048133385,9.275523925858238,6.071246279566594,8.437461454689014,12.27023347154477,15.540465165160072,16.430238656447955,24.298515881682988,15.872553805713324
1.4572073256767557,-5.798659466939458,4.719537336556982,0.4920625785811126,4.945578499743078,0.8747437927035387,11.036537093301945,7.257462145278509,8.864263403545806,13.03195678159318,16.514787004244226,14.74428135002529,20.71010566145037,16.36126265886287
3.465213602472209,-6.052918353386537,3.546101215856993,-0.292940941606048,3.322553550633188,-1.6252341910596426,8.922111632767951,7.016705769371242,8.385793032412835,12.321689095699412,14.96517062491887,10.79643714412407,16.801848260577003,16.548998920925897
2.7218993564703817,-5.973760628775222,0.8425264233709413,-2.6228229729238137,-0.4168506185839078,-2.6270314161244186,4.137827118127348,5.270168712671193,7.025730377840546,9.291433104245924,10.433224151167792,6.051058826941016,13.27047586324818,14.754100426665332
-1.1933618446789451,-5.926687405002773,-1.7677669821930522,-4.849945213550654,-4.042388476828819,-2.60657508430194,-0.6810637910700734,2.511701519645044,4.689523969449397,4.350557722263375,4.4405591919538665,2.352402575425913,10.522953586465292,10.432872997820937
-4.463623354868708,-5.129544175623858,-2.576017036718781,-5.516455721386251,-5.377775533342401,-1.685639428172352,-3.427594323548305,-0.3053156089849835,1.144564135442124,-0.9234490872154312,-0.6685960866469713,0.5550602700468517,8.22680627211298,4.510165122490207
-7.992495423354365,-3.3872857106660352,-1.3249060594173443,-4.4035952049684965,-3.8427132338877072,0.7471011171625201,-3.7595758239405086,-2.01154271079929,-3.175244332311536,-4.570230265102737,-3.252926991768277,0.1718849714609405,5.802472017863352,-1.082728718423482
-9.135297290656371,-2.196992326476832,0.4891964502643304,-2.522099866027929,-0.7244575523600361,1.4502852698976347,-2.8215382515616056,-1.701973456046062,-6.664687797060083,-5.333815424511613,-3.1768900099027637,0.1500247076486403,3.1537801954606266,-4.530131775719951
-7.082963415948385,-1.398754594279136,0.8774974320135698,-1.258105600233648,1.9862439151584117,0.3828549855433727,-1.9793240258218248,0.6396701433136514,-7.371005652481017,-3.4156180385894004,-1.5185173661277531,-0.1089054595377092,0.7415775752924674,-5.283134651586352
-5.779368405405421,-1.8495123830336728,-0.9194159256331886,-1.4236644229855528,3.1342866625429906,-0.354848889787646,-1.7581151801164197,3.812665859620438,-4.731378431571329,-0.4035976757013486,0.3374723655092566,-0.452891860016166,-1.0410329835528955,-4.421055246953074
-4.468134914298429,-3.957581569652514,-3.792658025284652,-2.817106758942828,2.990361572066604,-1.451895862380315,-1.7586031782396958,5.84507555250633,-0.5852478878144325,1.6152790803717494,1.446778932920779,-0.5719637115370233,-2.426876129927564,-3.890382081051598
-5.358555363661268,-5.610355093235839,-5.778371908148358,-4.44660971841671,2.506078008198415,-1.906587334884192,-1.3729855988787565,5.17251367575966,1.7771945412792434,1.2358313448645504,1.4953918153011043,-0.7554315733461294,-4.125544066021746,-5.163231798286233
-9.316616846474444,-7.056472722061825,-5.78754993182622,-5.215727023592876,2.1041507280099268,-1.4210646048236428,-0.5086754907717932,1.8000423751744847,0.0225996475338661,-1.4956270859792085,0.5964313983108696,-1.932788200248865,-6.628509918488703,-8.329689880040178
-13.131886467509094,-7.739163722221453,-4.483708802992624,-4.688983700956214,1.2498920150844697,-1.27801573830461,0.3338926376136442,-2.507257805161771,-5.296970746710031,-5.1687831081765125,-0.9259856106045844,-4.836476245748372,-9.674585058805404,-12.240220316858768
-17.553243845507204,-7.168625208840611,-3.568739467282853,-3.4802240599831293,-0.8067223876118987,-1.1900760503131669,0.6400417909882208,-5.312683701523838,-10.960349017108229,-7.885389701584131,-2.5976097528733817,-9.0464233477295,-12.365857852146746,-15.426087832647797
-20.579675205465985,-7.5723633751678205,-4.224922197853289,-2.931217113013872,-3.950622837264064,-0.9672848145085016,0.5490569015148594,-5.145590977452116,-13.341968104410512,-8.380197290523824,-3.825290662622365,-12.917010198883872,-13.800660690809082,-17.002183811535815
-21.57087716364896,-8.75544018232489,-6.18559681039676,-4.176129516143533,-6.96286242787221,-0.772590005767492,0.95793550397093,-2.4375964989873182,-10.937209284287064,-6.683626504295944,-4.070307965012489,-14.650585113651914,-13.707420782008285,-16.99373029614776
-22.193084989611105,-10.583778599874655,-8.1953052951568,-7.21319635199211,-8.430372251765561,-0.2296286350282734,2.8683250517154875,0.9752583281309626,-5.198567786083913,-3.915925121313535,-3.1447934352992206,-13.700415219656406,-12.656766895893496,-16.126674988727927
-21.72531367154506,-13.53520724128487,-9.237039743376954,-10.730881336432615,-7.91853101270317,0.6739518076402068,6.450141505270835,3.355220143258407,0.8191466371220031,-1.4079531565749903,-1.4194601200465513,-11.27883763363036,-11.748030186284495,-15.406169985000927
-19.644353303270957,-13.701826243724074,-9.25432830700322,-12.914193338035377,-6.245098616716405,2.08147506476165,10.637265111463876,4.329188993350726,4.747147589945371,0.1714179201134129,0.2788369358153204,-9.4488176867103,-11.926758571543928,-15.65086530687131
-15.923464859707158,-10.90730373999484,-8.776772055967058,-12.654404380845108,-4.612175106865948,4.112901512910856,13.732042632510456,4.915942992071336,6.290544293548919,1.0628118935896964,1.1276015300413746,-9.483401838355348,-13.270363500091776,-16.986569398784695
-12.361249850714795,-8.292101003923085,-8.054061950866185,-10.21910343675438,-3.5024470140929225,6.244977051173096,14.650268665692463,6.386797435638982,6.846706597604452,1.9990863258092304,0.908113812106194,-10.81112345457882,-14.70005747953303,-18.480263211519517
-8.947541910047864,-5.003796673171058,-6.735990078279542,-6.875467782703936,-2.4308895610556647,8.533063986775318,13.783629702533515,8.998402092174388,8.005176277200462,3.623985224974831,0.3224111045517475,-11.385510686782595,-14.47793185332057,-18.35338522352697
-5.335245313580424,-2.677309593413375,-4.409163339250995,-3.827886119569712,-0.7149032807596996,9.20396439668119,12.6606567532192,11.682411465617236,10.30256154362388,6.20360061798084,0.65405698067309,-9.186134283576848,-11.36902320572858,-15.007933810119994
-1.9865359591384264,-1.868287875954741,-1.302268379024781,-1.3733861536307472,1.6175024031724092,7.965357551624709,12.59555099351769,12.910375501430051,13.063638323477337,9.58924850248377,2.8195187049744845,-3.735560420811112,-5.717394295985628,-8.361437277802395
3.686096795432531,1.6798125708722798,1.6924028398698852,1.0571137989009003,3.73234406986478,6.809092406884144,13.47435414373308,11.948751920382447,15.083123963688877,13.113170450563588,6.437080554236502,3.4290328276596824,0.4930725493119325,-0.4066859525797781
11.783304834900914,7.66845151624572,3.744456631987873,4.080850625351388,4.752353654584283,5.278219954055875,13.801298204901684,9.430967653918344,15.368521067915935,15.450333219648885,9.75850458530499,9.62667077245726,4.859844039914094,5.75327382659799
16.10994312240403,11.27457772601328,4.806149285577874,7.539090479049037,4.54308907263794,4.10910111766543,12.036618845290889,6.801668330170742,13.48226099474249,14.964403756084266,10.768981204678653,12.665403180491865,6.232696938339245,7.947341542591232
16.79088706844959,13.000882947842529,5.607261922998305,10.435019652337305,3.74320147735881,3.662653346909761,8.05837719889115,5.154050490977568,9.597137506466993,10.824942609541608,8.74648946689797,12.188238918942943,5.466078383170839,6.549085491227856
17.155477370254353,12.539973871333272,6.971222735798847,11.73676877715664,3.104715623814144,2.149620605885576,3.4133131544711546,4.449278519441634,4.502896455366539,4.190705845006278,4.979074056240904,9.854933593183093,4.549771823589964,4.27866741447815
15.883061799450507,8.779177431858763,9.136278202620815,11.360186225236705,2.8850615276640497,-0.2226218546731888,0.08832023822427,3.7160277048734542,-0.5101231766131207,-1.8977771474925191,1.8723199875358036,8.205907697204907,4.815046749688975,4.188535547540425
16.788738326460553,7.998305380207612,11.64934877825516,10.411302059908792,2.8579051811564966,-1.1844022400651872,-1.1248249686284169,1.968351227090324,-4.127221529185931,-4.4715768513199805,1.0296124548582952,8.937154022739719,5.784789568540589,7.345296435086993
20.452397348236573,10.145981602974471,13.771007637705566,10.359495811885097,2.778201636815396,-0.8695322608450721,-1.2230269992618616,-0.9723561167090508,-5.74260341706858,-3.130299836216267,1.8829095149346244,11.768027694893275,5.700952831211026,12.05363708683393
21.743506074478304,13.034430378685714,14.912202111915803,11.778510614258934,2.698564679422418,-0.3820734719872046,-2.032738636760243,-4.375796939180475,-5.886156807097109,-0.745140842524151,2.1103230906253145,14.70519446824963,3.249096332499306,15.2531684943158
21.47498483837227,18.12094186240628,14.776820916561164,13.769598912338864,2.822343736993588,0.7347307930432195,-4.566915505582287,-7.171771615678537,-5.839455049973395,-1.2624892598606152,-0.3982737825087952,15.49573781383222,-1.0949193816240523,14.945116026664238
20.04425058334877,19.11567699039276,13.310776241244469,14.653265494789572,3.1664218457698823,0.7953486761749411,-8.138854254117376,-8.637887854827191,-6.618984045756932,-6.207836797700018,-5.618574101718977,13.19244969313918,-5.311343194088266,11.675342559694954
16.542197927777064,15.58580442501446,10.720457750886927,13.380543752816637,3.4934370457200536,-0.4293152914488765,-10.952717333982823,-8.719161207703703,-8.154397782970817,-13.049560110844222,-11.133733141767731,8.720001137421576,-7.417147916724495,7.924579823131658
13.73375459323072,11.110434861698833,7.578458509855081,10.413958856928216,3.5852242080184613,-0.6983241813846737,-11.588230012643418,-7.917703041776303,-9.395234822625206,-17.167013993961504,-13.822837158067182,4.129470858785664,-6.939523071246619,6.018860186004224
11.533989355633173,4.112368242475454,4.747211582829751,7.271986220176611,3.486710070964492,-0.3638534050061855,-10.090125282764408,-6.981689499969722,-9.269336974695491,-15.843866773865988,-12.186874859928004,1.1809123477821686,-5.039314667975969,6.352238704496669
8.940983653046692,0.931787670231974,2.942159025005097,5.156260714325143,3.398569043088685,-0.0113009231264848,-7.821172521320946,-6.5713113233565394,-7.64865019896186,-10.656532013654504,-7.483031211237268,0.2767273677482578,-3.3514491974446585,7.329930253103754
6.537563708906546,2.3066413453297265,2.1898555457987285,3.9382213470412566,3.359911751229553,0.7167921349972777,-6.335986206460909,-6.930747205357562,-5.48481123150885,-6.005441952498806,-2.799338339209413,0.4076665647703379,-2.718591625849932,6.905138963110218
1.714499706987875,2.1029679932673218,1.731020936378869,2.44896739198569,3.1569115252709707,0.6764682842234861,-6.270665469351414,-7.646586190954622,-4.027143175397583,-5.151500839183257,-0.8320366530722225,0.0400474078418682,-2.888154033344179,4.29084158808331
-5.74955613396074,1.8176288030480972,0.6379061901370733,-0.1993057341933592,2.6369648563205885,-0.2266931953908842,-7.068466213959908,-7.742089464074866,-3.8126784658420254,-7.467265303898273,-2.1072860304081478,-1.7185316153370138,-3.1664018305592947,0.4538856917330065
-8.267508074125168,1.1618259345361182,-1.2785671205629257,-3.4958078956680367,2.087211624781673,-0.6447072228317595,-7.586999981551727,-6.274009534497566,-4.255556123349265,-9.377598719213267,-4.959539824511481,-4.4747420084179765,-3.153605825958522,-2.821530003140112
-5.8903402350079554,-0.7285323411895483,-3.1239752970186743,-5.686231237499086,2.173477623899842,-0.7973812073760861,-7.000146716378481,-3.150687293386852,-4.126160055314074,-7.88836533747714,-7.134390095771252,-6.859105464641885,-2.843722356142024,-4.329856973284166
-1.037066709235345,0.2168857300154463,-3.6066760850999913,-5.142629761008664,3.3628646281185297,-0.099332406081105,-5.351632119756715,0.4975426838047383,-2.522157446514683,-3.241253691395088,-7.619888936139404,-7.560766664601175,-2.23626425269228,-4.149760002446044
8.134026511844135,3.912005407151856,-2.264574053969625,-1.8144572157186476,5.343065343258701,1.7584139066068485,-3.483806231515956,2.871207887987623,0.3791079657268312,1.6594961400337525,-7.22710791577677,-6.320023880775352,-1.1415844313758328,-3.3006561094290987
10.40448220863274,5.696351053278928,-0.1049130568850955,2.4853355798751693,7.055911933173917,2.8705537851846694,-2.4655286711363544,2.7102178408006807,3.3104426400344096,4.125918916376349,-7.547294928178644,-4.112012053537825,0.5002595223278661,-2.877897592382084
4.988509879657604,6.144059799895341,1.0574991995559344,5.272498144929045,7.432794640135143,3.3714164586626163,-2.8663251738696545,0.2612854926533714,4.696399981842035,3.889701839539498,-9.26036260537964,-2.3683722971215677,2.224955962590002,-3.4054842504679077
-0.1165710745259754,4.881743410305464,0.0944600118804146,5.169028130281816,6.250395851592032,2.733373122210611,-4.287248155758334,-2.77137531174634,3.7866315750186734,2.7285180376315736,-11.264789076867004,-1.8596653125439389,3.22746100426275,-4.696367758383843
-7.600446432531188,0.8860976875942106,-2.427546815405776,2.864111574259056,4.365946159665043,0.4580530718797235,-5.4860237905271845,-4.280961236370075,1.4046594429936476,2.412551827873102,-11.389453407780252,-2.147830019190849,3.141033026048888,-6.034011914547335
-11.605146221188834,-1.7876279313363903,-4.682858391425611,0.4680177269149226,3.0949768463329974,-1.0728017042686682,-5.139030256964844,-3.069440630042891,-0.3398663908326966,3.329892341125003,-8.154792497495123,-2.0592624146796368,2.640957099169753,-6.451487013882826
-10.852732832341164,-3.3840576720403885,-5.133085851096354,-0.255408533148227,3.201561323387125,-2.0402171589305693,-2.8246660637204,0.4326530512573754,0.5576220109699079,4.924643047182883,-2.199592897963868,-0.8063216264843334,3.078666183187352,-5.133101083943529
-11.11138036018526,-3.4103778269705973,-3.8396388163102415,0.6392161646924706,4.278751453163409,-1.771694697062667,0.4885093290515669,4.396911835977846,4.311824494024563,6.842100749304706,3.788060430956051,1.1360887331341587,5.240233491821641,-2.0015529416136246
-10.725151598606471,-0.8639994648327949,-2.415149570733604,1.315944072050797,4.988491538033031,0.3444561772525107,2.930026212813175,6.573623456772594,8.698734621816612,9.06846497798972,6.695187646635873,2.119295633211294,8.28710971829534,1.793642424199902
-9.965412469862729,-0.2606270255694227,-2.6994971093364484,-0.2974261221458505,3.9914632146282822,0.8203318820178376,2.961490950041508,5.510147838234644,10.286366274249872,10.953867672512018,5.055143715773767,0.3999604999405619,9.991114821674929,4.082693264995811
-9.4762051208292,-1.3661616124351137,-5.306175521788248,-4.703777755328048,0.9199185567232462,-0.1737484416839743,0.4913239669214988,1.4431712899618674,6.970640052932197,10.75023187556718,0.0848641826846403,-4.489154662696819,8.351946569994197,2.875860579907453
-8.747790656559316,-4.540495512501329,-9.180958080568246,-10.234899835286797,-3.262326426748473,-2.790898766120888,-2.970028808301578,-3.6476208795390894,-0.0596694957166619,6.918443910799624,-5.073522255493543,-11.05537425484863,3.4197242046767826,-2.0357842025878767
-8.095028129095287,-10.908757742439088,-12.391268835130376,-14.135203049096477,-6.763410859938176,-7.900781045487012,-5.254479053668717,-7.050494798748332,-6.711825197152052,0.2334920617531111,-7.36841688934129,-16.45972594327239,-2.249731351296816,-8.370480201982502
-7.87240028455669,-12.527677963287084,-13.42378356645662,-14.469887192666818,-8.03103109794992,-10.030159383178152,-4.9230131790078815,-6.994034075267422,-8.784459196814254,-5.763773562671474,-5.670515552033407,-18.18379922042203,-5.146130799117572,-12.464471284287953
-8.182493286703945,-9.311607685147289,-12.047838721810592,-11.421125521472815,-6.726144552525938,-9.146812188033556,-2.166070703203445,-3.926293452036617,-5.145118461546815,-7.156382094041589,-1.1850014141032543,-15.689231473392084,-3.38689655120956,-11.715243240816848
-7.773512766483563,-4.923655765844454,-9.279795193195923,-7.099052835789905,-3.981327711763612,-7.223152739984905,1.3242529366499411,-0.3393946056179686,1.3017343694265548,-3.0992275943265497,3.658531323396687,-10.857442555355531,1.6587321543709947,-6.556975076179725
-6.689117358651125,2.486178173035242,-6.62620367209081,-4.122598963617492,-1.74708706480763,-2.9473006736994307,3.374585175510674,0.9709937260070944,5.790680330538606,2.994289471497595,6.843479680420614,-6.766347193465776,6.156060466326323,-0.2646096040743941
-5.730424675302363,4.464166609411543,-5.148329492987372,-4.001429740504037,-1.6081639544562734,-2.170720432372276,2.608672620546642,-0.987622596946494,5.3343301952401845,6.039870664586914,7.755549100203723,-5.587804242919674,6.611993329026049,3.4349002858042894
-4.6580908308889,0.1708463882293582,-4.89475011852403,-6.327108754605078,-3.8155431538002342,-5.299747428177065,-0.7513115666397852,-4.618372928272308,0.8541649435025391,3.564887231405095,7.0925134409386175,-7.120203584023059,2.57685376327197,3.072830220697199
-3.302751854323351,-2.7969511278415182,-5.011013387760158,-9.167697430563068,-7.163528997524111,-8.284251047437921,-5.016064072063486,-7.008040411916255,-3.913570764440891,-2.1938623871381395,6.121518203459871,-9.050649512467572,-2.9789059068235417,0.2614523476656103
-1.7373795574611737,-6.424207045693417,-4.4401815832884495,-10.336950642226626,-9.794237910314877,-12.521458640080048,-8.025039289984107,-6.281500317572153,-5.683754041485869,-6.335164118994939,5.937304499782542,-8.738412634454008,-6.01779765159516,-1.9483931830770445
0.4723815352091242,-6.619464964789413,-2.733269859787427,-8.738181000512824,-10.383108327768769,-12.459041177677662,-8.400285773750483,-3.080087938829834,-4.183989649796757,-5.58834904335275,7.008502067751337,-5.159591666592689,-4.633012478434182,-1.6106411615766092
3.388178358634834,-1.9996009643170929,-0.3584768072652338,-4.952585351012729,-8.903245548513908,-7.204050280561757,-6.2475183558227485,0.091913027148081,-1.8880698593840608,-0.9302348048382784,8.972172388975167,0.4291377661947138,-0.4501553710774857,0.8817390672447658
6.132789502752789,0.6395445788511371,1.753222565162261,-0.6975276336929142,-6.477714883690481,-2.6872609837958987,-2.853847934850989,1.0727801305714877,-1.405500072110442,3.6909323999018113,10.70544880828487,5.521847160996842,2.890536946837585,3.6827159750593097
8.769662809842826,2.444614392592997,3.040937221380517,2.458973142375939,-4.487422070318658,2.484604077687428,0.3248331052278104,-0.1352392462165994,-3.058637371810065,5.048553113222013,10.852658642621575,8.209855067329784,2.8130587039501336,5.326833455241911
9.899670096826114,3.0780157655756897,3.762310648700705,4.166405666028432,-3.622858918891168,4.132146813304385,2.559441105575779,-1.5042257637541283,-4.819956842965091,3.214828416159513,8.733334108052162,8.410282888625773,-0.164004060545615,5.713450436201846
9.171552043223327,1.3147585271765974,4.616896022882436,5.305101658797135,-3.563183327287156,0.9959045608498088,3.964400566844702,-0.9002129319331402,-4.466497465277811,0.874555003090137,5.02829833378614,7.615742984479056,-3.0359791271809087,5.620465872580105
8.371562895502404,0.914376750731288,5.90657307595572,6.952222993536246,-3.4499676981410303,-0.0759813205416599,4.915819227091795,1.963661791384105,-1.7839348841240297,0.4410189354427416,1.523502811161535,7.496038883630653,-2.884519726455764,5.666112643875337
7.093363423092821,1.5231640129541892,7.092821550713488,9.214374417770706,-2.704966335945265,-0.2061488260186446,5.463109559050693,5.264697981073741,1.2272410257123525,1.8873728566240224,-0.132386937885542,8.552298588014956,0.7513871299201895,5.897584976286012
5.917094572674586,1.8308722370433212,7.260252748109028,10.983238658670585,-1.5084142505380171,0.4657543915569598,5.32907950512222,6.665664600587199,2.192086861724768,3.131699540902357,0.2452075867660141,9.886349716337277,5.477088161007128,6.117462129664897
5.1560293620461,2.4999899939356656,6.078556001198137,10.87023136573074,-0.5780646511048975,3.149657302905848,4.413615496831124,5.28846966551194,0.4244684401490204,2.219092008204939,1.1034601099176662,10.154046604842756,7.716382066776662,6.125045741803557
3.260979336580779,1.9239964871308104,4.289920889942,8.511706639258936,-0.4872485129196295,3.916059194572248,3.175970611487772,2.335838837373932,-2.642193410552009,-0.9368218003170252,0.2612222098486336,8.777042623735898,5.112901865710961,5.409527552958721
0.3953286398198717,-0.0687343792412756,3.154431668741498,5.074883679740055,-1.136039281730408,2.959707607988621,2.419120457076014,-0.0734584705167828,-4.858292320435599,-4.689962655147683,-3.430391636498172,6.355417934465043,-1.9523526735079744,2.928243414236998
-1.6956938301829436,-1.3662449420640717,3.304779336925079,2.464798138604981,-1.8337810974070523,2.399576763263353,2.6459198944198983,-0.7011490063494623,-5.157464174640731,-7.184322617937147,-9.155714854242577,4.031828387768392,-10.558323982154349,-2.141182092932498
-3.1597672198167186,-2.2695650688086446,4.0948449013804495,1.8565542970584783,-1.9072608659726829,1.5173535045341493,3.611763924250964,-0.0216145354640229,-4.1649515951390015,-7.699537429579307,-14.59819899410061,2.5211160654629765,-16.90346892006534,-8.962766988740237
-4.319547856873646,-2.2463188482592766,4.122739724995135,2.777507783515816,-1.288892269844503,0.770036361447009,4.505372941051597,0.508326528592093,-3.2918898260243026,-6.800336732179513,-17.40145203552439,1.7231157738637677,-18.405927374808115,-14.516726888881584
-4.79501023278563,-0.8283887481347035,2.517358038601184,3.52402709341197,-0.5598325887126627,0.3988167598023471,4.582743450184875,-0.0794024695599233,-3.342938470823814,-5.540852067500563,-16.587818666114764,1.147159289634757,-15.038509541569574,-15.228404701654142
-4.915591356842476,-0.7971588787986303,-0.1679254913424799,2.5832025246172456,-0.4089893290079871,-0.362287693185763,3.684118472257396,-1.413772929396309,-3.9065820132274993,-4.649429653172284,-13.04945418572652,0.5495558483659693,-9.141714503888403,-9.901525006729717
-4.5958339121877625,-2.036328990988902,-2.303718126049084,-0.1227707445805208,-0.995151147934159,-1.359308070816166,2.232037231048693,-2.222393311702426,-3.916058614041397,-4.2964701057994645,-8.905849871121681,0.0708003619749177,-3.8649535155635055,-1.3501903711503545
-4.596009840562505,-3.93960734781864,-2.526783564427745,-3.2158823323454517,-1.803686137986645,-1.8877183530508703,0.8131194896669101,-1.547892733295669,-2.7167918396643103,-4.345884757141931,-6.2167090142912045,-0.1854083648089428,-1.2699841565953207,5.180815404115464
-5.020639370512754,-7.137557215631476,-0.9234107072395048,-5.068493014837173,-2.15442853549974,-1.991130649507571,-0.2292453435009633,0.3632932192029869,-0.6589419335191096,-4.646082522229634,-5.87059472422726,-0.5197416059598083,-1.351476390356737,5.88109363424779
-5.26793904772719,-7.883037454432979,0.9925328936309016,-5.176372103836989,-1.902452233457048,-1.6067666681492396,-0.8713536295463342,2.2217229429472454,1.2257114039942678,-5.082972460156178,-7.292276777288329,-1.4082074589307538,-2.533968734579936,1.2996295143091103
-5.545081974097924,-5.9744228824295575,1.5164581956572718,-4.492741482763705,-1.6356456777645505,-0.5481699618367077,-1.1957122115967564,2.716863370333357,2.096688746210724,-5.445645600710385,-9.032222440041435,-2.852716982782539,-3.086498335462956,-4.254005293688678
-4.540476377199781,-4.598687496892891,0.1510336669744632,-4.457853940578495,-2.088194134680577,-0.4759447472388267,-1.1713601520845174,1.5542994154615857,1.968986571408024,-5.325722291180071,-9.701572513325884,-4.053911686417457,-2.275760466074125,-6.295850096439693
-2.073141816064161,-2.945928427651753,-2.0362405169604685,-5.635064921332528,-3.251587269255296,-1.439059293132574,-0.6521285886948149,-0.295653860009466,1.6600084923622305,-4.231624616930013,-8.567472444028539,-3.908135253113379,-0.4684745869016069,-3.581831591731394
-1.191249823729699,-2.368865484893238,-3.3788770129501344,-7.194446763127473,-4.072603808377359,-1.2588781101952895,0.4239962377769188,-1.3178006999875862,2.1109838915341115,-1.9281193042319344,-5.562664235586638,-1.989669269929962,1.6051548621110854,1.4423827444654478
-1.7466537997844351,-3.4302435870751893,-3.015500695131749,-7.666816180207149,-3.1982467596076134,-0.196692671352689,1.8327305676025527,-0.5952877562228736,3.642781383493727,1.210413922026305,-1.0452450812141052,0.8993932898384571,3.553174531578513,5.106845292087392
-2.576877718347116,-2.520048902029918,-1.4889342484079575,-6.225008188900389,-0.2390490796989723,2.145687243307135,3.0569842167799948,1.4886154950400936,5.714018587390171,4.185421993348747,4.26478473000526,3.206537581629036,5.363788473930008,5.39998882464424
-4.325177965123202,0.0698498919482515,-0.0831575695444115,-3.3422170932188067,3.617622700362972,6.269592451210783,3.529862401487861,3.5333524257518576,7.336136468508862,5.897307741550129,9.219158293694036,3.77736623529033,6.971592460180901,2.922272258610036
-4.843526715601176,0.8708201138160234,0.3805282980355855,-0.3442381420166356,6.365942257620588,8.041555965321864,2.9964450958160143,4.174678794702459,7.789726503928463,5.9432093872311,12.497710406375106,2.6651476050539458,8.0156679647327,-0.2740950120910668
-3.944531625193188,0.3469404204003016,0.1196969247866093,1.615593690409426,6.782154039188711,7.421806057982064,1.7509616672340087,3.0705978656176285,7.061228264229186,5.01231891442454,13.358461280586468,0.8982687031695775,8.12558580591758,-2.3900682063010663
-3.552843422243153,-0.9740284902430272,-0.1281283081855235,2.2387047558763697,5.4419181406736215,7.316381286448935,0.5345068610202333,1.0286165026366234,5.653306560029179,4.356082530599707,12.30570503237938,-0.5200474798146502,7.349558313460406,-2.727139808842793
-3.1862555499092515,-3.7602781768597207,-0.0705293721263586,1.9760507722962477,4.164182762273768,6.864371978215875,0.0753378790304566,-0.790298413092998,3.954767466327837,4.597008444601741,10.839470604437563,-1.417128089801281,6.101621956697031,-1.595823173355413
-3.208343084007661,-4.209690716245362,-0.2109876997263029,1.437714382600177,4.350235530391586,6.658356433422112,0.5384986532120166,-1.8558509296408656,1.7753908265786578,4.90509210503194,10.205717131719425,-2.3645521023051543,4.588348791902561,0.0564781875805948
-3.913208651673744,-2.142491345911446,-1.214226673018473,0.927092639624192,5.770381368152243,7.0823229540372585,1.3059629845915597,-2.5591072604647707,-1.4287475779885312,3.478061228477742,10.1962774798765,-3.909037056778402,2.4246102576950364,1.0273004832726258
-4.333885116523288,-1.3605111880165903,-2.976926821994468,0.420964488054679,6.927681959309027,5.9341956447492095,1.3532128901032792,-3.5893483194360414,-5.721799036759073,-0.8244439147596694,9.263528054380778,-5.936344869095947,-0.8940406062300923,0.4692715216657177
-4.618464401863251,-1.1158945181213225,-4.4317022600607885,-0.1594708161077278,6.579792697581453,3.333068554656061,0.0439419310022941,-5.034981001170507,-9.996489842822356,-7.025589610769217,6.060668951894527,-7.727272686208337,-4.965505977582311,-1.3855275242161866
-3.657906602655503,-1.2215014625703642,-4.389871300927069,-0.7531799743120757,4.885046098729731,2.0487802239349597,-2.2426199394687742,-6.096457539214804,-12.257153480974589,-12.195247077647773,1.0342067236719714,-8.517619141003138,-8.08115747331211,-3.148114795585343
-1.164585104893133,-2.2905817354064357,-2.6684857052062654,-1.2380435559514211,3.0964936756250268,1.8338202640218453,-4.219486142519081,-5.715459980325576,-10.956165309013414,-13.403919445710414,-3.550920453892409,-7.964713438314561,-8.271376890581749,-3.33952897204324
1.5579623706138832,-2.097238633702544,-0.4057697059520535,-1.6534651138785392,2.250102017756454,1.736617700517117,-4.563548591567731,-3.5599735835715123,-6.404295926617472,-10.002466538235067,-5.360542491784301,-6.190638922630285,-5.127845210948479,-1.8386220905375552
4.844138256181852,-0.6751756060648406,0.8149093429571153,-2.249061806187356,2.2742175346361364,2.3011327646191804,-2.9148643406776813,-0.4571943787318631,-0.923536557104626,-4.271735585376305,-3.9550893428170326,-3.568782412275908,-0.6159564156560222,-0.1535270461616988
6.87980218812593,0.5473473001678475,0.3128513076371604,-3.184519095534135,2.388114651813872,2.7645914488098087,-0.1763553188904154,2.158097115036007,2.6944554739747844,0.273130127883789,-1.0844673362773989,-0.557918054688848,2.262894445209497,0.0869336523861292
7.316224352951552,2.0007735142004903,-1.0545233628380402,-4.100781864545553,2.221391357758293,3.080193549566081,2.1820290364405253,3.3515914882985456,3.327599492134759,1.6272746123874882,1.0174346811279804,2.3641066330081277,2.044227533579757,-0.9436069975198932
8.226461193350756,4.407650241868594,-1.5530870166793278,-4.073425260897558,2.3320104958758634,3.800406960742474,3.256920495244138,3.4186063228093886,2.3980931629071875,0.7834832597627539,1.696517778008129,4.801144523076907,0.2289196069572341,-1.079236680816706
9.131092426097398,7.68533284644218,0.0023313072831925,-2.252752968909107,3.507750914545646,4.766290850229645,3.312951716075624,3.5830527005700787,2.5438062411296016,0.6466878236452303,2.245068178075826,6.570575268698569,-0.0087874928946902,1.7294153228644191
9.651456133094928,9.731306775621889,3.2427407563592325,1.1840421905141696,5.603716947013048,4.612613726945375,3.3356918350909126,4.871154251258687,5.1220925821737495,3.2854379038794903,4.1733149018129865,7.689192590408908,3.1351045998233857,6.9524833146380445
10.041085693010942,10.504667168979037,6.479432497386334,4.687609375386252,7.233390831533441,3.261145591148233,3.971605805424506,7.104477400071602,8.808761209622219,7.950768469710798,7.153911427435755,8.177017213159935,8.122504621563369,11.320311679541728
9.407969168599662,9.065536005249273,7.962982179958686,6.218829564703015,6.796883123922367,2.14140594009885,4.860258334728385,8.932341533937898,10.716454112601284,11.683361269221509,8.882347453900419,7.94489218656015,11.19917742496044,11.52216217072266
7.676531691996512,4.699788841001455,7.144256732963562,4.876227104758627,3.9615768374768585,0.9653400326412156,4.997577616378123,8.970425930179314,9.143658947664925,12.025808201800302,7.2581458986080065,7.007260230841659,9.776203851044864,7.3794510523345345
6.224616133385197,2.052398535867859,4.978011931660852,1.86787102749064,0.1817347956985244,-0.6518968603181141,3.778723750672274,7.093155692930509,5.409517088681017,9.391350337018777,2.8408755085570263,5.809830678383033,4.988648551641923,2.360580382774941
4.912186262768563,0.9284516304915488,3.115708755860638,-0.2530989161783985,-2.3239667923138114,-2.516486297406719,1.6962511831040883,4.670998777767967,2.918261433956008,6.846311073328177,-1.0318680966340177,5.150541724375447,0.9673685458313984,0.6909182111024919
4.211615110271123,1.579448782556008,2.6701135112537955,0.3304277429059183,-2.317678329985057,-4.75666237142573,-0.0234556691717173,3.414678534145647,4.138820558474254,7.362989295042588,-0.9719807090196576,5.529251856955032,1.3372343135473344,3.593603222994353
4.474990328509316,5.19127046565858,3.4673304135519256,3.060580108298593,-0.5220364793389756,-7.396373460420239,-0.5467227905695022,3.803987735868676,8.229897648471894,10.964097105938665,3.252240789708729,6.507512628375974,6.035044569229905,8.147748009569796
4.333034588477109,6.128378438625698,4.267635423413543,5.362776126495094,1.000179297110357,-8.20174201559187,-0.2579418390584411,4.59549798910672,11.569770578774754,14.412840550598895,8.1583099746161,6.877733377612781,11.29280966236317,9.869239401065649
3.971783509687832,4.548684226555294,3.742371679413384,4.831672436313785,0.5360106284295014,-6.983574438872964,-0.4536530197295532,3.991554080002576,10.814837198356429,13.891161416687575,9.442359654632169,5.704258192832513,12.792923076697903,6.672323639650728
1.9817052007178864,1.2611025944357144,1.5129272869859465,1.376327545046767,-1.928577823792347,-7.093747268360588,-2.1155067011660784,1.4513600853890347,5.764719184534091,8.397993439089614,5.810760894009715,3.2981443959297234,9.198504360171626,0.6286313811204041
-2.0443919104515187,-5.08858620561349,-1.4692061385194035,-2.5950788589381046,-4.769803744645497,-8.14334381746305,-4.862967957208099,-1.609365731405726,-0.5139726668985569,0.8583701373285932,0.191340322567195,1.074953401360981,3.033721328600708,-3.957904592296832
-3.734725294673874,-6.720388101120471,-3.5013813462807573,-4.153155164923601,-6.060625414669177,-8.109195097806479,-7.088017388782284,-3.0162156052525635,-4.329394030261575,-4.109896486995768,-2.8625122191978694,0.2917981230437216,-1.657515192979288,-4.264045087236917
-3.258683562196555,-3.371497932668345,-3.317813645118999,-2.2618125194969134,-5.028582755272219,-7.493528922346631,-7.247395587190938,-1.8819926751769251,-4.326320166782768,-3.8966688628114,-1.1860317955572266,0.842129422896599,-2.6422235026303844,-1.0913650916197035
-1.7428548329647089,0.1117121499002402,-1.0438769962478691,1.47039336012386,-2.5050844272223958,-4.080395149933883,-5.229523305059648,0.4525781585975057,-2.1976806245796023,0.0874186681457951,3.2606609124389565,1.3212940019131525,-0.9358903979372516,2.237430231981281
1.8087750382661083,5.502110136207642,1.8399152767304845,4.284096213590098,-0.1627744506054735,2.6577256203541717,-2.5842984950990804,1.541314384020783,-0.7839721835284443,3.7420267061657047,6.410006085277447,0.3530417665576841,0.6182965621114063,2.885437069979276
2.0697363599262992,5.878284614914229,3.555391416014917,4.587758853438771,0.6966318902023474,4.451204564813423,-1.3555545659458623,-0.002115049785047,-1.5400664880154338,3.705395509059871,5.7920236637177975,-2.095370323039969,0.0372537669404255,0.5978968168373591
-1.2642377011732269,0.1904701420241359,3.2883477887900945,3.018116794558612,-0.1576939715847114,1.3486914231959333,-2.4752475995732084,-3.333078618665972,-3.6582025139941337,-0.0831791181763339,2.435965543402446,-4.677716750397448,-2.314131837307036,-2.6879674482217943
-3.491250981722438,-3.504157537293676,1.635102349958494,1.4223641319527207,-2.0597637612866304,-2.392080355826129,-5.083993811804742,-6.267944617805487,-5.329381072224653,-4.734046458620421,-0.5745960849479701,-5.908655149454789,-4.510443926780663,-4.870632579644429
-5.750375802462981,-6.83651058719814,-0.0731073705257507,0.91212613855555,-4.098798996664337,-8.602421342535369,-7.341475267757135,-7.309879220506048,-5.61685898899799,-7.102925944835837,-1.1972570321526843,-5.434299327370315,-5.058062716355181,-5.288979169376811
-5.509805271972944,-6.972404237631664,-0.8784572689955183,0.9525224451347576,-5.6119603094909465,-10.10734169148216,-7.968627300088537,-6.833784696702175,-5.092338240698293,-6.337645765143444,-0.1299036786763636,-4.132951004025614,-4.130156483027349,-4.704762511938526
-1.8525946624891567,-2.336629153440171,-0.7325405482052005,0.327578910825018,-6.235958952438057,-6.0152312743982215,-7.12865912402722,-6.362472028054146,-4.848257641843299,-4.165201897244337,0.2866926092444579,-3.078544636423388,-3.071000256158193,-4.156325247623023
0.5556742602163354,0.5584477702753325,-0.1235798017584954,-1.129648700643095,-5.740972196329935,-3.986729384183608,-5.916437695660914,-6.785151579172691,-5.13286262638813,-2.97765256139089,-1.4131689508375338,-2.517496152634965,-2.913595191875938,-3.9761460357540273
2.416100535053596,2.661526754155478,0.6014345663884022,-1.9840217132293103,-4.033373294833044,-2.371808873206339,-5.077859215995055,-7.379104210658319,-5.075665906596534,-3.6645498024588825,-4.415552500812609,-1.8734602536236231,-3.4471863625645938,-3.724713432172141
3.108263414296493,3.163295044741357,1.4030361802421467,-0.575137400602145,-1.4263769265423465,-1.5745723229017738,-4.304470155982671,-6.62824633481225,-3.7226174175486335,-5.118342833163226,-6.519228234271349,-0.6277505830413652,-3.647258452552819,-2.82251407505073
1.7005473617581048,0.7657314879815942,2.0933537610137094,2.9879961214778312,1.1401334382592871,-2.805148516719926,-2.807677828079836,-3.9900712434324497,-1.2472967170757023,-5.613999783854908,-6.251319171409964,0.9782345061607528,-2.895840807573787,-1.2202270088840343
0.2349540892590078,-1.471806160841134,1.9557778873053275,6.351081579923108,2.357606538323747,-1.8600669271703587,-0.4986949163574827,-0.7820291385610467,0.9366603931774548,-4.558918350880351,-4.18184459470508,2.157839734572537,-1.7214167563766305,0.3776080952542315
-1.7515846625622613,-4.158280400517396,0.1199452718452889,6.707792378675858,1.3339975791637713,0.965621054954206,1.5894058337306731,0.8076135791240056,1.3230021117853994,-2.955224239190372,-2.4150531826381822,2.356801594114092,-1.3348263579403827,0.872041937577805
-3.970945123209359,-6.09369863007943,-3.490213748832243,3.311080245725506,-1.62886009537473,1.500703901155615,2.227202026703789,-0.2636982645879548,-0.3393820223784338,-2.290892580381744,-2.9349688118809887,1.6404132772643365,-2.423966428838394,-0.4531328413852939
-6.127165537339854,-6.70269417280316,-7.594669274154135,-1.732039887280152,-5.022649061929165,0.2719521841205107,1.3663948662931489,-2.7642415801136515,-2.742087733537854,-3.0703613855283187,-6.256990149543778,0.3007669349608513,-4.374306681288818,-3.22001846241049
-6.92045953576839,-6.495292869955186,-10.157396242322656,-5.26647317797854,-7.1296688853005925,-0.9157452562445472,0.4517531330268838,-4.118229296140076,-4.046778712700888,-4.422184673920498,-11.262928780185357,-1.70409111458655,-5.692876196834799,-5.96405013698082
-5.988656058657811,-4.886973732166288,-9.8638998598856,-5.847237927392985,-7.338132156769646,-2.760753202184102,1.1415975824363755,-2.665264064504502,-3.363331756476427,-5.07673647749861,-16.02188282651666,-4.654538350189068,-5.303589320455934,-7.120203057896546
-4.814572060761265,-2.935075878388355,-7.262659338102271,-4.811603026715545,-6.590008745996506,-2.191060156421189,3.5935942728297654,0.7773606096679551,-1.431037887924294,-4.663087137747688,-18.83730652230493,-8.343112426834029,-3.5507439174204443,-6.329943027620963
-2.965767626975647,-0.5317766062210543,-4.484603064867152,-4.632523379591547,-6.38803625170479,1.2421678863114152,6.085308465878622,3.536485767848589,0.0405714051655685,-4.0008152685463365,-18.913769611059816,-11.619184625679168,-1.9500735691714863,-4.827870823258646
-3.249482252668624,1.0603863224797685,-3.611899205259729,-6.188862534898021,-7.147286508301054,2.6280029122136925,6.539226921346103,3.430333241170967,-0.2001384047098007,-4.079676539275155,-16.46743474328482,-12.918669978238505,-1.823027522436682,-4.293941091929465
-6.107653894276016,1.5030083211149068,-4.969785855235543,-7.683810165086307,-7.503012765314324,2.547238292710243,4.600480463101,0.7719552929146261,-1.9266478306741952,-4.753172917053561,-12.402101781569067,-11.408392179611926,-3.003864235724169,-5.075752482605953
-6.124757628391585,1.7790537659303798,-6.787834704510168,-6.358848516804777,-5.478254911305157,2.552278297596088,2.215292433066324,-1.8129665992014024,-3.636111484275792,-4.548220342605813,-7.805320700936754,-7.653930399937188,-3.848135732177873,-5.571666716620658
-3.7636165577218006,1.447218105108227,-6.614597381119596,-1.4138865215282603,-0.6202751363715642,1.7761346829776758,1.9770432201608048,-1.6738752859019357,-3.789285058123301,-2.000571466419828,-3.5653836587820145,-3.1945550052359657,-2.66997944455586,-3.6571530930556335
0.3536260502596892,1.8490475319999264,-3.408951296294745,4.70137581318569,4.959011049959514,3.3121098545306378,4.6619708759910985,1.4691034095354922,-2.0681683864762377,2.599801782585329,-0.3054013067821408,0.4813314783180527,0.5952646297041682,1.0083121670004171
7.398969375941398,3.131325145055573,1.4059075519626385,8.002622195226948,7.921052127553132,7.44666148849331,8.270736810592417,5.1725365958392295,0.3802618353629938,6.805080406858604,1.472443923101595,2.6047987922248232,4.043267509596751,6.086475563864045
9.468586061884338,3.8703583777815207,4.880511337749555,6.28066842977892,6.488795966147233,8.638611796782804,9.593161182688911,6.321383168940175,1.9114184193203148,7.692879260272224,1.399335400916346,3.092862941666373,5.236967927818618,8.240615921790745
6.221405622648285,4.359639190320929,4.819561522007134,1.0798625183975723,2.196264693579222,7.309493447088498,6.982831765267056,3.7995889940148544,1.7425805055549528,4.448059120125244,-0.379604996833061,2.273699559948676,3.28213528449238,6.0771273109331885
4.271354157273039,5.436995336734677,1.5995850937264002,-3.4327928714874325,-1.147061783673589,5.222481532182744,1.862348722587644,-0.5622532268645397,0.5444113501634984,-0.4645104188184756,-2.7804440434832056,0.8349116616288095,-0.2907469799082172,1.628948733599259
1.9397167784317773,6.96312489192917,-1.999334071028363,-3.7494693442470144,-0.5333890352352029,1.257048355780223,-2.4063984438204526,-3.5698019311242293,-0.2415098460821418,-2.9105866682509696,-3.980789697427517,-0.202842451446795,-2.713133867452445,-1.1576872678731682
2.680054001567883,8.200626070796192,-2.904226672432543,0.339562953145446,3.794938830187117,0.2535082333917227,-3.2866183240731432,-3.353093718809704,0.2551957353226957,-0.440951281615793,-2.5033602329520788,0.0350930836325975,-2.2775776937935133,0.2837447257197993
7.731493669228197,9.242857133145003,-0.1492205577860064,5.881315959951952,8.672635226258464,2.5853842945807544,-1.0414144228730926,-0.8097903983814998,1.5401222988814638,5.4289628662538565,1.506418679314974,1.4888321597436365,0.2570312314596226,5.000938064601928
9.11877942350358,8.755822165576042,4.383185634855071,9.334540434375809,10.750910499356443,3.3315839843921564,1.7148989366761649,1.3777189605144884,2.2286086763601856,10.175163700917134,6.021477538379584,2.942448402096846,2.4122379169598376,9.451616123593356
7.620037534289585,6.442033563346571,7.494204278952212,9.239875401522887,9.158284611180406,3.50590788356152,2.329521575677944,1.1780409160097145,1.3529151744210584,9.876464160598468,8.449106094620827,2.9652564210453187,2.2271815124281638,10.595939900687656
6.098223094019471,4.731752113258161,7.2078843464865985,6.829904834595387,5.812319836396863,2.8558837344077386,0.1912388711818036,-1.0711643476657045,-0.6935069491369825,4.476006902414768,7.649418823637593,1.3716949443810154,-0.0116016006007537,8.313111720251717
3.1098782856118534,3.3352557360480737,4.215387084181998,4.447011282050812,3.376523630735668,0.5693851061120798,-3.08456738381269,-3.0878596890659464,-2.432643964461848,-2.130939037716038,4.935424751657225,-0.276247810076919,-2.0657423827922514,5.06684576327694
3.0322680659603005,2.1585926779559226,1.087265803940689,3.50321094718662,2.9417322471885763,0.206479502261351,-5.2119644917035615,-2.7113711980945334,-2.541642567835873,-5.278111288020524,3.0540062633249656,0.1127143883321943,-1.747249722923213,3.3983004216420465
6.332226072859095,1.6954301647684449,0.0441448592406921,3.7646144962904433,3.508850141940929,1.6461844910160413,-4.962825247516919,0.2528218884934983,-0.944125451036629,-3.237758236941101,3.9246293089859527,3.1779235177912835,1.1788875323983214,3.757557787368028
6.0690540526839225,0.5028223249865943,1.2631742888255113,4.175859336114255,3.452176644960033,1.9991291977071888,-2.6826809826038014,3.9491452885689577,1.183181404884391,1.652490899152518,7.0892501920668325,7.2558927406710305,4.807129874396441,4.587479553086875
2.9570404478427705,-1.3259035366741128,3.0931709322155303,3.991756312151587,2.2977841055599284,1.860985340710749,0.4488497416737997,6.089843574166925,2.4336192824391376,5.202323478310087,10.2118960269702,9.602216106557105,6.651473598346849,4.201623812081004
-2.3864349434017127,-3.3553992075584227,3.764580620399341,3.043640423785602,1.0735949362055424,0.9181854688555132,3.390318189142161,5.802077336373437,2.287516520337597,4.810868866166906,11.09689417279258,8.649730957826662,5.522284759625728,2.334619863551901
-11.417467640582617,-5.870003315126182,2.8969067954497247,1.232240098402695,1.0593231982765527,-1.33852916804218,5.560579745258359,4.168343316518895,1.3819707944515034,1.2027434448350591,9.36785688672158,5.239683155787063,2.202198687763591,-0.1065021798395249
-15.15176560523557,-7.727892394574376,1.4906765894445932,-1.750302513734583,2.3311142871678383,-2.019772229632521,6.5719714687017605,3.137668767553356,0.7938672561358022,-2.7211545727236146,6.418567671194086,1.7358016082388872,-1.4183596715212752,-2.469454782052364
-13.288843872081223,-8.847193818153725,0.661542408280166,-5.906074715316578,3.5752507671791047,-1.179210485129512,6.062824785177687,3.840530965551001,1.0439718521143062,-4.548077178333487,3.9492912394735655,-0.0696116635636241,-3.823265626881576,-5.130413312695809
-11.08546850507669,-9.526785247921746,0.5284416032322246,-10.239807487749852,3.306784543682383,-0.5603281540285331,4.023676104823172,5.717152212185922,1.7009844315123843,-4.108331792065335,2.6055572000497245,-0.2964514340379443,-4.751869062972089,-8.69895668628408
-6.456121108920225,-9.443265236785937,0.3203411615465361,-12.96344287572436,1.2665369738326522,0.4145346108271416,1.247530283467833,7.068915927857661,1.8720302877775656,-3.0456785530611006,1.8443040881427164,-0.451993587093384,-4.970563293260975,-12.663097890491354
-5.536187168221551,-9.530404106294275,-0.6010805301469655,-12.783564408360204,-1.338496725933318,1.0318540754531975,-0.7875939909479515,6.459074602878276,1.079454112996228,-2.9838050422965567,0.7984434931522095,-1.7408587730654856,-5.368910593815949,-15.21900709507108
-9.229689315854056,-9.780009116739013,-2.009892048886676,-10.173978921890855,-2.928072573454825,1.0557181536176106,-0.7963965262109136,3.803118087011894,-0.277031035260129,-4.121219678963955,-0.9037226121251852,-3.8933230862543606,-6.214463951556963,-14.744645143400442
-12.31331354863098,-11.296201229826933,-3.136702774525276,-7.297895293774362,-2.908538996868254,1.55855913232877,1.2974850474242563,0.3653947495989893,-1.2624729983308756,-5.382616935996085,-3.0082229927526782,-5.517168009256322,-7.088177994750873,-11.480127456005537
-16.391496415025863,-14.435222592128216,-3.584625635622224,-6.414335473187775,-2.0563314101180925,2.3424766270436246,4.116950425790929,-2.215587932634456,-1.2189129878326703,-5.683639792195053,-4.958778707876669,-5.458886797855417,-7.392848342266205,-7.586313444670961
-16.855351093561417,-14.652202751797848,-3.7511982292813073,-8.050778630450246,-1.6611848963215523,1.8148664212702217,5.697910195173289,-3.0638868723034225,-0.3241633817937028,-4.959378454828311,-6.167800480641979,-3.819422547213154,-6.906189366511597,-5.347395328735624
-12.720756855818198,-11.992097102271034,-4.273019431671933,-10.521496965609662,-2.3149960886396066,-0.0108519464204834,4.858084361268773,-2.542722969793397,0.5671970369846644,-4.065458989740485,-6.170451386690958,-1.7811182853157597,-5.91416092470204,-5.214751062087231
-7.44907619020865,-6.123439506859224,-5.135765660770883,-11.237006316420604,-3.485796535200885,-1.4905274148750751,1.9950815267994384,-1.813896159488744,0.6212305364138473,-3.848215305751456,-4.914712117280949,-0.5850543468621048,-4.887493038311614,-5.617575080264674
0.3847578605767815,4.221767830433634,-5.485025725626528,-8.741620524339556,-4.192714437428196,-2.903475351075463,-1.3048357308312577,-1.9006235717454736,-0.3513199727465022,-4.38996674458275,-3.106926854577573,-0.6579604367313081,-4.074513809896835,-4.719149360973523
3.4764610763113564,8.31682682646195,-4.415614758723201,-3.862883031703918,-4.037766507172528,-3.725699676019245,-3.479874518440335,-2.990231947492835,-1.825751676477669,-5.091326555268312,-2.072433912685888,-1.538545415083508,-3.4119385326705043,-2.3549519978936555
0.960497832423488,5.871789805667789,-1.9480601879030388,0.8675196154034364,-3.562735009926783,-3.6003786858815743,-4.016327889562538,-4.468029364715798,-3.015822944563308,-5.350528917402322,-2.8596157793337014,-2.4379740160509678,-2.7925738266495106,-0.2218627854643227
-1.8484374378232515,2.3839927624645414,0.8240911306353631,3.004510573145179,-3.616264742012362,-4.5623930509334585,-3.530231172805225,-5.5612827150015285,-3.411023233703329,-5.085380843269139,-5.218885572491784,-2.830877155753951,-2.341022659104468,-0.142150513715622
-6.881957081821393,-4.69911835720663,2.583239418650564,1.8398533988411057,-4.397187800424053,-6.483433141470564,-3.030452018385705,-5.9763784284824,-2.997445119276957,-4.635833506194901,-7.540079668463718,-2.6720024716646997,-2.3372233875993427,-2.1273111713246493
-6.525879421197546,-5.682273777285131,2.794457654398471,-1.216682719414841,-5.136843422369102,-6.703100503062534,-3.135371498373701,-5.969818423547677,-2.109984786711916,-4.257283770556963,-8.067041984816045,-2.265895023559894,-2.814796224993678,-4.134926835773239
0.3540807218225048,0.5066286993098905,1.9293616344426687,-3.672414051522013,-4.738384000549166,-5.429226446309157,-3.862352103013354,-5.87391698771347,-1.1552145029738767,-3.765719594269667,-6.371296452889872,-2.003061664545948,-3.244159161680608,-3.740180745285862
6.087331452712535,4.693214273829192,0.8270152111648734,-3.583517813338064,-2.7714182237887925,-4.16921518009598,-4.927630612512887,-5.652852566448721,-0.4400973937236081,-2.659863430103428,-3.640319087090328,-2.085142606571692,-2.682563063979628,-0.1372818200713119
12.579963887647502,9.148994255424071,-0.0276743008243354,-0.6621164476937551,0.0955645795102224,-2.4439887204379622,-6.053262878296629,-5.007863585209439,-0.13559418352758,-0.5655741600847382,-1.4367624991444463,-2.292726147680108,-0.358172983432004,5.3130493083684005
15.96399568650806,11.15089726035352,-0.5798741864561947,3.7790609014000847,2.595419507580507,-1.8405986441227904,-6.987618596548318,-3.898832402136408,-0.2593800035924358,2.398221043133523,-0.1485379788984424,-1.9345134738752527,3.746461631200517,10.302783988745809
14.827166528615644,9.18789596000716,-0.7406176926377546,7.838225563342747,3.8254401091803167,-2.681910601540641,-7.433712408861647,-2.810256496475443,-0.6144882513953585,5.607940961477999,1.2910556180519983,-0.1572531888574317,8.759605384435,13.28633535866194
16.409217681084808,10.35276650829974,-0.1131399039008922,10.200702998497723,3.853141595491699,-1.7558165038074625,-7.187624015882508,-2.320192959004469,-0.7702946790456151,8.262961368259093,4.121486778198976,3.4314518508429748,13.342208548558384,14.208617405664215
19.651688486260536,13.853817275181814,1.6510940419120166,10.724460770691318,3.5334281051855427,0.6606657895150448,-6.400929100376965,-2.354110284232666,-0.2172487528636466,9.828183421650436,8.244448918998653,8.238770021617075,16.3859746594,13.951147062513831
20.56846261508793,14.909639778632489,4.264501378688433,10.207614932905836,3.790464101563512,1.4965844597848523,-5.567087675905186,-2.0080090351561086,1.3126938079309003,10.32169038711172,12.073289761148736,12.757992536645231,17.552018378602195,13.375469556894688
20.11305601987798,14.498234933589174,6.750509985325676,9.665047154750056,4.970866221260402,1.1647501828251707,-5.085068380145239,-0.3386035366269402,3.5682450556316816,10.273164026717104,13.932159435131618,15.331462542160688,17.339837714263393,12.894290292951252
17.09723404551755,11.680333575222315,8.131792329506059,9.65066995011325,6.6808809485459255,0.085750508502664,-4.825415161056104,2.532044221704566,5.799039183509173,10.364392501164213,13.577813756507156,15.110431539471309,16.65980947194918,12.633992454321026
10.774778105548274,5.53831279438023,8.198400440172144,9.989251961121948,8.080924140752877,-2.336551182095379,-4.2709338778095605,5.141550254797457,7.131036278493403,10.96764977681645,12.26978190789944,12.495261685907286,16.176193205468273,12.604728457163516
7.114420046754622,2.3405050806624006,7.538716363168682,9.97415356062961,8.346301777998388,-2.5125193336395912,-3.216227686634968,5.6952147732016005,7.057393544453097,11.879003183871394,11.316330452979106,8.733494459429094,15.840974997965638,12.543238683806662
6.015219485925151,1.990070600086037,6.790389289950567,8.863474157763257,7.050291923242536,-0.2756006343351622,-2.2876935702409646,3.564944054050798,5.684708699231697,12.41564689657259,10.633936049505918,5.035601960116322,14.94516877587544,11.765824916781725
3.2433791002076338,0.6009332628010842,5.931266620258136,6.418005932839385,4.372149290978267,0.4324239019869651,-2.56216482960116,-0.0583019426188489,3.567710675277094,11.797352003968308,8.890378976612018,1.9290179914852503,12.678175764349833,9.514287507727008
-0.0531533487687315,-0.5646051248476569,4.407839279797653,3.204280498440652,1.0846949007255589,0.2811273231270846,-4.445621459828517,-2.976622928073182,1.3151975850000746,9.5690605305994,5.162566551629576,-0.6943391183470045,8.818786303135134,5.675964266003895
-2.824729197366853,-2.2678363399513963,1.9844867887957829,0.4384863514541672,-1.7335957903026866,0.0284236761501706,-6.857059085379635,-3.586652325719274,-0.683306758011125,5.852461562612693,0.3835597322857786,-3.017003093753986,4.052816216688081,1.1559535032546888
-5.501814311902951,-4.962602857133115,-0.6281152465983535,-0.6593762805473604,-3.2168716083117763,-0.9647303937591936,-7.677296875730905,-1.95510316553918,-2.236284862491262,1.3446408268335972,-3.076363228558077,-4.82744283323904,-0.3490140577584402,-2.624976931845969
-6.194792304884319,-5.831484056549471,-2.1446733419079136,0.2926441552518319,-3.203144366650334,0.1803398529534083,-5.321088343922662,0.4185221725277306,-3.193484720633167,-2.9206223876023936,-3.521742621490774,-5.613958155739871,-3.312373536791436,-4.767979599512717
-4.607191743486051,-4.9989755539041845,-1.8431541795560955,2.3557339374214896,-2.347939324122427,3.639046945576,-0.1789188184522743,1.821816356612432,-3.430787011666976,-5.982877801996661,-1.7656531882081632,-5.134754414606352,-4.671820268539885,-5.533680704286029
-5.38838113925546,-5.258878131088117,-0.4050869382819817,3.619043150208294,-1.7284141122621834,4.343796163434257,5.368852687922893,1.5110750167378153,-3.0320667658005527,-7.387861116325088,-0.789129454547512,-3.907548117659134,-5.2912049971837005,-5.9903459564567605
-8.337158648408478,-6.199692786339015,0.4099769541851046,2.338461809378148,-2.200033213160105,2.651765968405325,8.531212099198022,0.0389298754331735,-2.4194792793032773,-7.40536824474686,-3.299282724960964,-3.089099848862025,-6.450498276259569,-7.024826465835384
-12.545135202989275,-8.60526157657764,-0.9168968277360524,-1.8179907420711503,-3.956405410629923,-0.3452694972559378,8.094657201047678,-1.3271050636359332,-2.168451922135901,-6.84513649637891,-9.261100686222331,-3.730291286952824,-8.885810254588296,-8.63323930526145
-19.095661725057784,-13.111620784129242,-4.427809629131929,-7.342670528016026,-6.526594023585032,-5.745806089232283,5.246821925367966,-1.5285575079241809,-2.5697977569736103,-6.534841212225425,-15.608683673591448,-5.9621438430087865,-12.177430263326308,-10.064865572591392
-21.319384972489896,-14.625248650192862,-8.55961925708246,-11.724536535358023,-9.067438425304664,-6.466942359316263,2.5864229196606843,-0.3362323555353912,-3.3201796569476683,-6.803872885270877,-18.4710322144004,-8.799128286493177,-14.986902311496095,-10.566745272604075
-18.88341695203849,-13.185737129288798,-11.2224804465317,-13.056088741205484,-10.674317145386944,-2.083203208720136,2.1390410656644905,1.6229314678953148,-3.6794662484614102,-7.348148816074251,-16.10134265991521,-10.784061506545928,-16.01387849485619,-10.011780102485362
-15.06542279995845,-10.16006646646879,-11.222168101053192,-11.264142403113896,-10.639285323800449,2.6206601303391417,3.973194901130132,3.3002025170678126,-3.030947134714555,-7.56986903460502,-10.157319249900276,-11.007267436350086,-14.946643682767531,-8.94065784406199
-8.190430882736766,-4.310848220122685,-8.966580302930986,-8.049621014904993,-8.771618166180556,9.332699129291123,6.44877413715848,3.7968617935922673,-1.4101011665070442,-7.121397380242208,-4.402711215782662,-9.696462577639346,-12.645896051261468,-8.11628414671124
-4.151103751590779,-1.5048938127678049,-6.042794392959219,-5.618107423877385,-5.733219261143512,11.1626331214226,7.734403584912346,2.801465998236188,0.4326437428823673,-6.235876662988195,-1.961082934928072,-7.915444396762528,-10.421192423950266,-8.001377337487122
-3.503534249456153,-2.02594046452538,-4.113296852138812,-5.21230065822849,-3.00450215046253,7.040309347794481,7.217469278511063,0.7527223887880157,1.5087541703816536,-5.58683716489535,-3.2593071045848045,-6.661489974412243,-9.023145837848036,-8.483384031833786
-1.3943246872726456,-2.2306344383469323,-3.9551721522289913,-6.524052494313319,-2.1343202505896377,2.978957394791403,5.664267413838377,-1.3308710636933778,1.2741530880080076,-5.746444961946468,-6.080426908744575,-6.151514264640476,-8.19436659616684,-8.947405607479874
0.7817039220258398,-3.495886517475204,-5.176741413897747,-8.246284600330124,-3.563233000576708,-2.8695109395827627,4.198335336519307,-2.3373153852202293,0.0385075134404959,-6.600933130783552,-7.450263266618436,-5.868065837637841,-7.099055363020229,-8.658815669683186
2.151988735031141,-2.8635647957493457,-6.594852983450331,-9.115450658612207,-5.984774767365522,-5.944426587584681,3.1924276741648883,-1.6849256690991743,-1.1962433871310116,-7.1774279362615045,-5.786243563587038,-5.210241216038716,-5.182619799359008,-7.293589078138291
3.1681435583946698,0.1952845929877025,-6.930675919515233,-8.589435288727463,-7.070002625229028,-5.191479220807516,2.0955624980116765,0.2807461694434123,-1.3946701297109902,-6.148618990777468,-1.7568563203746024,-4.0626733644172575,-2.6879507717029765,-5.283894397878519
3.2886004941971025,3.1336912004998663,-5.483569931542345,-6.858013651624087,-5.267590205073435,-4.710851173531284,0.2085410068501132,2.453192463508429,-0.2255463613122263,-2.8267797707874323,2.5409323228205603,-2.7750310745771656,-0.4255271820394056,-3.615796729218785
2.4060641836716714,6.758285842397379,-2.5370093610676734,-4.5072687221289645,-1.2430407775003047,-3.1279431529961883,-2.4654912133528195,3.6705938389930206,1.647215954291675,2.0268488951836545,5.21050293076374,-1.706267951189473,0.9317286788644632,-3.0709901823872165
2.9436827394708183,8.178976368651512,0.7149382417805985,-2.239693280251312,2.4347255633003546,-2.138525447656549,-5.103916062100365,3.4809506814461293,2.993125231084427,6.330010355913272,5.708042107298228,-0.9080151064691828,1.3894991769636005,-3.466411068698397
4.958417292232741,6.867636510840732,2.8118223841362413,-0.6788562848995812,3.3150588038379203,-2.235735025853028,-6.673717468146254,2.38129097984201,2.918730461633994,7.91350090426838,4.860845335315528,-0.2561085241938914,1.5711954116801137,-3.631188063780094
5.934118708810475,5.179916852147977,2.964537978109474,-0.0748542466157899,1.144155005126413,-2.267991151859016,-6.609028482942856,1.3542068422064308,1.580700201957178,6.097621301677776,4.042296398179298,0.2490174668803928,2.155907426641357,-2.3084699817826566
6.319610788669295,2.2828339823156782,1.638020421162134,0.0123423156306126,-1.8548300799192303,-2.810843303086326,-5.023751858882027,1.1057474839139971,0.107997503969344,2.359190533393513,4.247017042400231,0.48891989732497,3.311250100407868,0.712052912641802
6.370135165308588,1.763883132127372,0.2377245533608956,0.6245443176963668,-2.8215695763766027,-2.5672234497215287,-2.509409672819805,1.6225482809042076,-0.2702615649462215,-0.6077786737272721,5.594044299170515,0.5733177265787983,4.57746157649528,4.263210021828444
5.664191233529394,4.1542733544813295,0.0580666737919901,2.669193203975769,-0.6250180341646061,-1.4312721212488533,0.1193546738157027,2.337171203761352,0.7842536808851428,-0.8399918269856999,7.358596896215245,1.0437126562017405,5.2638254473287445,6.659701493994509
5.693177016896075,5.48554503525214,1.3555264114861971,6.001929842405435,3.3167528092862986,-0.4936970443922189,2.0063633013070925,2.673606981726628,2.441176099597155,1.4827440893793955,8.429493010127512,2.540875337142083,5.016143285157861,7.061683151988181
6.462509946288652,6.621004507963234,3.348282437053268,9.250145816273529,6.40576682036308,0.5312663943270486,2.549221828377862,2.5018067543878173,3.4070491785033146,4.361118378523189,8.034008844165454,5.185755339087073,4.123715958678168,6.172015840625191
7.155306566706464,7.175962973354887,5.073759063031856,10.798556601965434,7.08605754367872,1.612104571149892,1.8624278619875063,2.1946778693881983,3.049079513537951,5.784373476142594,6.395614608664678,8.353915228263201,3.3754833250023584,5.671762856780475
8.089872802971676,6.513544320212076,6.212583742050931,10.212088255226869,5.926886592305445,2.6072239556387777,1.0138709124913503,2.3177562921005888,1.986044585954536,5.456551327076648,4.790728515932126,11.16238773677654,3.6007492749022783,6.890074307187556
8.737543977377598,7.660132490228173,7.093294002235844,8.754726688506155,4.787286436574903,5.1625956421994745,1.5464569115350797,3.211022029042755,1.6193719446984902,4.922273855340926,4.711938038240387,13.20045896995634,5.177400876432881,9.810478224605278
8.996365279872723,10.495722626806408,8.015483259619653,8.375370856053578,5.071941504714634,9.371184630519387,4.381741482778861,4.749540793976717,2.95900311550707,5.998439976534405,6.6088317095784905,14.729820271962426,7.739843450991579,13.151273326535394
9.291391892705828,11.21936615007752,8.753075484392042,10.002667113114946,6.722176327200189,11.378724748205954,8.941624207559222,6.428959224565841,5.699714395289394,8.94291217791001,9.290235190142049,16.143301588626674,10.227156396160954,15.330180174988648
9.474454379110885,10.1916999157729,8.822953906770742,12.73144498382388,8.619775339982418,11.29708076124226,13.34010509781962,7.690537161820143,8.310319175785553,12.019595574615536,10.70107950042552,17.286151804235864,11.342386545689202,15.478905286348947
8.950173694479213,7.93871999547154,8.158277760519884,14.657773652231889,9.68905215856171,10.853124754723758,15.61542384696593,8.211788563559004,9.085883480524842,12.841397809201904,9.549277769986404,17.39337144339935,10.32139261032691,13.7838348861521
7.687398796175504,3.647669826609141,7.323283043972053,14.514267738646408,9.574498203329942,9.210653688376162,15.00711543146834,7.923750873320846,7.355727938847705,10.28963764053829,6.333404798516699,15.733578881802622,7.589798834377381,11.07462628019197
6.09132594043494,1.412052509611945,6.93949791014067,12.52708112736104,8.526666629232603,7.616898674437714,12.235389852189233,6.808258173649456,3.9486645426296016,5.364054778517583,2.7827594466680576,12.324006258232984,4.713463889165617,8.14926904444539
4.011936305965151,1.3539316012631082,6.947808811287889,9.80466980594042,6.995898542528797,6.213264882445994,8.68875073126449,4.793457122280175,0.6194697524692954,0.3529013749434693,0.248894363562683,8.053515545051447,3.413855392767454,5.385624470491939
2.881998404263636,0.1672067471241154,6.593895602868656,7.103389590949408,5.464787680051381,2.1687832946506136,5.400685122312587,1.9647026897964104,-1.0925606469910516,-2.821865283017849,-1.3482807944335269,4.162522315566611,4.231813377443236,2.81976308075574
2.875748544971925,-1.3070024855512976,5.24156944138656,4.348175195861312,4.443135031420818,-4.415617349819591,2.721238034959764,-1.122497877598431,-0.7798646224079073,-3.6853423699172905,-2.98114523033404,1.5720822669898764,5.949559963671683,0.4660421369306808
1.7704738289806126,-3.178517938314866,3.1534253104251264,1.30234256064859,4.24673987938833,-7.161877173522349,0.7128778620831899,-3.501499999318904,0.6562205324237662,-3.0564902563446834,-5.028429465291361,0.5318679783542413,6.421923443271365,-1.4640407175067849
-0.1679121523633027,-5.9014501161226125,1.3367269815951517,-1.5679878491512311,4.598078851480033,-6.144178692604144,-0.4618865100696787,-4.393923773775217,1.5519805776326767,-2.143539432565063,-6.542563090600671,0.6538112181311009,4.248203518625054,-2.6213225283639474
-3.174350686680595,-6.852235712243699,0.5362009516776576,-3.1981276090522823,4.595748001700295,-3.5688635271284523,-0.7189302210104547,-3.892287207297751,0.3822959603262257,-1.8089240567483724,-6.221783009165624,1.129921834077562,-0.134234918532992,-2.797932003988368
-7.73734473871294,-6.011960954428426,0.4140444337629496,-3.0176215348570183,3.380890167615437,2.08984775089057,-0.5131476336777485,-3.029217538418901,-3.3973220168718603,-2.419797498012379,-4.179563719851618,0.9958254661737164,-4.902957135681819,-2.2338275654543205
-10.103718460036117,-6.284784564802436,-0.1741334354972181,-1.853989876654748,0.9973684402123616,3.517507130361805,-0.824148730601828,-3.0376018350188785,-8.902568775358203,-3.990094816721856,-2.554780088069915,-0.5409769622065657,-8.399902292869069,-1.7300132893658429
-10.219485528639236,-7.243210693057329,-2.023748467998182,-1.5518953997028673,-1.4977402484586395,0.208619240690453,-2.4086833318272376,-4.390494447895184,-14.032044471694048,-6.198734888680864,-3.975161876940295,-3.7252373120287263,-10.32450528897283,-2.390792958204372
-10.61825695576427,-9.355231677402518,-4.705713264224942,-3.506014436682895,-2.9750409810777336,-2.201953102003487,-4.991415639167848,-6.461528939303253,-16.421937246838326,-8.323460064786829,-9.045438863508869,-8.022375487818337,-11.543587228767562,-4.986834137970061
-10.49885261437659,-13.239633928328551,-6.8794645312694325,-7.443448461847316,-3.3794551973360534,-5.405744561087575,-7.330164349008099,-8.090483789715394,-14.799119447819647,-9.455597497643096,-15.248602105839517,-12.2660183689051,-12.895091071755608,-9.254962262879014
-10.965837076811122,-14.01150134961291,-7.507969257454939,-11.593416631725956,-3.8630659888910777,-6.29768653038404,-8.276376315495318,-8.525122405506607,-9.925344684584914,-9.082587980277804,-18.57373047692141,-15.199022707679717,-14.29846489078198,-13.702019468610455
-12.38475639808329,-11.632653749170805,-6.777781908363885,-14.069785524810923,-5.625247168917163,-3.964254821596726,-7.862835459135809,-7.918887085405811,-4.332225478919174,-7.564230075485477,-16.682967452694804,-16.10913928588597,-15.018404702425896,-16.294972483991103
-12.808246216323049,-9.051085187597442,-5.835191845012298,-14.195052353873134,-8.533343860055902,-3.226680773483422,-7.28283179804138,-7.022134114302342,-0.7876406427978884,-5.937671508170931,-10.866434150832829,-15.146929161820337,-14.626464753907523,-15.730242029213509
-12.517580452450636,-5.205556811514465,-5.637691752587269,-12.662267653754656,-10.934499603373046,-3.2663158765008484,-7.669561259268958,-6.423878027384147,-0.4683396780062008,-5.09275588359353,-4.995603221980597,-13.122989629570808,-13.48920911001088,-12.33817868954208
-11.81016050212005,-3.4126917812326,-6.073897870072834,-10.604582614196328,-10.965054415471876,-3.3098426624676662,-8.828576968011282,-6.036260827988114,-2.233797306045453,-5.052948777139037,-2.365428783146322,-10.953635775607935,-12.22552141448198,-7.813053036091784
-10.34713908633231,-4.234465653259284,-6.1896264752053085,-8.615971885922626,-8.19792230863252,-4.1222284793975295,-9.22706884162581,-5.242648011317766,-3.654502988481624,-5.069267965790697,-3.2079367688105247,-9.166746395405037,-10.809072304743436,-3.939733503229995
-7.761787885897326,-2.504926231199543,-5.237556940214159,-6.629147375063577,-4.111697617098675,-3.310929705775066,-7.371696058661307,-3.547733034488302,-3.0280877808683124,-4.435078926152732,-4.967506816561836,-7.789747134684458,-8.46087240841002,-1.4427868883700197
-3.91953297262285,1.104875853337938,-3.4854270830463507,-4.554955365599773,-0.9638645567282446,-0.8112088444566902,-3.339200055154341,-1.1585524341864943,-0.7304733028299188,-3.1874943743682844,-4.855785290361832,-6.609154518547654,-4.63078493218405,0.0172538538996009
-1.621730424802271,3.056216044165627,-2.007301559125851,-2.8064902232652003,-0.106592296577889,-0.4765377367028395,0.9759795846438388,1.0006457634007784,1.2319962963716118,-2.000185397033678,-2.230881786820051,-5.503826540302008,-0.0808166441286672,0.8422158979867191
-0.961435392786761,4.026540798983441,-1.6969581874588835,-2.0490863351919524,-1.1949561120669223,-2.0301548188684206,3.160136521813036,1.8610646779857944,1.0495200589743376,-1.4536393916447476,1.214427885993807,-4.563040224232093,3.2215658460026577,0.687651561971431
-0.8767093798435511,3.1006779927774706,-2.467539057259053,-2.451763510952825,-2.7983801710399234,-4.355058352426618,1.9918186226179548,0.9077272050812812,-1.3212150738034754,-1.5238044785720963,3.250299063400841,-3.961308781691521,3.5845786348116007,-1.168086773513222
-2.0915674198254552,-0.4535161399265743,-3.378776099445342,-3.3333219516222794,-3.6478095501190353,-8.25725562819726,-1.845138742717907,-1.5332936912399155,-4.213820992491797,-1.8164487160186755,2.967450520502518,-3.783064321598234,1.1742242777661376,-4.629001419209571
-3.056877886664889,-1.755316435283502,-3.539622541956117,-3.7106242002789296,-3.3680014340867865,-8.831709789728432,-6.4502463826259975,-4.559859841339094,-5.77842696137956,-2.1617364970350232,1.100420836500695,-3.960668645825882,-1.8622879113308288,-8.14017555258283
-3.7322727830203,-0.9456669801810214,-2.930963115128202,-3.2598455456704274,-2.2813515842610803,-5.706917607709141,-9.984439608576285,-7.17072767651336,-5.474910009781759,-2.7424866389652856,-1.029968620293829,-4.305620562906546,-3.005776692959912,-9.526303691293538
-5.977674510257439,-1.7375753512404783,-2.3971675011052915,-2.6674802897480694,-0.8342341084683582,-2.6297477805270826,-11.464929271286708,-8.530491146401591,-4.15650536971566,-3.5147937086850827,-2.5766560211459435,-4.531696949868981,-1.3289513130672417,-7.707039054844271
-9.559913056234068,-3.25709814866088,-2.8190345137988206,-2.907422618636783,0.6245367420825695,1.5659507433561068,-10.74836444212156,-7.975600787278962,-2.829654231774532,-3.642073620783776,-3.2662412211280065,-4.274726491732494,1.9353390587441093,-3.684336572369908
-9.721309542776584,-3.766413919605626,-4.204268537747144,-4.104908550381475,1.646454717386968,3.4875567117328616,-8.181146682409207,-5.093779514196614,-1.493140344586415,-1.8463830284735725,-2.8809380391887878,-3.206297834036966,4.665036544878717,0.1935841713689576
-6.359453670730508,-3.637063640980623,-5.500869701926487,-5.164839279132215,1.6304164285296958,2.416167326091629,-4.436831751455467,-0.1098209050406899,0.693892607350918,2.3466448043555737,-1.1040838368679693,-1.2472647529180168,5.691716349898317,2.066940849925084
-0.6298547241910118,-0.829702290500596,-5.333377969876357,-4.6522585423045895,0.2944098019711894,1.7924835776872576,-0.5062409779051249,5.703540812778242,4.120096345043876,7.596922604594146,1.9239041670887744,1.2858133252385464,5.512615642757025,1.877130071194852
8.753331901363174,5.181750427274433,-3.1056694603186537,-2.164715398329676,-1.7299965371197137,0.661861997441118,2.5327993721295705,10.197502732592271,7.739949925615041,11.150403668591258,5.038670732226917,3.768530756739076,5.379670381462249,1.0974276109081842
12.698335589852102,8.4601519269309,0.3846120495279601,1.1139592783154129,-2.992260805548169,0.4740526880799388,4.036125933735473,11.367917925442484,9.5598096849696,10.632571825074804,6.377624531539133,5.54419936568591,5.856520469374633,1.2886658920514409
10.683004938166969,9.24984974431208,3.3194224261458216,3.2650852525515464,-2.2371199555460803,1.766673042668634,4.170148170406699,8.688474558304353,8.253857800380167,5.888175779506763,4.632353093347285,6.169232364294841,6.320027372865959,2.8187672344280226
6.848193663101857,8.993894906649569,4.010505100381369,3.1767403620786974,0.4723751839573959,3.059412867367593,3.705036645964564,3.710592228260472,4.40125709250171,-0.6601661934377744,0.2453909997287247,5.502107409662573,5.795019588927073,4.731776387074203
-1.170907430279991,6.337615660132188,2.068418739337837,1.436524254484481,3.663363537122288,4.869605104367943,3.3484384653708115,-0.7359266950711363,0.1715702037345657,-5.494487960089737,-4.538536975006039,3.727875766012065,4.153562855374218,5.656450284123587
-3.533658055832372,5.262699256186118,-1.2068415725023385,-0.1554166375161029,5.638672225086551,5.442600447720598,3.232805128831972,-2.3465060313758466,-2.2549973311217983,-6.22648767431024,-6.954268775031178,1.4380378137119587,2.4310615560946376,4.879943734347714
0.5625902258916332,5.822728283751336,-3.535045482995936,0.0244316814438272,5.894088860763443,4.501997190937576,3.013249304422648,-0.8667262851272362,-2.134574178576062,-2.95853650715734,-5.443799175525576,-0.3486162763893161,1.9694408029720216,2.8022034039419244
6.353380387802847,6.107844661834935,-3.0831829890367,2.291524574511775,5.395467187234056,3.446364792344331,2.3984348796277324,1.8492376909407997,-0.3415659633675156,2.0632647090996628,-0.6097216834316825,-0.500249690329261,3.2339350012521995,0.6108551483188887
16.459911700198973,7.007509472176554,0.2947971703527074,5.579457041747263,5.424247355099319,1.7932241953101815,1.5244105928103815,3.330393024178964,1.6126884773196588,6.061114948456536,5.222270247258319,1.535813102789033,5.39242105188325,-0.4468980731722047
19.69060901889996,6.400787111224028,4.883463483353984,8.290299918199741,6.139102245995894,0.512020948415858,0.8055627420249247,2.362934773130894,2.6895419350683847,7.385200130542692,9.458074468881914,5.10257942192678,6.984232217443884,0.3065653914221777
15.087833227536503,4.042955465392267,8.209443737871023,9.30046212662523,6.311381728912337,-0.19271868548253,0.4637833265644913,-0.2592381711871889,2.69415893106034,6.19326873019265,10.70220209324662,8.403110683280715,7.055781323048245,2.7431931425118794
8.736462855155967,2.0183450323631127,8.702980022606711,8.44863481261831,4.5231981181177865,-2.106821846367755,0.2418305604467834,-2.667688031236969,1.925801674545421,3.9434914342718193,9.336722798549989,9.486045236083946,5.822280071100838,6.08795359601962
-2.304646040249533,-0.1525805400306414,6.711862822656869,6.385495351269146,0.6473706146093064,-5.0474946628515305,-0.4105436261013282,-3.633853066601083,0.746478883855549,2.265227700180426,6.98172193641376,7.592196803062924,4.385995028986269,9.28468290776509
-5.467479128480593,-0.742595101983502,4.104914239399868,4.103633957437376,-3.8462858647469935,-5.931238886269325,-1.8414745680721265,-3.490757221864184,-0.4693601149958621,2.014840795445574,5.334012185406182,3.8659295407985863,3.8136805689765594,11.368794255579292
0.5283661671265613,0.7264801061451891,2.8074964119331987,2.505056157241792,-7.037516405606914,-4.828348829449375,-3.803018927855301,-3.462560044979498,-1.1500494828377654,3.022416901812596,5.193183551519661,0.7768515697702698,4.332993935765371,11.758618597009557
6.204014242307546,0.6469890280695052,3.463347560540722,2.1409960218912416,-8.03163752851975,-2.6317241896054453,-5.460168708126969,-4.138810815813001,-0.5661174609544406,4.50377983326598,6.231892060917422,0.5334473550016496,5.258800673953356,10.466735487485666
14.707040298041736,-0.6168537432395305,5.247051610781984,3.09056296769688,-7.404758801861913,1.400692152677823,-5.814640337877096,-4.660554556531075,1.7316268997146065,5.717668931906754,7.493803344899295,3.580294085498921,5.6547081165506565,8.185429997248121
17.30112443241117,-1.4757865984886187,6.811924377728806,4.955191365486363,-6.343774620944039,2.8417365524485385,-4.298437189244062,-3.472348170703442,5.419668448454438,6.387490068138179,8.141897283478105,8.285064167830596,5.142128014905027,6.1005979281136575
12.280032508540652,-2.549301530791443,7.415833870728299,7.015507597390171,-5.452718454233899,1.4050319875106831,-1.1795884972836568,0.0767138858205875,9.36558172241029,6.657568242774285,7.926163965891615,12.066592138316182,4.162120214985183,5.340398862618339
9.71395653474586,-1.7378019196646557,7.260848618094381,8.551595597577368,-4.385066069080246,0.1319757018944858,2.5030695505503258,4.866740338924923,12.1922079346001,6.72783523470331,7.155208453254048,13.116759317095203,3.4846665125608665,6.249483152294689
7.358508888253856,1.284426088062823,6.924954871597079,9.178076101297291,-2.522800255988165,-2.036434065214005,5.493879300701364,8.756057849173045,13.051768904548698,6.550048777359286,6.340004734805683,11.42758517356175,3.4445526241456927,7.977289618786624
5.728464661843479,2.668252977353553,6.594453617649215,8.96794550177112,0.113398384070976,-2.5146373602612564,7.034510368703799,10.253137810830916,12.036883025661147,5.8876941076599625,5.841132693365567,8.436554554681326,3.640097223119117,8.822630617796403
6.345335007109467,2.7641819706699,5.870815517226583,8.27639500247974,2.666037609868677,-0.7998276555808157,7.238320054523077,9.554673611907395,9.970833781661792,4.667896676112012,5.731489997311182,5.74074077618188,3.385575414384295,7.286993071178649
4.623113907044116,2.7894329198152934,4.270633271310876,7.422361874329685,4.109440333832678,0.8710856477274589,6.837729247484392,8.05412122835925,7.804470064393902,3.211482592295956,5.863476244979417,4.007849973555894,2.4667185610902984,3.1881435397984035
0.9987984955327306,2.0035954155961067,1.8549919641354051,6.501001819678817,4.094967245633928,3.2317654146526444,6.510205711305016,6.913574229222038,6.076816365734763,1.990373259056772,6.00086128991869,2.863038047410741,1.42608040993297,-2.011291567661772
-1.0235724453447923,1.7875006215687443,-0.660763955906976,5.441865571317072,3.1829032682902687,4.27860510060308,6.346476423515362,6.11958088121991,4.741802120157907,1.0651707656171077,5.913589462995306,1.5724771587230872,1.0460785633161205,-6.037049487896018
-2.051553882460694,2.2188390031153866,-2.4431260321543284,4.177441588514473,2.309267341759432,3.6189520339627927,5.9065295605528245,4.8570195501875775,3.364698888449664,-0.1758718000046295,5.4369173365409615,-0.2605482845118558,1.497619091262543,-7.310064606738697
-4.400615760322062,1.7360587252619264,-3.232574976127225,2.71123470305712,2.030817784320874,2.927823990826873,4.785478637332092,2.693054384355969,1.511062083065006,-2.508935590904734,4.536553784681509,-2.528744000191316,2.001783778392923,-6.023299021107419
-7.651791689610076,0.5763256667216738,-3.5452200174831385,1.0573611286907267,2.2102577432886976,1.6249554690304255,3.150861881532494,0.3065292336536021,-0.8795348427924861,-5.909078753433639,3.366954574950016,-4.855060103773736,1.4201391046465195,-3.899793728296089
-9.439929954565278,-0.6268018414238732,-4.172843209335646,-0.7877804894099909,2.3279162709108503,1.1022621766175391,1.7292660414400125,-0.991668723317252,-3.335634273706499,-9.096694622810231,2.235033097943198,-6.799964445462587,-0.6841589389865348,-2.755693501518503
-9.960613690727962,-2.1076563515026967,-5.411976774113303,-2.739588090278926,2.037571045895029,1.6242463079047935,1.2127557880496305,-0.4891720579016936,-5.071918417295439,-10.288459737787097,1.401717842879579,-7.9056656079346705,-3.485602668795675,-3.045196449333048
-6.783268897050181,-3.0574524068689746,-6.7309936283849,-4.52101805787932,1.437043623478721,1.4226215456732696,1.5940297512196144,1.1326679136658164,-5.548097846515625,-8.706083239411669,0.7985325965407883,-7.812794140274561,-5.442766683307683,-3.675311591513678
0.913993912678122,-3.33781616975654,-7.206456661056996,-5.773406269521429,0.8698649365844533,0.8302976762876604,2.056031045182398,2.2204243724613333,-5.0025301905420205,-5.483657608378872,-0.1002794202097285,-6.579977716357958,-5.581384971159398,-3.282607314759815
3.652802007901805,-3.310035913101366,-6.347057075884299,-6.356328048210919,0.5376445708625404,-0.0102048380281951,1.605733470529561,1.4610154528401291,-4.445161919419064,-2.9620844341729367,-2.016833885719977,-4.898397780621947,-4.405601125281342,-1.7624766925804949
1.5996344977523913,-2.7161049912484727,-4.543962153590265,-6.518993982025352,0.3439117296182017,-1.378600237630793,-0.0194519156360346,-1.0257647848084308,-4.93258861075448,-2.8117166592367684,-5.259253697761533,-3.776191539754404,-3.5452690532121864,-0.5195277721793108
-2.2358674251744084,-2.472522939876576,-2.732810838047002,-6.6940031512962,0.0944445038993646,-1.6729463486052187,-1.9693764331354071,-3.7208382021988826,-6.61639497383777,-4.613305011547801,-9.182812187762092,-3.772068298557797,-4.338129657604293,-1.1168151214142423
-10.072076547898478,-2.621537932569525,-1.6124262756866514,-7.087710347149155,-0.2250592440859651,-0.8325587105956753,-2.867376325108893,-4.830346564876344,-8.427915446200743,-6.233216898004503,-12.274591088871166,-4.473218979940263,-6.579420151164187,-3.632090813938933
-12.264090024974228,-3.107270045353274,-1.1746722513106689,-7.526591241281295,-0.451494764637784,0.0448211309902761,-1.9769527106984224,-3.6092037911610015,-8.83763253211798,-5.723276911381348,-13.03693622880204,-4.843228139848064,-8.641116180493228,-6.402259261965527
-8.2317838266699,-4.193488571790566,-0.9451639712646412,-7.759420821840101,-0.5329502068159102,1.317666417172724,0.0546702182431677,-0.8839781834255129,-7.166669092356276,-3.055045249764766,-11.14307345802937,-4.227985614089805,-8.954071384540393,-7.480795170767043
-5.336514377133606,-5.521677968021782,-0.5931303572889219,-7.854268683637019,-0.7175556959272944,1.2692262459842738,1.6381940684019527,1.581095808752673,-4.315230687623595,-0.1204763970601456,-7.914508785141701,-3.040044505355299,-7.514789230936113,-6.395243221247606
-1.3995124761461324,-7.191627967593212,-0.2322600398692399,-8.153024947240022,-1.3109708494086694,-0.3781414591513021,1.6044517473429558,2.3781386198851124,-2.1794455403747364,0.993624250056472,-5.545211617538355,-2.355418213835099,-5.941469493071591,-4.481020285977701
-1.067546130949462,-8.116784277480063,-0.1378669666468794,-8.754122328719163,-2.1969006170838985,-1.0918260784339584,0.2889159949384619,1.4574261568350737,-2.1647745774324547,-0.1278977030260257,-5.509651935769485,-2.7559582243500467,-5.932257654274789,-3.5112989923819606
-5.616198035380489,-8.153705019375646,-0.2797042895816929,-9.146012897590436,-2.7254919026854534,-1.2349536872401743,-0.7489627507907612,0.0967776180322996,-4.055179056365047,-1.9307269917104817,-7.403436368122368,-3.6218424251147416,-7.565934654662055,-4.030380039318332
-6.569036853753699,-7.1901128640750445,-0.2741191230596564,-8.580492679130568,-2.295471135730112,0.0477011682488468,-0.2459384136261799,-0.1692696367233801,-6.239637583602061,-2.428634329992125,-9.253430524450836,-3.714200796053561,-9.142134496894109,-5.009807502072292
-4.985366659159595,-4.83219734469836,0.1330516457424492,-6.959770716041695,-1.1526237059048328,3.335287336285072,1.3739352020535156,1.115817773613227,-7.121352653843389,-1.1469346345461835,-9.153119843811348,-2.549274667026348,-8.822414168675618,-5.0549941780996575
-3.958986609076572,-3.4165408355601103,0.5799880371542356,-5.279112579451515,-0.4775538070273748,3.9810668329944807,2.1323543794841955,2.7995324338733125,-6.4829422036428905,0.3468306508329968,-6.908182513115336,-1.1270325497659153,-6.543503473917691,-3.888672329584185
-2.0915443306048167,-2.920929570782512,0.2161763564754866,-4.942851854036754,-1.4014685112092753,2.060439959843413,0.1982765838196323,2.944067450748262,-5.601241492392877,-0.1424686877168248,-4.284622217751759,-1.119492219658189,-4.3051364301154775,-2.681363252097934
-4.181340020435405,-3.363529721127436,-1.5302170133683095,-6.413953949983562,-3.741864292689964,-0.4949616483497988,-4.313197508908944,0.4838732471227693,-5.997996518512377,-3.338315474318925,-3.5799695581497835,-3.2036290833022267,-4.421434235824316,-2.975445368215187
-10.842010538059188,-5.371388077969401,-4.216274734562188,-8.502756234570175,-5.770034792663001,-4.72117213298419,-9.1246902050484,-3.6262512654437296,-7.929527797304033,-7.622908323045596,-5.647616538206969,-6.214420230399311,-7.279015883224373,-5.225176851126083
-12.954415249609832,-5.591144418381499,-6.44989721105172,-9.150601890642667,-5.487631100685598,-5.517480428726497,-11.468456339130457,-6.885422675659508,-9.98130778969768,-10.207196531325431,-9.008065116527607,-8.073767616594303,-10.696669181452403,-8.233158883311194
-11.21261337336725,-4.03933590730056,-6.866521972765024,-7.148585130287735,-2.394675737173639,-2.4040013218703646,-10.242113080681584,-7.163057642813763,-10.184472374065344,-9.32143132831241,-10.84993167125814,-7.673880690928675,-11.588557649714884,-9.951645303011691
-7.90478022365064,-0.8980116376508458,-5.269150935929167,-3.244568312571591,1.8958739814271048,-0.0148839806797474,-6.794763641554758,-4.537219981777797,-7.720234955674685,-5.542960886229064,-9.21796595368894,-5.878839436369615,-8.557078903114874,-9.021335208716284
-1.1304473323992037,4.717220964252813,-2.919396341548608,0.4208298957451886,4.862285789573671,2.83085879684174,-3.7100118865671377,-1.4106309773581018,-3.709272359350295,-1.2253980362980172,-4.688366604672311,-4.64736614471577,-3.168126497594945,-5.866428245298643
1.0478904528346726,6.900677110523865,-1.610275679630452,2.0685058395864733,5.066576339283105,3.1421924495460543,-2.697811589229738,-0.6425335316354714,-0.3402588554511858,1.3330423402086753,-0.1386494847108519,-5.137309763258296,1.238185495888758,-2.476644562568791
-1.7900503023245111,5.497005796043648,-2.2076927603424448,1.6442483939020711,3.1665296761184645,0.0059061473478983,-3.398653889733353,-3.1963763348457035,0.9441521630653876,1.4054462787589923,1.341382663566673,-6.632660009997738,2.228285364912804,-0.9650706977527976
-3.397929601418725,2.6778380434922804,-3.885893715456166,0.6141096313195491,1.1205557035945164,-1.6551430571703267,-3.999259343460825,-7.324843579393232,0.6068316674514374,-0.0353303955861541,-1.1681806804197974,-7.267913674519127,0.1740714447818909,-1.9561792925020691
-5.548510202226687,-3.039151619586089,-4.764525275544449,0.5066982061214387,0.4317692288400439,-2.6404363041891648,-2.972794262975599,-10.027131097594904,0.4546037934534936,-1.3857942231787497,-5.669548014438286,-5.767633177925731,-2.2518132310127728,-4.0995664735192126
-4.771097150644815,-3.8899964915443017,-3.469912004567349,1.6277794785413149,1.0587264833262775,-2.788665074868766,-0.401156177831139,-9.527910512332202,1.819571828725696,-1.6610162590582784,-8.832060908524483,-2.5533673538020665,-2.5250486497575,-5.183123057242337
0.0147242172925273,0.6815485895837499,-0.3213632394566956,3.0711124946387827,1.836565851535438,-1.1991834427460908,2.1563119606153998,-6.643309600783539,4.130890505213086,-1.0369117719271346,-8.657735852886656,0.6671720634877141,-0.4698116206312397,-3.974510884761649
3.4634003868980594,5.061678745081842,2.865558811984308,3.825143203458659,1.7921506843885329,-0.7470365273548425,3.000164747346985,-3.9171599499346006,5.255588122445529,-0.4801539686518659,-5.965782954455724,2.275327611381019,1.7989938410668582,-1.200700441024602
6.5337015225570525,11.101235156666128,4.200092083708021,3.7758515173821854,1.014354218937382,-1.205980115000852,1.6644109050562157,-3.3753814499449977,3.432648686532967,-0.8571870285645242,-3.39635651392533,1.8523236054652543,2.152392822145371,1.235008990148728
7.5086558917043185,12.302481238514844,3.178684989563113,3.659258245340342,0.3438482173006418,-1.7758886516059802,-0.7340168327766614,-4.880410287210254,-0.8695535397113172,-2.1535699746116617,-2.8526490771806365,0.3036357248886818,0.7805383110170165,2.1048467468898675
5.307364139946679,7.501784411644432,1.0045155396081138,4.153850333826037,0.3535020371993922,-3.011066748854805,-2.3458418628254822,-6.418652650966616,-4.903538199375934,-3.352287782049808,-3.768265883441925,-0.8304074908949661,0.2426344943888363,2.0431241384246333
4.480596465551273,4.893818428511093,-0.4390160662572376,5.119703353559251,0.7101367043370561,-4.0027341581903375,-1.9216686584647305,-5.91363519796149,-5.625728324520498,-3.132223041445487,-3.829344060441756,-0.2955162212715376,2.993582385701359,2.8997715353409763
4.442386565218313,2.9194091305776038,-0.0699972519368827,5.731772640105353,0.527436223800785,-4.7384561210415965,0.3701954753322636,-2.9144181576748744,-2.135473170861852,-0.94117064760768,-1.421808316526425,2.1733914746532474,8.650866805102883,5.812738003278826
4.2804036343941005,1.743457220015179,1.6521730098571417,5.297887095838068,-0.6944519148177086,-4.632464252084218,3.197041247465088,1.222009255620284,3.5033360011974164,2.422728616179719,2.6300035938628668,5.634758115482938,13.73351717423965,9.816106191921932
4.794385205533902,2.7406958714563507,3.25816055459064,3.921110285647716,-2.494500383235805,-3.38774383029524,5.150520504007072,4.628473332544097,7.819400270855143,5.320989976384984,5.791432639577316,8.414428776121827,14.41311423942961,12.382147971524912
2.67083289521004,0.0371307351334808,3.556768183799593,2.4155256158562954,-3.7929453858260103,-1.9184416076366957,5.821490580449701,6.441650699094959,8.609014293096413,6.556966546532588,6.325536867184312,9.213334448112024,9.939545662968552,11.539317524330905
-2.2582780191888303,-6.213230183760351,2.5914897585216656,1.6402027702999715,-3.8118162870516414,0.0157631683059574,6.004526928407309,7.228240857552677,6.510332704722904,6.342414774422509,5.09037379340722,8.206774739728516,3.603304138392424,7.720948013582554
-3.713712161519836,-8.198095636002224,1.506835155064568,1.8838251692335315,-2.7212198387164026,0.6879484180297262,6.837403322254128,8.095790167011984,4.223452776287296,6.06878988208737,4.7971943352704285,7.156648661746355,0.2361246049678702,3.6639143121684
-2.038396970586723,-6.611299566469383,1.4963394895391209,2.759889392485769,-1.470802185954912,-0.1855483496598384,8.575585714938565,9.44378970165872,4.1557916730315565,7.084820725506155,7.403670973302656,8.13268717277337,2.3738681075894306,2.3663100725670763
1.4490638906937083,-3.527943785108479,2.771893842491373,3.5786893789009677,-1.0266300835808289,-1.1462299084563492,10.104289685860206,10.561647090290958,6.5571467674716,9.58901014872398,12.177209637854087,11.691120145017688,8.39769454921288,4.8122809260710415
8.172436520416907,2.6429334293583087,4.446434474649278,3.844895899363223,-1.68935433829989,-2.6795064982262886,9.7539728351826,10.425757137005942,9.635846966971991,12.573621213632292,16.322713962675145,16.099392789220325,14.142949201294565,9.353550323340404
10.759598345302631,5.266977973792123,5.394278687018174,3.5538610980492478,-2.964412019898293,-2.2714451565537788,6.839532940641341,8.890373489056003,11.32333573725576,14.72396482692939,17.565926283129123,18.47869164895453,16.380449794650225,13.157673290869385
8.87779311471917,3.954212805440577,5.271217040982503,3.1524764711190727,-3.9226567200785594,0.4562748648836894,2.581652280226398,7.072176687597158,10.982453528496896,15.35637852141228,16.183202490872755,17.03558137029512,15.073867148472928,14.355293784148447
7.626483875263718,4.692846125985022,4.745027905504896,3.215548158397106,-3.698367533982845,3.836756626601365,-0.5256454736596492,6.476818652732274,9.620876380154613,14.629821729983176,14.5343929266204,12.481303865395692,12.656874952633425,13.06643377060272
5.336661369409633,6.0875224043195,4.749443093052378,4.039684791286327,-1.8763709864734048,8.597613908918413,-0.5188097020175464,7.618979750427511,8.665290196821287,13.086557331713731,14.609553234201998,7.417529390869452,11.351356361597515,10.687631182502727
4.611802082093846,6.839597627347378,5.510827532622075,5.438137251737029,1.2853392901114642,10.918877001559684,2.5156550128362367,9.420673220564254,8.59679510711859,11.14261248895378,16.018743241187895,4.300610447487021,11.155868927381205,8.43490014985369
6.184287886912869,7.682746453183141,6.303502127365783,6.910525250620411,4.850332605504802,10.37177862285914,6.47497807897377,9.999625177358071,8.664884196503515,8.967220018402381,16.37972742562671,3.803562114330755,10.226758699082472,6.589888805322042
5.876708237228463,6.89172402272108,6.161379507317154,8.042840234387015,7.5364421212779025,9.467263322711464,8.792610346739478,8.189221614205907,7.758304442258396,6.631587164794997,13.68985810138102,4.837823052623212,7.000024518663487,4.879674941594529
4.330891123381837,4.278625280698999,4.831867947550714,8.74182640157365,8.354361199504048,7.18031565793084,8.225432576925037,4.457216687374498,5.491861718253691,4.167953668015144,8.35938774159696,5.838712353077323,1.8691046064019003,3.167381296917033
3.133834127820762,2.6533715360910777,3.0351457587775643,9.050322212962357,7.188461933855818,5.468158210480171,5.494135659292818,0.4446314209026423,2.538753446805898,1.4682436390270956,2.9645833228899745,5.887816719490335,-3.1261506174239413,1.5162510206192898
1.6758873826945042,1.7474354440404485,1.7972561139645733,8.769314890374716,4.850424697395031,4.632838489646738,2.446764672186781,-2.397843003850893,0.0397094339196502,-1.6857164974414172,0.0146330895452075,4.778255821996592,-6.121317406074613,-0.2872524607641753
0.9409186412578956,0.301625898519842,1.5295641376969518,7.410759705145813,2.505828057424643,3.2305150292153395,0.6002756759412133,-3.826193169130772,-1.2901379448953565,-5.257220555599018,-0.1124699825041615,2.4536441278340755,-6.9090530190562855,-2.843633478622554
1.1575460658502028,-1.186616664560237,1.7429811503240662,4.7058038147822,0.9259831219116106,1.78714967144451,0.2312204323421216,-4.624851650876079,-1.5982137133630565,-8.548281884024028,0.8105068135825642,-1.167926714119025,-6.74831398305519,-6.412833349181796
0.9308996552594214,-1.7051163493019736,1.6222462931044066,1.2295665937558449,0.1791575280930628,1.4220895867235566,0.5262388434629663,-5.533380682909571,-1.6005486317389956,-10.32947327916746,0.7320633496235178,-5.702142409990188,-6.911168972067154,-10.06754765155468
0.495954439117511,-1.2318335570378494,0.8414231125374005,-1.5997613859334354,-0.0492669337016953,2.159080969202907,0.3986558303972329,-6.380931221881953,-1.8836623666655408,-9.675845442975945,-0.7937686784757334,-9.911669240933362,-7.532246895048676,-11.897030467014034
0.8929282404812489,-0.5028722474368335,-0.1954853214986824,-2.3938633630341357,0.0883623725879134,2.926782215921349,-0.7875869545122427,-6.271601375063571,-2.392197929311325,-6.873838841753368,-2.416656202027576,-12.238270551968666,-7.814487813023652,-10.449590950168831
1.9818332461116448,0.7256051699971935,-0.8893798190891729,-0.9057700294694886,0.7857664920383756,3.966896498796936,-3.02316371463328,-4.630806995498405,-2.498023896413364,-3.4584636051315147,-2.4718025861831405,-11.994181552050108,-7.149398993686562,-6.1893872547064674
2.8647774178357084,0.8823222002271052,-1.1663224152807574,1.6188703974788723,2.2106910533739423,3.614263279968528,-5.877274962965189,-2.083782132981181,-1.5872664707239394,-1.146330007710498,-0.6135187283859018,-10.019813383562472,-5.8369860679769285,-1.4960297446726054
3.672334611418989,-0.2610230084564331,-1.6118915427604774,3.2675738876762583,3.960677573907352,1.5356651703229078,-8.778786790874952,-0.2457524214133668,0.2983124877867436,-0.5564830601206481,1.857588333738498,-7.992294619764424,-4.675975033803016,0.9756562073776552
3.006576104033149,-0.9955249502707424,-2.844225206778343,2.8531471606848293,4.963840313596887,-1.2830152379084991,-11.149898046740445,-0.4682062078042186,2.2998339376383123,-0.9396268023699506,3.1015989502292403,-6.937835009304752,-3.986437550386125,0.2258970764118144
0.539572020568123,-1.705387963846978,-4.730064121551184,0.7525021225573827,4.114958039750888,-5.3866956584467465,-12.460508336067385,-2.5710475335225844,3.263712293371822,-1.1571901692715052,2.2097283230083846,-6.377520170218187,-3.1994849973553765,-2.465055177899755
0.2193457252597986,-1.2669322871637474,-6.244275194979561,-1.4452839016136896,1.2835562717675812,-7.135981706638903,-12.342786329306604,-4.718153917771251,2.6284671349366846,-0.8245441006181017,-0.1252019636953214,-4.93808470433383,-1.4566090357766064,-4.606206892570698
1.8788021809997977,0.6856281369158896,-6.18470668564394,-2.124603415966252,-2.1447134018869973,-6.205605500235876,-10.758997912235465,-4.705105881935885,1.0028048715537088,-0.3700718592772287,-2.1062447606668973,-1.804931145128032,1.4484440719163518,-4.259246635373293
4.878959521134043,3.051128373755801,-4.148939038949304,-0.7059975953717587,-3.8735314577387614,-3.341424150530438,-8.08294711125362,-1.7287573653141162,-0.120079642600166,-0.0538498979780939,-2.057953133207074,2.3766935270377387,4.764608836130023,-1.1758323719078303
10.152011857157309,6.222627027721991,-0.932589747905506,2.1149235393448245,-2.2954743713108545,2.561941880980977,-5.007115748786485,2.777115786985904,0.516148103533463,0.6957889676810745,0.3681881253167365,5.896259780045304,7.344353376782132,3.238713483561904
10.114011101020338,6.521294091640422,1.970037312524425,4.904594357912186,2.028105361830903,4.409173730569334,-2.3421315158072504,5.969562271102129,2.702998704167485,2.560493188189004,3.679484776103889,7.133116843348397,8.390811955030383,6.773183785985065
4.328920005328095,3.5003265809200395,3.315427982666688,6.25819741616402,6.326894211314767,1.9059479160769344,-0.815567605885215,5.5081209015997565,4.449890087051215,4.879465835151875,5.137916754439439,5.400789225795813,7.646860998626891,7.441054697881551
-1.6371152805669924,-0.0689369359200094,2.765296583703382,5.342318025210226,7.377115205692178,-2.2934995782740746,-0.8803165792422281,1.1263747560948605,3.115374788166504,5.3126870335170056,2.395332941690337,1.017326581083661,5.056680507256827,4.33110020217554
-9.546051475695805,-5.170762168738458,0.8705637328884817,2.1492361612953426,3.889593816867884,-10.024886590694503,-2.494609752084651,-5.24660378465721,-2.562832530111902,1.5469601416611898,-4.663380523731243,-4.997430088720581,0.5865403705483834,-1.8650660768389629
-11.472387274081187,-7.245509058881949,-1.4081147100937508,-2.4422453169403227,-2.3632336028344856,-12.74478414937866,-4.972899164099065,-10.778074914726217,-11.021350231024986,-6.274845944133984,-13.230017907354888,-11.088916918941514,-5.355242592580953,-8.86768078743054
-6.062684331214448,-5.627746297182575,-3.192264119165859,-6.86291582050021,-7.703757295100371,-9.889175633130936,-7.156839018894254,-13.406748834588363,-18.371929189204508,-14.855177153614958,-18.93713553051537,-15.302549274648651,-11.341531841295652,-13.62079464342115
-2.235774498399968,-4.822811551673029,-3.945916794939041,-9.471942527542137,-9.15408438802848,-6.279387939029629,-8.00634520904337,-12.776425942742383,-20.84104484234063,-19.8245240807261,-18.671706198178462,-15.867008395524856,-15.11254575481138,-13.78693737966512
2.0061430532393163,-3.680152259239827,-3.552672599813582,-9.465314567831603,-6.441855772524251,0.2239899712824911,-7.277331519099304,-10.01180343939181,-17.465356104486247,-18.99577941022359,-12.817487453149766,-12.24078050006396,-14.845013412759478,-9.173418370821548
3.292115544190798,-3.353459797548168,-2.321808882469078,-7.479913316356896,-1.900971082041244,2.432443289698488,-5.6965272623476855,-6.74798629175135,-10.882400521769732,-13.957842546786024,-5.037308652776584,-5.837229254240767,-10.648629787662848,-2.0640945242423934
-0.026996409494063,-4.539485319258612,-0.906587100314082,-5.279919750758431,1.451268799909833,-0.501348342875364,-4.371141855089275,-4.171925570516004,-5.439116709642497,-8.652604870156054,0.396401592091741,0.4554480538370233,-4.8975951205211326,4.009466702476012
-1.8480863136250647,-4.893848587345414,-0.0667630969425587,-4.581069558882652,1.978561266379018,-2.6975704281458133,-3.880020501736718,-2.620879097350561,-4.057012493664514,-6.272179866888118,1.6091589497951553,3.9174835014463527,-0.8111921755942446,6.396240728455043
-3.337957804403537,-4.84357574718885,-0.3290488541190619,-5.8774420054966985,0.1092706476270883,-5.953917424900484,-3.8517987122165023,-1.8015743729855167,-6.36809106382142,-7.138136889630826,0.0319095779807989,3.6596554120323415,-0.2290012685389855,4.889879565238702
-5.350369224347594,-5.094714527726306,-1.730080029834872,-8.236323109134863,-2.518825584103497,-6.786229298828935,-3.3970111736620114,-1.292491572477787,-9.515754112304236,-9.081314850101286,-1.3717000034891775,1.0114828094402677,-2.3675516846318545,1.5738634268057348
-7.001168057003785,-5.337386564011635,-3.791607134688191,-10.2049809079355,-4.409643046159733,-4.249465213869996,-1.9347770742409371,-0.8730690847872262,-10.697889957488917,-9.56203711178443,-0.7947022623126059,-1.6416752162729766,-4.61438554272754,-0.9138341998502753
-8.285463057530471,-4.755591627465342,-5.7196220498235775,-10.988954802087042,-4.9605418555365,-3.435310867930484,0.3877979924021311,-0.4461881079457352,-9.155368918113558,-7.52475225427159,1.2089617233791197,-2.5901049920245525,-4.693776294191215,-1.3131653154603218
-8.991842732251362,-3.306459616762036,-6.720085728720282,-10.88164810692138,-4.365373010766543,-3.4334399986218864,2.9855838508616883,0.2584375056183265,-6.097748497088746,-3.6656550393734495,2.818915451315256,-1.7533323459669088,-2.378156386297249,-0.3820581632265791
-8.785406998544703,-2.4049898629594133,-6.327378839960623,-10.706748943687206,-3.162646301932053,-2.490466178815866,5.382493996377619,1.7487649946293158,-3.090098337969815,0.5935696310199656,2.970444574275807,-0.2869431116738115,0.61402030837497,0.1068730110715303
-7.469064899548373,-1.929045498251266,-4.647952556526189,-10.952833564409442,-1.9314604603362464,-1.2926663116850827,7.397980964918125,4.356872607582776,-0.6823673389360392,4.185559713116386,2.258320533465913,0.5917927192065167,2.2507993616301665,-0.9947410537079292
-7.968595704506094,-2.8607938172778886,-2.379169160616247,-11.429422040266592,-1.1735692791568155,2.177102422736202,8.897877669723584,7.667374006225507,1.5381362803593164,6.674412716877485,2.0099037855501947,0.5018164573945523,1.7884625982243885,-3.3247076430804032
-10.369003477202265,-5.626940508144834,-0.4956937532895824,-11.61351109337069,-1.1562941275167855,8.269173991858224,9.584113343178544,10.452506873739628,3.90418305880622,7.901638635945419,2.6818597995541724,-0.0875609247920565,0.0143388284010348,-5.436910095710469
-10.958961256540828,-6.224855744465475,0.2909510157942554,-11.17570735316602,-1.7002134473391888,9.978358159845518,9.19141384961226,11.423126221395677,5.971649142234453,7.72047622393159,3.279612464353364,-0.4956760279786021,-1.795780189734298,-5.953862593193644
-10.217240995029403,-4.756018076809593,-0.0595103528156912,-10.156367453176257,-2.194160712730305,7.318121976421059,7.874013758541522,10.26955696961878,6.904168094288449,6.189278751083487,2.321692808629521,-0.4391641557335068,-2.994908150310579,-4.443542151121683
-7.970615269515086,-2.205721203910316,-0.9875131151711344,-8.784155571439499,-2.0249983588298885,3.1975829930219053,6.25313966814895,8.016132805202263,6.39924775566859,3.8943834049599175,-0.7093254463775498,-0.1383794100798887,-3.725222756929372,-1.521556441890442
-3.4363221404297666,2.370792112579257,-1.845895311310008,-7.3008359638581375,-1.141459313905159,-4.026628069592286,4.960547448578256,6.241405944150442,5.070693205428416,1.8589288701972504,-4.8834301981792505,0.0189490947425747,-4.240149159816957,1.6072495621815648
-0.9356816726973192,5.113620811683412,-2.386048158772995,-5.981281280982915,-0.1758457023950983,-6.397141373185497,4.124468873759292,5.807281104106293,3.882158874991647,0.9717547872853758,-8.676575881168606,-0.1255410635892233,-4.333270813113168,3.72379901176983
-0.4404512941065909,5.883010865173089,-2.7453309909968184,-5.1307634746638175,0.1347760773359431,-3.21484882435345,3.367812946285348,6.278620265529803,3.2945091161043463,1.458395904321288,-11.163331365561788,-0.3447122026426488,-3.5105201454432207,4.07564231001881
0.9469357511124484,6.6529456280663135,-2.966607241984975,-4.804764372278804,-0.2287061071797342,-0.3615727194621301,2.35354573435682,6.567621005762198,3.06169097829428,2.9122011727468182,-12.317646003122912,-0.1514404064727735,-1.5887154288496146,2.7375677185497773
2.363697415675849,6.506751707307088,-2.6123317904791508,-4.435844852503329,-0.3418827381597848,4.114307217123476,1.2955992639482732,6.106472740180814,2.828245872990109,4.791314761092581,-12.286610916905689,0.9077449857518982,1.0487326236589314,0.7047274974582467
3.381399162736513,5.826828339395572,-1.0071759305320902,-2.917904408396158,0.8985310422694113,5.978941415262576,0.8384690005797002,5.316309383784706,2.74019805292726,6.783601020062495,-10.710324540615323,2.912328076071734,3.793788016522737,-0.5466795971013882
4.278617378294437,4.677465770497132,1.994079878801973,0.5886004169971744,3.5884257480339,4.290529911577189,1.3454529799287858,4.894462223532559,3.2556077486155663,8.649136703973522,-7.126159793614771,5.323041936635337,6.244293556778366,-0.0120579883942881
3.7581036137067514,3.3431524119252884,5.453565172596571,5.668864709459582,6.3338474587818165,3.44265861893669,2.2972832859059937,4.729970173479051,4.301997169929363,9.848780663445806,-2.164324256230349,7.046476787568248,8.175537712426223,1.9590018336068769
1.685246641326306,1.9550238791882213,7.690186025439543,10.49004367229465,7.107962956744946,2.251609383431859,2.507819716908494,3.718241747847975,4.819273060641491,9.606311498038144,1.942725548072472,6.958363024505433,9.204279169097852,3.662919050595961
-0.0437847880665257,0.743542002058295,7.40391535587662,12.925573510366972,4.882756909361895,1.1185130547361093,1.1322973270439105,0.8415948094274864,3.470799806444047,7.563751410593885,2.6081456404142163,4.694191159809872,8.786234925756021,3.1938491579231103
-1.6619575041814485,-0.1099571378584476,4.687935004682631,12.203808166746535,0.652382618616135,0.5996575188820872,-1.3869854648293964,-3.502591640611135,0.0317159705364566,4.389355043570571,-0.854144161957036,1.1276221634357406,6.762422092568569,0.0166106581050849
-2.620640236641953,-1.9222278139341664,1.0416667611262551,9.603909485357626,-3.1406376929368016,-0.425254043569699,-3.409975591889296,-7.363950437699289,-3.976214961595213,1.5484019494160894,-6.104867876187592,-2.0050009951194614,3.839686205345993,-4.325953212378243
-2.4701005779521434,-4.654652498447212,-1.6522686814527003,7.413385516600995,-4.413589629240557,-1.696105627287876,-3.358421847303896,-8.665114700879371,-6.2892449058120095,0.233655928218011,-9.218234179418054,-3.2446786719999725,1.2671067191678196,-7.136870139480182
-1.704773818871845,-5.008689475072228,-2.3316365316623324,6.980509936762084,-3.004086587946934,-1.774159966213611,-1.1474169043513855,-6.994612223751473,-5.7886772641562345,0.3898976704083541,-7.751290004555663,-2.473553803165313,-0.1424951060265176,-6.570958566417989
0.0242480487172663,-2.984108208657279,-1.2011810042876243,7.671047275377317,-0.6656496067688784,-0.6518906853042881,1.5539397179919376,-4.069249045356558,-3.471073819309717,0.8021283916524746,-2.778728581937594,-0.961883863502126,-0.6330789040989062,-3.1516549560309244
0.111248496136647,-1.2248440147051751,0.7546749282473173,7.760664652602564,0.4741163705903513,0.5460480733420588,2.640207742260551,-2.327599195140821,-1.4797637394387233,0.2293110869899897,2.00279852179716,-0.2734946438437262,-1.05534226740588,0.5275878609082603
-1.6311067829234709,0.9248843716231958,2.566600578854992,6.390140237149245,-0.3668759381035906,2.1240564301258087,1.3957215194002188,-2.885213792653729,-1.0973173212999758,-1.468591761627948,3.337829315141101,-0.9640251155518887,-1.8574648636940392,1.7925688297599751
-1.2489446487799023,1.2780143478622945,3.688684813774004,4.584524594964282,-2.196002831402442,2.8726723012968147,-0.8360950169777315,-4.730077893614034,-1.673880540232924,-3.272043071446622,0.9155696954159334,-2.2584786902759646,-2.7166210754290097,-0.0200452107761202
0.8424028265770721,-0.7587937510688383,3.9282537278459433,4.239040742115023,-3.3648881802411137,2.525629321488979,-1.821136103146609,-5.862161581026364,-1.5188244823685122,-4.036580519848965,-2.7683133695461795,-2.980578672732657,-3.227626690522699,-3.114585688530406
4.591355875890804,-0.6994361155220148,3.3142830455006576,6.0703896956151375,-3.1022961469053074,2.1420654664826,-0.4040206031616236,-5.210038877688309,0.2232749913900495,-3.594914251565836,-4.746950269211164,-2.754030493248026,-3.687994270765535,-4.797768908840128
10.857102663770778,0.9956274258486149,2.176733409430844,8.666012999700591,-2.041045868744945,1.353602456861322,2.5234902965268007,-3.46275873853744,2.651329844037547,-2.871026517575604,-3.8178461674432502,-2.204755182132193,-4.79180747280752,-3.68905097214837
11.55943552102653,1.4768040203887556,1.1983512078440786,9.688349837680102,-1.371500509585438,0.0267415962983216,4.8742348519764445,-2.1319445140053697,4.01942871340124,-2.9440841713542203,-0.883911052163846,-1.9652489967184008,-6.416311656665554,-0.7015837307545771
6.323084424986402,1.420280066624098,1.0616830542255973,8.070336942871798,-1.5902898224518598,-1.7772673267056167,5.117855671042621,-1.9776382146878,3.4495349656000065,-4.017139483191971,2.3521952365989627,-1.6651107777508427,-7.069810918904913,1.9275836823443957
1.9645721807648944,0.3726072501183455,1.8064188939624044,4.982935614033147,-2.1219397269912847,-3.357761936658445,3.2803196118598037,-2.4755277361642025,1.6744228103582628,-5.300084856628672,4.727876049115221,-0.2386359660483799,-5.120376398470013,2.5521315004762197
-3.257373184544348,-2.148400039931387,2.548047743263937,2.603263225429064,-2.110517539858837,-4.662112492046154,0.4803350919521056,-2.7475898166528525,0.1580401479641979,-5.886986613638643,5.881465013143277,2.552838120634161,-0.8612678887438809,1.259128935021507
-5.025901920996205,-3.039762758925998,2.0511710075844283,1.9749317093606715,-1.4413159476660042,-4.700248165450165,-2.1978121426624573,-2.743522437541181,-0.3659476808921855,-5.715516502652137,5.77322417361178,5.066081201118813,2.908146434094708,-0.6022518669428178
-1.993402017628924,-2.353287390249086,-0.1835422896133078,2.163340295724175,-0.8450802729231129,-3.140724761207736,-4.249289153375679,-3.257034501405517,-0.4065294940382618,-5.610532398508302,4.470950015483828,4.740577449536257,2.9478238388286164,-1.8290815002537828
-1.7622086459134083,-2.6580201806015897,-3.3019979374840798,1.5198595341542338,-0.9714313853696944,-1.6853833303859758,-5.416870287431868,-4.7726129630236604,-0.8554886814690787,-6.318205602354042,2.513944010533973,0.6033753528610233,-1.31943497662491,-2.315122922172012
-3.2144598535424684,-3.399008217509978,-5.620444852233016,-0.352058514834197,-1.4846886138106572,-0.0399944029144403,-5.291712539763292,-6.532696326672271,-1.7711127140110363,-7.468170054921703,1.1715679455271486,-5.095031421922156,-6.727482249794042,-2.7659989327621703
-3.138970120058996,-3.369386978626008,-5.908846530550776,-2.0521415787485315,-1.2653759907653537,1.3117809006935504,-3.6057812874670216,-7.000620903319039,-2.1156681964557142,-7.5451022868064594,1.8917786862694923,-8.114560680169978,-8.695295239287724,-3.625740936801189
-2.6399084483380744,-2.852029593694427,-4.296750194886787,-1.8532975194695984,0.3885544590004577,2.025446759125133,-0.9043230743666948,-5.322016227150938,-0.7092068445552115,-5.033477236302249,5.212400435937746,-5.632462912525431,-5.038014240742185,-4.326580665103009
-1.6227081899561902,-1.299898661498473,-2.001903006217584,0.3730471387456542,2.8184819339425435,2.5499861239192123,1.4226306227414236,-2.2333295854299777,2.5694249556696067,0.2251898011420809,10.197988182404446,1.2282765984795865,2.255004996212257,-3.590760390832612
0.2455358889409346,1.5463188483564478,-0.2009317876151066,2.8413660329164743,4.416696122031829,2.612889916613354,2.1594577789543346,0.5810050222360624,6.507593609601475,6.677427404704959,15.079761981488314,8.23536466160995,8.920243778566029,-0.5433343414292124
1.274451995217898,3.4191449223652266,0.8505946279793308,3.5380877168866096,4.111808448677391,2.1513054179149447,1.4474414370218094,2.039594346336929,9.444575700087054,12.040562496921192,18.568316390551857,11.576302363727724,12.12520437477346,4.313027104978272
1.4556708097506672,4.3736400465079015,1.6652378016942129,2.2085096183394377,2.471233811936208,1.1135407760024911,0.7936966601325746,2.5402475367299058,10.470079060841911,14.780217306331032,20.58557303544653,10.792259354821958,12.460718710390598,9.133637504071448
4.954397222870124,5.707704441939992,2.6432343598507444,0.6154162327016435,1.2650844871112836,0.7347729106077989,1.6373741123495251,3.3133345235224745,9.893621501348598,14.87623968012954,21.738458683569224,8.471556912733659,12.53292878727603,11.881747607382849
11.73535506628406,6.961702702155938,3.489383763350855,0.8026265583400782,1.853225188777865,1.082478419712375,3.758078052664959,4.975469128204718,8.7170435221409,13.411326953048157,22.17740431251475,7.30996086830606,13.849710227222005,11.78473879493997
14.47684537768444,6.799336871094014,3.570501987709513,3.1034148203931498,3.942136180279572,0.8143338126046463,5.17882787252105,6.772773814783196,7.753220483528645,11.569444539489862,21.14034121131401,7.645159215969594,15.213931168431186,9.91717095724485
13.574051284395626,5.187813964041412,2.790932950771588,5.82935863759044,5.886850898368616,0.1750359739632373,3.871204607857384,7.251580383178425,7.200382875634407,9.972469266839196,17.753938740586534,7.790498091800327,14.106454921561554,8.3006617118203
10.346121185700063,3.7439247595055702,1.951761228328957,6.831453180417796,6.180621949122856,-1.0283053421695392,-0.2260264511395924,5.672867274206717,6.865475612326259,8.706308555314022,12.27019071440362,6.419129174461926,9.47427527048055,8.131488533907373
3.097139861032736,2.2190955446563447,2.0813056176035354,5.3137090321251,4.6652980891322064,-3.049719760054169,-4.8119241605629774,2.801960346714779,6.572811593972942,7.638544702103292,6.3466693933093925,4.214147859074005,3.059047180961797,8.653651239644795
0.7592787528871977,2.120563590819614,3.3521212188975884,2.225373120541131,2.4005549732589206,-2.859961318903012,-6.962941902772068,0.3327777235761653,6.270634100842027,6.524163946432479,1.905423631887519,3.045058965802174,-1.9797389135413013,7.834892159396134
3.6732133345800193,3.914083276201923,4.737627730041555,-0.8536662281582235,0.5405245227274051,-0.3350017504407511,-5.529420663120043,-0.528224330168164,5.861655565042614,4.913281289695837,-0.3886077374651719,3.731218328966144,-3.694400618745205,4.440452962674554
5.230894402806905,3.487531431703005,4.883124280600038,-2.98046594354409,-0.5257673301260888,1.8865432683920604,-2.043937467202709,-0.0560505909267448,5.145388670783764,2.2852703018733846,-1.508047945875889,4.9314524419897054,-2.7215620508929272,-0.3573055262654527
7.376008915582396,1.0949766953988942,3.4149715131739216,-4.075447022315249,-0.9975128186319088,4.442545830184919,0.68199594352706,0.2976470760871548,4.046117847365307,-1.42633901236705,-2.90344009736112,4.390099291556233,-1.316711395076327,-3.5400339082595096
7.528210029596561,0.3656741064705266,1.3819498876514098,-4.271861227452972,-0.9123825760326908,5.638979964935057,0.999899405626914,-0.7381249353016357,2.8322329958154784,-5.371140012884959,-4.993110020781963,1.2303993776386335,-1.2291425368760605,-2.7718353371127677
4.691005074982616,0.6850980362217822,0.3089021679449537,-3.463579651989789,0.1117420017496648,4.93022892802637,-0.2910929372005579,-2.9952073695236834,1.9589044572806935,-8.01939101749611,-6.843944316655628,-3.069696675429811,-2.445776237218265,1.3092305219021485
3.640774787319644,2.9241422114593805,0.7187599079892024,-1.6450640435834163,2.247620654849279,5.2995717492900924,-0.9146959182308024,-4.806064303873683,1.6168580116787474,-8.152709797819451,-7.301384281793794,-5.978086700458706,-3.696245588823934,5.31200367023304
3.665841482384369,7.85251248287224,1.5689120866618769,0.5109532622180302,4.69133782615316,6.296667600590556,0.6433396738010622,-4.271926386839635,1.4911117772539768,-5.858131451980716,-6.278341994284368,-6.1601954592671655,-3.883555921592319,5.908248025070009
3.623368866352469,8.906245372636532,1.2287838120355443,1.7772409526938215,5.829176057076971,5.959704266261444,3.734701154702444,-0.874111123060481,1.055943119288238,-2.6167387569611176,-4.7962100918934265,-4.524072939880372,-2.9853395144422485,2.812061230485021
4.28489044255159,6.064913491417917,-0.8533593735520935,1.3117267890892537,4.486372882207597,4.642319006192983,6.225330339408076,3.898801199748259,0.1216457080054684,-0.312536859180847,-3.8025516407051674,-3.1950872388022544,-1.7980381377908348,-0.877787819144749
4.829460590293096,3.712003046216489,-3.379236461662794,-0.5083019132523603,1.1701324588542334,2.8153232396993286,6.503703139793344,7.492302479084111,-0.9731042142479822,0.0595505318177949,-3.1748914753096305,-3.5394032493098955,-1.0743473114177648,-1.4494804815288391
5.2590372625561885,0.4797317337331692,-4.166745292190366,-2.299950574514357,-2.005783777675993,0.1574033371786571,4.87043526353291,8.115632258431585,-1.757182286549945,-1.0647410517823026,-2.096546842272728,-5.098187687077064,-0.9772148439520594,1.9821616678066256
4.590462570749355,-0.8103388697459379,-2.1170506360955432,-2.8367129703597715,-2.894439758916114,-1.485289850307664,3.042960350080339,6.026169590909318,-2.1845955665662,-2.4198042868830694,-0.396924577907793,-6.264229530463528,-1.2161156782846012,6.5286732799799605
2.528677382940077,0.5817876812521989,1.5417726534062943,-2.0812112542607357,-1.1143572180574035,-1.957544231462772,2.3540603757145355,3.2394129212748526,-2.73984944524982,-3.0767287567160797,0.7243452384053999,-5.895964075789228,-1.516664638052017,7.975426626809273
-1.05374186162573,-0.705563600770837,3.935380279560172,-1.135532232204293,1.546266005863627,-3.808716016578415,2.424906165629299,1.901344845970221,-3.9694493817775935,-3.179170566955839,-0.4160930495433605,-4.3633911192988215,-1.892479571476693,4.393157477567256
-6.614110209631531,-4.073039299099009,2.72958632135788,-1.2083365882808712,2.569843881780466,-6.709192139136387,1.55753418453726,2.655152053757522,-5.931422750237638,-3.692340406383973,-4.230925949500929,-3.210887941558898,-2.5247365878019545,-2.335862694290368
-9.398259720289522,-5.122776722119931,-1.923607839550694,-2.582571520404469,0.803985506976121,-7.976901208590343,-1.5756988353068988,4.3401525091850335,-8.108302439096688,-5.448759832975476,-9.001058086827337,-3.856882963305546,-3.445368326479275,-8.291124140335585
-9.22700373337404,-4.531438594562201,-7.294806776529069,-4.454836796834448,-2.579765909423489,-7.856339299201078,-6.541299966862819,5.234035509880574,-9.81783085057594,-8.300597757454051,-11.870706528330302,-6.409300540389257,-4.335766742483912,-10.730831850949931
-8.020195420087665,-1.5529561084129824,-9.962262422330488,-5.644325378160558,-5.056780235650239,-6.4679635815572665,-11.290321419128633,4.716765783001804,-10.678337273444232,-11.038056800514404,-10.897588223115616,-9.405362544648924,-4.621444565208397,-9.775622974915208
-4.55962516171303,4.7657478793858985,-8.208170390820168,-5.455696132349436,-4.772220929771958,-3.1955023371065376,-13.654608551390952,3.843239703192293,-10.736798077412413,-12.130967024278185,-6.416795051137109,-10.586347469005212,-3.8387177043962897,-7.369366854526481
-3.046764051320505,6.906434808669461,-3.112672425322452,-4.030313928648716,-1.9082986967699007,-1.3589383040115923,-12.882211877961572,4.256060384644153,-10.289849900127884,-10.772908246575128,-0.6976688595311575,-8.266052606268456,-2.058117011615426,-5.06017708853675
-3.7500188568754256,4.817133941801757,2.349948354067694,-2.0969067546676703,1.6311726964716815,-0.9935855952280924,-9.997441050487044,6.388234110452631,-9.690962563670784,-7.51334172659697,3.617667796838991,-2.583972485942658,-0.0353856531830717,-3.0245910788219814
-4.119679244358368,2.44389118748663,5.354833771403947,-0.4834120161295292,3.771524025288168,-0.7678510522790507,-6.845029345549055,8.649412191599563,-9.283016658072814,-4.014705822165265,4.991489704352911,4.136746466671686,1.145097854065004,-1.0333400933155668
-5.16984505092082,-1.903556087996653,4.857242789140692,0.2625855437361488,3.689243145280347,-1.4685008752767692,-4.715560229645195,8.510930797793419,-9.313099167864683,-2.0208919301776738,3.5042116525535043,8.433934934032962,0.8069328444606269,0.2340394586638958
-5.442596902058515,-3.99078720448568,1.8332036575066104,0.0486689880822082,2.073835529324118,-1.7729318306105109,-3.638198180456993,4.70173269241954,-9.69515705929081,-2.1736052310662406,0.4637741792370837,7.832532817525462,-0.7331023245170342,-0.5729854218059076
-4.662796250726553,-3.240555188387028,-1.6943979598846235,-0.7646667487144754,0.2991109623415924,-1.6215241706417534,-2.753785886459541,-1.388705639094149,-9.802354813769831,-3.514910917022022,-2.349678439933733,2.7104115766101824,-2.2856032814802805,-3.756593641407908
-3.917646075872018,-3.232622889605989,-3.9434742097976017,-1.561887672484071,-0.6191458731251802,-0.2996807022511789,-1.285966928011526,-6.448398928761213,-8.661531233887215,-4.12077974677343,-3.421903579842128,-3.6476847708023614,-2.6388772797290967,-7.416086267617452
-2.799492261569566,-2.8952379210102714,-4.171013792168616,-1.847530671528637,-0.4788377791804703,2.635266514000285,0.7766284649879188,-7.647221922868595,-5.64722241907584,-2.48187339554046,-2.114002115165219,-7.156571711336491,-1.4818669598174328,-8.559327583502206
-2.143552734953506,-2.35956991287058,-2.729799834976567,-1.5740068999523111,0.3551931672093862,4.453681291794775,2.823587071022664,-4.747415706925737,-1.2105463771387774,1.4094646393394812,0.9985856672474672,-5.714960988409283,0.4119167146655191,-5.757513680674866
-2.095859141026432,-2.006277507203224,-0.5918938905262083,-1.1006114551172874,1.4425178677953403,5.330421518339492,4.360364754214128,-0.1669935182192481,3.0736506083244874,6.144155407283034,4.331287600430984,-0.4478347326956922,1.9302177859614436,-0.7308336900094528
-1.989280792358776,-1.5449863740826946,1.2958196146790746,-0.7522106896571676,2.5167886561191923,5.391842237494366,5.582819983634177,3.014080619622478,5.420314132756952,10.063027916942897,6.12381533634635,5.545016298238191,2.6224187800621626,2.94243872333095
-2.054158742945393,-1.1504332785484574,2.4904072704016844,-0.4089868403237897,3.3906589207528093,4.004733730453427,7.205904409356879,3.379412376204935,5.137717758134045,12.454491688034295,5.484204675229582,9.700054597187169,3.020190925117888,2.9850277423422726
-1.743474808109184,-1.6987656920280394,3.1456762744436384,0.3670028324332932,3.7756943332519546,3.885397655485325,9.680705392012824,1.9140962477628776,3.249030055639772,13.722386148716748,2.912440800642951,11.530527389044543,3.980530674173645,0.4936131832468984
-0.9517249342453296,-3.3158168837140063,3.699563850504736,1.7113740271146956,3.3126611437808657,4.995802413618589,12.5418289648949,0.7025902221980571,1.7728369600159644,14.483897729594991,-0.1276588602580712,12.098156239065244,5.689508085168416,-1.075135206308646
-0.2117913181923791,-4.429674619763296,4.397451518520214,3.0246218140753776,1.844227278294683,4.986168261023112,14.539454910252186,0.9033719075833944,2.108308619985988,14.626476151520652,-2.281794878978648,12.349980008188236,7.289190938382484,0.9219264502685958
0.6246198051041255,-5.204310056210622,5.030476042217034,3.3468187622613943,-0.3234872873218299,4.326372637705683,14.499937313268944,1.8271838405064529,3.8391719159815167,13.3743051848565,-3.193726478822496,12.12929332881838,7.501979568849802,5.907207274265959
0.5821019402429043,-5.922523710557194,5.112230519194656,2.3072170642986194,-2.4652637945239526,2.5147914817392354,12.188400680453462,1.8237976791782728,5.056157737623352,10.325751691987325,-3.5491691415101663,10.676766400212736,5.708230836375453,10.552838723749511
-0.4999138501193463,-6.271439686046631,4.341635498567189,0.6655463167936921,-3.833290268169441,-0.8936374281170507,8.449782422368042,0.019106689217725,4.034828513625234,6.339783425640134,-4.326829318020427,7.819002586979199,2.545467343167183,11.549337877682628
-1.542075354372798,-7.049194934006371,2.926362452463052,-0.2677106803880611,-4.127931510161052,-3.3609390409578563,4.560451235779399,-2.7586111843849244,0.8458648861424702,3.21595762737779,-5.937459301510875,4.480805218644148,-0.4604352694673481,8.162471903444573
-2.791870650608153,-8.246434252512636,1.446536387499303,0.1083630450692669,-3.6647906292618986,-4.9989187193344655,1.4023997018032723,-4.698271321742543,-2.582075793352818,2.30485488093889,-7.951949705019137,2.0281906106638887,-1.918152754851092,2.548526771943992
-2.884002726473496,-7.547752898523809,0.3616202702649849,1.0104872022573947,-3.095868749605094,-5.238814872244544,-0.8466610709258529,-4.670000517703304,-4.083211900415366,3.307166702256745,-9.556124958317604,1.156204161277108,-1.4727868925204142,-2.0845727654245367
-1.5234639115584716,-4.919160248780938,-0.3738237391616126,0.9739017562932286,-2.914262182562241,-3.3938236693703763,-2.358538157477648,-3.286347468261301,-3.108373179134718,4.435118618794528,-10.250489259001862,1.3826130676084798,0.0246103077957613,-3.72443391441734
-1.4946029040975255,-2.4507589772562213,-1.1801983696704834,-0.6618603324855812,-3.1387859340529403,-1.8608654951435344,-3.1122146825944386,-2.380946104592157,-1.0657335958869147,3.882885261722073,-10.154917451313608,1.5433273658883326,1.1403827797693395,-2.5410194757312343
-2.543861466784464,0.312146027491444,-2.290944898948137,-2.945704014807802,-3.396536662022773,-0.3404235751033422,-2.765222695079745,-3.352856363021176,0.2032536144024082,1.3603638443273258,-9.68409502999278,0.794397825054701,0.8397465166064126,-0.2539831524316458
-2.710907602666856,1.690113663340346,-3.313032445056045,-4.035410643548868,-3.276732972485968,1.0047787452594392,-1.081970732231532,-5.836886581218479,0.3433691856031906,-1.6132132308351634,-8.940109307224887,-0.7155558267136017,-0.7895127680396392,1.301664311412444
-2.4174437807815696,1.1844018543803296,-3.4296170047959578,-2.794109812133096,-2.638837677214765,1.6875089452258203,1.5243477886075354,-7.8854912174148035,0.8777842946514536,-2.8825902148319718,-7.431782270463758,-1.990784550386324,-2.531965964483807,1.3400051853109003
0.2088864613001865,2.2926233654150656,-2.1672978556686253,0.2460808647125123,-1.6648927842224737,2.6540610074396045,3.93667984362196,-7.543421318293685,3.6014037886361105,-1.3258999955821098,-4.471211835526979,-1.996400558992388,-2.8124688968386824,0.4014254755222168
5.682295103359381,4.639781003560766,-0.0273615209402287,3.404864987333788,-0.6981405095201669,3.692049194557528,4.932229867519558,-4.504542103425411,8.492320988338268,2.2666236060240568,-0.0231684495290487,-0.5200746940015044,-0.8148566144200018,-0.2813467704571835
7.498895102487427,5.506033997858332,1.7020411318040676,5.248104122683555,-0.0512527859423848,3.147267945510608,3.977675043966177,-0.4658677187907329,13.212782214939407,5.677917565832942,4.67449961152435,1.524972236431612,2.768070487760681,0.1236282879235641
5.7887422131341175,5.356513509653101,1.89606405243995,5.4859064349675855,0.0907584019015033,0.971562349672707,1.543892493882014,2.1103773479606467,14.794962666834286,6.64582634666431,7.3821564410526435,2.5678402500119475,5.931120703532762,1.2525229743426802
2.8420667155663804,4.147143761664265,0.4755964917032633,4.670735692466248,-0.3130990331510492,-1.098198106949195,-1.328832999031964,1.7983239236012327,12.026706749537736,4.13452854086311,6.109604245036081,1.3112521276048277,6.490887839761741,1.7298042882271316
-2.8334372954625318,1.3578620024928123,-1.6011964604279283,3.291128896301596,-1.1549346808186105,-3.384863093234128,-3.8261368156184687,-0.8886276673165812,6.385710915315798,-1.2614543932231477,0.6219370154336943,-2.468787341885495,3.4691819259193686,0.3400363509917534
-5.690935938923206,-0.2542775714525098,-3.2266681473903347,1.3773972117650608,-2.1791236592454477,-5.031763571397367,-5.841837301194105,-4.156915339496631,0.7428671868416323,-7.850489445161305,-6.9752301575743765,-7.737944456850259,-2.2292790281369994,-2.739345252295319
-5.361665244753418,-0.6930737661288291,-4.063894813932857,-1.0265436563624195,-3.0523961108162787,-5.649467446381566,-7.812878530519747,-6.492355247098114,-2.907711208593967,-13.82019915379603,-13.297512208852076,-12.733023151397916,-8.376038179321705,-5.866168467027801
-6.1107246851414745,-2.1187762554145184,-4.6597093211995535,-3.293684954131783,-3.532883950664915,-6.569712315187652,-10.158502372609806,-7.746024046388317,-4.667647266207716,-18.03401613379634,-15.874737258725444,-15.902511022738516,-12.872429886559544,-7.325164725523971
-6.678262394146927,-4.005829443618902,-5.734496141942142,-4.477445844457695,-3.643091339543256,-7.481823697660765,-12.835481514037689,-8.869128027817522,-6.000704998160474,-20.276155114450063,-14.84024576394393,-16.731147078843655,-15.056603551402247,-7.008580082618897
-7.044501147106171,-4.632978296087542,-7.397381513509234,-4.308826201693069,-3.676533985272755,-6.725285834513838,-15.28506104232718,-10.648139745450388,-7.966693532128728,-20.95468710241364,-12.617479023081705,-15.9506628887443,-15.871026973008554,-6.676350642510004
-7.669271583755095,-4.129943178019052,-9.000993372230209,-3.77704688388115,-3.958036587764776,-4.307943497990146,-16.673859158519058,-12.665364343228696,-10.139165484158454,-20.568492638739137,-11.687198422134816,-14.963160445255165,-16.742670743637042,-8.298292449634074
-6.688056667715482,-3.7187385238984,-9.658556647563882,-4.377604340080628,-4.499664491053842,-2.402159190440368,-16.2240424589756,-13.46754016205073,-11.08708007792,-19.331681883562464,-12.303429242178863,-14.82597414060826,-18.085211067505067,-11.92977921414852
-4.107689991236375,-3.091738997394528,-8.877083954228286,-6.544719133702108,-4.846633803941302,-0.7555548640198068,-13.570074349643496,-11.819669823654216,-9.787037961351238,-17.191473186595484,-12.263696642252086,-15.523467402059213,-18.730444424005785,-15.268574085553224
-3.256304727367417,-2.9775327576011086,-6.817680240878854,-8.884695728013776,-4.319505933165992,-0.3120200751165352,-9.11877617703084,-7.936451128622782,-6.590142058121522,-14.155243275745612,-9.050257093985126,-16.08481097001397,-16.890988132861047,-15.55512322325896
-3.9780842332300543,-3.624695503323614,-4.148629395644329,-9.245252106318908,-2.545156201586993,-1.6349912605704586,-4.197999511920539,-3.5786579858377348,-2.958904992092896,-10.584005553931226,-2.3976525953001886,-15.421886027348682,-11.92202183228516,-12.141835265396235
-5.568060039472166,-2.2046970036860025,-1.751777267937797,-6.803649560244404,0.1113155285234128,-1.7369440410902426,-0.6635155336398579,-0.8637313033170777,-0.3838027944685258,-7.144955573308469,5.1613884236538485,-13.1609211078233,-5.329617330404963,-7.24742859086823
-8.799440604471574,1.2414469197993154,-0.4563929050053037,-3.1404327859894607,2.5929355004237262,-0.885088309370248,0.0569060640579976,-0.7348525166311646,0.4915853333669613,-4.448013532003072,10.337830335864425,-9.831649540961276,-0.0063604169351556,-4.084970857216467
-9.809431820774453,2.479259235942703,-0.7754701599132812,-1.0892760559227117,3.718352247767141,-1.0467540852070092,-2.079527030026096,-2.332756718301736,-0.0672644143850487,-2.705506830782152,11.806453645333663,-6.445873767315359,1.7969578491141256,-4.118860756052118
-8.436339617743332,1.8321204321997828,-2.616970748153343,-2.301991183551316,2.914714292454443,-1.7640543405945697,-5.56189549629771,-3.7598918077012566,-1.3682030334035111,-1.712861654707993,11.106309970941542,-3.974386729986209,0.0966192938158947,-6.049233670039448
-7.232254118475524,-0.2192238006968367,-5.118211678125975,-5.768226803639305,0.6189433621579372,-2.759619210243531,-8.212887760781287,-3.5629442937153044,-2.6670979658003957,-1.0887437286683932,11.094631841390616,-3.024115030856062,-2.9274840778397966,-7.349456765119211
-5.318790747623741,-4.63150954733545,-6.834295474171016,-8.627203699208033,-1.9239054236354305,-4.308341472194199,-8.505461663365866,-1.6836203656993742,-3.177137215675085,-0.4513960177275562,13.674019272591696,-3.5528412027653093,-4.550541244937061,-6.620056250571095
-3.08247905558691,-5.320493242624067,-6.348068638618015,-8.439335220382745,-3.334167511478886,-3.6055416379981713,-6.292368506784705,0.8485590466960566,-2.05544995827551,0.630223680765166,18.914161492453136,-4.513132641882017,-3.174858212148324,-4.354931038036019
-0.7711576176453024,-2.055734907314443,-3.063566073564064,-4.852215510778312,-2.831144865979448,-0.4203798976052046,-2.489923216769089,3.0543522096596494,1.2310669581668972,2.6782883670913264,25.9000320266719,-3.883763901995004,1.175470977122635,-1.6167532857614455
4.399854339895189,1.2427677112017623,2.2654593382756323,0.5708383806419883,-0.6215390313062903,2.4919195340153872,1.771293686700139,4.824982635002223,6.3033209118254,6.016890271432502,33.77983585931681,0.3055506384717668,7.434270444457689,1.527383020092421
12.507730866387696,5.967003787252728,7.672307767279216,5.757826799692427,2.23488596405348,5.754140729116049,5.643055517181068,6.67219050472352,11.65888936719022,10.254049480382903,41.63980416486531,8.242197019097858,14.121887902295686,5.789907302950583
16.68379388704163,7.157006719274493,10.864797011145608,9.281517180464572,4.381180191900303,6.979767136722535,8.421927476125221,8.78465383110755,15.291848540410792,14.11436816706571,47.65746563716731,17.34903731062441,19.44259328297982,10.894714289930688
17.03541305375919,4.006255068679734,10.484595279148966,10.529477123790516,4.850417793396937,5.515474924198136,9.364128552922262,10.49274743126461,15.85087104036562,16.077080286867986,49.19078889021149,23.424123552896027,21.392646786596742,14.594504475399878
14.694484622305277,1.8099989006582664,7.009930379875145,9.414277159878647,3.5406728990283485,3.900773189443753,8.10665315218577,10.803738099751415,13.49830613743886,15.50362124380181,44.480452349834735,23.520373369199987,18.682050700044204,14.219352396462524
7.914021454362713,-0.6751063742059329,2.635010793573132,6.406017699683035,1.2324310040318944,1.3831136027563178,5.448397361576407,9.49490866389983,9.810932185205452,13.283099667675048,34.54282803299852,18.31066171725896,12.167713912963196,9.614285109955208
5.606037371759983,-0.9246912676292888,0.0377324092840201,2.811793947640015,-0.87404727251882,0.2132231896751725,3.428901677105605,7.581302138236106,6.781103262450419,11.27245797608366,23.1136412044505,11.749999954249493,5.277690683703865,4.294936203170119
8.014197234210997,2.0614252005903824,0.7352037630351242,0.5114906800041465,-1.847385469066784,0.8764467454954432,4.0501333083791815,6.558160401016896,5.603379282141914,10.860418173768622,14.224425343738895,8.105172383169311,2.266273346959954,3.01063767318734
10.931872521816114,3.823186560246573,4.1309597310075485,0.8169018107032482,-1.5194507996353712,2.01112944490762,7.456506485929077,7.086038142013102,6.023858584368631,11.858446315318194,9.432311637072395,8.81275334518353,5.134324819823133,7.566005961343145
16.48659536797015,5.1234347767292325,7.966441761770501,3.290144098576153,-0.4548206829465027,4.351163822952265,11.359064439864351,8.416032540898078,6.632924420581606,12.713228526091774,7.217709860819253,11.802144592323462,11.76307225546062,14.905634680575329
18.75704150791568,6.075506241139856,9.90371163327856,5.816822292345455,0.5917912770775384,5.785124809641874,12.660190846898896,9.15087317889484,5.906384479512482,11.881959168981876,4.98275087651677,13.676568544495282,17.22571699439056,19.596268247440413
17.177380864673957,5.920053267026032,9.112122342752018,6.245761016006776,1.3414701634596558,6.154304538705895,10.1365515350891,8.60607064835168,3.3370425436095115,9.175208779496527,1.5759311613046432,12.650712007220893,17.542023652523383,18.59203818957792
15.987946384067024,6.379640094602945,6.7149034584296565,4.337317189207775,2.26242627617188,6.258122177118633,5.742131326563492,7.433632129971091,-0.1231154734792276,5.918066165827579,-2.0574841745399546,9.712744476602204,12.78024182090269,13.830429957600508
13.738031390712358,7.2654001409297,4.818267862939569,2.220127675691426,4.186538645586118,5.529354077513392,3.121806396701354,6.907582859798023,-2.7009128767589825,3.836155236772506,-4.403863614174444,7.322924251671786,6.791127302693395,10.235819195418475
13.59409978389549,8.29126259163595,4.9214147802262165,2.7329829368140697,7.504028952195847,4.869202291970717,4.489197912943544,7.59020699828862,-3.134524110192009,3.661908953723039,-5.195408031136317,7.151195328215648,3.816957525138896,11.113895991094656
16.21907804323741,9.768719676778858,6.926294285106323,6.931799655249698,11.540221652631,4.26404725101269,8.653789956545053,8.687206518667843,-1.6809124362911003,4.624829771876511,-5.59303623718392,8.898491497492152,5.021471766712132,15.310004656943956
17.827118387744953,11.848916007373871,9.41331144916337,12.90697693916244,14.667689509873243,3.0733803375520843,12.014941921958386,8.7157921435889,0.0727844698261961,5.172595847798293,-6.790358622404856,10.931066125294752,7.96724812874411,18.611307374853013
19.22883270351428,14.636065315992443,10.81862600013448,17.025613268324708,15.213595321862991,1.4504123710335108,11.646316588680063,6.862599400993279,0.4924768387329195,4.247820099803512,-8.76550801096204,11.794021471476068,9.251560978004544,17.763773929990997
17.084089880917173,14.839586305902946,10.510997764307415,16.654293464927125,12.60445319884618,0.2909485381185506,7.7378123157500625,3.790573244283628,-0.8137489974203227,2.0771369286531502,-10.523294789098486,11.177878066227487,7.630963435067439,13.226506584328078
10.47907698735712,12.236971405092955,8.997099118511674,12.147353621684305,7.916462399953836,-0.4058633903196889,3.333656206622201,1.1900921010844208,-2.825101794728784,-0.0813636834177238,-11.372001084268582,9.736463311703533,4.7424350687474295,8.342644504928675
3.8807188536999018,8.950204442545006,7.280027907527536,6.499847830848356,3.332506640834062,-0.3005288341394292,1.748120993974858,0.4859137015286947,-4.151263745883426,-0.9458563085517432,-11.695242047483577,8.2423647577976,3.029028585129243,6.091740269398812
-3.672779914169863,4.151812011195333,6.0205969573409135,3.003287038060744,0.7814870077987628,0.8999428105754474,3.937098984681306,1.7801506381012049,-4.266388155243593,-0.1803245949143956,-12.434686913340691,6.917737332092091,3.146777834605274,6.566354827994356
-9.000127341330636,0.977967196755382,5.135144389542518,2.8230345023533303,0.691788429976878,1.329499053781758,7.889219968910172,3.822243340624393,-3.7985188337422144,1.345179203416972,-14.050434703539445,5.347307866332681,3.404441962190468,7.224601940118809
-11.110423318616457,-0.1349737199166931,3.982388654374521,4.355631032924496,1.7874383929130282,1.0584355011817368,10.268785058837649,4.916447907062725,-3.722338780071471,2.136009307567619,-16.20768861369712,2.8429141052513,1.5946474685833891,5.28495744848729
-15.17096774795704,-3.225957439256577,1.8681826486639537,4.706565922465256,2.116079901110446,-0.5977958096852213,8.84145027848292,4.015279683486057,-4.353157556903312,1.092817751135012,-18.401838673242302,-1.0326221309270416,-2.7433639132772214,-0.0251830006207782
-20.299636753698724,-7.619479292788863,-1.471934255743637,1.9979527089208415,0.5586053646985683,-4.179953988253497,3.912173547913032,1.2702126307226145,-5.11687094396601,-1.6810268424889363,-20.547936907387964,-5.991588898926121,-7.802644654599227,-7.088097418826731
-22.55673834330221,-9.686872454659255,-5.601081371103984,-3.2577510939718337,-2.3148794031634807,-5.435849977203386,-2.0230003576519024,-2.1700120570946773,-5.186744544935724,-4.816041274393928,-22.70725129617263,-10.824054850440763,-11.033326330773054,-13.27933411059325
-22.43871254666879,-9.7831733209417,-9.4185946475312,-8.603183776467183,-4.675643913210784,-4.425155660488487,-5.957352658988874,-4.836193923434863,-4.232945947336301,-6.474440045175687,-24.38090403887306,-13.787210129375628,-11.123112170081782,-16.732992271364925
-20.12867126800846,-8.14586057317562,-11.584630326826192,-11.405962492915007,-4.791845388972014,-1.3910550235247576,-6.221817498912117,-5.671293448853504,-2.5676530680638088,-5.577783511295856,-24.538498425226297,-13.649375824239932,-8.721901316454435,-17.224478246005688
-14.782009654386057,-3.952098547229674,-11.260962416212791,-10.60722953928628,-2.268090875477533,4.776253000365671,-3.385142586736066,-4.514285426942443,-0.7225039819714922,-2.656912342332024,-22.734272935231463,-10.813405631403974,-5.648800699253918,-15.89852142879532
-12.175908097261043,-2.437455860563876,-8.778034186140495,-7.269385187698852,1.7107965287376177,7.436443517950755,0.2896814463772799,-2.163466682525147,0.9392616819513222,0.3519132015895323,-20.17092400259048,-7.495754915633682,-3.638665714808909,-14.382461908683403
-12.497556649665436,-3.754547448128,-5.662257266200463,-3.6602251327224735,5.203213861965111,6.467958890879272,2.450270894746972,0.0374503930822882,2.1834229840349053,1.348879375232329,-19.24366467189386,-6.418235988134207,-3.647549614173961,-13.931065608018688
-11.379057535868274,-4.20721166815984,-3.7849598159383504,-1.6283211830579845,6.703817087627471,4.904634883438899,2.225360559958318,0.9438939537486064,2.6792246739058,-0.4825592086428081,-21.561415321892603,-8.757341032034876,-5.781635055733201,-14.92077525049956
-10.06058458771806,-4.933997585430788,-4.1076688974248015,-1.475890986731251,5.865085290666983,1.1762968083536125,0.6244842488134026,0.2733806665967222,2.0795467689711487,-4.110420853160548,-26.224711892437547,-13.033933704824635,-9.35170561176976,-16.756649689063618
-9.070047005586687,-5.423811459744362,-5.97197060304093,-2.113434444850924,3.392995300812217,-0.2676146540511082,-0.546251107811905,-1.284114036235671,0.4640818962139619,-7.425506424032704,-30.211508805624263,-16.087182065606815,-12.921600178066168,-18.214362669852424
-7.951482352351175,-5.242774462711398,-7.573857429636945,-2.2574545325554283,0.399945448851092,0.981479192406535,-0.3705755355513389,-2.6326571579363574,-1.3788692839595953,-8.7481026354953,-30.773206789009816,-15.489325630689716,-14.754399011070078,-18.156380583130787
-7.362549068762707,-6.0735105548241,-7.316993392423988,-1.5846217931968312,-2.223138698833665,1.2777338569953285,0.3446141479924058,-3.098606860288008,-2.3356445684793847,-7.887763611464521,-27.695760340052303,-11.363392548195346,-13.821038488858353,-16.275779604863004
-7.316141440466461,-7.750650557986608,-4.97642461528914,-0.8313977355222057,-4.058352879936066,1.655790556527436,-0.1311762368342144,-2.870331858733593,-1.843740407869156,-5.991750977178306,-23.294398526875103,-6.022995508816752,-10.687309255581551,-13.308008950318252
-5.431420777073258,-8.39366382839845,-1.7478918184596886,-0.8276665480131484,-5.07729372391319,1.3434272285304512,-2.6970158683250998,-2.730748007851627,-0.4746765155801178,-4.455535739199306,-20.174916000552862,-1.8577928492651448,-7.283385574409692,-10.421549700800409
-1.6343315669862686,-8.16708276864665,0.7823753186834885,-1.4887262779376584,-5.47208183295907,-0.1534751882881918,-6.323050060646672,-3.362930987875078,0.4108782091441014,-3.8873025780186623,-18.942618109563867,0.4968607830919254,-5.44599861933218,-8.208232660301352
2.105340418116871,-7.568602060732855,1.8100917071971807,-1.828284393120196,-5.548390557417228,-0.9487985027252658,-8.703081351830232,-4.818529471302583,-0.2583765704527643,-3.9172451683576632,-17.999198463242934,2.069417678981953,-5.424939682075703,-6.172862273411653
6.294871163678803,-6.207749814681987,1.6680723441523,-1.0093435839976266,-5.622534157739814,-1.2994106664758838,-8.160753145276999,-6.511754473528722,-2.3432932903078125,-3.808089694927901,-15.42380331759328,3.9091807437984087,-5.789039162488276,-3.2641369440128543
9.0261607601069,-4.443662627313977,1.2352113511317953,0.6547822039363211,-5.838857347541065,-1.5154640893966602,-5.122393244099861,-7.637976554784206,-4.512763457599313,-3.1795786357834928,-10.922347864504086,5.781110823700619,-4.892506178497811,0.9928309077088856
9.842539754424386,-2.237897009636261,1.1145312857909069,1.8392874801266164,-6.015301643063305,-1.2686127857736091,-1.8219409607251416,-7.657111434753578,-5.194877367298663,-2.23520396078356,-5.954916031272285,6.569725526267979,-2.500401498625857,5.846205556931716
10.649257880220263,0.6060359000125575,1.3508196829865875,1.4275508742595375,-5.757873017903668,-1.195932350452704,-0.4970561568608165,-6.563442454285958,-3.719426495649275,-1.4532023695533738,-2.1446572712196588,5.819412837156571,0.0216949645794457,9.81896570469747
10.869635150223834,4.047425955560362,1.7661532152472663,-0.3786272310116096,-4.898426422891429,-1.2746181020883105,-1.6766745511212555,-4.869107136849193,-0.8242798619087566,-1.14970879826884,0.238402519711574,4.592392948875288,1.105080290015506,11.920058696327027
10.517853166267098,5.977985680227212,2.3426354485941854,-2.1797190315950195,-3.90752206136758,-2.0445916666258226,-4.004994302550228,-3.34929605802901,1.7873742341970296,-1.2813889013500903,2.233130285817973,4.596863024682062,0.5210962962120096,12.41989791742274
9.780336333381353,6.214417364169238,3.1539762198158754,-2.6394536590434896,-3.769697538420593,-3.712167468333294,-5.604298925370031,-2.652555500714195,2.514394663784828,-1.5253280763632031,4.889772862517615,6.447689768273047,-0.4537734373937621,12.464963892471616
8.745306050213742,6.048322986953547,3.989430180460709,-1.6789769953706868,-5.204415710354829,-5.729855660267772,-5.656770521591974,-2.9545206063206626,0.8770285831581658,-1.4742822626018146,8.276664651686744,8.887856802746064,-0.3152831519299433,12.911768515065743
7.505621004961728,4.914364645805628,4.2455538286286405,-0.492474393703521,-7.8112068022407986,-8.30949633682011,-4.868919711782549,-3.8728264512061097,-2.132648405777361,-0.8397537816948502,11.782419974985322,9.809797979246111,1.308790519202054,13.46518161326627
5.744375109669277,3.622098424105951,3.3712336113262493,-0.4290173180929075,-10.00409226085416,-9.344201905657004,-4.63041199741965,-4.729209441025523,-4.619599290930704,0.344266856451406,15.12352889217502,8.068586847947987,3.5064342527160104,12.889358397654156
3.515251535817237,2.28658902273996,1.4634005185820218,-1.8212600876974363,-10.043331460964872,-8.593717367811307,-5.794634980931443,-4.988011522426817,-4.987380955851467,1.5902253294047295,18.715079297353256,4.334183548731092,5.070384190380899,10.098298911887673
-0.7818948806869052,0.6957569168039963,-0.6722051561476992,-3.7938389283529,-7.460844690457199,-7.753784453827281,-8.108354416250886,-4.551567989791694,-3.0251428965462104,2.0860771176658446,22.93759808878822,0.2792131007028438,5.463977664233166,5.216695425793642
-7.36584743786557,-0.9053368753484642,-2.1852275074229297,-5.118955573089517,-3.651180718154791,-6.280189678534282,-10.542868137420651,-3.734780140732173,-0.098362800580972,1.1657778758352784,27.24882180172986,-2.951676137076685,4.8578075526134405,-0.236053670961521
-11.48179721656679,-1.996409009912248,-2.9818642955298458,-5.290858509935806,-0.9729520336527492,-5.483574100730165,-12.02766210110278,-3.023613327877701,1.771488657911604,-1.139035144240875,30.374499701693622,-5.492335922354627,3.489623229931805,-4.201141850686039
-13.211852026616643,-2.4383848208920047,-3.850320315230018,-4.925054637584843,-0.965335604883947,-5.653464104702304,-11.995769892078442,-2.850413265994192,1.3104658915976408,-3.946470672031712,31.604505997911136,-8.189804753502944,1.2896565940176252,-5.39538124317399
-13.95126373274704,-3.8480224114575066,-5.705814737962768,-5.234475411291715,-3.1227093016109397,-4.783612807568304,-10.539478617394792,-3.4800652650207127,-1.1700639718784132,-6.012915329320855,31.85973245437374,-11.507786121819564,-1.754391531470361,-4.1886255008339965
-12.56569714807469,-6.155083422623704,-8.602117781757109,-7.037221533077982,-5.279584683617635,-3.17555020362128,-8.278488398744628,-4.919628805332728,-4.109918916282602,-6.537138591775943,33.231598986751294,-15.01728259808285,-4.987798259329495,-2.418630245930082
-11.565255758211883,-6.789858548581955,-11.418321055179703,-10.005709519226592,-5.321617241197295,-2.2244382595480827,-6.047476741149943,-6.784661307771792,-5.851436651210925,-5.617490182820575,37.176153631269656,-17.781871452567508,-7.068162381669396,-2.21288608970211
-10.956833096386012,-5.895268391007396,-12.551568024421492,-12.655938705656112,-2.814064485845712,-1.6959492068802735,-4.470836249646567,-8.256210542290376,-5.630302483727256,-3.9886654934699663,42.9630323264973,-19.025979771940733,-6.746694134547212,-4.567359371680077
-9.34162900341655,-4.404423010528966,-11.075082064327203,-13.138563056647063,0.7795822560130219,-1.8052072719530532,-3.624202353294244,-8.34994066499133,-3.7318592762711873,-2.334517898379964,47.86384053420507,-18.40648249230356,-3.817848074538937,-8.634487585064122
-7.23208999016067,-1.7702416976080455,-7.445487313358271,-10.434337903508125,3.394611029371717,-2.8462524765064003,-3.0906748658442424,-6.509642355946703,-0.9949055975333252,-0.8510067478710539,49.007391380770486,-15.886994390614014,0.5954771564663233,-12.22100488336342
-6.139341359024854,-1.4098445204037622,-3.239654286073403,-5.236030790790913,4.005484417287256,-3.185164806328464,-2.4737526853222533,-3.171401979185859,1.655622446496011,0.5784726874182837,45.341754992120926,-11.709227900856916,4.67412530136405,-13.18801113564774
-6.118814949856271,-3.631473981547105,-0.1725360299579179,0.1628585874868093,3.22414977694082,-2.871077061748884,-1.9355878560426727,0.2057949229221591,3.3050805345604246,1.8977500579818312,38.12368865076904,-6.671550177568079,6.970815011448522,-10.848831607442088
-6.123841161540246,-4.944054485515038,0.8633750133453475,3.1086868393707903,2.475840980811981,-2.643918604528957,-2.151790698933553,1.8627382299108175,3.1100419852036936,2.688519674979716,29.73492566972089,-2.261412240746864,7.164812732992687,-6.4605143852009945
-6.526098360530481,-6.098186241587303,0.1167444329983311,2.272844274151595,2.650127906509283,-2.162700133279788,-3.570062655306927,0.8687838820290068,0.7713833049158296,2.5205162042921216,22.038747094677348,-0.0596466748956601,6.0634595102148126,-2.470542463039436
-5.482126302611226,-5.600486884919572,-1.41428159989988,-1.3821094740878692,3.495139063793772,-1.1252006730739377,-5.625711673195909,-2.096153848356636,-2.80179272823311,1.4701510775939397,15.667628384268156,-0.5616519801416331,4.950486739780146,-0.9432154372323396
-2.722867932579105,-2.759442939040205,-2.6544782410973795,-5.134578736075767,4.19538958049236,0.484180763852669,-6.765109499481909,-4.932302114870552,-5.49178698279384,0.2527127870706209,10.562423956042792,-2.416478008055833,4.770043723533277,-2.1314424655282096
1.2728548526166394,-0.4670759382904982,-2.8983186640569016,-6.232185238727354,4.398365636559845,2.227518193222962,-5.4323072772781416,-5.2739729942639855,-5.146228497124298,-0.1744184760139262,6.886723299182748,-3.030593566137071,5.669892893394192,-4.163586802056472
7.109635698414213,1.7580446570426254,-1.8575183437105665,-3.583576421326981,4.591214986245376,4.16916268023456,-1.2233724836508486,-1.9052642592474316,-1.239262527393862,0.8403092301460333,5.229390754047444,-0.3477338017642211,7.134292794852101,-4.196049731363047
11.2779392159962,3.552044618163593,0.4697348553307705,1.7732221571504851,5.4804715037027165,5.399199847122237,4.801569418112081,4.478044910341069,4.475432182258146,3.3825888342715302,5.877187437656048,5.570811471707486,8.509074246311542,-0.3981028477222281
13.639297780563584,4.371962288683414,3.807272524157831,7.613737566003706,7.079750393786938,5.738448692148076,10.876302723838144,11.642856424244457,9.155133554621628,7.048930331918925,7.9654568603849825,12.536076146694924,9.46281383683482,6.580269451881627
14.803895167466845,6.134859118236803,7.475715734663169,11.98943273830868,8.482131573254229,6.886274561274657,15.608683837835407,17.061170056102398,11.041238172372196,11.08959145725403,9.506654525229266,17.83839664925592,10.04182306984098,13.805851126944
13.798126248022346,8.64838561238583,10.434584034730385,14.095749669266674,8.564382351555004,8.662917761671242,18.463042834485663,19.228706217758344,10.688762693573182,14.47130465662677,8.494645647110055,20.091436281498236,10.365099317668983,17.921197195257392
13.235493221903583,9.61521784136236,11.72260067871386,14.158965562837984,6.938497956182793,9.464933982754784,19.47452734811042,18.29377626582533,10.109953812965143,16.05533613714931,4.25982590358889,19.786289725732267,10.313861297396258,17.36736319762327
12.994659330317209,9.20239638265731,11.085842693734634,12.837295910530337,4.279599396579698,9.493585174992369,18.812713577373657,15.706388646499825,10.67511299893981,15.11207719017768,-2.045009195928614,18.29497448838728,9.525525846058096,13.322212830200058
13.273491169603076,7.45239795918213,9.23676505200239,10.825936967655572,1.8134743195191236,8.304551797099576,16.780078081490593,13.181559378370425,11.828018642133507,11.954482673419308,-8.247362433003943,16.473925764700866,7.682270283623104,8.68174678905045
14.712069849954585,3.8110751707881865,7.391947185617738,8.831314594448408,0.5000947467015564,5.508473096658839,14.104667183540954,11.652627401947164,11.843279806821675,8.066053007717613,-12.607367127969084,14.211275529839178,4.82140241982917,5.946961874019685
14.59710788689872,2.4460577248348616,6.387692748949426,7.546777214446003,0.569406976372953,4.534375589529448,11.892116106231647,10.883238833523984,9.779371099766172,5.319647969547717,-14.796275914916365,11.15190314374535,1.4227165145279628,5.693596588662174
13.064348596150376,3.489886007932228,6.125064147800401,7.350097361888878,1.5963660173315688,5.397670620152626,10.978181309117211,9.976930374047695,6.583821392829925,4.687121070472308,-15.74682441417491,7.630766200535312,-1.7564029469956992,6.709264441615183
9.475793581785329,4.966390142856005,5.839774408163251,7.965223614064577,2.8445294529810354,6.178404927619832,11.230735692965789,8.3598029884419,4.207881930527073,5.465487873827691,-16.681075880644116,4.744589308478403,-3.9686522215632474,7.43218328370672
3.110919444824662,7.892262710739991,4.926023992227655,8.567808311981594,3.587689154677875,7.632483106800025,11.595114861556986,6.384565222030886,3.6485971789273393,5.775664823578808,-18.215418935390037,3.4754973073368376,-4.763495915530065,7.2922420717184835
-0.6014774230260908,8.160370282128829,3.5154617038463982,8.388109423018136,3.352424494318875,6.681997693941487,10.969258418218644,4.9627152443327205,3.924143133322652,4.030485440755477,-20.22105634928884,3.7594750878328185,-4.214993023750772,6.808035104706242
-1.68640575268535,5.379128764758769,2.260588422018664,7.257541306151744,2.11155510409543,2.902962415626287,9.078236766597849,4.506120089085925,3.008969455020498,0.1718492386468355,-22.370671075060898,4.402236036406634,-3.02320799369614,6.549846241823538
-2.0855709318689133,2.418777697836876,1.5594001248117024,5.52950358181355,0.3276915598522301,-0.1732509382199779,6.461304009222655,4.203807793620044,-0.2354329779454005,-4.374413403855037,-24.72857069115446,3.897060821505569,-2.364779295318137,6.157339781395848
-0.5221874821654574,-1.7548281760912814,1.0165039098194129,3.488609471482921,-1.2970910138539935,-3.2542723998585363,3.6321696295878354,2.475959939809101,-5.038654921209492,-7.949152938721529,-27.788356142316605,1.4188293801341665,-3.3995587612467766,4.502539802892912
0.239940254383817,-2.7744268997820583,-0.2694418087179961,0.992108605341766,-2.2698454260117598,-3.780466388998338,0.4181398226414963,-1.628856053316511,-9.495195104455371,-9.955464997323148,-31.900385359122943,-2.7425504246670656,-6.549395843817269,0.9092964552119548
0.0982667295455052,0.00746820332354,-2.781579323458418,-2.132988243437968,-2.582554029926285,-0.9200727472801982,-3.666529505572692,-7.310143761506591,-12.193896412014814,-11.02957921982298,-36.580720027817605,-7.443023477003898,-10.948407117417386,-3.7821726273937823
0.2499647030558288,1.8858436354239865,-5.856320180108248,-5.325641997441262,-2.5418983957997296,0.1489797029187096,-8.338594749796457,-12.2641414791031,-13.048891535486504,-12.0172244487191,-40.33496335215776,-11.258574745857707,-14.571306177390396,-7.470914814017116
0.0426102632928567,3.9241627988940935,-7.897545581207511,-7.142092933615217,-2.3331782249880506,0.0541286741433343,-12.026916898727908,-14.225100047182677,-12.72337083187618,-12.854402494551174,-41.29860852958109,-12.998162028829494,-15.243229251081056,-8.317845822878907
-0.1397322263657024,4.034413515469638,-7.506282906994208,-6.207928288291945,-1.8144479077198987,-0.4743346220874436,-12.789309747288115,-12.577630631105563,-11.59755861989672,-12.543094594485328,-38.41294816929517,-12.088733344855768,-12.080771645479018,-6.253697338701486
-0.298257603978047,1.317122247043018,-4.663429145155501,-2.5811604157478314,-0.7944210221489669,-2.41875889191079,-10.067710700225248,-8.762889944227569,-9.57585106481283,-10.300586042470645,-32.3813144175018,-8.879744183807347,-6.36987517822628,-3.1434491256789627
-0.3501177714384452,0.6696169232320532,-0.9352244746050644,1.7956468431333334,0.532916430367564,-2.192871921657804,-5.629708413687737,-5.227925038082969,-6.855460886780314,-6.721833043843592,-25.629543542961173,-4.72469264301542,-1.0300388391196478,-1.4538242604431917
-0.2096575913146557,1.5457277646340335,1.5943358990885486,4.202100996342217,1.5659757864405464,0.2460815762008066,-2.581996244948165,-3.8004143235860814,-4.509744123917933,-3.6838719167103022,-21.06923809789529,-1.550317297339063,1.213572770762923,-2.5274581911915206
-2.164072321639833,1.0596633012071164,1.8676216349963184,3.037563909685481,1.8064480802009228,0.5410156549372862,-3.0857585679931603,-4.68356957186424,-3.890190276362944,-2.9179663952520727,-20.347363285159812,-0.8995882761796565,-0.2993757837181476,-5.7817914374564765
-6.376730984570263,-0.0636362604898912,0.5778344358664924,-1.048165973431658,1.353043012071808,-0.7705606897928776,-6.694812363008893,-6.655466635119609,-5.285221722176871,-4.53439862687673,-22.80435417261581,-2.9770150283561136,-3.740363018014498,-9.277575746465097
-9.160751386687023,-2.765144859333573,-0.5803713813796207,-5.724888994596327,0.7459213422634718,-2.1322987317271,-10.777117047220017,-8.145124083439654,-7.329653093987446,-6.924527073851053,-25.9752746405616,-6.446432832599939,-6.238925158526328,-11.06595935761898
-10.867968631175934,-7.56352883947745,-0.4792770536175652,-8.725919173897609,0.237763206144578,-4.298663776334873,-12.643567673554628,-8.32345223145711,-8.023564352704767,-8.175497174146045,-27.30020928387053,-9.25266452364012,-6.064246168611234,-10.35359452074468
-10.356626646688175,-8.981853319325767,0.4842780042746426,-9.297892687813928,-0.6842446020802413,-4.054488277569172,-11.508629580431858,-7.453775419434208,-6.491083606372712,-7.656459631055938,-25.705418449562742,-9.90000465559821,-3.7555621634491994,-7.853998454188925
-6.68234243811623,-6.982999187169053,0.9165546065474216,-8.285223479022278,-2.829013728860346,-1.0374789936422515,-8.648283033128791,-6.34058030958775,-3.697286187282131,-6.258567881031027,-21.836712909255724,-8.213030700187176,-1.3446136254869288,-5.230733408375173
-6.3426132156723645,-5.237663307348957,-0.1079998040781191,-7.042452133763447,-6.196208757684175,0.3781245612667104,-5.843448907254967,-5.398566148245536,-1.344195029442048,-5.113742828865426,-16.95396009889511,-5.0689162236785705,-0.4818901691695316,-3.9644245279977497
-9.163276311950607,-2.5887946814362284,-2.090768314360872,-6.290561257507278,-9.383736371213388,0.816609199063919,-3.732915786294399,-4.169534042084507,-0.0733731636281049,-4.155238412872819,-11.689482031491025,-1.4987461063918772,-1.1455162693026182,-4.282436375150013
-8.647294117565554,-1.6079436921087469,-3.5730806748595967,-5.841744681383005,-10.325897130860625,1.1036439759274814,-1.6081826173071647,-1.7628915577468265,1.1428469412207676,-2.0619902132369248,-5.866234576413575,1.969232046797032,-1.9277678234808773,-4.88903550067505
-5.8072222208654924,-2.928686722135352,-3.4974228796519924,-5.157617702490285,-7.888104670964964,0.4689290550794316,1.3619465613617194,2.1149693513564785,3.7754517559573912,2.259835559785984,0.6139903837097052,5.238555540552113,-1.4209258962922888,-3.8555950948220072
0.5194106543431704,-2.6671498673469207,-2.080874206415644,-3.988025505467448,-2.9047459575158143,1.424694090959251,4.90182977225308,6.478167633659837,7.949894981492008,8.093669581811014,6.9231560741392855,8.139748595117481,0.6198152700678463,-0.1772311279564462
11.70672577991029,-1.4536105924466176,-0.3968244215824654,-2.4872758805606736,2.318535406149749,4.050711036904181,7.70295217812685,9.455042888277546,11.940146869743046,12.86701488202712,11.510761192462551,10.139629779170493,3.223637800563949,5.191472381714078
15.10238506088078,-0.962854654913658,0.7729194529329959,-0.9110834632500656,5.599399090753963,3.807951047948655,8.65617361741522,9.563922029829854,13.46313170763628,13.876344729164458,13.209321324439005,10.56291202813577,5.059906815874484,9.756452525031309
10.467540443318336,-0.6655417851374611,1.559884933316937,0.5789472321861808,6.165752798664926,0.9445397491056142,7.871248356958489,6.847108186875573,11.515281421615327,10.357785255791669,12.150310838787163,9.05767578763482,5.351447261591318,11.13704371535485
5.774650670686928,-1.1519316127273946,2.5190300872295666,1.7580490340722008,4.660867784104198,-2.3864357676956423,6.394754772730437,2.8930829851748854,7.084779110590887,4.1391941303676845,9.643040993345153,5.875189520099525,4.212244888322971,8.671980680838203
-1.780640157405759,-2.6800447699223464,3.6906163101656375,2.1619966769394523,2.18368512542196,-7.0924375698429465,4.993414256147275,-0.2929405133557452,2.2914061455924752,-1.634370982148937,7.241369943829397,1.8334024269723272,2.4043982322671127,3.7713640185771737
-4.862318783237423,-3.39397992470352,4.335254429927403,1.3427854242293336,-0.5361392882594487,-8.830417064966015,3.3939533041257164,-1.6370015835158256,-1.0566598215610838,-4.576384626355235,5.923431757950141,-1.8883684837575172,0.8733855528380161,-1.0807303761807816
-2.0875304208960386,-3.3912211641038748,3.667997166431178,-0.5356950521832005,-3.1655285388345646,-7.055031692776407,0.8457351630448784,-1.4868224440490962,-2.261920516239911,-4.287118518690534,5.981452090684854,-4.038997002255655,0.3473305108192903,-3.741517095225788
-1.4360849261772526,-3.218005343984037,1.7719797816635603,-2.4328498283542217,-5.342981693338118,-6.32802124052095,-2.621898919744297,-0.9544789881349516,-1.5877280225606685,-2.009679307431384,7.383838925642408,-3.7606234943773416,1.0785249968625408,-3.294470384618023
-1.0101900251900644,-2.47700752019959,-0.3545693406258579,-3.021790614251472,-6.553903344904654,-5.630401198354169,-5.694282424724122,-0.7963939544819709,0.2547684121773272,0.6490208108186835,10.007464746182734,-1.1862091071319014,2.753189145646729,-0.205880718878177
-0.5071914899970754,-1.0167638755191748,-1.718925199381772,-1.7926176922874788,-6.505690431281266,-4.5730458100697255,-6.69066520273924,-0.8276267981255501,2.4273486580035524,2.744864361458667,13.53321430523266,2.273586736237519,4.641916847397795,3.9136667386462136
-0.9901671405024318,1.2470911815530374,-2.2339105210900527,0.3753223513325849,-5.458484465184881,-3.79029753566814,-5.044106850405171,-0.2951273816506727,4.144290572834819,4.15780412664472,17.33885221992253,4.497351427080531,6.003927423204118,6.789234604652648
-2.291929532077776,2.665860448601743,-2.5843487569038075,1.8935063747781555,-3.972056768705613,-2.4273201876683923,-1.839612120566386,1.2406325002798155,5.000683381345226,5.178689694442397,20.73223089329537,4.015964598137231,6.557149898117217,6.393763855512759
-4.829313752352221,3.1787557993167312,-3.165537703025109,1.9313895270872763,-2.267449673852923,-0.6017958529913103,1.1420319683284674,3.358887043533173,5.31882345702229,6.124464876583488,23.38821469579517,1.2304396626352627,6.6728237707075095,2.219017059141436
-5.875395258384652,3.614188477750457,-3.297312719338493,1.30029997516624,0.0303779505004513,-0.5102334527131059,2.912750590251392,5.014809350079759,5.977696047355835,7.192774249322326,25.51098548124594,-1.67172854077711,7.06648790724006,-3.92134461220428
-5.389188693216955,3.563791700308008,-1.7552930971947944,1.7706568816905133,3.3394050996959663,-2.2350378892437317,3.842037453257319,5.274219205547979,7.544051167422765,8.343830939884867,27.482180316256063,-2.3273370172237264,8.12069608005055,-8.597578068818166
-1.8024908600588485,5.855866723529688,1.7158027242631988,4.292051570834531,7.2526386181983185,-2.270335578613373,4.839526039030943,3.8900160288424095,9.3943342376146,9.103222317730117,29.306604370022967,-0.1693942126553338,9.34011343485696,-9.003215579218534
5.815860936525046,10.778397891364994,5.4548494367247145,7.746349275279044,10.32952815320931,-0.9243112650263958,6.095832614353526,1.337352475213322,9.850900767679462,8.584356722478532,30.42351551021352,2.931233877554348,9.465804104035954,-5.20972025755276
6.631046584217702,11.187366635321233,6.73874604016595,9.533785800635258,10.9641744683762,0.2471669724254941,6.700879888641282,-1.5348812682979087,7.530755492327046,6.048559699674797,30.11296364937641,4.035515005929369,7.334193631931498,-0.4430038809481971
0.5010302878799281,7.286894966186924,3.9634673694097273,7.657353280244877,8.669001628430237,1.8886157315435237,5.511381417291432,-3.8547555487637615,2.806214066757093,1.7422076672072535,28.139185387468387,1.450686198526057,2.916312831234336,1.2039545750777734
-7.343220449637075,1.1564169428896798,-1.785107460371961,2.525588159655541,4.620609654017841,1.8040343464806496,2.389397843503048,-4.926094212614572,-2.0914769840929357,-2.7955716294403885,25.02017425044562,-3.95793554790609,-2.335607962976724,-2.0397183542970936
-19.443166496939053,-8.865942579054293,-7.355067347043388,-3.163123085914208,0.9310179564985503,-0.3159895643850232,-1.394872724445861,-4.3987194342255975,-4.652206911210016,-5.501564016738541,21.659008906493483,-9.531457181711945,-6.28345500060658,-8.181016234882634
-22.233797316866674,-11.844823620818442,-9.946135374012355,-6.424279781964486,-0.7621686390847913,0.0961027661077384,-3.973508116347034,-2.4724592331149893,-4.038906979153182,-5.191593592796608,18.69556478097965,-12.879042455633195,-7.550302215429355,-13.049667717722857
-14.306340851638756,-7.009295058695892,-9.18989674952823,-6.172411585237626,-0.2392601888893182,2.7471414747178486,-4.175245820298642,0.077853334182862,-1.6390123382119557,-2.421497199666078,16.21268547432939,-13.364075739812591,-6.469954762751058,-13.585739458379637
-7.80367668080773,-3.7817408491105104,-7.040763325042775,-3.749171651715813,1.4740070112287356,5.564486066469967,-2.220906415543737,2.281793615647274,0.2777682304096629,0.995375689021472,14.063034248972343,-11.84405324914016,-4.697896123683876,-10.028839821778575
0.5190514874227589,0.3011631577431271,-5.696994915631194,-1.4747438346425383,3.0611145178061463,9.435634760352483,0.6291840701276783,3.579983668716693,0.5033526081076047,3.396981935330899,12.40588861218214,-9.257167626446233,-3.771421678035921,-5.253701900368753
3.577048893612958,0.6583803558777186,-5.607677934367018,-0.6444919280831414,3.779860004641989,10.096725313683429,3.0045603470109654,4.112337724957058,-0.3664788691680485,4.336567216789518,11.764310047975272,-5.698482261118983,-3.871292596475712,-2.081793292728463
-0.8524173705760539,-4.38644137489472,-5.417765723556357,-0.7534573248628647,3.656895947433867,7.019692065276681,4.115776410601981,4.347518861180902,-0.9373924168967988,4.4152000813188295,12.389845189518766,-0.9420631904312272,-3.897162497640977,-1.1111775502387644
-1.7227124578608517,-5.536270804535681,-3.7137070938570815,-0.4592205084372835,3.100561491679912,5.217195395753135,3.828173365050191,4.391036676444713,-0.6050960583448557,4.221778767267637,13.526570295236766,4.307422036058654,-2.783703477381352,-0.9059735333416938
-1.0041769813496615,-3.962975770134224,-0.6918346719187696,0.8329795362079295,2.4150318029570457,3.747830383054304,2.393914877605738,3.726859312448383,-0.1213032480726212,3.548098920633535,13.451241988378811,8.039101224535969,-0.8251427622818426,-0.0339088772764029
-0.3258790548232875,-2.922850545256746,1.917975771111557,2.331311138786361,1.5981057217089756,3.030651596114843,0.2883255128849953,1.765014394909585,-0.6998372053033819,1.6718589724799386,10.5393636799308,8.195178757883127,0.2804083271629736,1.2612983353481866
2.019684670657212,-0.8865314065414054,2.5115407668017014,2.693247332905088,0.4796632081130809,3.9548190244880495,-1.788187903433041,-1.2922419941026106,-2.702005590627536,-1.632506852068964,4.60708559086612,4.582466300579291,-1.1719149851833848,1.4400868297336018
2.803159333519829,-0.765625611032714,1.154621275401034,1.4291464546742605,-0.9756816296397376,2.5112587717655552,-3.0568093134769185,-4.184655172131159,-5.243420140542959,-5.4310495878976965,-2.6107543530648627,-0.4067070134331558,-5.206360854828269,-0.3722674002523334
2.118015091233989,-2.955645899390653,-0.4543326767110045,-0.5071325190148954,-2.4523299446564693,-1.131233080619569,-3.1125969236367794,-5.344726691234719,-7.020420236411546,-8.039154997983914,-8.351759738861034,-3.1764288870490844,-9.680400343013794,-2.949315131472858
3.2128941624183875,-3.5582244906279805,-0.4633539233513062,-1.487971845682914,-3.362482451043661,-2.9662682745795155,-2.3299346348953804,-4.1064887701248765,-7.452976258342893,-8.197775537617673,-10.500032031243151,-1.4526573683082449,-11.560082215142153,-3.665111195327185
5.647444189223428,-3.14471102277925,1.6483973601974746,-0.6299034800665311,-3.2565972407031936,-3.5697810249789943,-1.6848745140439796,-1.324855557732267,-7.057948780144184,-6.011448529410966,-8.867104508155073,4.059128543426184,-9.078897924497412,-0.8240218127707983
7.313760826269531,-3.506101529449054,4.83522028964955,1.3926839750911473,-2.2972236284978145,-3.10755726221373,-1.967337508311921,1.1659885895328177,-6.827770875002843,-2.8785406289868707,-5.247850044409654,10.183980971768632,-3.140927250549776,4.569449906129906
8.660035518848295,-4.076389059105327,7.47934168795199,2.8266903495264635,-1.3370402545710904,-0.792636042492084,-3.065095270480847,1.8359274490300503,-7.322294572098572,-0.5177293959485372,-2.308260310399975,13.480977103610838,3.1381636245697475,9.365508614730032
8.21601203999217,-4.826622935916108,8.579980178882893,2.2113515827453485,-1.371921505098445,-1.2645150046133435,-4.075963499729689,0.4567591409049281,-8.308631315009999,0.0982394383746885,-2.077656740787874,12.409430160651288,6.439072687798641,10.767076271409245
5.4739533852639015,-5.960088994888829,8.184446611922699,-0.4534648295255428,-2.7289197288638296,-4.624949773054787,-4.235169246916192,-1.932792996334414,-9.143215990152669,-0.8742577495649706,-4.95195249981732,7.966774408209869,5.309818787249425,8.565792390178148
3.7872289363757554,-4.968526667459226,6.965578676738252,-3.651711062021944,-4.730347067369216,-7.869811478055262,-3.7839938758060256,-3.96616585627937,-9.40707571063856,-2.5790274232216284,-9.72011041185939,2.634769473819974,0.8301289685455853,5.145404058776837
2.8192906492532246,-1.6755337262344232,5.540669069536815,-5.45227405861133,-6.234763987821907,-12.01418639549283,-3.8792901865292713,-4.960019507633994,-9.190597888912762,-4.193301515089688,-14.484960007859812,-1.3308442763944797,-4.432327716219522,3.329511151228278
2.068417265741147,0.674801218372403,4.126620843863641,-4.929099833643047,-6.604909863257905,-12.90801336245891,-5.532269436092257,-5.190146981851811,-8.849010528532595,-5.344093944993503,-17.795623347092924,-3.03222384435486,-8.161498775475103,4.064376949829825
2.209075104500023,2.543973781627448,2.6635876378610064,-2.800182612711282,-6.162601881316686,-9.864372919269991,-8.505782212830177,-5.306017774875755,-8.534067859605074,-5.996918277583585,-19.194333299289912,-2.944846290367291,-9.365550868085831,5.943804951636345
1.1233267125870172,3.3839651618396664,1.1483241948682306,-0.774023968797124,-5.667307251085703,-7.487155534028943,-11.179787830362136,-5.496851999690854,-7.93994710829373,-6.101425580544884,-18.87820127709129,-2.135590509915133,-8.243159359478891,6.79613795833275
-1.1784921575636802,2.498957009983515,-0.1534322115718183,-0.1301798545724892,-5.381172685159783,-4.740098489895546,-11.57044197153116,-5.201513555195291,-6.470423835876133,-5.424863329343452,-16.98106114270601,-1.4050072265200413,-5.429993365254461,5.718419167106568
-2.1307151219552987,2.118860947025023,-0.7961958783474117,-0.7277333043540892,-4.768749000451756,-2.8855686391173268,-8.733523509452311,-3.638746619296576,-3.7037419723419935,-3.751418763138332,-13.36796039632707,-0.924366490600974,-1.5627138732890344,3.7201137289528816
-2.0269140958538387,1.9437374827412743,-0.5113163879606049,-1.3065089610117937,-3.2253767365273163,-2.723365337363472,-3.496066128758485,-0.6789844296869489,0.1585952031272839,-1.261460255148286,-8.293377915898077,-0.488788777721588,2.5453368164948813,2.564640771103072
-2.519569704214713,0.891965780747816,0.4091150230617444,-0.8123625355503918,-1.0754579455783784,-0.6445673496641803,2.0097422149757165,2.7493827424384136,4.162619384002795,1.261618041824093,-3.207245643757993,-0.0741750335921196,5.655323291307603,3.023221341248089
-3.2254590477275737,-0.7248448701026453,1.0547227850547856,0.4862938323264387,0.3271225798117569,2.9594220728022997,5.6713605243677705,5.134393178574825,6.941490701269871,2.6373520921103197,-0.5290065127041146,-0.1758138496969863,6.425350122364975,4.136376681597568
-3.9786618297527543,-2.4882407772398687,0.3787925716334896,1.1754311873368837,-0.2984269295060713,4.748657988728409,6.660299530302474,5.392504090858445,7.423574594868043,1.891316888216572,-2.058341854140941,-1.55381265184743,4.271263293338713,4.056682358220428
-5.020949184629033,-4.494875375471593,-1.990292382566864,0.0503684574318583,-2.8346804309836315,5.132485968140351,5.785042065660257,3.620987951684356,5.543252145550625,-1.0266280878055485,-7.195757090529746,-4.478571252504793,0.048836026836156,1.6702354948764082
-4.181031886227745,-5.618465628209935,-5.221821616860737,-2.6159995841718318,-5.559968958470215,5.272075588672245,4.730705322668804,1.0293441332253153,2.469566558412481,-4.863119734577765,-12.754537420420093,-8.069051220804994,-4.127218744628777,-2.355708724278472
-1.3090979606644757,-5.6663973506689,-7.592391754639685,-5.11502373042935,-6.392609178571718,4.564765533759779,4.78772047996484,-0.8398245780317595,0.0813740048840685,-7.423397021231942,-14.977045082890273,-10.40230211931044,-5.927366573802281,-5.877373351876088
1.1711589194305314,-3.6696755723655934,-7.565503318801994,-5.648738668621967,-4.509282729731197,4.903029966670258,6.034350246291837,-0.9885204555810604,-0.0842105416502221,-6.700724742832719,-12.330948904227917,-9.55025380063784,-4.058182260191323,-6.636269866307579
3.6941434148815135,0.8930355176184015,-4.876381769205729,-3.73778442953104,-0.8800430284037049,6.482757832169095,7.539256402122007,0.6169617239154448,2.247734760704517,-2.2144559186560144,-6.720886787010436,-4.917873982315825,1.0358535056727334,-3.681222469983005
6.609495468333809,5.726778397061205,-0.7540922171329143,-0.4157517014225007,2.7004406935199583,6.958984883168254,8.289281830729678,3.19135689941276,5.923823111279468,4.369527573007439,-1.979178520414706,2.110767251760109,7.369435984850611,2.0508759069133617
9.527433994845737,11.173556184431646,2.923152687112939,2.862644133970498,5.087747384543519,6.705624480103441,7.971742487273275,5.5723902106561525,9.051100031172624,9.974464330543086,-0.8724715409317483,8.784226161382499,12.36336443957996,8.241892542206571
11.741367345172652,14.633558303578704,4.872617543631357,5.4504941167826,6.386021040472159,6.272815954151543,6.973882667604407,6.676733907860815,10.059300401377117,11.930682281795711,-3.161146243296386,12.498931791606031,14.084340729181427,12.374902648883053
13.074398964891689,15.41394363118137,5.084792787187517,7.683192452272884,7.278656949374401,5.281137422102675,5.762693751947786,5.880278512417405,8.489674431074562,9.70654781828383,-6.235329766900563,12.2070539402294,12.21883877766173,12.923712030014222
13.182731838417094,16.679788272287972,4.498639524173946,9.952974826610747,7.994928543037425,3.480980296631783,4.372881561392667,3.3112922934275133,5.154552359738183,5.2813700125891145,-7.509982744117515,8.82790907213522,8.28679602742767,10.017593203745214
11.713793203740254,17.64760128135882,4.089756823307219,11.778365014246845,8.07753217444953,0.801898841804265,2.532114796874964,-0.0736146372990802,1.7094192065804847,1.7922519443853917,-6.328432315948099,4.51609722817809,4.878319585556788,5.33809422086226
10.27058186125178,16.341547594085615,4.186784941189231,11.949092989175426,7.127712674884577,-0.6535435999195948,0.2413502582376807,-2.827765482404722,-0.1255140167601141,1.3642324922678313,-3.8732123702725687,1.3791838963200789,4.194943218132906,1.2817629625134757
8.712359721160231,12.968079126159385,4.478018242931618,9.688329201387653,5.581493172367608,-0.7966320061936694,-1.8479881320710236,-3.7429318586481344,0.5828484980018658,3.6900417175709,-1.6202470626986596,0.4591222989224448,6.67066987408441,-0.2821387607984107
7.850501330663887,8.975150827958224,4.482759259298376,5.675677224374056,4.531971403336264,0.7498088740659669,-2.719058134061143,-2.5661767713387817,3.3978323303354188,6.396821633355749,-0.1251007564558577,1.4484545601243966,10.556726556330544,0.9611440970834196
8.122055297780607,4.038821601665224,3.923281229506237,1.8281883591738293,4.6849586777778285,4.662222889123351,-1.7632230053703353,-0.1779148252741507,6.582068390522196,6.887450099313824,0.740592420279043,3.080007135599274,12.86558332638966,3.621214252804137
7.206259376911976,1.9611693822266552,2.712725990186563,-0.0960500311258059,5.537286083345002,5.822383422335125,0.5868244665265863,1.9499747838451784,7.961571882585986,4.227096579486855,0.7120962869934502,3.811462310136712,11.202912607132037,5.523143919707614
5.334804920687491,3.3647824901058616,0.7845905561897766,0.1394536955066456,5.704624139875243,4.199229396431642,2.9080097504728077,2.642494927961188,6.191802058735242,-0.3486434101281759,-1.2649253430675955,2.465756731636226,5.343404141056155,5.109387078370652
1.7608766174484294,2.8472455604791898,-1.85418387429408,1.1478092415662786,4.158214565967189,1.29979733347099,3.561866869366092,1.632437472760671,1.619067451729741,-4.582771696688219,-6.053699137172728,-1.3018490094789072,-2.5345482410431046,2.3050149693140085
-4.091671057934171,1.260039306350664,-4.828045552188726,1.1725742412033462,1.1849850612156274,-4.144257538555658,1.7082628088143998,-0.4595599448663279,-3.884754147597928,-6.944007044552723,-12.90741488417066,-6.74283952760781,-9.182876211557035,-1.7390800918500169
-6.107694960229646,0.1475277655006818,-7.264934852055401,-0.4190418596084626,-1.8554983539162748,-6.085709985174079,-2.116976010494163,-2.6255070384117154,-8.017317471987894,-7.515260416101569,-19.23012515902525,-12.093152638560142,-12.30480290063696,-5.632976161971115
-4.185348812569639,-1.3337081847714471,-8.186315880453726,-2.701377127440576,-3.722138884415365,-4.203839226206977,-6.270449584955621,-4.030813471618263,-9.314163588786515,-7.431104494456623,-22.09728227657312,-15.188363779785629,-11.847483960488823,-8.505582370442205
-2.179651554491058,-1.6178219502215117,-7.218459701473197,-4.127299324268861,-4.277413451190231,-2.196434592050161,-8.96038845718786,-4.335629877116332,-7.793475570577819,-7.583722761715396,-20.36967085906664,-14.565344138868156,-9.6682042542095,-9.995744812141556
1.2609149345508412,-0.5519424378701263,-4.981172739344753,-3.935746412099972,-4.368214862195824,1.3781290647671824,-9.25479723138559,-3.735936360025292,-4.70719614564117,-7.864266761984343,-15.534787749994956,-10.487106918163802,-7.899910923342603,-9.85704587700037
2.035076148975284,-0.2959583404958181,-2.7125454969103995,-2.7729421898796183,-4.809309256066488,2.087394795319319,-7.471205843415817,-2.798023615581851,-1.713505396256915,-7.534457294437157,-10.48535803794516,-5.061394495950784,-7.323751117131273,-7.921363635379166
-0.5860583415592647,-0.5842115124028526,-1.401670921263829,-2.036181229708537,-5.507512574845874,-0.7260177508091756,-4.765457333024241,-2.1372518230305744,-0.0093482896611405,-6.16843643151954,-7.289500772934327,-1.0754939841907645,-6.991096597728429,-4.569884379457134
-0.7986667564655132,0.1032634745786507,-1.1913663429335095,-2.59541684156534,-5.559666768732956,-2.4404370885376023,-2.34105098324767,-2.0401719135483543,0.1619631394569261,-4.132867041622808,-5.868371287186166,-0.185078945198919,-5.283828881011541,-1.0467644890679813
0.4897335129904466,1.475107301608617,-1.548519814245349,-4.050504602707083,-4.178627609701826,-4.133106256126569,-0.898327223762748,-2.267397665738737,-0.539960536692865,-2.180833070574714,-4.593976614764307,-1.8055095164157955,-1.4564315679933326,1.0577680782086532
1.2093969642399205,2.16756245757584,-1.9356743829256429,-5.140135179109062,-1.5354007373403271,-4.408973653684474,-0.5918870078403788,-2.270778603577412,-1.081060293114174,-0.7028307608045927,-2.0722764386632253,-3.665840767306846,3.6016202147869407,0.9362404965262848
2.225503959487892,2.313011993465568,-2.2578252052389254,-4.8725157996096815,1.259296042251657,-2.4716043524562585,-1.2565058317978708,-1.7430062588152686,-0.7685037856637889,0.5290143385346091,1.5724427105731198,-3.6566845085859,7.92756829347837,-0.7023426436821456
1.4074685373751166,1.8714609646062923,-2.670473380016156,-3.336526961121273,2.982261043631853,-1.4221014805205363,-2.524145957341929,-1.0264647611576785,0.2874071443100474,1.900979546890675,4.958843695757447,-1.468270468351399,9.848970228600075,-2.0645779796334764
-1.593369594619962,0.5180374280642465,-3.06394527807129,-1.4941276259622258,3.1825027326748225,-0.7833459456574572,-3.761332244974659,-0.899377306095309,1.301758758777768,3.3539831044751907,6.826488554984431,1.3484977555606,9.08391543908855,-1.5732818960742891
-2.4628347047646764,-0.1958384187934585,-2.889217556757941,-0.2149392754921821,2.4041870585176,0.1481961837828217,-4.10351978896134,-1.7948752441565388,1.4722292847227063,4.33285435359553,7.202146119399952,2.900389598812974,6.822504169314794,1.0546366264812654
-1.5140473459412067,-0.3009001371760391,-1.5963533059339952,0.4962293886585538,1.6641589330023017,0.8831039822394596,-2.814432905632577,-3.1423890788535243,0.6765066180624473,4.355183285314835,7.3987030229719455,2.673533452813764,4.836139832173538,4.776902118238362
-0.0426561690558961,0.1890011753115675,0.7357171551213089,1.343442887469001,1.690698020279214,1.7947810206894443,0.1975882074014627,-3.571590722846592,-0.3518892158582059,3.593182272961549,8.985815114636669,1.936052365315522,4.304308674808084,8.086235166918325
2.834496427758207,1.6755059335855298,3.254107851606676,2.840311936582827,2.495788933921494,2.8619838236578974,4.160557869391372,-1.99517839191474,-0.5433160474963952,2.841220157064477,12.634219062005831,2.507042256308848,5.148594284624492,9.934113989679936
3.2917443501201107,1.9960790444214624,4.895292729606762,4.59723642492334,3.4780031972856733,2.7539398737087226,7.798003482634746,1.307790084973366,0.6773571862898198,2.866792550165753,17.652057615483614,5.0418719568232575,6.258330950107848,10.082594743547295
1.060861934750826,1.1518940898511,5.187199750531555,5.5587392565586775,3.8667163061945296,1.403869129805215,10.053261410449217,4.655579297077541,2.899178080684134,3.759422496817539,22.415219047880058,8.39388866920305,6.403551309994036,8.916976731924873
-0.5127291362424354,-0.6500722679357804,4.5774627332863975,4.998944955555004,3.19643087421186,0.8051339407945949,10.636965193816936,6.1726599793477845,4.9756387060018845,4.894072463040651,25.33652749078135,10.618860827075098,5.195661935324271,7.12454977416596
-2.271032301951802,-3.976471026076605,4.007540636657286,3.284767520945959,1.5863619935473243,0.7502549839743178,9.999383046280384,5.285229145694164,5.848677438708762,5.529149591601108,25.77960618487962,10.69234389582589,3.407733542564632,5.460403314471801
-2.833416200182629,-5.511334725254598,4.125689554369732,1.6036017122767454,-0.2953895879760573,0.5173061710537892,8.818394189367265,3.181591165639599,5.32332926329158,5.456477878693626,24.37000421219019,9.359771832864244,2.372582868219965,4.496258103990783
-1.6111526958961409,-5.178365988054884,4.814681445037522,0.8838734850187819,-1.597793189064685,0.4701818472813135,7.474105000715337,1.7882099624097272,4.191851071066399,5.092830433125798,22.45799829739166,8.331679467318825,2.8492395985268466,4.275042766462953
-2.4613823834908466,-5.676282180064819,5.380848672917075,0.9771259345511004,-1.8214870520066064,-0.8139008052817119,5.927929468525743,2.15662067491159,3.602050449582101,4.966455006496595,21.029114765460776,8.578266580738447,4.24565913706244,4.120998295121368
-5.0964954916830525,-6.334507793011887,5.165009277714923,0.9317389420965584,-1.171462858698714,-3.4860642989925115,4.025815080293707,3.701674019478343,4.153952529893953,5.147250743213068,19.869106485024645,9.354336623809846,4.93411298571764,2.966725891543245
-6.704916124471432,-7.531702861476705,4.04087135759999,0.0797559940980789,-0.4069715045318887,-3.6618794638416334,1.878288017377056,4.917900478681833,5.42855766952837,5.197641915102388,17.75347405259398,8.936593069906596,3.55474126485562,0.1640529440213605
-7.888965775050538,-9.678508023222602,2.4631902995865502,-1.1867375323750018,-0.2237612468225833,-1.4103927726339682,-0.0484101905746392,4.817192105755026,6.314772575037488,4.663642084923648,13.6463263621606,6.426759780988986,0.275177675194179,-3.828893184989109
-7.224432900903782,-9.369091226556414,1.1371383565949706,-1.7692013024633937,-0.6363583946253115,1.117657036977223,-1.2002689119351508,3.7180968248412327,5.876620564500051,3.5700764666567864,7.92206986713488,2.875642961854936,-3.164783619796765,-7.589765315553333
-4.105706025008558,-6.562543768227417,0.595592759999267,-1.0147535492402682,-0.9173136699009028,4.745057036709289,-1.324449013788886,2.748492498880598,4.086589951004893,2.404388273980953,2.4302541466731817,0.5174231764926027,-4.844890549080116,-9.771689656000714
-4.866921980321067,-6.508745299171399,0.8907891676010138,0.4804729714377806,-0.2265302738606109,4.930076515207922,-0.683207836523124,2.6888619724490184,1.85943681721508,1.6332810630636772,-0.8225646526034609,0.664913249370926,-4.387911987616249,-10.245155680208082
-9.4425428781791,-8.787493895939345,1.479887079734599,1.2219251822521606,1.543166421323665,1.0675262488597428,0.0278083250072569,3.313679981118579,0.3555457125515424,1.2728903714510018,-1.298287987593806,2.190577720966697,-3.4499964887870043,-10.305794380861675
-14.743408133252045,-13.344902755680826,1.3872872772041551,0.0069744602119463,3.439447118041759,-2.1160829936595213,-0.017234456815526,3.7426752230779066,0.0746613040177202,0.9337325740195368,-0.3959415705353564,2.1534112983450626,-4.391775736535319,-11.636329075685731
-22.16452594800858,-21.40771569099944,-0.2752514855379147,-3.124505574728598,4.017993381191811,-5.716580296175759,-1.3860246370498324,3.2933896935783373,0.4441433417379699,0.2412076305590993,-0.2930454799555555,-1.7392852807465822,-8.18959150881064,-14.83002716838671
-24.7442097504811,-25.091199489260514,-3.589104695868688,-6.970651631899791,2.4513693372672165,-6.845367346649336,-4.040910262303441,1.9895162097529884,0.2759132489940086,-0.8114520551238371,-2.1658478140281474,-8.872037067924634,-13.431781932297971,-18.765264373172837
-21.69125036906185,-24.24896203032937,-7.436694002863383,-10.104442730652105,-0.690119921286314,-4.5310435693482844,-7.186804062834487,0.4132004260505901,-1.182960721118672,-1.860255295703741,-5.343688337324497,-15.69410974895408,-17.34107815550552,-21.440183571521235
-20.03259769661029,-23.785668422876533,-9.96819279907776,-11.812577384745603,-3.6937918734429687,-2.656526308897279,-9.491319977520636,-0.74565130221281,-3.412618721520033,-2.41634478130116,-8.053117574954033,-18.14543655517209,-17.946037768837247,-21.585554945869987
-18.15007180766472,-21.96557715917885,-9.832734219869652,-12.333296317483423,-4.912256619867147,-0.3069445588574239,-9.708418845833949,-1.0083191650897128,-4.771326970067111,-2.109313061420984,-8.95336619318887,-14.67282209303038,-15.491902044707077,-19.638933883259405
-17.38249767746212,-21.042834985049023,-7.2795886164123615,-12.37822366379951,-4.008614320250086,1.3183450292140522,-7.423181223829374,-0.2387676705620656,-3.703039071088199,-0.8402247311096289,-8.050419887697238,-7.428011879804831,-11.919437298024071,-17.221747643486466
-18.881099355846253,-21.62969322522553,-4.116151865216228,-12.457867236414325,-2.1938984975554234,1.5722840045225268,-3.414186913938984,1.2540398547627731,-0.1407482658323431,1.103113419083417,-6.327688537822333,-0.706641917604717,-9.03942046367116,-15.633173251084823
-18.00831532244661,-19.333963702524432,-2.3994995819696925,-12.53961218139445,-1.2023290244561124,1.1516478653250637,0.7021249206524409,2.6932843265699127,4.100333077987429,3.021091818244741,-4.705565704982679,2.080326094364008,-7.158093191713036,-14.781650664425785
-15.24479470392765,-14.605713684843044,-2.893189378251307,-12.195461382023536,-1.8518033401339904,-0.5354997863396924,3.37799147853805,3.150063716875078,6.459855046838438,4.05377109173776,-3.463632610933871,0.5202419561465277,-5.3229770952011854,-13.527282124967693
-13.48550920059398,-10.470899979836114,-4.600227079114376,-11.02368987637295,-3.442621458251372,-1.5202693474816773,3.990665547943325,2.1970066302182243,5.527450872736594,3.724572481701724,-2.5854012775712363,-3.069986717537457,-2.7134558238193343,-11.02035991184808
-12.053601137212777,-6.292797757488052,-5.737294599239901,-8.998243488326098,-4.507695816095776,-1.7717561080733006,3.07719661801138,0.3775651845328873,2.146773313921772,2.3932054822655946,-2.4112324447880464,-5.742253416738315,0.3415618631480566,-7.667276156746363
-9.475406679693874,-2.753349359251537,-5.226133995795978,-6.515900822850067,-4.184383567928766,-0.2955525076604508,1.834399152873328,-1.1099323752465295,-1.277099721799006,1.1055457057913536,-3.667144928114574,-5.977095241841964,2.689461669562979,-4.779116714001772
-6.048036231266079,-0.4297994133249755,-3.39565052744738,-4.145863077106897,-2.929959893446348,3.55383123595602,1.278953148066126,-1.4378237839089394,-2.759162888622841,0.780654864401825,-6.690689572682079,-4.237478118097792,3.5215432633176,-3.314499007942985
-2.697442579395445,2.155078238195711,-1.4268951834610686,-2.281546812200279,-1.982590164139225,4.569726791127317,1.640322960462063,-0.9876936814392288,-2.324453290776489,1.3614961488551778,-10.665943827382188,-2.052848923932242,3.052876021725776,-3.009459631664301
0.7564579043944125,4.661959051986699,-0.2445535916849017,-0.9331935229382556,-2.1864461884932886,2.864935223436196,2.3392682907718667,-1.0907058435582329,-1.816106879402838,1.748582395555518,-13.827525239074602,-0.7574755015154722,2.031546334929464,-2.7087824897958512
1.695841609292536,7.517239083970108,0.0855041048988916,0.2226334979357833,-3.324845439951189,0.0715111041542179,2.4938204150514167,-2.7565947528372927,-3.099834481484258,0.7106569057895076,-14.68651582557738,-0.8486317649356163,0.7518939121249772,-1.4553760683469736
-0.3196551784019569,10.959436365080824,0.0712391975420008,1.5952142901522457,-4.481537291217846,-5.010225335007656,1.5583481960282448,-5.567958636719031,-6.295223773876441,-1.9697188996486064,-13.270749241446405,-2.0497057968038934,-1.2159092103833746,0.7810182554517553
0.3377651330002461,13.458829055483976,0.142746748719059,3.3926281395204705,-4.907654817354066,-6.529437057244155,-0.3540984155564501,-7.906827374010073,-9.646333926009907,-5.192833346359644,-11.236878942390543,-3.633066886401229,-4.24071155457878,3.305953720065669
3.269594162680657,15.098090834583376,0.361687554084507,5.455340118804029,-4.4991063048989615,-4.104741225718559,-2.651638611240312,-8.424192884190507,-11.136528777089582,-7.461791317122551,-10.672606119356049,-4.7483546813843605,-7.746255560283044,5.372237214789388
8.317358675224964,16.61289120546801,0.6562507144788494,7.314781022873007,-3.555365575682497,-2.675805640756228,-4.7177438411434345,-7.347469682102084,-10.3341846154448,-8.252395907009888,-12.55213984261448,-4.820576705489872,-10.393770212555085,6.542649049392995
16.797129779560493,17.707629966016366,1.127695955577634,8.484937958375784,-2.2727580200295656,-0.9462105101559272,-6.193612622745285,-6.25306458076906,-8.748775273273194,-8.525973891366037,-16.075979624160155,-3.952976399905383,-11.306878919432387,6.592635452681086
20.07097429036127,19.00594701575874,1.971568460260059,8.835219973592642,-0.5989705965423116,-0.7051734337234332,-6.868440599965819,-6.427505111627789,-8.38432443824051,-9.785988975104871,-19.328477450121326,-2.9345271300113893,-11.02759441344478,5.461273631028041
17.937555184725586,20.6137754928672,3.097834345330003,8.753681395585776,1.4366622186135256,-2.766666450130371,-6.43765621677252,-7.44196176756472,-9.87182483047135,-12.47014332678382,-20.614861183665983,-2.596904194613032,-11.018255008708245,3.5680205498749613
15.23462555040201,21.00629093298512,3.9548465767370455,8.875933888937363,3.354252352117398,-2.877234253215505,-4.603046546528657,-7.476030774062544,-11.932851669313994,-15.240464652983492,-19.441439029977595,-2.9783585967045623,-12.06624476309388,2.0525869102838685
9.980878773812082,20.24843823455179,3.8723185415523065,9.506377231599553,4.288039343803333,-1.505958819255864,-1.6033411455970696,-5.205408977446114,-12.634031320716849,-16.026333633524338,-16.57646819929313,-3.200125906277861,-13.267924522985588,2.2565504561348844
8.5070436606857,19.38415470743848,2.654124463430425,10.221110834643223,3.516496582194967,-0.9809244676474153,1.3745640319724477,-1.4106311343929725,-11.207922445849585,-14.010330929890609,-13.390634293486286,-2.404260236065382,-12.836035036326528,4.54038961935805
11.683614260099796,18.13473525342239,0.8286763716790406,10.098145789887395,1.057015074114008,-0.6526444376187917,2.5850560526487807,1.3832321816298818,-8.743603565017256,-10.69217754292565,-11.054758784483846,-0.9304271998485114,-10.09361844366524,7.507778736136895
12.385409461280313,16.10938032552724,-0.7233709182302328,8.486783573871648,-2.143725935120787,-1.8114659252709528,0.9008395059237132,1.0300844795540334,-7.174903186473038,-8.85592123010638,-10.033726148364792,-0.4118257087611141,-6.626046573950522,8.6658294700262
12.061614893972337,13.404967310343482,-1.420170865648616,5.671754272200877,-4.60936770229057,-4.894936162189984,-3.137675079165984,-2.315202487624449,-7.565738344248805,-10.191107065087946,-10.003886615792895,-2.3874623014799035,-5.20915553305381,6.2980675932866
12.079360103115029,12.082875871602972,-1.298204293696411,2.805834196128993,-5.118193047127572,-5.507847021229048,-7.433536958689737,-6.272188559032481,-9.231174883892706,-13.674234578001602,-10.129254235056427,-6.579368417571281,-7.289126976346141,1.057430116373573
11.44563606638705,12.288007504400236,-0.7547042645458557,1.1228571676177426,-3.4115250080523403,-3.7797105491767926,-9.693591548447335,-8.192186576967163,-10.360989962174308,-16.23712475442008,-9.541092036382905,-10.55502136616093,-11.326316175182557,-4.163543126354786
12.655792823941262,13.886372778463896,-0.0652427276841667,1.102178242099729,-0.3730635889903748,-0.9411242899746506,-8.974475482956528,-7.155480589070937,-9.475817305710528,-15.202696945671644,-7.755947556979843,-11.351750744323915,-13.661065278840296,-6.110964617659832
15.850799067596824,17.52998076179187,0.7968334745532486,2.2779042180658218,2.489171184853332,4.021143008478647,-6.1480109005869625,-4.29445399237976,-6.464127001925112,-10.380182234027265,-4.745551073866972,-7.794427356762674,-11.289969667827055,-3.3403946263559163
16.661839988233194,18.249193656817457,1.914428717013648,3.7675102775610094,3.977953050833765,5.606644888118053,-2.999375650297883,-1.4315267626819086,-2.4763002220763104,-4.067624194959452,-0.6319713559811326,-1.495427781403991,-4.207011477216008,2.967987171424105
15.374480762339436,15.873391434193795,3.120510498667109,4.957026867407976,3.950152215607954,3.475661506746518,-0.8741720470898571,0.4837714657851055,1.0554253276961276,0.8825161903911845,4.61143158258394,4.348325997345246,4.631590471009794,10.00128096105244
14.36881920302734,12.18161380565654,4.027437223451345,5.732711901988974,3.321686958112025,0.9889466271543448,-0.0473706355191421,1.7488738018730068,3.4088680257314463,3.155079274955275,10.992636515041635,7.304039213632885,11.569008270394518,15.1368107130312
12.832712972889496,5.894508764581241,4.3574170625256095,6.167751425973546,3.2839434961862546,-3.198887327215458,-0.128890012332361,3.0568955879166886,4.863603245238574,3.5279205304355337,17.913455637286045,7.216198738849088,14.762426626496904,17.199381385332323
12.264027826119223,3.010394583321118,4.185468757442801,6.115232527559896,4.292899920033563,-4.618650652375338,-0.8017170892321301,4.513962460206164,6.194877288029204,3.724613808934772,23.853919901637525,5.797123227791491,14.987315429265164,16.52317145427923
13.03506358921929,3.9086213969649406,3.8286215020373655,5.212138130394023,5.634830569780337,-2.6497863680391114,-2.0308428940803864,5.504190552272621,7.8502432971695475,4.822211352046166,26.99750646452014,4.962099195851255,14.405940172591214,14.254139522080765
12.984532271805094,5.5096112546000455,3.5263401442612814,3.3425079429461317,5.977140895255537,-1.454994377949096,-3.6367000530961855,5.371232519083098,9.475319149570796,6.5849263987010005,26.5629858576374,5.4937851019753365,14.638936807999054,11.688609493557951
12.485449534455142,9.337824722572378,3.2561397487953254,1.0884066094168403,4.518586934241904,0.0839485245035864,-4.896279715133453,4.106701035388956,10.165202540240806,8.035687875728344,23.6775601073681,6.972301803743376,15.764143192141663,9.956989466751454
12.165427772618104,9.408520549501402,2.82459706732452,-0.3909891380835599,1.7895937242175268,1.32111939999183,-4.79512838082222,2.382782283238116,9.255418228880837,8.494837539732103,20.771831440637683,8.56197189444713,16.76927890663219,9.77883216564393
11.712186885493944,5.128034026543306,2.0671007343806105,-0.1430879751504168,-0.6353443235920464,1.6877202979466486,-2.79830738222886,1.0109401765210198,7.018182126761861,8.11639574944027,19.78948634831549,9.62957010158595,16.701705804588848,11.060693952417532
10.615810132557268,1.0127083846150011,0.9526686783674848,1.695056374028109,-1.3504949401326556,3.5154056285644897,0.6114563007935736,0.4234557458905525,4.665493757920827,7.596549995549708,20.741883650100352,9.754100905772544,15.415673300214683,12.668727891580858
8.839059186053955,-4.421172657704088,-0.4162742216620367,3.727751852002152,-0.2474070257420493,6.589876731680001,4.196507312983998,0.6062955464601885,3.5903145184394463,7.478247407643727,21.9529645137044,8.585574861693324,13.488144677626137,12.942925346142868
7.196686724164668,-6.798116498867016,-1.801530556720424,4.175492178890814,1.437484049373614,7.825138464315867,6.822828854681939,1.3641129718921512,4.392406268556596,7.699893910391012,21.77855720728757,6.106134176643439,11.694622792487992,10.921196435113684
5.593801588346519,-5.273370532021591,-2.822830116168183,2.227014545319121,2.212763327973965,7.409736436733724,8.147965726328827,2.499082105840436,6.425569713154981,7.706394637870926,20.156909215387973,3.0967584116930924,10.62236584619768,7.337087785327436
5.636206215566286,-4.749884870349234,-3.0658320084113475,-1.2255289455415816,1.580006975421283,6.2582942611084285,8.585322076821072,3.721888852699892,8.204379143142162,6.956590972212376,18.519004073288126,1.0466101628865712,10.577306763206154,4.338826265833821
7.662085665504191,-4.090432433506733,-2.3277350768931955,-4.15515415051156,0.3260306025093973,3.6962833171847023,8.714452956211579,4.548882263725057,8.374880130499484,5.40991497403427,18.222861691771502,1.198098602040366,11.563218780641211,3.928999689742678
8.318936793292744,-4.402330469809116,-0.8083539371464488,-4.888065356779817,-0.3356824929732918,2.52758604658043,8.786959638883511,4.52282973013686,6.585462348919333,3.653137882670391,19.140647496688786,3.4645888820003705,13.206024428046687,6.399093560618817
7.901000213351627,-6.488531844162819,0.972724349097315,-3.318131546611017,0.1102350362361539,2.9215446992179555,8.756021383756678,3.6900123110816807,3.7272145519273794,2.594259283753272,19.844496944146,6.35416683422056,14.81558821629599,10.173587328540313
6.048339561352487,-7.382423725038367,2.5074599665688284,-0.8677183722561299,1.1468933908666372,2.7799664925686973,8.630871859995214,2.8240973049568576,1.4540999753196866,2.9234784504438265,19.19817874456902,8.168362558860682,15.778966061669529,13.21247982491972
1.96611127447039,-7.49514938278243,3.5923986813589552,0.7171256306800631,1.88656990721043,2.739583587131661,8.624023443493765,2.9845109181687137,1.2949786305966562,4.691702012009783,17.71950878764565,8.43906609661393,16.06484300204098,14.6618231402166
0.2346788650261505,-7.516694187816162,4.333419735730988,0.6897887290109059,1.9603280243155208,3.148914140165127,8.869503737986118,4.637289907109457,3.820568563994833,7.298928019164466,17.27305112067048,8.229068821875334,16.312071668999284,15.259061339464193
0.7846686631793186,-6.956670472617211,4.907725503843917,-0.3163955703736461,1.760509678277883,3.825733675244504,9.077027379882905,7.107205972361443,8.257530392218015,9.919337089031972,19.29749820033413,8.997236112001492,17.273829872685187,16.250126560142448
1.9114265234399384,-6.302250181759768,5.358963953657993,-1.0238420195436015,1.922430532518129,4.845871054166611,8.652781382779809,8.942251299366331,12.758781860006575,12.047050795731762,23.247892817908173,11.14719378334717,19.07877258201414,17.975074596242077
4.649231259822575,-5.536510367158711,5.621970858421408,-0.6044454559548775,2.6853460827685787,6.240333966202672,7.327637242209223,8.965247119122616,15.279360391517438,13.713754735930795,26.78695310662294,13.671818914720916,21.06913256514833,19.472569055193503
4.893525859622837,-5.299704642435174,5.697747001315985,0.7952185400359681,3.749216291449607,6.403577683105393,5.684066376302474,7.1431209415624055,14.69239935121231,15.185781540949986,27.622851839581585,15.171605221257549,22.43588290537548,19.383758756522766
2.329957456006112,-5.762292098389399,5.73730954152288,2.3799759965393603,4.610228485568919,5.200931313478135,4.912185325937694,4.570089734357563,11.53393496144494,16.446273169900053,25.340127121551763,15.149971466197268,23.000441012821614,17.241697734249676
-0.1279383391125461,-6.539327262654338,5.903908829736819,3.40048810051546,4.900215946067194,4.830670017436377,5.820618060739734,2.6482788301087745,7.82525599545373,17.03712347150774,21.59277857735774,14.286692116389318,23.271384868638105,13.9927714058662
-3.4642704795385164,-7.867368989676534,6.13759354522778,3.5506896265367365,4.433375157621805,4.992951322544769,7.934847981910305,2.1759946050949326,5.913612277328526,16.52145478739648,18.57244361680771,13.521380019184274,23.67649913576815,11.351872488705215
-4.952414011002807,-8.407378195123583,6.078821548413608,2.874671749528296,3.1348931467922547,4.89716251861022,9.589061605365105,2.98664968270064,6.983475069675386,15.15367937124225,17.21554718961591,13.015124240006775,23.8269377569437,10.545753037502744
-4.0695107214647965,-8.056216209697212,5.283969844384501,1.5391360418171742,1.1475427376098444,4.901853487503187,9.101090590806916,4.233488941682069,10.2655780845744,13.98548800228487,16.709284675462516,12.105251972198174,22.719793234706398,11.394346290251136
-3.202269025735585,-7.7695613918453,3.59843020660911,-0.1421515778241047,-0.9496503878627603,3.0834957888393597,6.134003952894356,4.97893685465871,13.587641079105728,14.080274275208147,15.514082452813616,10.229757547932149,19.775790932622694,12.371357415313126
-1.5779619354749614,-7.221925753159542,1.377986952975299,-1.5202883504097973,-2.2026010228887074,-0.7871551873333078,2.112018664749713,4.717915649303738,14.920325692252725,15.425925840023094,12.745936714004166,7.728091600603182,15.618697784170552,11.60155683872883
-1.3912072012300063,-6.439801942538909,-0.6612227090890817,-1.7186047928522226,-1.819997104960117,-2.3554967576076584,-0.6973898590929526,3.6379365488852393,13.75088691349937,16.605745161620344,8.65749780636034,5.577413539988039,11.670393368175642,8.128535551626799
-3.073170516880234,-5.503828751242409,-1.8841058593052389,-0.2508361576608349,0.1705773001155832,-1.8275582338653733,-0.753726064999169,2.5242395182222674,11.215948909481352,15.719355609922426,4.032677682587824,4.320391581835315,8.861591518871027,2.5823028077843384
-5.2348234352353336,-4.0316758094929295,-2.1333860892189245,2.3067024324710594,2.769115023820649,0.1351187325245937,1.7016663251461388,2.2867745718499823,8.940749497453368,11.88439709615488,-0.6522237513849964,3.375176753175476,6.750101349639175,-3.238428559048428
-8.559660673296587,-2.0224451924498577,-1.7711646863518995,4.367946860012816,4.59121788279303,4.558881396356256,4.839909704398434,3.2921387944780927,7.615228593143426,6.027818922412543,-5.43781886509352,1.5638120757717546,3.993742377664221,-7.563719947887643
-10.23088082729052,-1.839750781728785,-1.348720354076089,4.363824037098623,4.7612218226321446,5.021335490181598,6.4913624765137,4.945464158838674,6.526833631869929,0.2587227510351932,-10.41102061717671,-1.5972414322375643,-0.2310261023413069,-9.708564466429142
-9.978250069554868,-3.622746457198677,-1.1915324774296137,2.0143218888886847,3.3951181937468964,1.2515785581202743,5.551127627191353,5.942869573879113,4.391992838655601,-3.6210677131923,-15.186570560595811,-5.166639958648952,-5.239903502075555,-10.1977089276773
-9.187720779690476,-5.8968545721048455,-1.2306475730040605,-1.3106517031737963,1.3398440792671047,-3.1049377521015167,2.618516836942672,5.14479615784119,0.6840452959569134,-5.188487567954622,-18.921037244426923,-7.437760560463407,-9.246728021966687,-10.00925766896268
-7.088492671250602,-9.253167585569148,-1.1824707336632976,-3.612129124667868,-0.5271702465615471,-9.583267903464352,-0.4952231411654697,2.4573052442591345,-3.738874322790676,-5.267031679549561,-20.8897175198453,-7.454631053997428,-10.809075298378126,-9.780280392512372
-7.701459500801103,-10.959906370084042,-0.9076917658813266,-3.880538045871603,-1.8407464207060535,-11.529482409992353,-2.0265915655124167,-1.002878347535653,-7.2370086083088605,-4.962436091818941,-21.190324555231037,-5.98284766330633,-10.046488896398287,-9.758922544279946
-11.377540185991691,-10.665439248411753,-0.6648278944503856,-2.909038854770203,-2.7828306011180626,-8.12322866653416,-1.4559100549735775,-3.652807011824202,-8.675004116717059,-4.882024811279932,-21.03943592505577,-5.019832842711658,-8.667431841438816,-10.399069634567516
-15.557886277640234,-10.905990373370194,-1.048253023768067,-2.562113008603075,-3.7130412056054767,-5.343513048216811,0.1278667190597222,-4.553846877174674,-8.302364856518118,-5.129678243916941,-22.3305239836472,-6.266791587133639,-8.893066398405782,-12.696558991696405
-21.272602827545875,-11.002353016836434,-2.5850226441467674,-4.126874640820457,-4.757701137170866,-1.5405082478965584,0.7258441013092094,-4.041012265241329,-7.541672415710543,-5.758704332133223,-26.538067570047744,-9.873707284862764,-12.128978291802596,-17.567404999986493
-24.378107211109693,-11.066978352068782,-5.197955382708309,-7.182601847264218,-5.657237697993885,-0.6930854748489261,-1.2577189055327629,-3.39785044139742,-7.910867674475583,-6.973802190642537,-33.570379905046295,-14.436246747107097,-18.18784544899559,-24.654858068477598
-24.3331800483248,-11.419900065608095,-7.939995908446813,-9.941660653259174,-5.950655282693256,-3.910627628674594,-5.923103948661947,-3.841148773029535,-9.93652941038737,-8.838926269400126,-41.46032741330264,-18.094039512919288,-25.34969250002229,-31.812442817355937
-24.20001444453316,-11.261950092518893,-9.370733477716955,-10.72051083092094,-5.36465866479718,-5.422282210007032,-11.691273971612604,-5.58876285775994,-12.820732401693702,-10.93100206187212,-47.37856959118993,-19.74125114128384,-31.142489411395847,-36.14289664289603
-22.86926566315495,-10.693720095588263,-8.52200013736906,-9.283368288815902,-4.141591446280605,-6.307882394639428,-16.150420756018846,-7.710229052973552,-15.00431771950149,-12.47203838951286,-49.42695839278593,-19.47360870444689,-33.552155781964046,-36.05961920584334
-22.89750911989941,-10.519832655697314,-5.804962611336445,-7.00706272577397,-3.026683398612068,-6.32980774073453,-17.432478727484494,-8.864769882814443,-15.174870901408706,-12.904049239316944,-47.86350052275649,-18.171907118104983,-32.18910816002169,-32.69943434898292
-24.74997102378476,-10.670846294526088,-3.0112792604091174,-5.843236683960559,-2.827238946222954,-4.510412991522297,-15.2979441406301,-8.360629497010759,-13.082147663776878,-12.341205596126606,-44.73921647750821,-16.763625887098932,-28.723586953674683,-29.33143755276665
-27.27275862125091,-10.48863361712271,-2.1641425024013,-6.95931088794254,-3.807517812272484,-3.62239975154378,-11.256195777197252,-6.711258726870686,-9.737762167039367,-11.450491942467703,-42.27498216346704,-15.743231510516187,-26.055702900358483,-29.034792641232443
-31.279125226233557,-10.096361129229994,-4.002935242574678,-10.035864261920189,-5.4266793651291865,-3.376546939341225,-7.620821433466969,-5.248048305485675,-6.929491345909506,-10.923756518781342,-41.42229734931215,-15.138097467306114,-26.476964583007607,-32.442881579952655
-32.81423711303213,-10.179431032148948,-7.374945395549417,-13.591160318484166,-6.747957030661334,-4.1911099522460695,-6.101873802610918,-5.106509836378257,-6.290938979741218,-11.09507379605105,-41.78800296907724,-14.755922177028063,-30.043612143718143,-37.368065212988704
-31.63230441257698,-10.690684713398095,-10.142292967844297,-15.98568838614415,-7.27173423062908,-6.6776119506767335,-6.900944476175576,-6.423928036755729,-8.384854231100542,-12.01057867183348,-42.71052777818835,-14.47625338269368,-34.53811039329618,-40.58197719960404
-28.681362736520363,-11.747957937073185,-10.886197001463486,-16.40822286549499,-7.458702285178601,-9.762161682299356,-8.93980570334063,-8.396817732344358,-12.329003026110604,-13.697450873362245,-44.19073774422873,-14.434438333368265,-37.2562510291251,-40.25937399044203
-22.845960472731868,-13.53456596214298,-9.942315847128055,-15.241680555267823,-8.348381260801304,-13.787108664480431,-10.956958702296058,-10.078547570250908,-16.2821120570367,-16.179074549705263,-46.69426686034853,-14.995293353393633,-37.219326024730144,-37.12318670042198
-18.690242892340777,-11.591226632553804,-8.88762472519698,-13.599364155086894,-10.4538754553554,-14.271236506040292,-12.470768593502685,-11.147625778734074,-18.578799735341768,-19.163252442284325,-50.14011861502996,-16.461344276398858,-35.82632536925977,-33.48799029957817
-16.302666249786864,-5.59440152189383,-8.995669506661324,-12.338726323100053,-12.879491784955558,-10.675190955016983,-13.761992628263698,-11.952786077171003,-18.76044422396521,-21.82258110859476,-53.26341511914477,-18.63416701029261,-35.23819000362356,-31.133789548083257
-13.184458628680735,1.960728335538202,-10.071196357673012,-11.275995116228067,-13.596690328267249,-5.904385143653711,-15.012014587802174,-12.867372604039891,-17.702024809585563,-23.086606017053487,-54.132746838126366,-20.58095862102555,-35.93591446934727,-29.800788172524527
-10.358873694878064,12.2453009050897,-10.65989822172595,-9.3022352565649,-10.8969003709567,1.292022101921343,-15.608918269003198,-13.64769004499982,-16.68363355478193,-22.32597910203271,-51.4328104882761,-20.944658957286077,-35.86404061070088,-27.47350563030316
-6.44730632484391,17.159152481548595,-9.364294641468582,-5.45516955415094,-4.94791322322852,4.621853340521907,-14.464982245625816,-13.449319895083482,-16.158649978884455,-19.828148839455267,-45.40502002842635,-18.727420078722268,-32.213229198860745,-22.139861708155266
-1.1940251136408149,15.850856831314724,-6.073561895152541,-0.1136763905036915,1.8859980325011676,3.35999927917576,-11.106958341332744,-11.503907466126606,-15.316509037470842,-16.592608506171256,-37.68736504567796,-13.997076908330271,-24.32495361029145,-13.584285056831844
3.2560593084102467,14.472176476096145,-2.1008528873806207,4.829469864495536,6.402149772659685,2.175686726901891,-6.426362859099568,-7.849805225344344,-12.912927681133894,-13.618127243463997,-30.250801441828965,-7.936374341087638,-14.912116175864398,-3.818622130156165
7.1679737057553,10.95059444501586,0.7827466459528922,7.204096374518841,6.675254552274896,-0.5729259976747889,-2.2515155587518074,-3.50131425514977,-8.702307044805222,-11.337641242960082,-24.27966520004862,-2.1921563701154825,-8.20659042310183,4.162557062476006
10.06702481903712,10.517558899111163,1.57351641306053,6.3038438239374965,3.347165117491425,-1.079066623955315,-0.051381180485615,0.0636248873971458,-4.151706289356547,-9.661703597361278,-19.73505776326631,1.939125209886995,-6.546846690481835,8.358748135682344
11.465116506745924,14.217377873964958,0.6206801808829082,3.627594055366446,-0.8589999390815888,1.3901674713735666,0.0966113112471425,1.7288439499103068,-1.6046410328974818,-8.417694581084636,-15.722336158354103,3.938785088545815,-8.481747200432812,9.024828659095276
13.969258592259628,16.769782646750325,-0.7096225268728159,1.8927247520629449,-2.965543785893912,3.3272671958168454,-0.5599273812016587,1.3837069997847682,-2.378075330082137,-7.56857309403104,-11.232065274805368,4.062804267138491,-10.098208523408182,8.359163175097232
17.448345180681343,19.600187546836263,-0.9133546402730806,3.0967587490853687,-1.527487931860238,5.782368976701294,-0.4346862252540169,0.05140665791394,-5.330289879987004,-6.929644933171321,-5.69632620522727,3.232248059528226,-8.281946145628977,8.9556663185267
21.168730620984302,21.633757837454603,0.8290223266539489,7.20401701208044,2.7720686645752743,7.004770300814213,1.3478928552342293,-0.6046715119699466,-7.271779928135793,-5.8185047152742495,0.9186679932874888,2.916204597476797,-2.934632365009568,12.217048035180143
25.689553243641104,22.1384996810811,4.282328328222608,12.399647987225864,7.823454859311502,6.462227670917247,4.517187266643582,0.7487937799149291,-5.191016156070127,-3.315837036790842,8.35940835172612,4.673872359725067,3.617059630521722,17.79371690102232
29.35634442829609,22.90876520579001,8.313845654381561,16.478680832418657,11.339704029062874,6.4551241594730895,7.900824518441651,4.137310354252188,1.3091782194318142,0.822043742937991,16.3355172427033,9.15910458579228,9.028094802039671,24.18063959134833
32.105711070330784,23.47559451215745,11.443148888311498,18.15688570259183,11.870523255722546,6.473507731843269,10.051742842798411,7.99037355539722,9.369178468387474,5.459386500242486,24.54907151354398,15.17031031532834,12.66124912414455,29.73316626052277
32.54837314490726,22.621710971003512,12.54120457319983,17.476705442399982,9.3045049322376,5.975054489719432,9.976166846792037,9.992795370491804,14.748980722027737,8.544051095527736,32.57301513408079,19.8311132924991,15.226027348353533,33.29516859613342
30.066427256518804,20.42442164356325,11.366470264446592,15.395666222457445,4.917482516492365,5.234415570717573,7.725715463350558,8.718754609476388,14.896593886719316,8.656596035482957,39.825618190044615,20.310074674977184,17.219754421877262,34.27100526275497
26.155329334442712,17.339305550995437,8.64300787103814,13.12188058200917,0.9381812768477962,3.671748309210332,4.524125448500136,4.888115558658648,10.78498948028735,6.343517258792477,45.78264785287446,16.00084027241101,18.10973074102469,32.55332066161733
20.223661967563945,13.094041992902744,5.609645939207125,11.576776638005535,-0.4575395795454777,1.208303856875366,2.164975075114472,1.1170268996841433,6.021344757993534,3.879628885973384,50.31191294204045,9.298505344998418,17.089532705995914,28.643562445221875
17.91875307569751,11.031774185836532,3.32544093706058,11.049318127254672,1.5679142197132845,0.857765873765129,1.89569031773885,0.129749037014025,3.9957901552745514,3.4826415118949923,53.87680932878893,4.078350909133171,14.40023567494812,23.77951248959441
19.87598952408623,11.472756662680126,2.209565674516987,11.101386193948452,5.7875538830434685,2.735275824350479,3.5635108167108545,2.733290562759753,5.468579789843224,5.527521551392757,57.45194570805779,2.98690955820451,11.638472152278672,19.625662638668764
21.24227322026608,11.828427998829358,2.0921820397312345,10.88208430856855,9.51868492096094,3.9587888262983286,5.778608771549592,7.196338607347345,8.506058523970406,8.38779632103588,62.17893403482881,5.756939266979834,10.639296492202371,17.46007102035137
23.43864948432995,12.94100744816312,2.602677211567227,9.790126492555046,10.390657377871513,5.139746048486492,7.047954186586135,10.576650385698644,10.528321468690727,9.990437758802155,68.87881632341822,9.820150703192926,12.020581560927075,17.399185146541456
22.47073483497281,11.985497925696146,3.4574569071831425,7.989421462195711,8.005834675164243,4.602002777569209,6.932198476412091,10.902854002935326,10.445778585128872,9.55170392537682,77.5396413668573,12.42017350826395,14.742090396234142,18.32153850570204
17.404641676139605,8.439494503990433,4.411508178472462,6.22409486288214,4.132464786785658,1.71796038669417,6.193582539252851,8.419583705203607,9.056352899783022,7.908902488743704,86.95734480886006,12.27505750154586,16.961310390179435,18.61226863324971
12.987301764134418,5.017618152069774,5.079100802818923,4.99684211055461,1.2414663370422487,-0.2271316347455364,5.823474224818426,4.996330204095283,7.72100321628646,6.388554061009547,94.81989486142102,9.643617303495931,17.31384681952101,17.18233239099027
8.118700160306679,0.9470094477004328,4.999305721501536,3.921818650744709,0.6278625853071871,-1.6954847402660658,5.917408684783228,2.4435372356027907,6.921103917356384,5.580509552396014,98.4692867890094,5.391917802227224,15.617894052874192,14.05917503879698
5.1931254371593525,-1.3761314124996895,4.007166652053933,2.0502841348836345,1.684761418726748,-2.71042129264813,5.536596159945285,1.3263800314723564,6.138394068642787,5.247639178575021,96.17766140279431,0.4354348935299148,12.758266302394366,10.2703599920458
5.11932354134871,-1.407887558715414,2.52045312206941,-0.986499571612514,2.803546678289935,-2.644539964679787,3.743570076542381,1.16585182350204,4.93003113002954,5.178394562397537,88.241365267231,-3.971267502239172,10.161928723507536,7.246881441538832
5.60592546866602,-0.9631880254894548,1.3303084856496827,-4.154607177556252,2.9159042249091303,-1.741910872734772,0.8106395095540875,1.4528488095073973,3.8194107562021538,5.743720399609991,77.03473959608355,-6.000336107303761,9.236385153829548,6.125589946172193
7.55692584747608,0.7185142825584475,0.9771873800900028,-5.5477467836363,2.2422394624780457,0.3023619640252223,-1.66835449357754,2.1845099799060885,3.924304295204837,7.386075422810027,65.71644259223689,-4.109896071526595,10.77249940025736,7.183369020567012
7.757142959701494,0.3713440461694264,1.287674433897272,-4.041184242820856,1.704581116603919,0.395317559704863,-2.052416766364708,3.365720842358744,5.666945428872822,9.628538268052036,56.28290934067619,1.335552836124524,14.325190021277344,9.54708281509212
5.789745234441523,-2.391589719597621,1.5519063919680958,-0.6084894161907433,1.7507152600513,-1.6471735332391144,-0.2507086729548651,4.243633703653815,7.926491515272813,10.870278628496528,48.336017203428966,7.354845505865937,18.021514449030228,11.388402231047598
2.1311126215749687,-6.139216677929693,1.1910853467564393,2.0631629982736936,1.7949113572270012,-6.436063596934591,1.8800394357159904,3.4669926480697866,8.607173073679665,9.470075723462328,39.602174884359584,9.847996777670636,19.38652991154442,10.758919436430022
-4.268484790083071,-11.826753027415162,0.2596617476738379,1.5556641968679568,0.7808405273559234,-14.993532475070582,1.901119742484198,0.3464003724984223,6.256900117141556,5.252238130389136,27.98103200570661,6.596079455337771,17.062271575032714,6.809398744337587
-8.016370346585571,-15.065910244350889,-0.6912977335129105,-2.304995203507397,-1.7149532749881025,-17.107111641862797,-1.0987357014901349,-3.994477353685871,1.3885586596786084,0.0401593659143948,13.623175359246655,-0.6637852799494235,12.212638549972844,0.6281510675001485
-9.041600969027874,-15.565831428765902,-1.187834011068536,-7.181724862598527,-4.875240177374399,-12.488585341082889,-5.458308463427136,-6.973790555797855,-3.613774651896271,-3.3579946602886253,-0.664252607918792,-7.094611399835591,8.178300684709361,-5.088477571471585
-8.077442886735703,-15.015298709320474,-1.2081155932482108,-9.933427584686006,-7.07416046295036,-5.495946212783748,-7.977304740921354,-6.43821035644925,-5.9816636109718,-2.9626086148232837,-11.175796355659037,-8.151117883943757,8.19624758434842,-7.570537766730242
-3.693283323978709,-12.234247582246814,-1.000970980664114,-8.904776265152066,-6.990150759761214,6.406591518826739,-6.298883770599625,-2.504350047875956,-4.370033678920212,1.134556937133592,-15.95837775828741,-2.866563482914424,12.828711543169998,-5.736382202370443
-1.1768350107339949,-10.891093572969222,-0.6411868746165119,-4.989103684940753,-4.523519041678481,11.379882774060356,-0.7352990309523459,2.3724451692778423,0.2775685596505415,6.949598439463111,-16.238083112103986,5.596728764812841,19.364233848160413,-0.8445000489255161
-0.4590348627754251,-11.151123991865594,0.1054657048903386,-0.7548135787731045,-0.8584084255363429,8.441363973962316,5.928334444120655,5.276844097382872,5.3813115984548965,11.976434837067222,-15.416400110372155,12.483900247175082,23.963483334388087,4.526590641483093
0.5239930588343892,-11.082445132740114,1.433074451792292,1.5136630275563636,2.3137151563303515,6.839643851525187,10.447993620015229,5.069407959073658,8.451285754069636,14.74351199357405,-16.431751145302584,14.91739873535654,24.85647679217895,8.38129056353124
0.605435486762148,-11.556044278201629,3.0847659739599926,1.2973838603493313,3.807343779018901,3.7592858119943897,11.31329432497423,3.1055774368396563,8.728564392582776,15.541410280459369,-19.673275164078788,13.580834031908571,23.766167620921067,10.550338418548126
1.8687390454100363,-11.560618119609982,4.403845261879692,-0.1405019660224837,3.4947378490997103,3.102523589797728,9.475336775896729,1.9711665883623617,7.600227335622467,15.926491779456356,-23.141790887747614,11.588321309876186,24.19426204196878,12.305100312943695
4.445463938771496,-10.954076674458438,4.868142291824041,-0.9772692718966968,2.099275273599801,6.216497800859621,7.27559000387901,3.4405717251737755,7.441866733516314,17.41187686418418,-24.57605428448406,11.80281737982175,28.0655507015334,14.807184904747292
6.601213887388046,-11.101803311234368,4.589318948933983,-0.2235129570496195,0.5071141959245402,6.904185586910379,6.641881049005585,7.293680202946309,9.68117921738366,20.27476691371093,-23.56876124110936,14.828407584201376,33.806782989763576,17.863246877674626
8.76372181121363,-11.819457185419008,4.271010165141686,1.7192470195280425,-0.80738651623785,6.26202184568183,7.960936887226962,11.661907307691877,13.551974964784264,23.3185083648781,-21.819343439201813,18.99676618251781,37.65634597217732,20.107764673197757
8.15111675186127,-12.2360848255424,4.643610363250982,3.5864572323471613,-1.8177716588176052,6.791381767016204,10.24034268714761,14.33581937081263,16.587838159205265,24.755755603127977,-21.45112285505193,21.95774218871725,36.9946185320354,20.36521227195249
4.240152065109625,-12.53367738336792,5.867930263698533,4.30245978871117,-2.538491184887395,7.697313248056628,12.112799119043428,14.02987473317808,16.546235433008974,23.546993275183056,-23.07288314423063,22.420887913648745,32.60683916628588,18.841298981476665
0.5547491695934665,-11.442922401523244,7.386719137241616,3.699792899177064,-2.6853575784737043,9.332746301912374,12.78885326774285,10.983223356843975,13.22832179203373,20.16444944257603,-25.39105456752472,20.798937901183308,27.830696669996804,16.983825993402668
-3.6020882974398774,-8.683976014307289,8.292152188800934,2.4171701532734264,-1.831295139249836,12.033281919472818,12.38211521953684,6.796827991800656,8.674173651232158,16.19036589433288,-26.63799358525328,18.51931562612761,25.47821905048332,16.132904769157467
-5.26159173119451,-7.097437516929689,7.889425774263645,1.1938038744265898,0.0457149042769442,12.428673697531336,11.608090868331503,3.632099666207689,5.56233515184937,13.094128147452604,-26.385323843084223,16.722940523815836,25.42487726707297,16.21756183717801
-3.5504811407864345,-6.468120448879771,6.070263836588747,0.2447204535919969,2.1994484855779657,10.425933567033416,11.191027585470051,3.0203559029251803,5.1660481563174,11.200543303879163,-26.024790549853428,15.376518930108848,24.98072139440863,15.707148260024312
-3.329407102304182,-6.840998583391499,3.312378992122481,-0.7403116725400665,3.423051256297338,8.35475180721704,11.33200762794914,4.827949778324708,6.547356049086892,9.672079204148828,-27.496944386423984,13.413210471755828,21.482649465289438,12.879214397701132
-3.799246562339453,-8.882557254265564,0.3791784425777269,-2.0521185503909223,2.890420944718082,5.471182805688359,11.495974245430377,7.130865018532855,7.532721191536346,7.432099256627984,-31.457407242151007,9.731598386759847,14.60131456384334,7.311374179662966
-4.292629053079311,-9.191651112723594,-2.054101811154661,-3.4716916152615624,0.8279802242340555,3.03424816602971,10.672957944800332,7.370132411534691,6.494098638406731,4.150995552653992,-36.53012506065407,4.249621079862365,6.394269616477246,0.3553710257383109
-5.609480830176602,-7.801040912379558,-3.628667289144083,-4.366402256907435,-1.606492324784707,1.3989933052611112,8.063060313977394,4.189089986124705,3.428306520353667,0.432963392370139,-40.26898798091197,-1.8207903635795863,-0.6020704409051483,-5.743295270212492
-6.339233947192648,-6.633294887410802,-4.304981512902824,-4.308426417304137,-3.1680374070178043,-1.4544362793595862,3.806866243952811,-1.401249296799456,-0.3642600465505552,-2.8532021214575423,-40.94481813188434,-6.694556118445071,-5.264827095889132,-9.31104804985183
-6.568806590853636,-4.980826731470751,-4.230700541573579,-3.599042533300622,-3.372975959266313,-5.212222688919599,-0.8162805721390676,-6.568684924843126,-3.447284353904898,-5.344037199185081,-38.63495944135643,-9.15376646104323,-8.16781191526178,-10.154097778259253
-6.544129201935988,-3.4034044753775725,-3.628696554868864,-3.126836760384789,-2.6569917513598758,-6.450248446129745,-4.049534147029716,-8.651907735941588,-5.165197875805646,-7.279144249617392,-34.8154338126303,-9.226181089871538,-10.43522774073396,-9.34123999133696
-5.980888345128299,-2.0963261093416112,-2.7675878372496943,-3.6154267671797946,-1.808180016415509,-5.187795976151795,-4.843788067289095,-7.100966419198031,-5.7038568483368834,-8.923905095143951,-31.004257450941115,-7.9628420096254064,-12.59655212832737,-8.234030772580708
-4.194234593525138,-0.2398708729012502,-1.947843414877248,-4.927983895693656,-1.2742815280792676,-2.8078473019184047,-3.682048321240737,-3.8376165271519618,-5.565419119711445,-10.059621860694223,-27.754308921096204,-6.642982692001587,-14.499674337226722,-7.645643409659428
-1.0245616861425833,2.0143537396184548,-1.4336213115198575,-6.089871340370689,-0.9636055112444044,1.51195456308659,-2.299896332395853,-1.753495965717791,-5.126945908619765,-10.199107959858171,-24.82188509389526,-6.115609835187229,-16.019781808317,-7.721922269294181
-0.1734723397431785,3.540015560231472,-1.3770706732917084,-6.056499439514193,-0.6107007615992881,2.5648418388310974,-2.4162846165754246,-2.546118740733423,-4.636340727268783,-9.346916863879342,-22.140132170088627,-6.688878975390887,-17.547349456588694,-8.401964418663486
-1.7256093565626325,4.355853734613121,-1.831302114672006,-4.580191021954242,-0.2469235925449062,-0.1052475727494201,-4.467265525228015,-5.580516349792031,-4.433224415898557,-8.446076215075472,-20.45453012843929,-8.38672671019398,-19.714611083726773,-9.822378716783302
-4.39661160949772,6.408948754119178,-2.828541324455207,-2.4408879488369983,-0.2921336366295826,-2.4278229879329376,-7.403080650303298,-8.594813633678113,-4.976264468261233,-8.897071196267776,-20.852512072865068,-11.118187251645768,-22.78314422091785,-12.211638431582632
-9.134381648383094,9.587228742092874,-4.363514544939328,-0.8674037146537614,-1.2092596511822506,-5.667905754038785,-9.717378744208045,-9.596502407128725,-6.558279011543094,-11.479440760359592,-23.56985377409016,-14.564808773335038,-26.42196591140711,-15.43948346299118
-11.161705535372748,12.171234367418489,-6.205005178538734,-0.6397390011613346,-3.0662310812369924,-7.959133385597793,-10.78169868652878,-8.403054948577116,-9.007275899028096,-15.65695164489076,-27.266566695048645,-18.01669021719224,-30.036671731070104,-18.793266890084627
-10.170805513615155,14.467537342353229,-7.721479971916132,-1.5563074176370542,-5.379803091915338,-8.709129712149625,-11.286294584991644,-6.6362588927567465,-11.73210795307623,-19.915400196061697,-29.62038818509846,-20.49984833080213,-33.17355438164738,-21.32240465466089
-8.844827184837625,15.122500989721605,-8.03771483268412,-2.5909430475365056,-7.331228805372429,-10.921808608263602,-12.42468047590793,-6.247346353463898,-14.111250340227045,-22.82244357348578,-28.887491914957305,-21.239401771311577,-35.58318327491804,-22.47647955622335
-5.986885256130009,13.683772941226902,-6.59288901534071,-2.5584670320571803,-8.166501340074927,-14.10275273748158,-14.635994727323896,-7.821939526581353,-15.844270032281276,-23.883079475465685,-25.155635082910067,-20.13690445241659,-37.09222836815964,-22.44077733753296
-5.381786731953141,13.145692458425904,-3.728222611116035,-0.8584814561474694,-7.528663091013499,-14.67324984393822,-17.108713596299957,-10.069785749020298,-16.925092821136346,-23.557410619481274,-20.24077398792643,-17.873344219681268,-37.67961789338818,-21.89011188815352
-7.475580526922193,13.1925683971454,-0.7523761763651464,2.0888337915776845,-5.582046843190682,-12.79901097189068,-18.488980196258584,-10.932278249683131,-17.32916120951334,-22.61531453764972,-16.33803231202332,-15.534542272174136,-37.74277162295135,-21.472278362064262
-9.472053629630915,13.216964522237545,0.7282920529035586,4.948423996574643,-2.919969493554852,-9.170334404026866,-18.082249452903948,-9.404578601152142,-16.847161366202723,-21.50302863275101,-14.549270483622584,-14.02867399777514,-38.058895560786524,-21.53195717492582
-12.345256708935338,13.796116350015192,-0.1785807995936039,6.147318414843987,-0.3260200116070599,-2.925369432331377,-16.411529594018106,-6.544600148072998,-15.330154051930474,-20.204738848903688,-14.390150263843466,-13.703853201427249,-39.156745102599466,-22.201641406326114
-13.780806258832808,12.114079992339878,-3.034907308219964,4.835949687041264,1.5068667838621153,0.0856654072802729,-14.664482770806057,-4.761558802664979,-13.086658453632833,-18.53214903247517,-14.454912717644188,-14.37663154457427,-40.59024093211879,-23.518314289198837
-13.331534763468357,8.025171908019118,-6.341615268244187,1.5252910804024076,2.189221853258012,-0.4492736092898907,-13.615160066776838,-5.874711451818317,-10.897950895287046,-16.44688151644262,-13.50991748151714,-15.628125836289009,-40.98553864866869,-25.26248396279965
-13.858453251122464,3.692630238679644,-8.528784550758573,-2.161781236803293,1.707018363094619,-1.2859321150634144,-13.03212377244013,-9.49072033875094,-9.469986425518655,-14.127606600389065,-11.14968246481165,-17.034232200126162,-39.08108833817917,-26.70330349548964
-14.79609240890997,-1.5079501866985388,-8.937890271472344,-4.574867995023791,0.3616671767747483,-3.871061477969509,-12.059795202393175,-13.07516727894123,-8.791606514641012,-11.808522491824222,-7.718727415369305,-18.14520307746269,-34.875988443379256,-26.738029352086745
-13.811540834415638,-3.1114657052862067,-8.065734584443486,-5.14355116592327,-1.351765525326858,-4.990714042206852,-10.15976039559705,-13.771051191206311,-8.091711995404541,-9.614752779684595,-3.819565398733421,-18.37097269133093,-29.70922001301367,-24.57187398896096
-11.12478013825928,-0.4138392654245135,-6.9186267769425385,-4.563352897965874,-2.8710237564055987,-4.242780274522986,-7.746033801259074,-10.588436982475573,-6.554572411108817,-7.564014594302378,0.1193813238751424,-17.086024598000357,-25.08051596247481,-20.424204166980086
-6.983653199104527,1.366993140471109,-6.046918693406008,-3.892427193842364,-3.688523398003035,-3.4895171221463297,-5.9440897465569815,-5.215909454945457,-4.162004257028233,-5.697406444362724,3.985540387693423,-14.020929439011216,-21.335178348661145,-15.529424568260072
-0.8581910646197741,3.3202901154701445,-5.089384854460922,-3.4170667474860075,-3.4706111890608917,-1.8575548236988455,-5.62195390995433,-0.7530725170633552,-1.807384336426761,-4.140222379333016,7.880833810971293,-9.592743557879118,-17.532606216840744,-11.272973327645907
2.269914655365846,4.137475899832421,-3.1992397588539365,-2.3876346319453816,-2.1402033955916018,-0.3254779879929657,-6.436030639118741,0.6701022635337406,-0.4746570321127699,-2.949057482526104,11.908641252146683,-4.744109564129719,-12.626774500360405,-8.147377114148268
2.110452355991617,2.872624997710975,0.0615602411297313,0.1066329998590305,0.1203808554616294,0.9997933445503616,-6.725631275039516,-0.5184745380954041,-0.2113084367176778,-1.8640499237021368,15.959655252437964,-0.3212945034150216,-6.736139748629009,-5.478607636346318
3.4077404890218133,3.8522514079001,4.1658089602304536,3.9666133283323664,2.934185663196485,2.5064662734122614,-4.579319000523803,-1.834054501068476,0.0666576048446838,-0.3100955819830204,19.595215207329787,3.4203128968330727,-1.2143843685244384,-2.2291711230418496
5.110442785799419,6.664939550108731,7.851850241191688,7.763030701688519,5.797841808369903,3.938971219404297,0.5078705700384152,-0.910876812369758,1.5971121974278617,2.137210886671303,22.115872107990818,6.616271844594445,2.496162243183946,1.8016181739040225
5.315443348277812,6.957804376071173,9.865771307037278,9.62914079961569,8.128037434053368,5.104403944896752,6.673600581523687,2.470307318313143,4.411766094912865,5.100609612168477,22.81964796829895,9.064164687199709,4.012950578283704,5.4797070830037455
4.54578845737449,5.219246238718071,9.582431464075851,8.628847551038561,9.357291598387118,5.94121393044627,10.510016944376044,6.20996450945455,6.900557000528478,7.244172490561535,21.340290454818472,9.836297231578383,4.055152463690761,7.079864069159182
0.507399122005653,2.645951296453464,7.158889186742936,5.457036935822759,9.145647763184485,5.671221827238492,9.459426085914966,7.694851215146238,6.922309138648858,7.052523004283705,17.91328521250423,7.913685607615573,3.5272107365446885,5.7278183517567545
-7.320180726417466,-1.6012871999968994,3.364208586670832,1.9166259799818084,7.617043390036953,4.113312906038288,4.055022527472004,6.003813330847738,3.6779314964028,4.133183128853819,13.455703938965131,3.4432451543590874,2.7690723871309784,2.32476578307935
-9.929119723574685,-3.3103804363596003,-0.6518705376134823,-0.3810175465429744,5.386558794424643,1.9261076821469847,-2.0180140706929306,2.621840291151323,-1.3038786223997958,-0.0773908008778949,9.383092994630935,-1.6610353388696035,1.7539700631430328,-0.9019493757491528
-7.309030759113395,-2.1679804552337707,-3.650244250764791,-1.0612034639606822,3.244395482197365,-1.1471906112837125,-4.48987374181478,0.1204433403501017,-5.1175343901595145,-3.052983485827508,7.124506084118975,-4.672424845013257,0.8126097255372606,-1.9443104822688984
-3.8197913265366754,-1.71660085877392,-4.783789856822363,-1.0010189533487228,1.6855371186482166,-3.114934415049842,-1.827181852157837,0.049012613398192,-5.715075726408996,-2.999186207802641,7.44368075760396,-4.002646232008425,0.8232451259086861,-0.4166309801471719
2.600630498330831,-0.9982861435924336,-4.109009071195256,-1.3762185227876067,0.6899648633586839,-3.742013325204456,3.499917200110456,1.88547334352754,-3.4988819051055344,-0.3030813117732638,9.937310459474691,-0.4726963313204422,2.468677681016791,2.34251810053493
5.214535158522667,-0.7650396576930012,-2.638367467028889,-2.56228663416875,-0.0365897694701864,-3.624734899853431,7.029707197512245,3.816265556835688,-0.8152126502819961,2.6965733010443067,13.1718588672522,3.3188712523072788,5.35117400559027,4.522521909437472
3.2809517086666053,-1.5280076918585288,-1.654760757007388,-3.805462481752471,-0.6118286288294321,-2.143073365896218,5.972309428315256,4.435677519493135,0.1968938388413335,3.5365957650962248,15.553228356439211,5.039591925605409,8.0659509390593,5.328498502377883
2.5889331236714805,-1.9098128713694904,-1.721665122226714,-3.928273913626901,-0.8084690388517668,-2.301130707423694,1.3955538380365748,3.761296064777282,-0.6083868052683776,1.5570239153990393,16.36153653510874,4.279133507908362,9.342007113480328,5.419061495519502
1.5150976755018497,-2.2272512270743503,-2.2695811661763923,-2.4503979112282224,-0.3667300853072888,-4.2110920247555885,-2.878058097424546,2.8140322214681497,-1.5897606807659432,-1.6770230079735864,16.079711026395554,2.428530536230353,9.137947470490609,6.007973530813104
0.7576403966393278,-3.2352592286393604,-2.21673967915748,-0.1395575206180783,0.564047062525658,-3.8949850975334206,-3.5360431452533003,2.437908051393612,-1.1596880412121535,-3.751991999665627,15.662518657274356,1.1045278616445824,8.526078924157769,7.5521987981982015
1.0536670115887692,-4.829056965925699,-1.105630856675308,1.4937564384183446,1.396345434250995,-1.822170846273343,-0.2813085467118181,2.61454149533263,0.6647475625274852,-3.342729056326601,15.384636325830089,0.7209828176922075,8.445282240584834,9.23717601237031
0.4526153098641142,-5.639598342998538,0.303683194559067,1.3069631970153894,1.5922826622763315,1.8633003835578896,4.408379572164754,2.799718659746792,2.478241441994585,-1.095112358178126,14.393957871174733,0.4365195271478166,8.629627834930846,9.62953611124856
-0.7045609003354371,-5.692716043998931,0.5610142001015828,-0.7254332637207912,1.1600462423633855,7.9905065254031165,7.652265360898049,2.681684506110205,3.021845115975566,1.1229654262911306,11.485563432992365,-0.7798171155207205,7.877578275051393,7.801120627195421
-1.080556127474943,-6.226375277445476,-1.2765039211305145,-3.6989284783024265,0.5724175483152885,9.85965455294978,8.343011204122668,2.4447742864487965,2.290382203684235,1.7825169445716802,6.421022017975572,-3.192249093417381,5.430619589757324,3.958396256004368
-0.856947337683916,-6.993575227711815,-4.805508146857825,-6.576204116318587,0.1401242370345512,7.191944615194436,7.408402535193694,2.3432450520311314,1.1521582003826274,0.7370026415573459,0.5362480844181521,-6.236604852719365,2.0621619820507053,-0.7484764990046289
-1.5201886712066068,-9.97107363379668,-8.442843800331225,-8.753014706938869,-0.4584130352750692,5.122974083390642,6.443404111211629,2.2445104541126586,0.1950209646831684,-0.9052917114300224,-3.971447131322648,-9.01363746956796,-0.2334757217839991,-4.819660744130807
-2.9357294375456817,-15.570197411412698,-10.370111836325025,-9.93206242408002,-1.8650867180997397,2.1796171922708782,6.308518824177845,1.80220786883259,-0.6885225559280039,-1.6821121447968077,-5.439319871663644,-10.565264363376588,0.3382518755526211,-6.88121204172217
-1.5992348593710428,-16.58233905976586,-9.499931216546372,-9.689212848696457,-4.157550108853831,0.6634005010008373,6.860389810146113,1.1076713295149831,-1.5259863318523852,-0.6142522588074515,-3.592402466532913,-9.809259609147915,4.158303489976468,-5.955268595525973
2.501087227829526,-13.043683096146223,-5.891568028701324,-7.489205285453005,-6.336272224225207,1.3999707289575585,7.611899450445705,1.0045326902814455,-1.4479068908430115,2.48615352209548,0.7386675779243292,-5.7345002247732495,10.150629145707615,-1.7405363164309329
8.459483493404086,-6.970299944369045,-0.5764516765633498,-3.3503951406363,-6.8927997361789295,0.3045371095358256,8.342581173007183,2.527786774962408,0.851799670777476,7.113162722463237,6.48713639902234,1.7913899476658577,16.666536778659584,5.087052226046902
17.179429175562312,3.4144465757287272,4.916156351365501,1.553388551322417,-5.092295818000089,-1.994104244206716,9.077399216660313,5.870330939391716,5.601607765713448,12.271966829315392,12.81222709678846,11.235435459872008,22.333431330909583,12.886689340241228
19.53935673128481,6.985595228129551,9.085877945463714,5.266889730746479,-1.7720816011889156,-2.524945547087041,9.710062626232135,9.874539395565709,11.08047600924352,16.72482959377767,18.82581808766234,19.691793159376736,26.299455800206,19.63555269062488
14.861916761614104,3.04366451207801,10.94915523833892,6.407854785541623,1.1983263125268326,-1.732319102979807,9.865336247875934,12.635485782121236,14.661747708201595,19.38409569178267,23.229615870556085,24.44213428386631,28.136657529501868,23.819875121149018
10.802186344371773,-0.1474128623716606,10.402659541968523,5.337023956611764,2.384979767504652,-0.6561239990284359,9.187690844936954,12.783811945955351,15.019609251885212,19.788042019481964,24.65761259048404,24.626645292172945,27.893410734259803,24.997078254363625
5.242611900455887,-5.177400850752301,8.27797283679244,3.879734959908518,1.8471249195170485,1.206175904532372,7.715247573457232,10.393193566291172,13.309892666804272,18.337439551616352,22.650722930341885,21.57938069472245,26.26222092250744,23.646594404584064
4.16093720433707,-5.764608755213348,5.943230403062358,3.650691089425665,0.8340178622112937,2.134471777069269,5.93433265171897,6.805123333924431,11.989743193089152,16.03424509708823,18.28029659607146,17.58069074288363,24.38884498623525,20.588554655275267
9.082642971369934,-0.4516780256602137,4.581609701404606,4.542528621073261,0.4995577311409533,1.9259473350280192,4.461883357143835,3.59537694665525,12.32822789675212,13.872924361502914,13.58604304697435,14.251472147295091,23.17386685191751,16.612952501642013
10.791088446254603,1.2505875210030386,4.567547266259552,4.965142770584604,0.9343509526869872,2.4595138930068683,3.635528519805792,1.55340000583832,13.09226921084476,12.356722920561376,10.159694849467147,11.995611306098288,22.645634967062,12.616440530330255
10.788379922536397,0.8387701704780015,5.362574703456605,3.7067097711517913,1.3907823496547724,3.3531189698244224,3.318115585488893,0.4068570932855895,11.792290911493614,11.4735878681516,8.164556224880936,10.656836872900682,22.134680103659143,9.859478713073637
9.104844323069477,-1.9950769276304177,5.9929848542259485,1.4915438537671584,1.29273492877131,3.3675337420962097,3.031001013738852,-0.6460956544092014,7.309377261731706,11.011873239344055,6.723666438150801,10.31167149758273,21.19600317573409,9.694399879770954
4.083038549619062,-9.032082040538931,5.73570978461732,0.4388597721704244,0.8490889303225,2.6754528449705384,2.328449333081874,-2.116873573919353,1.3213047292161215,10.812601752670592,5.214082912027957,11.211731772842285,20.31633676583825,12.637042056461349
0.6931691602754878,-13.216672247269344,4.513554974542025,1.7633491585698948,0.6286995711409098,2.460397833353844,1.201695593903661,-3.735942133297996,-2.870898893585176,10.737418687906551,4.050552538537975,13.089356260618644,20.51140831476108,17.490611122273524
-1.420856676427544,-14.85605179338967,2.794454115618162,4.065548339439381,0.6708339318407859,2.577213883110211,0.2403389786290883,-4.593040891926293,-2.9820985400476125,10.5324240104021,4.109799600821457,14.881811468090794,22.06161791463999,21.50249157191259
-2.9161241895144343,-15.14700244724984,1.2105842174318635,4.21544375724117,0.2498840556800434,3.4343662918768167,0.3445800824987071,-3.779128228787005,0.6013077363094705,9.908310327415032,5.472019008870166,15.424128810734054,23.69619289633504,21.827121603050188
-2.7442890356375167,-12.489102143699926,0.256704694133397,0.2816837913207664,-1.321822901213519,5.33131283248457,2.0495056044497986,-1.1045788568517825,5.478359437894358,8.865204478843122,6.959813972938632,14.437568072197674,23.300115200961987,17.410052788868775
-2.6721081004569363,-12.039348454109929,0.2027902676683872,-6.252723237779614,-3.681482786924475,5.977640850125485,4.88927931033801,2.583035910330283,9.27285774762,7.899306431471153,7.090480183603996,12.676731858974664,19.748139399624392,9.84631857929072
-2.4843783624614604,-13.765895804285542,1.079375030346167,-11.272047892695976,-5.373824226466006,5.416378959318839,7.366721538029724,5.743491711410083,11.042601012692964,7.71211929865704,5.456102170359968,10.985577194433196,14.185399111011986,2.423073499919086
-0.2852654118357022,-10.417785590832477,2.5987210802792102,-11.2884755087831,-5.016666080221324,5.022350245084602,7.754209331329411,6.998571428024155,11.043959781554904,8.50221361669222,3.008054092391962,9.265244690842596,9.355695960571596,-2.03291980926538
3.7953418519393294,-2.6046357070590127,4.1284198708184885,-6.284533193082716,-2.619301520722356,4.33238300794142,5.283568227890392,5.960531536533768,9.631964895403964,9.435874412446346,0.9028714646110528,6.538680667724998,7.327023915903991,-2.904490069500369
6.870902700997317,7.115906150584425,4.939765125440635,0.3882721428978577,0.2837024144911897,4.130219547155911,0.8447587579409817,3.445284554623843,6.743201439225748,8.916764904407009,-0.8277365045329752,2.140950238874021,7.572583688783181,-1.8595642879780616
9.11234855575734,20.169958278038138,4.686487233959328,4.865298141785679,1.937952688210684,4.620310413875711,-3.43688761337477,0.8829904182200625,2.437700800081105,5.66126478597678,-3.2914447555868955,-3.1868393243524,7.233264526961703,-1.3305993930675637
9.498783337739138,24.64329066928993,3.70887206430346,5.780916020450137,1.948537666113916,4.270335793280539,-5.538466082573901,-0.6592768044080106,-2.3718032668051574,-0.1789484388337374,-7.379188780520387,-7.5011667510715965,3.509673257201856,-2.675217187740289
7.20628333614099,19.376851382840705,2.7928343903751625,4.908953466465645,1.6170869266038146,3.237894918230056,-4.83395995657321,-1.1119091946838455,-6.083569893185087,-6.810734151951874,-12.495425093860844,-9.064869221118585,-3.8192696473151706,-5.374966481262439
9.493913998528273,17.569325271274252,2.519820756251037,5.159968530064124,2.6442507797917827,2.84690588321752,-2.392951212233953,-1.2331419751366912,-7.486204877960542,-11.82169156375128,-16.763807374243047,-7.6648178330886845,-11.95141828758464,-7.662078513065146
16.360212006260348,16.639081999180796,2.7999415130363854,7.895130910595282,5.365864939681857,2.902753850523396,-0.1213294331847905,-1.832158581423637,-6.699925732362417,-13.718380899442408,-18.53907156897412,-4.667551530423429,-17.113045958285888,-7.887942164788507
19.056244679355032,16.870740471974873,3.0376472098255585,11.828466825957566,8.200613223235987,2.374730397370779,0.5278645301808833,-3.066977047074724,-5.019739457172733,-12.789776463853588,-17.72132394846016,-1.894810298551348,-17.390197430581495,-5.60878593048943
18.68061316791145,20.473230135481963,2.73979043335762,14.211720883470718,8.909435194831847,1.4246682249271296,-0.6936114293984996,-4.385897376362474,-3.818356695786127,-10.661540711405376,-15.645001854534804,-0.438321776235723,-14.032687888101108,-1.7992127385044343
13.432264292918134,17.99997631484529,1.9338004739777863,13.114673564986497,6.578658940460249,-1.539308019709139,-3.0207602347899725,-5.087216028427939,-3.593223280494568,-9.027439689411969,-13.807412069325462,-0.3552611527534441,-10.327337958166147,1.7432698087780176
1.296178650775607,9.69960171524583,1.0151433236813734,8.943539584028125,2.526661570100549,-6.887062590866541,-5.437420514896501,-4.951047350639031,-4.014521248773694,-8.675858733278135,-12.767556766860674,-1.1604087947353534,-9.154636338817006,3.370951206486557
-3.496673286666817,6.79696525393809,0.2916920605994919,4.152632599409272,-0.7100970038588219,-9.376216431609606,-7.322542081125293,-4.405295137437327,-4.729295693032836,-9.474212913547,-12.141845551553669,-2.3471821332202945,-11.18983618607426,2.450224388980562
-1.0857922960740662,8.038878726350815,-0.2156949976777742,1.524629611851679,-1.407464849205765,-9.117560966506934,-8.597667390223403,-4.154090006285722,-5.890156625126224,-10.94735951985412,-11.360418369742522,-3.4603111624783613,-14.85831364825545,-0.2808598343786164
1.557062605951504,9.844678513917838,-0.5333308854842103,2.3355742993310606,0.1032828407134855,-7.693672908453511,-9.480098455626695,-4.639671793628795,-7.733724528919622,-12.591606934246895,-10.167947651711692,-3.969316763615754,-17.647585146956114,-3.083418019551488
7.537162695270466,14.293719419067532,-0.4449499019973739,5.647020761130774,1.9990432433249212,-3.8759294278797114,-10.164352170752332,-5.750794732587061,-9.67190125266391,-13.623014346590868,-8.405599111902877,-3.414190740975733,-17.6063216712211,-4.1955579416651325
8.48208181631719,14.345433914120756,0.384384531240835,9.089842915248536,2.6742442531989528,-3.1365775154182973,-10.651467003149554,-6.905222512814587,-10.069050859929163,-12.784872670953275,-5.641704800931209,-1.8177571698752424,-14.212507801373883,-2.893660520814664
3.3374354215001008,9.3981845758145,1.9218410104088224,10.479192319512162,1.96197422375524,-5.787541357583101,-10.77595356162907,-7.383557914162376,-7.340235017899083,-8.98188469600839,-1.4785271767712374,0.1177368944829572,-8.526570745227211,0.0250281139957704
-0.1957492826080778,7.167546416911827,3.464750729277612,9.1008087485325,0.8478520059503367,-7.561269313497969,-10.39649179381459,-6.750569947250829,-1.6346886631717847,-2.560173470197346,3.489663691005738,1.3487678755359962,-2.833359137084881,2.6768436252652528
-4.133738369115803,6.223675068294616,3.964375085844289,5.841717170864496,0.1651434284682926,-9.67613350434688,-9.639735366044857,-5.223667358288333,4.490987020025626,4.003258796162962,7.121525037957476,1.0907725956461407,0.1861680979401185,3.186336101294239
-6.016991933502242,5.01045871950494,2.803492733339757,2.2443974916875007,-0.3320928886468666,-9.261353951952618,-8.971741773996678,-3.7664567207585486,7.385162121931387,7.121586071237728,6.614123278927149,-0.8501763295451807,-1.287707423364533,0.7720613735962654
-4.628839431265193,4.690597049563842,0.368433286229465,-0.6451579453485552,-1.6259749267104802,-5.5326103563202444,-8.895003879104122,-3.642219452088813,4.880940811027786,4.509391573214542,0.6017740236845963,-4.160297890067511,-7.013208009463723,-3.7950381328060274
-4.053956179103532,1.435992677869183,-2.115291844804265,-2.713867259846782,-4.236126016618526,-3.170145001932675,-9.379301091718633,-5.45539630065387,-1.8498743116945064,-2.812630686292601,-9.143599176094682,-8.178197389354949,-14.422189209947442,-8.581717313850202
-3.4211449593580263,-4.986888893936731,-3.4013357280071395,-4.304783591023585,-7.3808863075855005,-1.4584940029519389,-9.522022406880469,-8.285796311667085,-8.78675895077876,-10.723036488205652,-18.095599686136072,-11.872313341258916,-19.813422791098404,-11.500938249857544
-4.947101712363999,-7.851698144699545,-3.07687641981153,-5.475410236414785,-9.319085808040882,-0.3426126894868229,-7.930985290927808,-9.802801612761014,-11.697819601461145,-14.559495596988134,-21.582470678768672,-13.897628917927452,-20.45983971193972,-11.420299361066096
-9.453867906321165,-7.620472657734752,-1.8146912699077955,-5.825240180313848,-8.59243261816974,-0.6866136565062795,-3.753839773368685,-7.6894801408715345,-8.989475862683896,-12.232451424069506,-17.867605777146743,-13.172682877556326,-16.22145968645567,-8.792214125616827
-14.35969434666194,-5.880640034302561,-0.8651831053738253,-5.068187635375869,-5.142897430462595,1.2315756537756235,2.3980618423469013,-1.549052233867254,-2.642234590231896,-5.5599050768622496,-9.391189970850784,-9.831976314229044,-9.499372378601224,-5.428151870244868
-20.449905065540875,-1.1815297362596542,-1.1982798603581362,-3.682698049231923,-0.4594398580680465,5.350606190095355,8.472760227204738,6.264882255856033,3.382813441807068,1.1548946308346952,-1.2234828684339938,-5.662224732060189,-3.614285184525469,-3.491845655403896
-22.80275056906002,-0.3579226121972063,-2.934371673280129,-2.8219462557985944,3.2900981147887,6.147457464835004,12.103169423402347,11.875688763099514,5.947956741054172,4.1745195369403625,2.0976474299749857,-3.2392951433946173,-0.865511578136541,-4.281028616783689
-20.67254954994446,-3.75286852636937,-5.428622889082869,-3.4177194082128777,4.490774932800159,4.023815803707491,12.084715800588766,12.513704213356467,4.629786937334897,2.723210826781659,-0.9147322924854856,-4.124871992658534,-1.6025552922210655,-7.551696726334377
-18.421920984459767,-6.570275539457613,-7.841108391212509,-5.3164740785240605,2.8972874135544915,0.1426700697975159,9.129249834862875,8.563953344845263,1.4451528253738637,-0.9281549928042984,-8.35235445737558,-7.587261778689251,-4.66443731952569,-11.79590004476976
-14.729044553748652,-10.364161662192387,-9.6801379848017,-7.373972218463824,-0.3847945776769821,-6.700506262347631,5.341853444160282,3.3009196102372425,-1.1002357716889914,-3.5400878365914696,-16.562488562510673,-11.122156179557454,-8.489450225024033,-15.24307760394332
-14.44576959954054,-12.593860340361363,-10.928251006570177,-8.5288246800729,-3.661449504571146,-9.173259589397096,2.801786829250087,0.3755508230891777,-1.964176750055186,-3.453160348490189,-22.408086694042023,-12.52289650265471,-11.972415612313355,-16.90260015015596
-18.508066817158877,-12.553512048682828,-11.797857998252203,-8.855277047938031,-5.674633243822596,-6.862860963765829,2.24760746950633,1.008503610111959,-2.0606394173880256,-1.720505935004642,-24.76818314869966,-11.77204452842432,-14.702855681723465,-17.02434950271585
-21.12820973647105,-14.088452445389118,-12.461530559338014,-9.529704983220926,-6.272822833021086,-5.7977166273151255,2.757464583804386,3.1699558352643606,-3.1381756725655947,-1.1057255608190744,-24.705022043713083,-11.06478147646807,-16.809749859886146,-16.789607289786623
-23.545556226178743,-16.5501425133971,-12.993235038006262,-11.666202648324388,-6.300767786678299,-4.359875203745464,2.604837847965422,3.4287546819568995,-6.148184852868134,-3.8138610396846833,-24.480868055351333,-12.890371984522387,-18.707964383125503,-17.488838631886953
-23.389926637631117,-17.155701273719963,-13.428632886862028,-15.093701562478696,-6.773878915981452,-3.784946792769018,0.6504938378144569,-0.0686696543765386,-10.435479790836542,-9.679719766909551,-26.00682718295537,-17.808629072305767,-20.780771065591228,-19.658433269595463
-19.542436319273925,-16.295851859816505,-13.719803502238952,-18.23400719595086,-7.934135332075536,-4.950745267668886,-2.7381985966045352,-5.974848169230277,-14.237283727792434,-16.122426968591657,-29.499734268005227,-23.78614614428257,-22.96914175848637,-22.63129396294787
-16.781028708340145,-13.871342056390128,-13.577741307699576,-19.20678526323368,-8.94851774287406,-3.8416118799866528,-5.906472010260639,-10.787331028638889,-15.891664272185906,-19.841350304450284,-33.136513327741945,-27.553173509708323,-24.48983406105637,-24.77351090542805
-14.350984962225338,-9.283711796228117,-12.457904984360418,-17.17138631648548,-8.553016551639212,-0.8173087327498855,-7.0940202996301895,-11.597490272398828,-14.75930689439221,-18.97073283216794,-34.06705888566675,-26.767735183553604,-24.053990953020488,-24.34250591197292
-11.476993376446767,-6.3690117845222405,-9.88552157808593,-12.798489607792783,-6.157634620975139,1.0338352497514445,-5.680213822463198,-8.187303359787098,-11.333043692743322,-14.134367110038763,-30.261744115764134,-21.315954135194797,-20.632300873785777,-20.51146147453462
-8.938678177135365,-5.170880596559956,-5.947978458552953,-7.657265192075569,-2.476762942557293,2.2757077980685168,-2.5667807658771,-2.8291447015685627,-6.752231025682125,-7.731523356943234,-21.93642222920468,-13.04545423028198,-14.269310164751754,-13.924369197977237
-4.793652190911791,-3.5858965538032685,-1.5039626479235135,-3.23106573693942,0.897474958679803,3.2025306055235703,0.5208517939758561,1.756504602448671,-2.242016244517914,-2.140726469922547,-11.483490840692738,-4.523854029460511,-6.294694456098556,-6.400195292432743
0.965746588308822,-2.4718260213790733,2.1845353873890687,-0.3534986729651672,2.653540750056975,3.282639641411364,2.196960710456083,4.320191727871613,1.2379251457892,1.71601563436817,-1.9556624720441145,2.1366908728035874,1.2631657189149283,0.0250321940312581
3.990812520817718,-1.982658506967232,4.206617867223151,0.7937862866554131,2.6760656485036325,3.505373130445158,2.158602689742252,5.327584279800776,3.18534980812944,4.434020761140183,4.728329407185665,5.858298270475553,6.63811171869934,4.086565718534999
4.347730898063113,-2.03495918926705,4.585690846427878,0.5097812952479108,1.966945476203735,3.777876944404877,1.0863572101165315,5.747809889348613,3.669010664555119,7.012460407268015,8.569060823395011,6.705631709730656,9.052520779999524,5.722314835409021
4.580714154888455,-2.128309804815396,4.21769553396516,-0.5068896775459839,1.7099812409358792,3.90437220363078,-0.0197621041855935,5.892524923406222,3.2726743464505743,9.70285983453114,10.915345208953376,5.759471119734571,8.904416427311137,5.80337967354332
3.768906169085235,-2.246303576729303,4.179479888651414,-1.31918376137018,2.3340302598487552,4.065035031656291,-0.4755353460815414,5.423898244468935,2.769041884327052,11.824980729937696,13.257054692370986,4.710100611058832,7.46752688044764,5.464247250120128
4.2527720169100665,-1.697993025689237,4.922574355433052,-1.2131148853961458,3.332199951810857,3.934568962446626,-0.1509845378423078,4.199644787805823,2.6670109886560858,12.545778768381927,16.36051514862229,5.076393731191808,6.256617393925399,5.46839723865549
6.465319763318446,-0.258577423357659,5.985090607734244,-0.227195959324991,3.85352596212683,3.5230177631210795,0.6454726734166147,2.7730835527597875,2.967552810313107,11.733613095509092,20.145514955369293,7.347562816542551,6.220820654176876,5.904116825759711
7.423076476821258,-0.008716155433463,6.46328498040236,0.8159629627836025,3.451943158937852,1.7707120069249258,1.4133850177179967,1.945468320281824,3.314051774115753,10.055644860574567,24.026581290446384,10.674114911765953,7.111132297836174,6.290951479435005
7.680599658318,-0.8396351569240655,5.85913701009828,1.000266801393078,2.3937645812328228,-1.5087274908116348,1.6988944566138438,1.9596554481292523,3.366006346862504,8.339519531526673,27.28319099121304,13.460112081903103,7.543902057734133,6.000636322951516
7.752056887823882,-0.6409925552020849,4.572977103110925,0.2066566803149303,1.4227954871302213,-2.6185478969537583,1.3086788581188742,2.308185307060105,3.051164572202726,6.940469950858272,29.309889261920283,14.469406615258547,5.989975722270689,4.755792657113659
7.189006452008351,0.2926957355577361,3.5806948146212125,-0.6345859942451151,1.2901485851646282,-1.5815598943018527,0.4495601054291414,2.3386335726223466,2.5345714362056944,5.720038971788915,29.814716036953836,13.581401259890264,2.144859213317769,2.902903459494091
6.4102776437310425,1.6840948183554465,3.561826692333601,-0.226828743155953,2.363460309307777,1.1028061981238209,-0.3366931572247056,1.8975005969311745,2.031062856442689,4.491155831283512,28.94015327867719,11.645422576027364,-2.4282929905969244,1.2681890676191898
5.373074848709787,3.9341374362338266,4.280052323537197,2.052880139761476,4.430347909941135,6.399369667293842,-0.5072631117794657,1.2797159338142547,1.669951309469806,3.297932136501201,27.138512289654635,9.69369098706527,-5.097955867639268,0.6884101186695482
5.755579391495135,4.962146047801297,4.820038708630465,5.64324543048908,6.728521010300794,8.058730594719659,0.0574478176716026,0.6488536078877645,1.469956759436553,2.1956534569183863,24.78407843982429,8.283696094735214,-3.9376771656314418,1.5506928958498394
7.803073083144113,4.691213091440648,4.478249867240371,9.172421583456902,8.26660858912163,5.846640132014983,0.8870718869031915,-0.2699748320502948,1.3585840478207851,0.8868055712021481,21.85044019243574,7.47987008374634,0.8993175066303498,3.651717557703362
10.328545304667797,4.792664430092477,3.4580731262023865,11.302015226710472,8.388682828586125,2.865038795960379,1.2221740112721764,-1.801735875256571,1.2032899789546403,-1.1920549353235277,18.058560186119557,7.268139305449791,7.296148455301154,6.4195785200297895
13.81886396648104,4.828992217538308,2.6915445127988624,11.382992816012356,7.239701876942855,-2.410432171298789,0.6004987639991581,-3.721474350958256,0.891546551079851,-4.247423509582918,13.46495073753377,7.780534801149701,12.62803826257762,9.27346243881461
14.65045963459964,4.441560087008457,2.949497650576601,9.620107717974973,5.668757735586564,-4.195956264331821,-0.7548281935920613,-5.244588866523181,0.4386031515358208,-7.572913735544014,8.892908603598332,8.997411115296268,15.353133536448444,11.848829730858672
12.406076784957529,3.809590560357891,4.083636026105912,6.863920598686634,4.497157130172687,-1.9055395541247,-2.1082407762154887,-5.741455226636862,0.0006631437282749,-9.735640356790933,5.592550441091207,10.278140580755972,15.5787292036032,13.97508787849142
10.142356314692654,2.931476769358482,5.1018665490414925,4.225581699813225,3.740468659277058,-0.322008679000709,-2.824289876712685,-5.4285602033016325,-0.2713640014847644,-9.50679095918205,4.241825402644606,10.399019824715063,14.427764999552451,15.495488265712794
6.941079836211461,1.788462488929463,4.992149790341921,2.597149155044578,2.5944812549422256,1.950146196731506,-2.873244319293847,-5.221394091276739,-0.3960286518322151,-6.791557267428544,4.212785945422523,8.360231132747549,12.984528014932458,16.133879294841368
6.1942634667966665,2.433967721584473,3.554724960436205,2.2129155241407155,0.3592102348682546,2.711010124225437,-2.749016425919404,-5.793119194724076,-0.5176431745665688,-2.750654148774551,3.990337461521437,4.403801990070961,11.736943085536392,15.590421339394153
8.566275875410502,5.076449894096176,1.5622187076695615,2.563064329932164,-2.514363995392271,1.2142946987412166,-2.8632704318197204,-6.760353780528376,-0.6472585798519539,1.006512310115422,2.578261981277068,0.2787555631990752,10.79343404674345,13.876823328233494
10.617287528926331,7.105464372257722,0.1856161719985642,2.874931825979128,-4.381899586621532,1.623091693828042,-3.009806895159649,-6.871930212817963,-0.4868958213384857,3.492617330485292,0.6180389213194317,-1.7065930976526662,10.407559066926083,11.634825560256582
13.282164028300889,8.946809337622977,0.1963548237790462,2.8774914340679887,-3.646622829391101,3.386880939113017,-2.4737193550584538,-5.12659686045933,0.3755108682731443,4.829357367354247,-0.0012672435297211,-0.2540125798097072,11.134535396361,10.039920107314629
14.421934172388989,9.975746762191848,1.5291112595556378,3.143083001111666,-0.2696914986201815,4.137309789948171,-0.7592470479348696,-1.8206633457521733,2.0089287337842165,5.83896831172666,2.102373125590141,3.961003344081263,13.384424096834184,10.12033061614788
13.414494119941107,9.647562912776106,3.428043218849581,4.556759508005206,3.8937248343306816,4.451018448506948,1.727818876804449,1.4755023987687554,3.891256325803502,7.168988659287034,6.250583753747421,8.73153948317101,16.78642607222522,11.884007548998836
12.58658488331695,10.407430276467116,4.971439498522637,7.304723553266624,6.405359153316141,3.2005141348485493,3.751275647019076,3.078674956379513,5.209260816128715,8.71043902336701,9.90340716937759,11.810930905832976,20.04754208733677,14.037643781419044
11.265413921817103,12.040566537824978,5.577572280780593,10.362834327376117,6.144911130000759,-0.0915852410285602,4.128463455935933,2.5309338780582245,5.497941894412555,9.762590461180228,10.57804182729276,12.25996304890207,21.602630366657102,14.7713234151455
9.349225352210924,11.295001111623725,5.203309930711148,12.097711430564488,4.130931494409479,-1.127527743794552,2.7198879948112307,0.9619263897869884,5.021102944720682,9.7463092060526,7.80042802574903,10.68010233950712,20.62264223193791,13.148935672925695
7.068411345406215,8.374896088410944,4.203113556226349,11.531811290748166,2.5256757096140783,-0.0272078066409401,0.6524701781230444,0.1432074410487986,4.50928455873462,8.808753302943073,3.34968413201614,8.376416934966816,17.554346794073172,9.927534490265405
4.950976250977093,5.223877515112671,3.027630303466541,9.123902605048938,2.7161422914808497,1.578573244266167,-0.4731244885754417,1.0280410655866756,4.493970981915891,7.765442853886319,-0.3265634287885479,6.315261824637233,13.720930714279357,6.95740392952351
3.123153588672285,1.2356226775132584,1.9815368470426016,6.336242218766059,4.166569926620853,4.638146518927706,0.2296685372572433,3.020180273680284,4.868469864526928,7.406652919420897,-1.9825088868956016,4.691397023512044,10.334387655826934,5.564246404455764
1.747190592735184,-0.4943764486464224,1.1446121735374133,4.408315165706398,4.996100276680829,5.688966254715318,2.318031958952762,4.59272379438298,5.07069745598538,7.778252377158343,-2.1147139856725623,3.2113390599791423,7.7788204728719155,5.347645150753037
1.070610347229064,0.5617340785072623,0.4254534610442544,3.492616527589207,3.685200754318747,4.452153090655104,4.455832130704618,4.713490175320738,4.682707665723871,8.108222662320689,-2.015029413937768,1.603818679960991,5.717739133370033,4.56096115147067
-1.1432840744816175,-0.5696944194620825,-0.3289886039049445,2.894624567419716,0.3796411138770486,3.333179643421605,5.496846165145916,3.8276838877453,3.871941052117875,7.494497484968963,-2.5593089378475327,-0.1401950702267473,3.766207992574781,1.7942853083628183
-4.932193330209731,-3.258431080177821,-1.2161886474844792,2.034732550248972,-3.276070384449524,1.4921546990846588,5.304136922909642,3.5191020221977816,3.2854299464045846,5.760414110359831,-3.8791413636524297,-1.8792556294108405,1.9697466140385809,-2.592861810623376
-7.519016243890051,-5.18127766839616,-2.191078879433306,1.0676416124918229,-5.504098836614608,0.3417518636839995,4.680852659045476,5.108030231944868,3.512757870468848,3.6853389657276505,-5.84476497328326,-3.52538909365785,0.6274476587115867,-6.670049798585387
-9.25593760577549,-7.111660617226257,-3.0708861161589454,0.5327457472378399,-5.711025621172487,0.2108350131337068,4.575122422302872,8.384608687897378,4.584995460968435,2.366286548137012,-8.415564486816393,-5.078396128648965,-0.2567830464858325,-8.617914836948982
-10.221583448563356,-7.443455446729817,-3.660254988130177,0.4913995592948357,-4.696700587383505,-0.7455676055598534,5.299975078560955,11.608500054038288,5.911971704589726,2.285487110683327,-11.328080837615644,-6.460017044802157,-1.196367043864635,-8.313770907734842
-9.847012976642782,-5.771257215055375,-3.898412062048527,0.1869064270934375,-3.755106608962025,-2.1718472927759294,6.402877012617809,12.854936759420742,6.705370719474895,2.9627573980736166,-13.649335232992682,-7.330922607388137,-2.7581324418308784,-7.309397889865508
-9.485069976390276,-5.141097979919492,-3.859604810356125,-1.2799364267095985,-3.5917570156752454,-2.410214148622259,7.1923984761262325,11.616475696950989,6.579352268495812,3.5226587351732537,-14.063335080832935,-7.109871856877229,-4.802797522479285,-7.233543445021235
-8.988792620207962,-5.219976166740501,-3.5715209284939515,-3.888013221329187,-3.987570778844836,-1.5900352160815598,7.370450793876458,9.28104584061871,5.887705610579511,3.6088174662559673,-11.930208996368048,-5.272479711841636,-6.233696947537174,-8.179424415488207
-7.360729102672428,-4.458022836473688,-2.866737202970203,-6.392692917171107,-4.329233745144068,0.9036264399444396,7.210814186102997,8.007100574058908,5.511429702325211,3.715379682576252,-8.128902110987555,-1.7810998055777425,-5.698670866362455,-8.656902247975411
-4.768012916069603,-3.3422663837370608,-1.526335064512354,-7.248024033578677,-4.323373489873949,5.542043314646252,7.200189924166725,8.884319223900437,6.176587746335961,4.567277400440672,-4.712132788994076,2.64652238130909,-2.828279503424433,-7.169004037293753
-3.914712228616134,-2.942791920441365,0.3273711502513343,-5.986068202818019,-4.16812891867487,6.760775537788369,7.536467292212457,10.928953085185888,7.761100488120842,6.134634514581798,-3.5322888788286058,6.658547759527561,1.021586533226479,-3.895403959923742
-4.887702205862427,-3.1970920059271304,1.994167109959176,-3.757203124470623,-4.129120632877986,4.422532985554584,7.9378726630399745,11.793060064402656,9.146540973015275,7.2676983671293724,-5.0471011208001215,8.765767700917728,3.316925075248067,-0.8628637890646447
-5.849151870345752,-3.968638033473892,2.4843077014103385,-2.4803335732048777,-4.124013993830324,0.0826991903034392,7.866529678287831,9.609943266274378,8.838528429958023,6.386315918996001,-8.345366150243597,7.967725896785485,1.9710918503401589,-0.4218599114835673
-7.426254247209544,-5.530541025356509,1.2071408795870853,-3.3454474729958266,-3.859738126598295,-7.717385895331433,6.897187498419616,4.448075606046222,5.988351006603348,2.68207933084819,-12.211934726071297,4.215770454456074,-3.137622798219406,-3.3978982766868544
-7.908563425992238,-5.660709662437655,-1.5211461207082233,-5.966483816749743,-3.367097129511523,-11.316342152802454,4.910598478725529,-1.7543872495777522,1.0729357938129986,-3.1611548542765164,-16.05813049931818,-1.467096199457392,-9.986712420336133,-8.475175623671959
-6.965781508333425,-4.244981238747058,-4.621807492171306,-8.801513575959074,-3.229401330038981,-10.327158345931233,2.0506331293342672,-6.571750968276858,-4.304311266045707,-9.267662667074152,-19.80401176201825,-7.26663142206166,-15.75299823826536,-13.154116526121598
-7.065200925250624,-3.055251281437468,-6.923170996697398,-10.305927169531842,-4.064473482900678,-8.66181409588132,-1.3750285759890684,-8.584105919248202,-8.356368071510662,-13.57218327979916,-23.00856999525181,-11.22601820216775,-18.590573209811005,-15.301936403989789
-7.821072122337929,-1.5975362210746382,-7.774860123474396,-9.817362367006185,-5.687537910367919,-4.418527584890221,-4.90452640566276,-7.944113209645813,-10.096929211644524,-14.772783847349736,-24.42041898216053,-12.086739179907772,-18.43862849263495,-14.115536395800714
-7.517701179788345,-0.8905885006064067,-7.1813538498590574,-7.686931544268839,-6.91468276713039,-3.3768151975247456,-7.925475667997333,-5.94356986313144,-9.700655401361074,-12.75989102351352,-22.72319495436305,-9.938244573044576,-16.420131499069303,-10.163105572330874
-6.435946175202965,-1.249717080121291,-5.56110925456317,-4.914070417936675,-6.470095366395291,-6.127351028534179,-9.86191949306765,-4.2063261038597854,-8.14769718897989,-8.56937131261672,-17.93991015478868,-6.235226873815007,-13.68462968533349,-4.958052684274772
-4.879621023744819,-1.817146133492302,-3.506865945457473,-2.70321466690352,-4.307682950213409,-8.340196119261288,-10.53302642018876,-4.028335442054107,-6.594111335626327,-4.071473868302501,-12.071236582866003,-3.0458922652545724,-10.864567358076838,-0.484103255911517
-2.5407797601490687,-2.9476912422043733,-1.682188302730582,-2.0145006594615804,-2.019091683763264,-11.441577266295871,-10.370592887112071,-5.919815861044231,-5.929776851554143,-1.393383533157991,-8.045048936122498,-1.9316902533272573,-8.404812173882652,1.4012133965010616
-1.9882870218849835,-3.5934127203655417,-0.6572844097007291,-3.037208035736466,-1.6747616552338798,-11.917833269506549,-10.16929072818036,-9.301477486167068,-6.594040368610262,-2.0002011940603737,-7.593488528614358,-3.172888964559963,-6.9769752772891245,-0.1793515314696652
-3.4091389564668964,-3.622503773511054,-0.5710543497907583,-4.858571889916259,-3.934453109331555,-9.032325676793484,-10.454404949485316,-12.601648375567995,-8.462311028997481,-5.747519643750461,-9.829160963144275,-5.825274391594977,-7.215513399435164,-4.4208759417035015
-3.5199038365246262,-1.821530286931652,-0.912779599892188,-5.8593398553816325,-7.143793972056376,-6.571783907666293,-11.015291351648768,-14.045929481538566,-10.789869334122764,-10.674029421718052,-11.887589501204946,-8.49144044356614,-9.026941942749872,-9.056049879894394
-2.7962690276857645,2.2874543357875274,-0.8297683318841926,-4.892062374288738,-8.426227818451865,-3.5850497915803503,-11.129262088021129,-12.867876704581295,-12.485930996537618,-14.078787454829406,-11.26117964394686,-10.220660792745054,-11.43615326795885,-11.707989313715036
-1.1298125846544178,4.51139759647516,0.1196341987921894,-2.379490603110023,-6.006323221917574,-2.040272320136292,-10.37695393286449,-10.02024255759396,-12.835610198285782,-14.39754675889754,-7.884645374191331,-10.954212842103365,-13.388356582135051,-11.4803038388246
2.132499146717082,5.038008162741774,1.4554542832271622,-0.1939447658566244,-0.7886945610372731,-2.626742836595383,-9.280424593894317,-7.610222807272528,-12.194015785481032,-12.439923902307974,-4.126304749704598,-11.311184415424137,-14.714419998251676,-9.438541322804568
3.4437025788312243,2.7413493860702327,2.133214741077841,-0.1360141559168646,4.238779871119499,-2.50545114548241,-9.007308604327235,-7.318093708294413,-11.85221919187575,-10.776103855769367,-2.6241183865367965,-11.933868187474168,-16.088419958718884,-7.507213498975606
2.819706324462619,-3.542569475170309,1.564239257738702,-2.2433285555296187,6.323220481805965,-2.2860750991909624,-10.216163740862749,-9.045221662413702,-12.860098416604842,-11.557195495861055,-3.842485104690031,-12.850071299743906,-17.869634873608664,-6.7561626211272525
2.2105577324300105,-6.213641299476225,0.3220454764453819,-4.540725390181425,5.0216163183193245,-1.470210371455363,-12.044289041835412,-10.943447385721935,-14.720182504744685,-14.542727768950034,-5.528264278226409,-13.296225332549298,-19.09891848126918,-6.622129638273471
0.8603325046937512,-5.460893776756651,-0.2584216184963956,-4.627314899721469,2.315570751903863,0.4110284621735682,-12.323007681211998,-10.81287992874778,-15.330646048727507,-17.106678928166776,-4.578251163424959,-12.1808213223577,-17.9668128286737,-5.695697727114737
0.1766939863990537,-3.479022749066019,0.6891703878815996,-1.7706497186248598,0.7997630630483563,2.709602297213555,-9.125295041957006,-7.716129470653936,-12.589155032220884,-16.333813549663073,0.3314098014966333,-8.92867262493056,-13.550620118791084,-3.214028317635595
0.4215857028836395,1.4783354921422702,2.6718038746468658,2.369372476735638,1.6031337543350652,5.738102843232486,-2.5156459773777264,-2.5788405853966907,-6.409615507981943,-11.45579010857452,7.67795728277386,-4.097874659594158,-7.109942795027965,0.1860677182529677
0.3786691758338533,3.307483692238431,4.197317283178382,5.061277951325522,3.762941797519765,7.056569177253027,4.984358105168411,2.504497834309724,0.7541092313046391,-4.549499581808529,14.470241896851617,0.7680053885210434,-1.4475153185409084,3.071341611434722
0.4325483076579491,1.7513438376371782,4.092480318268944,4.718140655751064,5.355206998265263,6.431775087365393,9.788813575825747,5.545265544172846,5.568656218884101,1.0535896690479412,18.738097108503137,4.043270550290046,1.2965518233014492,4.462655873373102
0.8988981847062266,1.3302889887652338,2.5324742748190907,2.1063608347170586,5.193032898975165,4.495838779126813,9.599012517644471,5.608694102589585,6.323669857015137,3.247355780208657,20.86330758900185,5.0442225971298775,1.4231502308540591,4.525081737241703
1.7001441093656466,0.7297965521957666,0.8099789755465778,-0.404606590739565,3.640858662648842,0.5102042623257933,5.000276039949913,3.070457836909068,4.091224547140829,2.4917609657859003,22.661714350075115,4.403936542938027,1.329254695144556,4.187518844756678
1.979304288103929,1.5923513039785215,0.1018390937963218,-0.8005213932124988,2.07756425867694,-0.7672686324165374,-0.8952018857092092,-0.6431168728762131,1.5926338212845543,1.1156194169143738,25.24556439863472,3.53023729552206,3.3202982090488824,4.233408840519534
1.7102379048779506,4.594504370933943,0.4426677330704081,1.0930598370874236,1.704040849137055,0.8986603955976636,-4.518660693664408,-3.5968330539409656,0.9193782439035764,1.3931960787014184,27.75631527956353,3.586488540827645,7.565468722615627,4.750413153120007
0.867355494451793,6.015924738130441,0.8569653484094317,3.72410524913726,2.7254646882197946,2.766571861049936,-4.136072782496527,-4.128653251333667,2.1598900060811204,3.988185840691045,28.127682444341147,4.743315630222988,11.98975197277914,5.288943778225171
-0.8110394796456841,6.260168145044166,0.4340132466331603,5.236429832930888,4.388542958611829,5.990178914431226,-0.7422684952198679,-1.7458285696161333,3.92082485652179,7.764190839878807,25.0936705678346,6.169118672723496,14.080770489588186,5.371255874140083
-1.0915121991380534,5.791288918780988,-0.7581627528082038,4.907626434480751,5.620062510753563,6.893881413551156,2.986940343797091,2.370256462174467,4.910209085252792,10.783898971628648,19.55017068071995,6.668927652015132,12.925609324455444,4.838183761581135
0.0981875859777366,3.873906655918105,-1.779260574338469,3.480365900021738,5.711600885876869,4.998552497485654,4.777900724193607,5.859144224029343,4.974267564664295,11.6025747049449,14.055502627429952,5.49708038815794,9.768237584571686,3.88798725982236
1.083045825956769,2.9418486327992714,-1.7507665400186276,2.30932805690712,4.662762650374518,3.772118290876005,4.246052105429115,6.651723758149053,4.804578077649403,10.04396166607374,10.956703306147103,2.845068040083952,6.819885069659943,2.971428114711792
2.346823778596924,2.975060712622661,-0.6535511674585663,2.187914975856493,3.091344070211832,2.319475424002672,2.7267366727960223,4.437502249489171,4.913988779192337,7.154605903592916,10.748159310415884,-0.2467984893870145,5.520897316079303,2.631780505774394
2.4737375270757767,2.4845011325613244,0.7302046678552152,2.816185847360924,1.820363973181358,1.6955730862073672,1.789149995568426,0.887613396407275,5.038934047483636,4.497447971694413,11.91500256931404,-2.469841305204437,5.704314932141152,3.2001470812922115
1.1270510376026923,1.9548970798149128,1.5432173301812533,3.1970549398400543,1.376658084934121,2.4500216842364786,1.8426783935317737,-1.664045555107556,4.5150058194295255,3.230443840083293,12.202470359229238,-2.959377077819873,6.149653479639522,4.3977868760185
0.2499438315190956,0.1153297707757964,1.4701154983607625,2.497481904155048,1.7063116881410956,1.8951166979417997,2.059193873735417,-1.9817692964911655,3.164501313165058,3.5169535396125973,10.222306285235746,-1.7002831885004106,5.854161435160449,5.250199821179344
-0.5248290575456728,-3.307511742319854,0.7452075845476251,0.6844840600985904,2.32192810813072,0.3226564305246308,1.5556349775788902,-0.5813739312440305,1.786725948867474,4.648924861484922,6.285843013844371,0.6107960242087316,4.924266154662014,4.698141901257387
-0.6847698963350205,-4.594240670220478,-0.2258791868360532,-1.4344196085520906,2.785474585001559,0.4540222331375356,0.5849072048597321,1.2056301518873092,1.7312735183763444,5.770186173411517,2.080440631927125,3.100027057414419,4.451324680323527,2.643222747964991
0.1434510233801921,-3.852387698090797,-1.0924772228556243,-2.692834298629844,3.105916896610374,2.0065003447017915,0.4934095982380455,2.6733308566972696,3.8291065213128954,6.571611405172607,-0.4565534747430497,5.2204053768121454,5.555220167526084,0.4687286631534526
1.453591018117253,-1.716319500232784,-1.475671784395928,-2.255801231682661,3.648371852500457,4.922037479812832,2.433518570846701,4.1675354007951775,7.510697781574585,7.310278198202596,-0.385799002110776,6.87025926650033,8.343069552050629,0.2460509327575728
3.5334469928624,2.7189306838128577,-0.941206147642216,-0.1653552941447138,4.597176601394004,9.810828090929418,6.078368925651013,6.158409420683505,10.873866783173968,8.156971577402814,1.5325653390644192,8.132256079629101,11.56128065792551,3.0007807170646963
5.132749440870684,4.833225360315043,0.6614875635420283,2.5783618209276167,5.506360318879207,11.063053797766075,9.642546249987303,8.157388259655095,11.811067444083085,8.620923667417777,3.143362536307388,8.961787747813108,13.265658595496406,7.511493510459736
6.16199926925705,4.484103667960438,2.764992343374057,4.559014560329835,5.477851026702046,8.41999920208279,11.273707738489676,8.85733815402964,9.488238402167928,7.811894210219643,2.2047497723089773,9.142734104622832,12.139054259529658,10.907450349252382
6.338350374147647,3.011503462121844,4.177208944333184,4.871011368840734,3.92989625079934,5.904676785689394,10.540079602631048,7.46760223543045,5.069745001164026,5.418037707022181,-2.0041858145075206,8.515578637845625,8.53872286593564,10.782787478770272
5.243888426012243,-0.7833113678691723,3.8790358650602856,3.769484525688675,1.2698494879059856,2.236821444830757,8.615912377440079,4.764511191564092,1.0047022313303566,2.374190134204621,-7.961639397943674,7.194383825643598,4.389250260372606,7.07129097055997
3.979102750084434,-3.460583150667967,1.8772195240632052,2.411597496469179,-1.251008932215715,0.3583106912226498,7.009031898006906,2.5557138087389,-0.7493635144104207,0.3256054113547169,-12.85814033454068,5.511572798188277,1.8142864784683248,2.0313731227324983
2.335396131786716,-4.98031642041626,-0.7615666626088884,1.7659905843040589,-2.505953039093423,0.9592801914399458,6.092055989748756,1.96310065159914,-0.2432176922136246,0.1917442345093674,-14.726181567199973,3.745709241020891,1.469643243777757,-1.6208533314656703
0.8218300270863174,-5.845892308032527,-2.8039420820704004,1.6228879615141567,-2.459482503588057,-0.6298794002613131,4.895634523690609,2.31916102762493,0.5122080796538118,1.2081471897868177,-14.055259642798724,1.9584482062663275,1.9853651102103007,-2.732218161666258
-0.3384447258351972,-5.17579393880438,-3.7954094819134,0.725856741505932,-2.2002086172560347,-3.729213821909733,2.376546622083901,1.9463327536937904,-0.7048975664673742,1.5333514528645869,-13.393177398418956,0.1775273026874702,1.149443239220605,-2.1651874736984995
-1.6179519305011547,-4.7458925815390325,-4.115166531842887,-1.9317227650877244,-2.9293642193344693,-5.5222994829118495,-1.1319306944327252,0.0992528504220864,-4.24707457232999,-0.0206393107176374,-15.126542493860574,-1.2542974683837116,-2.0580738343324043,-1.5414834396026469
-2.804742782232416,-4.375700290483166,-4.18897368286526,-5.813664887364919,-4.804505431973318,-6.610615911983338,-3.844457085368125,-1.997859870503354,-8.068425505220093,-2.814370790788904,-19.37099825340097,-1.6590964974597178,-6.383604602920501,-1.701745604490684
-4.088721452847496,-4.098702696605338,-3.870576906782392,-8.89545881166389,-6.739331881488216,-6.118775222195309,-4.074098127064586,-2.26102162573363,-9.442411222298874,-5.00051489972007,-23.914771438189327,-0.6014990541439094,-9.258824044834492,-2.335209186303836
-5.490942886529088,-4.2734084404277,-2.79189348017292,-9.216109720894837,-7.385424573254116,-3.4777681663937066,-1.9947373074548815,-0.0094727030735128,-7.545960763535266,-5.37535692465185,-26.25735406513252,1.3493258637006136,-9.028377319612158,-2.8355891684817625
-5.904492196659255,-3.042958902888452,-1.2805008406674006,-6.5909689481575455,-6.383511462979911,-3.064654220975004,0.1604538250896752,2.945178299888377,-4.46310286880427,-4.568900587479504,-25.768924776697474,2.542997801595636,-6.395126815703531,-3.1789469913796005
-5.271004484076482,-0.4217923075773122,-0.6200441413779352,-2.873266855224859,-4.690459149801324,-4.787361596321283,-0.1527946794114889,3.671121121010167,-3.393846385445922,-4.299749579843663,-23.92151925765486,1.30401689943945,-3.690744719616124,-3.787135619376496
-4.712501884927408,2.4856837377885954,-2.027739999818412,-0.4478784712501173,-3.669379770148321,-6.193859259774161,-3.5864796122390885,0.795654874729891,-5.540142357524946,-5.439467636325954,-22.52491772416567,-2.550382729113874,-2.6594641079572696,-4.646512809023925
-4.001406668788881,6.0623509132229545,-5.200963924367279,-0.2942990294723948,-3.8238467468906654,-8.18186567793848,-8.252300424030306,-4.056764852343537,-8.702668868620222,-6.951470923218647,-21.900468304833588,-7.138223713292668,-2.9243363886911418,-4.876401950817563
-2.96417091820999,6.501609530417253,-8.012897819921431,-1.3552811788356962,-4.389261604159671,-7.924007698768609,-11.236548238411665,-7.512535969883924,-9.218338024015203,-6.9109510644940855,-20.86202282745056,-9.701741042467656,-2.640854546973646,-3.455148371361659
-1.7654425921182335,3.3193001590085824,-7.989821508218732,-1.7066794121649806,-4.147652804297032,-4.948650722793687,-10.892890905455609,-7.285326797770622,-5.566870421490236,-4.597507276153451,-18.3562248653665,-8.767268986385702,-0.6295684228963765,-0.4508802357783708
-0.3040733077730715,0.2306762947346906,-4.4273173909644825,-0.3619579499341014,-2.6498201587990167,-2.93798652488488,-7.892356251503735,-4.01295718759097,-0.0725488079907279,-1.4256976275303117,-14.84609967987658,-5.392762574216654,2.2411612855152327,2.602581732042317
1.3956337765833826,-3.7090124364897306,0.7874891011471234,1.9497837988992612,-0.6680266081939905,-1.2495910986848675,-4.302037913208068,-0.4972712834341521,3.1734692368115915,0.3740050665043313,-11.894345783020524,-2.2760508002705397,3.884815428647834,3.7745718795564183
2.341503469669511,-4.483127755885396,4.508070922585311,3.618567580305317,0.5262013806636077,-0.941935690448407,-1.8178193097148423,0.805639359136535,2.238314733993519,0.0379726954138419,-10.44092499018086,-1.4463792431347784,3.2071176866335023,2.365436819017404
2.4383709260131585,-1.196321461993618,4.73021185708852,3.661257046547156,0.3437717703376961,-2.769601217329257,-0.8343933979368074,-0.3148609320277771,-0.80825686127681,-0.857593124054155,-9.70622998630671,-2.6302845487949256,1.4129111572319175,-0.4213005717578753
4.126449282835191,1.2456879444605495,2.025752540258757,2.451362341166572,-0.5967236243742917,-3.1511608503163857,-0.8911813361678611,-2.10759679357556,-2.0170236897931773,0.0980869313920607,-7.941187637632325,-3.759931098552528,1.022287159371615,-2.4027598423619736
7.32298096702123,3.932748283134816,-1.1188216591896705,1.1185507536771837,-1.0631396168199387,-2.4159342100930576,-1.571366352192527,-2.752295106828555,0.5207107840501521,3.7421730646383295,-4.228603614573601,-3.047297461374974,3.52119702866068,-2.1055047877844544
8.741692335791663,4.505439564679242,-2.3422852030680303,0.3874500629321602,-0.3433990195476539,-2.094269011299021,-2.7256870810250438,-1.923750547053928,4.936879003928702,8.423954425161583,0.5568292489373761,-0.6060469400621287,7.918055173877533,0.2214679097393954
8.677799706430758,2.0064563916590683,-1.0539687428528737,0.0660238242923014,1.128039471943204,-1.5607854124894,-3.9831503486449833,-0.696015168359736,7.6686686127480925,11.43864593518181,4.576440745479822,1.8427451389882776,11.536759482746334,2.975596260839886
6.274025933612051,0.3038424483687253,1.5120974409233412,-0.3942358987848209,2.1974627415419192,-1.81176574010612,-4.4849389785699145,-0.2054769592998155,7.032056820161394,11.32905378281466,6.71671572038305,2.7286585907635725,12.208619328156146,4.448916842796848
0.6841214709666922,-1.362481323532725,3.557856464344205,-0.990648514737032,2.050553213803098,-3.0378556433234034,-3.473514115008058,-0.5602662578154209,4.589705903438244,8.867028433196943,7.430427371576705,2.07235600786904,9.834973086207128,3.925381654239814
-1.343629892709807,-1.3270785249372687,4.058966200625186,-0.9698872115588272,0.9283928425299875,-1.9956992623930945,-1.200465790975997,-0.9585985970622132,3.154727632724644,6.027553579822452,8.047693609669757,1.3021360723990227,6.115452629118593,1.9928131475964437
0.1756505993133849,1.189839344282584,3.209289109893554,0.3977453050869286,-0.1300153594152746,1.288891115083125,0.9700524305984716,-0.6367274939997358,3.825652111924669,4.242452577091783,9.464879093912003,1.7861558543871752,3.0192936251529616,0.0936508443845696
2.699938369179585,3.3783564226938645,1.960931650162415,2.873598139766308,-0.2425562927147169,4.290009683808729,1.6306583825217589,0.4413054085900043,5.2181582273587,3.634443683061292,11.58140548157072,3.565824087888608,1.4936230813793117,-0.3407868706745489
7.814509770704754,5.826566303080008,1.2957179750384569,5.178698716137184,0.5666036471060778,7.634694826688453,0.6470544075349665,1.7318531278852376,5.447669502194849,3.6137722906941008,13.852179033632387,5.423736709552493,1.2924885014444882,1.2052853257324756
8.121084440620919,6.377401023425846,1.7492746905900631,5.978993685027859,1.4916090184128663,8.43698849287821,-0.5967316055383733,2.713241761743774,4.437451218558827,3.805518310265441,16.09592991439588,6.092625303835042,1.6160200652141157,3.833184904815006
3.04794979962304,4.3912669204460375,3.2483626691597323,5.016864789683709,1.757539033896883,6.047156751188275,-0.3615111393244561,3.2232021386705867,3.963111075182127,4.23418176531267,18.569922472551752,5.414298302273899,1.7391958511290255,5.582482609776761
-2.4707851828793297,2.4669005907583,5.125122014620352,3.279424035796062,1.2963555547779038,4.974671023521875,1.8978837458670057,3.315904314119834,5.462515439758057,4.794958397030577,21.298008047197257,4.40529105259629,1.2263017215494116,4.659366879504624
-10.257348510599549,-0.0715005671580161,6.328225923473404,2.024023828002889,0.6615955846451342,4.5317863373612175,5.001182186500266,3.0212430365525407,8.088129880094122,4.872721159111329,23.54721902734136,4.210024766075399,-0.0901258164365614,0.7945569338922311
-13.229792376433885,-1.90851838073915,5.937011482055702,1.623318955289811,0.361591883244408,3.624011783763093,6.991654664063553,2.3756325699109624,9.185609737898382,3.6763813089892,24.191339318838224,4.891788501875901,-2.114424024706672,-4.379196207202945
-10.339557666952585,-2.5940513179884843,3.812906111956359,1.3713559407031966,0.3533529067309118,2.982526774810643,6.717700164588393,1.615206526678044,6.797604318086925,0.9506681297753516,22.700792555291702,5.155439988312345,-4.515462806577403,-8.396074278414225
-8.906383034991167,-3.751658210835298,0.8809649460398674,0.4081073986654218,0.192852634459598,0.3158916616612691,4.72034983925775,1.1624901574389668,1.6839874932352004,-2.695015420632416,19.774299769095343,3.3411039225257326,-6.916431273592252,-9.693320577216229
-7.181341140448279,-4.953549120414364,-1.3519854824957989,-1.226531543647873,-0.4078489444764415,-4.533637836873896,2.786455952794306,1.3213615216420322,-3.1638685944248195,-6.160458089776949,16.933239979924565,-1.0368057068454206,-9.146294979543896,-8.585320920747222
-6.218420949248948,-4.689959300134025,-1.8047778195511557,-2.521453666079143,-1.2673737950530324,-5.378178476321667,2.650203696290124,2.0065494447996173,-5.060124523971709,-8.555335347966995,15.39802413566958,-6.470600842850157,-11.259750857084107,-6.704174156170836
-7.135316414824502,-2.996589502957027,-0.5585452559126658,-2.4834978017007465,-1.9576874255507768,-2.2804230019668346,4.891705638444915,2.822170898206764,-3.8190201380749897,-9.63732394504877,15.233220447963191,-10.163749488765838,-13.235776322672203,-5.502284944343131
-5.286816225163824,-1.087398239267468,1.3170400474068238,-1.1567599934295316,-2.208984142716197,1.0117438012345303,8.732186183163236,3.3905659311433816,-1.6454521375859308,-9.74801922119767,15.45373283490715,-9.881843411674677,-14.662900509373998,-5.174273631881363
-1.0476808263727189,1.3358214717541423,2.67802799910627,0.3865095253340165,-1.9823088294953983,5.806692723058815,12.630123873692929,3.564554473217864,-0.9966165357583492,-9.440379871708398,14.888576024488408,-5.59243434143534,-14.82009590672893,-4.837615482621519
1.4193559141001983,2.574463176131353,3.118288324459108,1.0718076427576655,-1.1896124817642963,7.32947775151792,15.090075967450105,3.360917545012974,-2.4855398112223206,-9.114492150956249,13.001978558077116,0.3997112332836607,-13.192517849529432,-3.611297880247261
2.724740789576145,2.2813206466543914,2.988830534925881,0.8165741781440445,0.4408390416926373,4.779765644726679,15.20450184521285,2.81954306873142,-4.635002934227892,-8.833835389516556,10.076307311345722,4.987116903982482,-9.992671928186171,-1.515976909585616
4.182392252242902,2.762805813686924,2.756623630107569,0.5040298519484043,2.997551695023491,4.500784238451384,12.854556868848192,2.0245121391846084,-5.432421479710646,-8.34938143720588,6.820492410049516,6.323047809306006,-6.19987606840408,0.5595057585181795
5.0898458719150845,3.595156441387172,2.4671933261042938,1.0047634258493208,5.841490516488658,5.408683567963761,8.703794827693422,1.2091313410619993,-4.094580701187967,-7.310228450072491,3.875824489645314,4.867432585650745,-3.049977188401824,1.6651799177649362
5.336242186246516,2.872351610743852,1.8632747795274331,2.2556778336795027,7.616010367465967,5.46415464687542,4.005746892537905,0.6855544508385627,-1.5569531105846597,-5.589646752912389,1.550154501667488,2.691228810479835,-1.3841171900137788,1.5768713655016242
4.906475724961356,0.788036229733372,0.9293027185192262,3.294769877851765,7.102143411215423,5.583086452355932,0.136715222716222,0.5803405585367045,0.4445194967267785,-3.543217370380491,-0.2307432431673994,1.6873135391177003,-1.3338700893406674,0.8892553292809566
3.0558647336250413,-1.6854821061807754,0.1493231480925456,3.16791685797899,4.2941924290743145,3.5796540142143587,-2.054294450029111,0.6937686458797994,0.7017518436480228,-1.950137526541281,-1.8499213948701296,2.145277333572799,-2.4451311472514354,0.4005221210595837
-0.3642927470951181,-4.89226098216144,0.1121322205317671,1.7927518988893387,0.6531686718444092,-0.8711347047530194,-2.674166722058719,0.7289059610122264,-0.7386191993151154,-1.53578809531288,-3.748128640685242,2.7726900369226506,-3.9542350348555386,0.3757192696404816
-1.9215963235940765,-6.134495344169908,0.8641262521680497,-0.0249710627133994,-1.8737703757496973,-2.87031237947779,-2.599046677941354,0.6714657101222272,-2.7313669617939453,-2.31760356593954,-5.961412837667284,2.0316277141021164,-4.937530914911825,0.3483770549271447
-1.55730696825655,-5.048854609785903,1.736291153987374,-1.3597080775120958,-2.328521545683123,-2.670482255039545,-2.7587693039014214,0.8388055881436696,-3.7691652776808695,-3.3018778239055404,-7.764632508058328,-0.3880869122639012,-4.419128913625486,-0.3697350643533488
-2.092244375178648,-5.104245893671475,1.8847015214711835,-1.933046816454917,-1.4222706432887229,-2.549837837216381,-3.490067224409975,1.4480827101944227,-2.8798626931331865,-2.9584874933166283,-7.961967249424395,-3.1890620736947817,-1.7447249130610238,-1.934453194479696
-2.8265027685948523,-5.708966737672071,1.0293788880415171,-2.177018316374218,-0.7863798282259893,-1.5265808417808389,-4.515258115358845,2.1491414934769786,-0.2904470552386407,-0.3458014697236642,-5.934413966443788,-4.461498910248254,2.7641695425972017,-3.664961168400465
-3.431800733913989,-5.357673358237345,-0.3362109165435658,-2.6301928876197262,-1.4620622730270885,-1.9696498500831987,-5.4835929647579285,2.100656146427537,2.5536766479938686,3.879449545768976,-2.673566518749132,-3.21372398608351,7.43087979571559,-4.498367653291226
-4.264370493234336,-4.515082985798433,-1.4481867697901531,-3.3401125250688786,-3.0183961016168137,-4.214120725233256,-6.447333032436401,0.6264437253318427,3.80770662549517,7.464610708456618,-0.6570700772477043,-0.2227240557695911,9.80210810012097,-3.848076768868232
-3.427395474950166,-2.533642782022873,-1.9729531930256636,-3.878699908263723,-4.099128155837459,-5.883326017760091,-7.752654650050175,-2.156570228992198,2.4628349466256925,7.83429777806799,-2.2387247232767398,2.395684741810822,8.15942313310104,-2.1557260890384686
-0.8044485530233346,0.8380789893585281,-2.249373725826178,-3.911565862133166,-3.8308397667083223,-7.543618830948448,-9.489197467135051,-5.359775395598852,-0.936160896353094,3.884797931014665,-7.676017178377979,2.516462368268055,2.921535054306423,-0.6768480156605197
-0.1397772277842451,1.653962116470958,-2.90610694119745,-3.678270628920888,-2.690972489781931,-7.803735881470274,-11.137059453855532,-7.973959248606441,-4.722143154290954,-2.98967689254103,-14.554717431506312,-0.6833612945311849,-3.3391315911839534,-0.6449633599291893
-1.2362633085092138,-0.188359613017173,-4.256896976865047,-3.826406019323695,-1.9761594646243277,-6.191680960913036,-11.847489263602082,-9.514208234423323,-7.303690096410357,-9.481751354207535,-19.337887407696325,-6.175446988708117,-7.522434801109181,-2.412951529055644
-3.2942013126898755,-1.4755810454966662,-5.990960315140384,-4.718859381670512,-2.41612472935784,-4.476706241374972,-11.128644367925446,-10.087095161431112,-8.055935891395887,-12.270436617091846,-19.88512838042698,-11.518060569119031,-8.069494528599336,-5.161810643784609
-7.164640676654898,-3.031584647344255,-7.347212374119163,-5.91762300498274,-3.3536371026685394,-2.20720386184249,-9.292197351975766,-9.94116817515502,-7.262476111784004,-9.995676736965155,-16.859279148413446,-14.076719799750755,-5.806100333456126,-7.382130228455171
-7.630911388219085,-2.768742095305272,-7.59100554403469,-6.424564546971421,-3.3529354604912065,-1.158924617026966,-7.2516018273481,-9.0756684708543,-5.525396782542973,-4.0239390990234085,-12.917627195309883,-12.51623770357546,-2.953671164004202,-7.83259044463038
-4.407862282470995,-0.0446782594082113,-6.477893091447122,-5.523445294518574,-1.6493761537615477,-1.732062236720003,-5.8647192445158005,-7.347816261553444,-3.4788501561716068,2.453350940594749,-10.540319431609738,-7.774056871321822,-1.2917237241840986,-6.342848500276638
-0.8419884795921913,1.372839071065284,-4.453398968584335,-3.44775831528942,1.0192560578280698,-1.987785596264276,-5.382562342132921,-4.920783522781154,-1.9494467120801888,6.372725282590917,-10.401334101580137,-2.709317171336089,-1.0513352569020815,-3.8709884439851656
4.310237217718186,2.0105282634699915,-2.457579974390089,-1.228997807735993,3.051298758644481,-2.432513785168148,-5.4041462726390925,-2.481963350619882,-1.879980550728785,6.559549573728557,-11.437829722106011,-0.2986621918314327,-1.2375708520849322,-1.718572207767707
6.097079689752258,2.1289570161015567,-1.3815971037757038,0.1537295247845307,3.4645779323003367,-2.2358262544205347,-5.281072793190496,-0.8768468373880225,-3.5674006018530697,4.208418035622138,-12.138563396803852,-1.450710182704249,-0.7377280304316507,-0.4903452924710656
3.7917112482292503,1.0271541696386384,-1.475595180284369,0.546089823445346,2.75717282536041,-1.075184429062206,-4.592179692513255,-0.4302165457496585,-5.880185692624519,1.8247191445185464,-11.704090713851755,-4.206048660664653,0.8845732333119507,0.3145817539469213
2.7582092583550746,1.5435958160402248,-2.154660975587813,0.6183086119412025,2.3083666202402107,0.1441900810554838,-3.3497983186617475,-0.6224362981540956,-6.646584550397176,1.3895748396040055,-10.271080267812216,-5.270468508764942,3.350427546578679,1.6777692570971254
1.8012472040815113,3.668043233287625,-2.4433098964753164,1.1187459550887553,2.9291161734280244,1.7229090077322498,-1.8830101871758915,-0.5139897007228633,-4.397430305365042,3.0481553987238392,-8.47766571646542,-2.850370068515506,5.9852568386296205,3.9481281649365942
1.902536699609903,4.356818199454459,-1.7761934703242837,2.0765441296538363,3.982484171605417,2.5232006310154524,-0.5866756442029448,0.4026497773447097,-0.0150893277796413,5.232329705056888,-7.062805025947071,1.627692833469883,7.911007744976914,6.306784808902588
3.953845131400508,4.055407008086542,-0.4893932682942008,2.682045671975533,3.923615715028173,2.3601102187635323,0.2548941680769339,1.7074308485384186,3.518797009954333,6.031626234397645,-6.714265192419198,4.591696349298957,8.169165466194183,7.383211298663912
4.066005637026164,1.7337656456017128,0.4670230327576057,1.9864957531553,1.7677873220949571,1.3146991516278357,0.52856657217486,2.414708968088526,3.469529428887672,4.671944944018485,-7.837921970861224,3.4330645843187284,6.145547234035007,6.501242512400761
2.567920947293812,-3.314993655394311,0.3834454480984988,-0.1300811334976366,-1.8285116482184949,-1.015759261583216,0.3337836325384238,1.894279131869272,-0.1331714444844856,1.970112590293596,-10.07209428873389,-1.0452160656122764,2.2707371128866,4.4141554271229815
2.746417233020056,-4.166898398593017,-0.5374247892440103,-2.529886039161749,-4.8172387303466095,-1.8753524140263775,0.0443228021345376,0.5012273897617803,-4.164316319812375,-0.4288102465001948,-11.99236057608049,-5.064134467397871,-1.6487829237459657,2.8489849528862763
4.076590880947497,-0.7810926588616864,-1.2981198222790873,-3.377049297381909,-5.158265806638369,-1.1958495717670965,0.2478145144948165,-0.6864318753872389,-4.778737122719871,-1.2413804710321124,-11.651203865737898,-4.886019733670679,-3.1170056293283075,3.251264038823741
6.6293039658845725,4.059878089441352,-0.9139660250191,-1.4051885013136385,-2.2976170655112256,1.0487108571135046,1.3971236151685105,-0.7907712009284218,-0.5678018944706267,-0.2181372820543394,-7.922747346385616,0.1578764772914169,-0.4890211181058568,5.768556074465032
11.050338738804044,12.00419135408012,0.7871271933294466,2.994287974701816,2.3536193845666773,5.655072249596376,3.2979627157156117,0.1250136619440631,6.189162059754558,1.9908245829053044,-1.6635721209886078,7.160798481144177,5.699592787908763,9.21991454478127
12.146545183537,13.940637758147684,3.0244840883836304,7.751087825668346,6.257799341027479,6.7176215785488935,4.915222096082696,1.1544851044669997,11.241994186004964,4.375003723777432,4.4772126041687805,11.95941524248974,12.751022190891431,11.9634071911967
9.747443444481576,9.092117211397188,4.641787808993591,10.339304536600167,7.318762715256387,4.093321301018522,4.914815326490853,1.3552870982159444,11.603176469813556,6.017532506127077,7.761203151438949,12.237413855838394,17.35937504221731,12.96003325270523
7.09679552981587,4.468658328147885,4.895011630855585,9.447644267246044,5.132859648817224,-0.5910623655551027,2.7279229056666985,0.5129747737505124,7.648620072741805,6.342848222515354,7.347625604247579,8.917223822702754,17.65831340958332,12.310609145684625
3.00306118547413,-2.133415095054872,3.870472005418,5.846358863664355,1.1222065655364002,-8.870927589858894,-0.7340402917567612,-0.7917873074413873,2.5100314411525417,5.278444824131162,4.882675600425504,4.967486756118984,14.26264934633731,10.97002335109278
0.8411566220867711,-4.62837579643941,2.3182859039393726,1.7495392555293172,-2.488377527950778,-11.188351592865263,-3.507230647369795,-1.787578952618004,-0.5224489796366427,3.324445823932649,3.0859793763496306,2.891510824126284,9.549463730412755,9.885209664436998
1.1816891486458454,-1.7144232388801453,1.1151084648386504,-0.8344116042002803,-4.111922058819731,-6.985100197780128,-3.9899398388217335,-2.1643312845598786,-0.3494319897600508,1.352255988244222,3.489321138155544,3.017739880959539,5.79902159566066,9.183819408220312
-0.0208416958305932,-1.2659482079399251,0.736463211709701,-1.4300420132561076,-3.658933374216757,-2.6896692552997896,-2.1938643428697624,-2.16397358504765,1.6284030878136138,0.1120064653467292,5.310159795014901,3.776342599336422,3.6892585224674166,8.047192055825239
-1.9647614966191096,-1.743903665213582,1.0228216859350914,-1.0636639002013464,-2.2777618288586803,3.967245166185256,0.3172032126432746,-2.0851760675351816,3.160293387989178,-0.2244714528851679,6.455700472024132,3.409641881885591,2.2676075061534835,5.431136601782874
-3.656054237594244,-2.349279288954077,1.3278561422363468,-1.046613730112898,-1.2871055332561916,5.831841073323265,1.8124745060169485,-1.7733954034729784,3.09004517374857,-0.0846668656604832,5.676738749583756,1.5168056322732657,0.2381349196038824,1.0986070623961537
-5.644650382982504,-4.272800100760853,0.9604538337580566,-1.7699251240158098,-1.1905195145066791,1.6829980709914385,1.870030720828508,-0.7007188654822301,1.945591932852148,-0.056798963623982,3.799248787279802,-0.7878630020504636,-2.6752288229044794,-3.9121800278644248
-6.120983897370137,-3.664452798598488,-0.3104879371288547,-2.588671548748149,-1.51957611331245,0.3725262067979706,1.5958724924762104,1.362421371122314,0.9537776877123144,-0.4089783165440348,2.875821055864764,-2.020040196020205,-5.469001723290296,-7.837546587075282
-4.896504312689489,-0.5119527097328909,-2.004406637217751,-2.749027185086443,-1.51009235640951,0.2111726558027213,2.416991212824664,3.76989472314606,0.6817050903900643,-0.9934308166633704,4.151838098410687,-1.6293886773882478,-6.809439393094095,-9.330918758899877
-3.837760089300539,0.9243450155673956,-3.165517155648305,-2.29267611130554,-0.9156566041391438,0.7811426633277765,4.632375297096802,5.25625253361448,0.6415151212888759,-1.5351535334283284,6.890431831141878,-0.3467745079910127,-6.231426489607373,-8.268940389346032
-2.546628819758781,1.2389837611573975,-3.0114532340707614,-1.968623849240282,-0.2011907636667369,3.504840544427184,7.114058561274745,4.99531926298141,0.0814139651822571,-1.9207211625718208,9.17952065481074,0.5847046875245288,-4.503284843175517,-5.645717146591593
-1.980540253896524,0.8340186907547011,-1.5495578761083266,-2.276321661783648,0.0229991083141194,3.606862871777662,8.407674708165816,3.5033526132750827,-0.9970173248031582,-2.183065868323101,9.825063274341492,0.4865698907238069,-2.907721670490628,-2.801381428073693
-2.526314686355856,-1.1055459486643218,0.3620146404975646,-2.7187365993436075,-0.2718724282416149,1.2119187725766074,8.115499014998043,2.354435232572082,-1.685580231774146,-2.285585691594663,9.402651502441906,-0.32386442630628,-2.1524926821167334,-0.6892093244148514
-2.818364381324413,-1.6489128438771612,1.6270801260891934,-2.1570869220199533,-0.4066084742289804,0.471389591290748,7.189371605032918,2.737302950993331,-1.0382785067717482,-2.0535724613007296,9.498402178079948,-1.0025965587821268,-1.885004444525384,0.363305174724382
-3.1872145276208386,-0.8190094389401381,1.712859458947504,-0.0067877285781674,0.3488286423232736,0.6085146549832452,6.855214256977061,4.147056343144494,0.8948461062149597,-1.3981884685239052,11.019554097836354,-0.9865861721633968,-1.204090327061945,0.4768456225110888
-2.1308826626989648,-0.0634953426560833,0.9354622649296588,2.9178045317120915,1.9418877833782056,0.9792754417702022,7.259547905001771,4.622115905132016,2.875132586490758,-0.5802699798460078,13.271920576293256,-0.3924084343771501,0.3061391388362464,-0.0648633236603943
0.6822981895658359,1.2408322055646537,-0.0151385319215089,4.82969075140188,3.3671301855395703,2.24554644660541,7.219317744602389,2.5503315881142603,3.3481333887615983,-0.1479504090868619,14.583866673532368,0.2184790548883692,1.9487581866005388,-1.035763187297886
0.8386942673875352,1.1070482961171195,-0.805299155429279,4.362881606510813,3.402403659826565,1.8354053344159984,5.377125124322234,-1.5728554466358258,1.6552394399992996,-0.5089324684050087,13.725019608976918,0.320808550929879,2.307912255909304,-2.3960635632594496
-1.5203801784483066,-0.7213951424483385,-1.6711236466928527,1.6794702942512425,1.6285890261238434,-0.3549207218824623,1.6595226449674971,-5.22496033395382,-1.430704494051703,-1.5283357967237965,10.791932852530184,-0.3302351827133529,0.4245012103418704,-4.26589001436049
-5.27529693945402,-2.643599075047065,-2.89940525312924,-1.693738216551087,-1.1810527435421465,-1.6107813439740497,-2.404232592348282,-5.907886912553912,-4.275074048052743,-2.5870196578869726,6.968318843261918,-1.7561930187435326,-3.22543723030784,-6.673759024758091
-11.454021550881755,-5.170231263694469,-4.190404035442098,-4.09271637358549,-3.636691107583214,-2.403522060189533,-4.871671663042414,-3.343098852588588,-5.563721412057531,-3.1039711645920613,3.625240238746233,-3.811199196579033,-6.890511311356971,-9.221970346399315
-13.19375899916793,-6.111119234093723,-4.709165437336774,-4.88522006412274,-4.732303684687126,-2.240640393150573,-4.99955897444499,0.2748252234638482,-5.122801777945772,-3.046442938823355,1.5644497946852276,-6.057071290177872,-8.856349044544398,-11.03091126588643
-10.053574451437385,-5.094448083260037,-3.9009019201701705,-4.64008663176157,-4.416459755021301,-0.5829412179295526,-3.778611881252497,2.2392548628847138,-3.767848177340489,-2.933154524935232,0.7772493570595564,-7.69560577509599,-8.831571029358242,-11.17959855542068
-7.093344896407488,-4.065106580560969,-2.239976818541617,-4.342350705657104,-3.3699546941696834,0.2182533760734669,-2.9197191398601747,1.650606470427654,-2.447769820156919,-3.3177572944216163,0.6010586382463501,-7.907729771213016,-8.11463791061345,-9.382015405958892
-2.703068044818113,-2.419858447799824,-1.0161773573376935,-4.472755338974997,-2.354911606603702,0.3450200329074518,-3.2791548400704027,-0.0803686016067839,-1.5250844994846489,-4.237882019527792,0.0733131351518121,-6.505014619673645,-8.282447076851764,-6.318724710144852
-0.1802815606039013,-1.1638167931955106,-1.200977683685272,-4.696703492246081,-1.7445767886843608,0.3753349150759481,-4.183566701099588,-0.8914291920079043,-0.7910126684485039,-5.118008099339834,-1.5829495668720028,-4.268426470930891,-9.554778907603067,-3.271754571259545
-0.346372250884394,-0.585289545383047,-2.44143707126224,-4.251357391946521,-1.493368844834526,-0.1627621336283677,-4.20030182739141,-0.1201851851707029,-0.0161889187443824,-5.155558913239302,-4.449321147581546,-2.443277493593415,-10.40135282117988,-1.3040248301860506
1.7241318101949776,0.349856734798349,-3.21623648747365,-2.588907338696762,-1.359569045257195,-0.2858207753412124,-2.5424174496630245,1.0897315373047451,0.6671387915724738,-3.808083946149412,-7.689236664519822,-1.667039908095533,-8.85364596944712,-0.6074420450639124
5.218077355474335,1.329213475498985,-2.1101133887979997,0.1868035197356512,-1.1099029945406134,0.0088464901891887,0.1988748317314295,1.272973488618673,0.9629520782832292,-1.0470889485021893,-9.920070949835557,-1.3266451350382171,-4.375404696429088,-0.4948973257739997
6.785691922671081,2.354593688393511,0.9213456720686546,3.282340320597463,-0.6391079685169245,0.1840890771502307,2.5677956975781715,0.3187281301093554,0.8766949656030052,2.618145962858815,-10.08992334910812,-0.0971847146371009,1.4076712943427552,-0.0143441500713681
6.9633809926970445,3.525062793355046,4.433107086550697,5.549636075798799,-0.0521555656882108,0.4405291989553039,3.4299417414340887,-0.4456374153014231,0.8259627956012539,6.198946124907224,-8.277651293815474,2.71557742247192,5.787536553020015,1.2651527340420143
4.846772067669206,4.392999430863709,6.599480787955381,6.072354998286508,0.3480456786812169,0.7759387458205336,2.77495381444956,0.2384796269122642,1.223844777207006,8.431281943115815,-5.746099192328021,6.312148545435064,6.9359133882174495,2.861600405880158
-0.3290985018734266,4.954967697020332,6.564356797744528,4.757828508542229,0.2838153945420849,1.1538362577954513,1.5617541643909183,2.165503688614508,2.016075428847616,8.345239856244637,-4.086906864318582,8.948677643495383,5.141150135653827,3.713555480577672
-2.8308901111882965,4.396752874735208,4.939171817271857,2.5537327173883417,-0.1429068887002982,1.5174944650347026,0.8840130654913576,3.885645418411273,2.725709452898584,6.083873536283987,-4.036484131438359,9.454633275151846,2.440610530728195,3.0755765595438964
-2.733960195640481,2.5114808632541084,3.184699355795342,1.0052264051192603,-0.308098278851963,1.8488708976599388,1.183330909535946,4.235901562000441,2.9691002463002008,3.2764293015860044,-4.899322801924445,8.246594114022452,1.0850192851852487,1.3048480748787998
-1.2356210988092942,1.9093065656985164,2.514504755759196,1.3120752019115365,0.5766019965420188,2.4174610033679462,2.0470586931600216,3.4674085365657348,2.8603044017525248,2.248905497431413,-5.111637170198824,6.81300583579964,2.0312424524464694,-0.2209137164498775
3.0722707114662584,2.5121730033417307,3.164788409604599,3.517227723771411,2.767564792024812,3.223110627655169,2.621184944530338,2.7676578957254074,2.856001564085031,4.280743244787462,-3.555117943499133,6.186243894260291,4.445641337537183,-0.1981284872866142
5.400751766171227,3.247059718630897,4.41300521740085,6.461740579253666,5.540656857586836,3.333810910048055,2.2755083680957418,2.7993443151989146,3.225003442694025,8.251662651878906,-0.5382510893127073,5.978179900634665,6.419368455200993,1.3281629780476925
5.720403173059315,4.682247411718124,5.158678107603876,8.566416396915372,7.491203170812257,2.7283678423315822,1.066237731822353,2.957146127813304,3.721155415151113,11.0918598919768,2.440353496527427,4.997709401601776,6.360560993207475,2.751167033327687
4.708956736084037,3.3482603042751897,4.644070156657588,8.84074014319744,7.481770413827911,1.373173772786307,-0.2897600844582459,2.1922353586234857,3.7911776888883706,10.04026215888653,4.003570588409391,2.822287559967103,4.165745534452935,2.214184236892024
1.1397368001482755,-1.0927361776598288,2.951960451193176,7.389831552374919,5.533964978039245,-1.0089732355019574,-0.9048974448794088,0.4552869342328653,3.091455441495511,4.983472089535219,4.146696108744447,0.659774823933251,1.3834522904674724,-0.5464787325501117
-0.2699609421930303,-3.0868656222971715,1.0415275823124732,5.177409932295471,2.91524083828231,-1.9366061532899648,-0.3515938637218561,-0.9221585323626011,1.8273270540315787,-1.187342277127005,4.26326241138465,0.5006281855631993,0.1669459177934897,-3.5668853911812843
0.4547182517825249,-3.2030013217928355,0.2302402438302433,3.3786398769934047,1.2705143359685973,-1.3228110832234654,1.0070353445926523,-0.4375435747442724,0.6463299385878329,-4.684791542957207,5.833168381973282,3.267127232442348,1.6487876601113085,-4.085892526882827
1.922803481558501,-1.657458165869895,1.3098241929337329,2.789890070797333,1.4234466805144592,-0.4125297973140579,2.2449675008014816,1.9993553339207453,0.1993227889329629,-3.7343819006529015,8.876812920537748,7.688437686232895,4.908546675255062,-1.0111614196900467
5.2446637636241125,2.746680555428711,3.8354030880385,3.492255102417246,2.785564780476143,1.3995482846393952,2.520761773028801,4.769510536706878,0.6799367046582763,0.1112707725870598,11.559382233820076,10.972311904110706,7.411092988946697,3.759536363984703
5.863568333989232,3.103766794461699,6.196557666307056,4.751632476901971,3.8645987162164666,2.161838680222921,1.6803775242192174,5.8739867544311934,1.6244843754345526,3.282425023882392,11.399255357739506,10.710760757910531,6.730396410471137,6.549560872794936
3.552114676763426,-0.70126247633903,6.6071060058703495,5.229479464062635,3.478330776649159,1.673189253866487,0.3622062246286797,4.599580476346236,2.125758651762258,2.9505234621553784,7.200009090061872,6.457171437805222,2.3340795549935587,4.856814861109794
1.3750207059488522,-4.224023593933547,4.390778851336002,3.657866182649257,1.67700949706379,1.711959959576251,-0.4801501289142109,1.9708835000958724,1.415401854344087,-1.0116510205544822,0.2108425290781443,-0.1197790830141953,-3.9148580756726976,-0.3912544596050459
-1.710111501638803,-8.956275648565134,0.5721770567390152,-0.184089067480816,-0.3859260523050746,1.8264417487464315,-0.2721681482247379,-0.2827130833432796,-0.4987735463858147,-6.237980565177048,-6.412941994456572,-6.322918300580751,-8.924198608567682,-5.301919647944054
-1.6991703177666448,-8.864615220734736,-2.7587517043263,-4.888103017453686,-1.476209316489587,2.48687600335404,0.8128629736194636,-1.1207182207581543,-2.632171901075846,-9.75718094757628,-9.520647187986087,-9.787148588661813,-10.325657528284175,-5.974483893378856
2.0753939045493466,-2.936411436022221,-3.862209557368239,-7.966371871721764,-1.2485718166954525,3.974036449776007,2.091679952640112,-0.6851524997600479,-3.560164867753439,-9.913383052435856,-7.928954622157567,-9.369365896475616,-7.797919427266893,-1.5544359025808163
5.225151850601851,1.810093465610682,-2.461283708644405,-7.456965484880601,-0.3122626586918797,4.555276699242951,2.9794666802265377,0.2891973981602134,-2.433238552100457,-7.020175373839385,-3.0869190627135907,-5.460607929099888,-2.9314951270503857,5.169555663835569
8.755267185553501,6.8552072695592985,0.2465667883867883,-3.456055650189556,0.5515886222395825,4.32362216115098,3.4003867719985363,1.284892603495286,0.2806056945930439,-2.700464611823784,1.9821405314901128,0.1437316526255347,2.0295307368049254,10.103065064890163
8.870202348063899,7.5919505969829855,2.5465067014415794,1.7414401061782767,1.141231575827329,3.262083080125448,3.613106564231247,2.1814036223155586,2.981208194932784,1.2157748988706878,4.654209392769964,4.860385548056461,5.479708068213082,11.053691470898318
4.551274711477531,2.466700348005637,3.2784369907789275,5.140567031352065,1.7744584378464716,0.9484665045743956,3.6488100231245326,2.831904882543541,3.993107574417677,3.419783593208481,4.1451269227375125,6.45777971887506,6.904736336698273,9.028592919266451
1.336855081648342,-0.6859629139078698,2.265211261548011,5.013414617297833,2.5577952422668293,-0.2648540055448395,3.0023744639354915,2.7518269609787165,2.7064615642665752,3.326044310510474,1.452321793351043,4.270406009138953,6.489169199308111,6.645775825817976
-1.8032763843917128,-3.17094474251672,0.0340969975747111,1.7705101442375757,2.886808269252167,-0.3770261556195429,1.027792133937429,1.4237680606955054,-0.080497096440999,1.0576853029387618,-1.903763440752618,-0.3869816277122297,4.55203928219715,5.361816059380292
-3.003092320849744,-4.087944581925253,-2.670760318516595,-2.7906331317948574,1.851565495006444,-0.5170935007838195,-2.237811747709471,-1.069039466247898,-2.849311730403497,-2.588059012797248,-5.063721838904598,-5.106978524904892,1.4018602273369956,4.245682616814529
-1.1501306363709012,-1.9605462098606692,-5.136177613001376,-6.947970209251743,-0.7788141873195344,-0.1598103679711278,-5.655413409568096,-3.8232630373609178,-4.486890686645181,-6.336416497892177,-7.894189898498832,-8.017804659393938,-2.422319988598306,1.4070065710559687
-1.1197918950418455,-1.8867650622248624,-6.701593305697982,-9.885474776006236,-4.022155372450314,-1.125396162623593,-7.557965767916707,-5.668465481051642,-4.951071904389514,-8.952385709158452,-10.136231333306688,-8.853435525985502,-6.010769955063489,-3.487944934948208
-2.302964702981092,-3.356578093295928,-6.85914653556782,-11.44544095817058,-6.264115435416727,-3.618567179568414,-6.986194956970862,-6.041014205323452,-5.021236931961682,-9.859367704601857,-10.845847158496444,-8.625964338668915,-8.363108575725578,-8.257539681820916
-3.2191488472655,-3.2777386761365173,-5.556752477443469,-11.524491830866465,-6.5193032443333605,-4.304505205804665,-4.537188411085442,-5.362871284929548,-5.447951989870795,-9.350857558770636,-9.000975602452035,-8.357610913194893,-8.884625771055802,-9.874173440665729
-4.6860822905052775,-2.4043526315273214,-3.4364611912892205,-10.025286568634916,-5.220615033145752,-3.4435476469474624,-2.013807426322308,-4.577101871098886,-6.2639153620116765,-8.145333944483689,-4.7643251256260735,-8.17489628017674,-7.652438704466904,-7.202493688849199
-5.266411588026016,-0.7177032822929009,-1.6310091868737104,-7.387393238868661,-3.790666364886013,-2.2486902980064705,-1.101036090418053,-4.313599730854662,-6.80561133709025,-6.664113844609004,0.0486602546197296,-7.582088153048101,-5.276068340117238,-2.182689412613427
-4.834922676444293,2.245608820162358,-1.0948738592700002,-4.850358849212057,-3.3870969215394577,-0.0664829334554786,-2.1650610575686398,-4.47882822171411,-6.362656564104228,-4.744830119547736,3.1038784574010867,-6.435412855688155,-2.581531777903868,1.6669040468655931
-4.7913084269721375,2.810269301970085,-1.933817735304502,-3.795662126393127,-3.979047633996872,0.1439136713831101,-4.1526090935422415,-4.581681312268495,-4.860693316240647,-2.0929846851670497,3.412617876223008,-5.4080594770234764,-0.3959358845454819,2.0410502421600825
-4.842327569630825,0.832830073973603,-3.310736702584337,-4.5857580495942685,-4.567779513151533,-1.9019135425107851,-5.586603253084124,-4.356486768270353,-3.001396146299252,1.0125728779300536,2.11592558055907,-5.343407621921845,0.5844431228486684,-0.5407351817617503
-3.999587723744493,-0.3549111309588349,-4.071809453386255,-6.057456009875533,-4.267960833835337,-3.1957913936672155,-5.744828453008784,-4.0125307343895145,-1.7577942143334382,3.5743935128213997,1.3098808634797443,-6.1706806830081975,0.0281181286710152,-3.5374455414432857
-2.3812905632116275,-1.5022951793140589,-3.613664886596952,-6.340099194563136,-3.1739772349412974,-4.39097682475146,-5.062918112208471,-3.915125907863804,-1.6384821894461004,4.568385861902472,1.988724840693321,-6.633601866084007,-1.7268198460068014,-4.635917282099156
-1.0680071113117793,-1.2982331366327269,-2.2796110951928013,-4.383431048452946,-2.195101956500152,-4.609421486540901,-4.565725626047351,-4.125120276199696,-2.299318058857598,3.8612239664485424,3.1415773481211997,-5.309559526721348,-3.6265504856965824,-3.40317984287093
0.0525894363310446,0.8936086026384942,-0.9711436811158256,-0.8306299329515401,-2.0766752643194595,-3.301902737591071,-4.943150403847175,-4.325949676124827,-2.808818728352933,2.435832812518228,2.92109367141161,-2.0487088255072647,-4.366963874591464,-1.1432708600390389
0.3579226467028633,1.834951245130611,-0.3512197832202823,2.5378250897124257,-2.6159112084067173,-2.016489919999517,-6.061076133808964,-4.202537569174647,-2.389985250503818,1.6370000195045264,0.6967669401161016,1.5871601903828592,-3.167297175809993,0.527148067598973
-0.4608183881214575,1.8889953597230456,-0.3572896003823764,4.230541439531317,-2.8668960559433367,-0.3828389199600752,-7.201221198174937,-3.84413711672776,-1.0911886854410833,2.092746417289763,-2.117019780953016,3.4584875567536937,-0.2983223064869547,0.9410897800368012
-0.9229044822338788,1.667537746871711,-0.4222234397643438,4.050400391660617,-2.1295034158836543,0.235058214853683,-7.685015155329594,-3.7251871127573946,0.1649523789621927,3.275487313919437,-3.324074772406943,2.656270475910973,3.043432734276092,0.5349604105006955
-1.2216592501490808,0.5608686040458121,-0.1259071049127254,2.928855527830409,-0.7205581456061139,-0.501310417754641,-7.301198944430736,-4.244495687856261,0.2930289907188195,4.053663148103718,-2.028841796452078,0.3847345357783576,5.431712961594241,0.120800772277724
-1.2866425934235182,0.246280969875053,0.3797183032205575,1.9833175074380496,0.2725885546209987,-2.234211165894,-6.242998507103251,-5.233656947287529,-0.957757419241652,3.680525450973716,0.5597562529143199,-0.9335195269585128,6.015219920398304,0.1536909906379433
-0.8193750111722095,0.7371438088421153,0.5605242725348436,1.7471473889521123,0.0520275594744847,-5.485771517704901,-4.742934210089415,-5.908685536272726,-2.5553744966847485,2.345070341063922,2.375309642486063,0.3593676704072619,4.959957987677337,0.558925203001667
-0.342193663977268,1.04595016283327,0.072167038099097,2.081281107167597,-1.0430539062883115,-7.001519005162162,-2.840726047095798,-5.400171555322318,-2.822154305820213,0.9017168259775326,2.4815876964082197,3.7416768880521794,3.304797845580681,0.9762209448805556
0.2722513372020344,1.5215081254853853,-0.8643780685831914,2.5206857360050114,-1.7471917944419757,-6.659395531557168,-0.5382465570295145,-3.514173784407928,-0.8163853335917848,0.1386529642787095,1.7949247273926372,6.863687634409021,2.30788597964032,0.997390840804152
0.8534344933125313,1.3734337994989,-1.6275883066123051,2.5967089536869845,-0.9765833206631624,-5.820452220093667,1.8340290090260385,-1.0952704112548517,2.659925810533226,0.2444779309604889,1.8979731601424703,7.386642274175159,2.639251559504565,0.2801363669267116
1.323526735464688,0.4426953263166079,-1.7084996854176988,2.027432412541579,1.1855716632082447,-3.665542479168995,3.4930096298518016,0.4465562778174514,5.423254824081441,0.818820860856436,3.2593807720973498,4.807469948704145,3.9402378453790976,-1.2487326400572831
1.8691438203645123,0.6582555624216635,-1.0899171787778594,0.9242873191715626,3.534174425112022,-2.5164276048330296,3.618386267686885,0.2325974925485763,5.537450317030682,1.2625993710100392,4.719372918279656,0.825666090161171,5.121567483086598,-3.051224694156508
2.423091456728048,1.922120841761432,-0.1982178512403696,-0.0512338594662491,4.7701781114291295,-2.5213842266694737,2.0918504758784096,-1.2225218171972665,2.9222565604742443,1.1705163225356436,4.741973144587115,-1.9609672113940155,5.243984964868098,-3.9064611487236736
3.442584627196612,4.105344736713894,0.454699705888155,0.0806202244545144,4.575467919145617,-1.660614257090601,-0.0717934559289412,-2.232910414350513,-0.4674888790764671,0.5073448744839868,3.122748135428915,-1.9247843902335575,4.284263886126399,-2.553862864817514
4.985171541191466,7.672978338001156,0.6065739372038151,1.89629538720656,3.789444534974665,-0.4249037879314468,-1.1234635861772575,-1.2364664886946817,-2.1225542914618614,-0.4013334233384125,1.412490223062056,0.5984393352898851,3.1093092762378904,1.182865880780879
5.541568532743783,8.175906597978312,0.3366157740330942,4.879711106639848,3.56923492230488,0.8771574597302803,0.3113215623940062,1.884049659233828,-0.8908150455848904,-0.9725839838915428,1.623462833788763,3.802673650655408,2.672426249618,5.778451213467348
5.114509938991692,5.380701916355991,-0.0639174068366079,7.516808523062328,4.30756592387764,2.4941025625859146,4.189763740920487,5.658924179976884,2.285975661018694,-0.5651058970356911,4.45028667475459,5.816586250777855,3.1892788198524045,8.74214944964512
3.8253460641895214,2.174566247387441,-0.2998168776115681,8.302495744301508,5.256553143253488,3.1967603239893934,8.911870871039095,8.242562770876347,5.340717151838641,1.1931592691907342,8.637471454098431,5.879167175732468,4.058643448440356,8.39042315781803
1.2670649657191937,-2.506079759588212,-0.2469182598760437,6.865658060206455,5.161414382446691,2.891148656271474,12.263727566897716,8.86171324824736,6.779384100820267,4.05826877220898,11.977275363654314,4.528444544288868,4.526459291723,5.212090967993327
-0.5036636054627479,-5.260847805479204,-0.0378229749772369,4.193472150700897,3.340161162662755,1.9277953087450876,12.77777332386416,8.16159952627239,6.602446312749069,7.072978555730513,12.938312477934366,2.8990920328593357,4.35499807867269,1.537822801576891
-1.473082797583272,-5.546523024886595,-0.0053494157397446,1.738885126163379,0.2933524638912628,-0.0444598326062826,10.52985054666366,7.232311431592029,5.809097747622114,8.921923949423464,11.510378482801956,1.81953869305158,3.8323071382321423,-0.3120820009653391
-2.5742904273171967,-7.799101029154973,-0.4536021899779956,0.2463939146687459,-2.6399188117029926,-1.4252943033610217,6.875742821993093,6.424318364081934,5.194979975831069,8.622139915574358,8.752456903695373,1.374975991411871,3.2226721137472083,0.1912779062025942
-3.336828152452761,-11.259687331500968,-1.3542834641498889,-0.6285255197553474,-4.248687712075885,-2.156180350202473,3.462454992756607,5.200800724508597,4.685786090780319,6.125150165170206,5.741870379879909,1.1248655264541143,2.356011074640993,1.6185506639305265
-2.875595191738581,-11.694699571819356,-2.2068048167131,-1.6262847620881602,-4.223901393707618,-1.7688294540239804,1.3180393414282012,3.100317434956112,3.758339003184987,2.4173272503419967,2.983039788517913,0.6718183540287495,0.8446390035241578,2.069632583648023
-1.0924897108075085,-9.455899524042666,-2.265812744395535,-2.86946678107307,-3.1555856607106123,0.2514541594602228,0.5905519162352668,0.6797493887699292,2.369854875017684,-0.9473868406319998,0.6456983874970224,0.0856398323817302,-1.31859037783803,0.8704533419390379
1.4856702968673636,-4.818918759901586,-1.0577607355792074,-3.546834778004883,-1.8775940498673456,1.145226535761741,0.8875642652065099,-0.6544734896540472,1.3616173564990794,-2.57212157399375,-0.908990361493144,-0.1316393725051485,-3.4610600718132654,-1.0202047837658916
5.130729671211826,3.210676045082829,1.1986604123952669,-2.609351316838116,-0.8083434179091777,1.056159447553181,1.7443282689780606,0.1795890041833783,1.882556199269189,-1.7955242653370842,-1.0639746918397783,0.5281703100154675,-4.601272799151948,-2.061041991286027
6.021371319646228,6.6495209718759325,3.654172135859019,0.1684793619563238,0.1665992263105897,1.2251548955310794,2.821179966406448,2.9206728659406203,4.353456634365938,1.0816783421706058,0.5082923862925117,2.1315802414701674,-4.176249361346302,-1.487326889529533
3.775919684744856,5.149474001167159,5.367943573438779,3.739840396827748,1.2940789149116667,1.110883856125486,3.813175469790331,6.087056818979597,7.918317464774546,4.910695524953201,3.2537334623021064,4.2015248356662855,-2.474550694835069,0.2328540101706659
1.2892364588332372,4.525513194689435,5.878575899481755,6.368089437528974,2.5150226266724736,2.204144029213647,4.337128169697788,8.083283437973831,10.879663135623645,8.090949738129503,5.761452017563531,6.017246250169905,-0.4261712067673213,1.9983249102317844
-2.418662349621008,2.9821568492641,5.328225991662601,6.763930688871607,3.4129061988752216,4.704621730025041,4.020623573603265,8.238263295818738,11.773957129701795,9.207572974884432,6.506704709236288,7.028234913530194,1.0172830392063403,2.923289368758733
-4.605298157896653,1.8307161673884575,4.108371265348313,4.866125876184476,3.5430416896308903,5.192917026626111,2.7609553540131437,6.927119345881643,10.258597300611402,7.735878372999842,4.77806099657321,7.02916972500941,1.388554846533323,2.676749387079721
-4.752167595768339,1.798599800366892,2.4735408915673176,1.709107931106698,2.794994008288068,3.82457225591415,0.9123220333942874,4.897965317142326,7.195921130036538,4.396688736523306,1.100969310744917,6.0170711870958975,0.7757091010099526,1.323767758067905
-5.533541897252503,-0.7884182664428173,0.5466342398959547,-1.4056359814023012,1.4803037657532756,2.2192344630547214,-0.8202249100394137,2.611865804047799,3.952253810903871,0.7594043014131282,-3.1317562863310258,3.9777954639956334,-0.4407284903769402,-0.8274607965461129
-6.204136628111364,-5.608127239072183,-1.375062892274859,-3.720467019196071,0.1268370758072627,-0.3184339092174184,-1.7770712856153017,0.1894907316229594,1.4683361996888211,-1.809412257527705,-6.540747599245547,0.8994550628832507,-1.863262233124498,-3.156865005741941
-5.883109031500139,-6.802125106769222,-2.71366862860491,-5.240022493274069,-0.8218271587909849,-1.2167342183962726,-1.7741874084814122,-2.195819345359977,-0.2425735676630054,-3.098185621854665,-8.53803614635491,-2.955400559792749,-3.166127502830328,-4.781572268083117
-4.781643873230056,-4.5816549969949545,-2.991510517553866,-6.339269600533555,-1.2050365034688575,-0.1456843503455704,-1.242014520525216,-4.085900739026441,-1.8532893003686035,-4.048659631941288,-9.488294426081987,-6.801094724610337,-4.065435588765954,-5.062321337824182
-3.418853570004324,-1.1883247148922251,-2.3514043042893933,-7.198709527034966,-1.1707153890282471,0.0675139400894864,-0.9351556084107622,-4.998175083121894,-3.9593838367850815,-5.706865162635067,-10.193179639883246,-9.44673396341664,-4.35209228591775,-4.270702505855631
-1.6870498339937523,4.686137595971405,-1.5667433396599546,-7.539389176919348,-1.052708899888682,0.0100336141634598,-1.4010401638596006,-4.897439598984479,-6.409045351101806,-8.05428044434431,-11.154227350131444,-9.860676459363852,-4.038133807958392,-3.640694897661908
-0.8793820391483123,7.176093983864219,-1.367391716092824,-6.824411515095088,-1.1595418428979642,0.4363320683915149,-2.5921389351449067,-4.330189878703451,-8.299486749003018,-9.879992687774289,-12.237407901016482,-7.870515233019223,-3.457916997387361,-4.426850671925106
-1.2229855632301416,5.784920240241773,-1.691921438502619,-4.741855344824419,-1.566277533923191,0.9804343038062002,-3.899627327684869,-4.009572225192132,-8.696759802840266,-9.908269858752744,-12.98175091706892,-4.468911369826896,-3.124912309075336,-6.616263665990612
-0.1760764225650954,4.549234469989607,-1.6739335614327069,-1.5981157468036793,-2.0278826791829334,2.15414598272317,-4.561747411436954,-4.204861114106931,-7.492208899673386,-8.115825000512078,-13.14958693877152,-1.363458065461587,-3.348911238324224,-8.525260761009923
2.035353000874204,2.0147787847094243,-0.4771472532082803,1.6926466752308715,-2.0946689423236187,4.040233355294651,-4.135911031667407,-4.501728966844099,-5.614164577732235,-5.881182070007869,-12.86668425036556,0.0628782405635899,-3.890951488171856,-7.907243086145997
2.8743408855091586,0.6629445272901151,1.7975313798715802,4.070754306465117,-1.3909708905343825,4.438460268634693,-2.733544623452609,-4.168080648248775,-4.341853337917893,-4.725604851692149,-12.20403386343441,-0.3272374750789737,-4.005686356924284,-3.831061091370579
2.6539836719964622,1.03011076828816,4.03738146680783,4.948584138677154,0.105211603611333,3.296404570949768,-0.9377107797623808,-2.8183633500187164,-4.302545220167568,-4.861812322070853,-10.808643369208204,-1.3862845870183484,-2.967168267531955,2.2523739835434813
0.7188678810570369,1.4025003797917013,4.978891736905324,4.523531875298078,1.9695216652127705,2.6395418559682087,0.4769779422199485,-0.8137745822192359,-5.063659947616102,-5.039529298546828,-8.261631774032683,-1.6552130091820114,-0.7524369194223925,7.286890054027157
-3.542510713147786,2.5393448961443874,4.208714774106514,3.5443672965557647,3.513432061730907,2.0325822430241995,0.870933878661942,0.9345400369278942,-5.665842068987217,-3.901649822235104,-4.966389753241748,-0.5972814180520962,1.6848459961184106,8.724394266206335
-4.093658564007479,3.993270528070047,2.423676855051909,2.75657470988659,4.1611537436153245,2.2106776380700723,0.0200619125746279,1.6056776246623647,-5.517874914870676,-1.5022947607315629,-2.478818204731392,0.9728368378823048,2.9093810549728385,6.3066405754618176
-0.8315867720253268,5.694798718703391,0.8210992577862921,2.522922629466221,3.7992810861563497,3.567449506042253,-1.7241757366459116,1.059955379316872,-4.757869767357596,0.5869118906198958,-2.4883372796967773,1.6717248886650733,2.0409570080889585,2.1081738921239386
3.753752064661663,7.170478628957295,0.2562894592236251,2.879517747008112,2.8590145952049184,4.543637281887696,-3.4994877505470408,-0.0576638947621481,-3.814515807758484,0.7663643003548224,-5.104081627658159,0.8470178876295698,-0.434976269646129,-1.100346701961251
11.131329815317924,8.241282394665049,0.8535180680018915,3.7904756619173536,2.0455425068290056,5.389599078130976,-4.284980953419122,-0.7654532194771217,-2.786676289693649,-0.935797571324845,-8.182092629279703,-0.78801330790247,-2.824522491382945,-1.7523687125015972
13.023298671153125,7.906332596765618,2.187325791173275,5.174481483583567,1.8820185735211796,5.97274052764776,-3.430227602822314,-0.4121210778335107,-1.4069123972132789,-2.6782190538137813,-8.731979909094912,-1.7465875704644462,-3.389713451746664,-0.1680633461553642
8.721130114235937,5.824391490339899,3.6585435964963033,6.64375948712725,2.4012707642842805,6.002567905813427,-1.0663473992711203,0.901455650321458,0.3934330346291885,-2.326705215741841,-5.412114416332734,-1.021456527083907,-1.6799705064297696,2.252214796661092
3.72554211231096,3.635297330022236,4.723446952303109,7.376871494539614,3.2067525312730405,5.477095352362704,1.8983816434340015,2.411680285333665,2.0592423993350684,0.6931568675352549,0.1757549845884902,1.1104426449692877,1.0716529933065526,4.297269319292125
-4.0576778460124245,1.024004902498696,4.9786047624190015,6.516115415552536,3.8083751400202615,4.2047328686219485,4.254465579751308,3.200232800416697,2.7401354685668697,4.860285240102219,4.726817189970964,3.3412872266520908,2.8876300896436,5.470811753511221
-7.466047306721876,-1.4303072379117017,4.255541211620855,3.887858553181343,3.9019151599082815,2.903755875696905,5.172344802620823,2.7762331061671746,2.0923456542849834,7.747602272331052,5.940085342441199,4.303838262441061,2.5833413644493453,5.567100949661448
-5.445065658643976,-3.403040309922421,2.7195523162832105,0.3511696767575241,3.3665593319417795,1.524907194895402,4.661851216252275,1.3834022721544947,0.6577201599658062,7.8362499186497505,4.199477501822557,3.437010679171684,0.6158316125688925,4.151044629668203
-4.747014317912737,-6.11404030415565,0.8118768180673754,-2.686093581740238,2.1037248199908207,0.67426683965501,3.5143354523691546,-0.1262665768968887,-0.6672782742321135,5.44576473312188,1.764662678137448,1.204676239984,-1.4495313199494873,0.7939027294285799
-3.5510704799664983,-9.355634555491354,-0.9941726054925936,-4.252187364580731,0.0436432584206434,0.5789587415545305,2.7741832985729595,-0.7806180560351921,-1.5477622315021329,2.187151260035284,0.4471926704656184,-1.288877563113635,-2.322365987875945,-4.092897787912087
-2.2937495778168704,-9.622138436216128,-2.3979008609650423,-4.431425481212555,-2.564920084465141,0.5697175967264496,3.0965487974075665,-0.085905364823843,-2.514167156801743,-0.385158049030883,0.1161109322536972,-2.923645012939489,-1.9698649238221733,-8.847406800337042
-1.8286050754003376,-6.761786476309173,-3.219909717156365,-4.066218736041498,-4.893372423101521,0.8750735057203505,4.402486853343426,1.6043302174609329,-4.287292221675118,-1.7432190563916434,-0.637026153459809,-3.0951817966533595,-1.3959087447423375,-11.308261703954084
0.7246966134903842,-3.437795992072351,-3.2144897647652364,-3.8596772175921967,-5.760772964289549,0.9724336655207736,6.00519586105932,3.2322016957123765,-6.822057328358128,-2.3378440083789576,-2.588322200481299,-1.9454793008244469,-1.558388192731595,-10.29262976003414
5.137035490519113,1.1559838360395702,-2.1166658829910587,-3.7605269711319735,-4.417708585008195,0.760906307451967,7.041194566521485,3.701610994422959,-9.09531159707448,-2.833068036291352,-4.8017280837014304,-0.1870975057364763,-2.4948646913240022,-6.530727288168547
5.547296468491503,1.3908910328555997,-0.067069093952953,-3.2244616304529856,-1.336070301960072,0.0243252577514619,6.8756839598920845,2.6751462751454067,-9.89412335782682,-3.4179170255155427,-5.457679585774457,1.4036653979864937,-3.398142887234619,-2.1814863919188925
1.9908597497369669,-3.5933448074089283,1.9901577396976389,-2.0825404813637056,1.7514936003374153,-1.4532996059313776,5.276375113033593,0.8830100613960117,-8.82692645949587,-3.735712549122246,-3.675303269758692,2.469354102674953,-3.431952343328005,0.6911227725711355
-2.153128889672418,-7.706337099703306,2.553397395708395,-1.133520949040296,2.814235493427254,-3.616632715280776,2.3994856981426405,-0.417906159945586,-6.587272277456644,-3.340346207689487,-0.4703216162692438,3.0968602558311344,-2.46169043433555,1.40704458217039
-8.172632729168505,-12.354915770271688,0.5607597561592943,-1.7726026558872643,0.895927248176045,-6.648491124587198,-1.2574345538054563,-0.5192845971626849,-4.305338491906056,-2.178991904282162,2.063132671187468,3.322516864414204,-1.104832370151168,0.7262413462019945
-9.984279093980184,-12.58219583132018,-3.586403245272092,-4.81187315089352,-3.121811145040557,-7.787613999834837,-4.896357288998121,0.0060872910215037,-2.719371093584738,-0.6935130027113421,2.50317758982056,2.6355739365488726,-0.1988776417870901,-0.2048666745432611
-6.74619185352512,-7.010104402798071,-7.966212097856487,-9.422122433244,-6.97918331572889,-6.848448166683834,-7.568091280311425,-0.3451146582576783,-1.936566336477231,0.4710727503228629,1.1334682151543585,0.1597080884487676,-0.2232154777207555,-0.978000090740728
-4.905832253349399,-2.103586669505761,-10.316759247533836,-13.167324517077695,-8.41766213751599,-4.748235482997327,-8.511261951592706,-2.7047801168611607,-1.7907147196776467,0.8548853482313645,-0.5684192993942006,-4.4061131713092365,-1.08626172413537,-2.130375133140764
-2.9981254654375658,3.5847303416760443,-9.605426116624482,-13.340876520831957,-6.512390845965721,-0.7087877461616652,-7.5431244892800065,-6.620186640231558,-2.175051228139745,0.3778722443081621,-1.312384890621976,-9.895350480419228,-2.292754832966952,-4.326101239890402
-1.4374892537307566,6.375897823524795,-6.698046748552288,-8.797776048522698,-2.104651696829576,1.062531561696799,-5.215707337899143,-10.05396863484371,-2.925348495399134,-0.7196781306479977,-0.8739008430738737,-13.867965372340414,-3.2729203757795813,-7.322028536418488
-1.2023042601665752,4.965172892844733,-3.5734823998560965,-0.9873708505964576,2.8075362393773022,0.3275118259856592,-2.5634094341406515,-10.773019346908374,-3.529151901447945,-2.0534445578667944,0.2346182642305727,-14.081920606440164,-3.67584306593072,-9.722194994766316
1.5438787858728,4.469455694584334,-1.7853105598624617,6.664580790512519,6.1897603855715655,-0.3253167305603036,-0.5714129353320012,-8.074888625722064,-3.223103857122866,-3.2303006192420414,1.7570678847476349,-10.183419794756515,-3.514234087153875,-9.84452307418604
6.589000395557578,3.705066453395133,-1.479687882322939,10.746658870980443,6.910803410341797,-1.91073152456278,0.2883486797844916,-3.4044157142208,-1.5476712899357694,-3.8988796083004296,4.229222048956904,-4.143741220181256,-3.0794888300807486,-7.033293591598009
7.456913513690606,2.089985876028505,-1.688228397536301,9.930769388997245,5.102322650439544,-3.185813205994851,0.1628200969498263,0.7034711405046927,1.2184380220710955,-3.786672629409006,8.481160174964527,1.0636765320298158,-2.62864667415183,-2.2970369812136595
4.392095855486231,0.2656911624560083,-1.4358874123519914,5.683278366984743,1.9129633057343267,-3.885652801133625,-0.458258851849825,2.483835557168309,4.276666476830162,-2.7945090526404908,14.579193052058516,3.5110508134133056,-2.05549786677548,2.3275476464597915
0.3835360254354652,-2.0171932365291174,-0.5693162445597442,1.0997609651962026,-1.1594457200235213,-5.6027429022606485,-1.1672407342005813,2.035338949840064,6.978089543972929,-1.1171166040604836,21.21468558215552,3.3981606946801355,-0.8978186014388904,5.190700083805826
-5.949509992156639,-4.6363231438159485,0.3549742590957634,-1.281152376148598,-3.0589553552969204,-8.047663162535848,-1.906014180162129,0.7955156802350527,9.203743680002097,0.7457432153297299,26.15292688844997,2.369437523625511,1.1817109090517812,6.042375146369602
-6.903302128213902,-4.312125920231842,0.8106364949671179,-1.0480528963988107,-3.684666257911088,-9.162338139687764,-2.905552491604172,0.0268437538430514,11.05731984664904,2.198473531230352,27.465622556713384,1.8596873872358848,3.802038479130615,5.832163149027506
-1.6220057818329257,-0.6777539037997142,0.8351040475941593,0.2754575920591321,-3.767901990826216,-9.004744374464565,-4.367601566051464,-0.2152524366626641,12.31037789952952,2.904288396294364,24.66588193548391,2.020623722260752,5.7989097909195175,5.5919824021401245
1.9854975993477328,1.7366296901457436,0.8831802475068501,0.8814681613617781,-4.136936822350139,-8.469177402957445,-6.155452103757293,-0.7502954143173723,12.353489068875447,3.003580518393468,18.966547622061867,2.045262627200364,5.969780415903067,5.500262717521573
5.692444298626219,3.6002738648672885,1.2795407454834449,0.2696460928363635,-4.929394277936557,-7.089666245478353,-7.7599074231029,-2.0948653555611467,10.786900713821874,2.9352267317935343,12.527934412016627,1.3099331643408312,4.1165972324849776,4.980655934952258
6.93693250811874,4.2931234838388725,1.897752573924361,-0.6066325501265373,-5.479010573830293,-6.235156403532448,-8.586293786850302,-3.742868805521238,7.973561233410432,2.936225272962084,7.244927788204055,0.1115934591742733,1.4349553269273367,3.6525126443249256
4.28566214836679,2.8781477861923745,2.3511055428072405,-0.6247125510448741,-5.055051432694106,-6.034524234259489,-8.32910071967293,-4.621534602209362,4.876663148195359,2.685548286418088,3.893851362721758,-0.5991614855856748,-0.2358628428457726,2.126613803564286
3.909440595831395,2.19115632915807,2.4135294924859645,0.1814531168314732,-3.772526079986834,-5.845986083298938,-7.1251947223622665,-4.152464559549122,2.338556070534497,1.560280028669184,2.1663268985489674,-0.0225690273679948,0.2465685867540208,1.794270360718854
4.9883323300177445,1.8463377284466416,2.2133336639199195,0.6456598658484585,-2.691520233649593,-6.039861450622164,-5.394656286424475,-2.738171435166365,0.6250016271426877,-0.5665539826846961,1.4487976132207758,1.9914714081098477,2.5545246071961456,3.723451527401081
6.257367419173082,1.0636925910984305,2.0677168891598026,-0.1706621687788563,-2.8410970229608825,-5.557298198627853,-3.5738227168267347,-1.18007009135649,-0.2774520942708047,-2.7035171829509004,1.633397891951395,5.057909478397335,5.369075149589354,7.65171076893583
8.785136750610475,0.2959022063806517,2.2085537698014703,-1.715241115221947,-4.037277338540546,-4.326269433711639,-2.0022221781412304,0.2718806320015536,-0.0761548535362328,-3.066706651690124,3.2253093456349173,8.611291453222378,7.638114898240387,12.039645755914163
11.638775038462638,1.1462929258295675,2.6708745666747298,-2.183307533181994,-4.7549216978376,-1.8439651881697976,-0.9746449431868596,2.1335037423409027,1.8192717543137091,-0.3684819482598024,6.624302393595251,12.059902953278623,9.41422468133345,15.216079081535224
14.938874688448196,3.8013557452519455,3.352618646383214,-0.1827141189439811,-3.4174380747128152,2.2626714165172155,-0.7208462418753243,4.876984340933889,5.491208757211998,4.890583524705293,11.23586272443186,14.744917997063007,11.495924357260703,16.62163698266494
16.20402098994764,5.200140220484166,4.080843761102183,3.721625955692717,-0.0448122705343629,4.289541336365097,-1.1654279398443297,7.964433747155018,9.746111167667529,10.321843160073849,15.31103516363882,16.006279911574044,14.2595435425445,17.000399208848368
15.034843002620306,5.604874052573056,4.620539208221837,7.126933479305645,3.345978003092327,4.212612615004627,-1.687968723715712,9.842024762426195,12.408582518104073,13.068383481270534,16.84083554518908,15.456264667057912,16.84917654885811,17.332245339410015
11.173000069661333,3.472825275311736,4.724745163874395,7.620636816222037,4.196935074878173,3.169350494951774,-1.2972331573071054,9.086729382316612,11.734983549149486,11.773757510396996,14.900004305918443,13.20558594365957,17.565623419027396,17.536878253571498
3.673052595689192,-2.055983368670024,4.280902589214916,4.789062079681111,1.6135203531705258,0.2404185204237132,0.6795308083788534,5.718910212584529,7.831826447458711,7.55363200967192,10.379766649609705,9.775277176467362,15.191517417193676,16.297218744789717
-0.647528881804271,-3.9299990983944113,3.417075868701577,0.6703084743275984,-2.6197304476114947,0.3657957649169034,3.884531711441048,1.44640350748756,2.7899302201867773,3.153687908863293,5.492834284728154,5.7688040652475445,10.134579498720685,12.322195928730345
-1.717123849143507,-2.334905536422957,2.3994517388356016,-1.7692327229663811,-5.229537041803979,3.847855051822215,6.922738911508248,-1.4644023717422057,-0.7171945239784869,0.9326712064003222,2.396177660476706,1.6308740934073374,4.395017894563669,5.902587648477588
-1.641982870802293,0.0501219715173619,1.3840667831247782,-0.8993673262340092,-3.951245690404288,7.313854642418661,8.290956510223587,-1.7761331430805198,-1.3093885219361183,1.263150969279777,1.9329142552561256,-2.3139821645244885,0.3151146541627816,-0.806830355040599
1.2723573786245206,4.783472175773329,0.3079837730621064,2.397624603685545,0.7540047583312623,11.933624048068111,7.596761120047601,-0.027366857939592,0.2256158764284876,2.572009686749265,3.340756642253988,-5.676498647662863,-0.95899341218287,-5.199583345524768
1.7180035830943536,6.006655308671003,-0.9020010607678406,5.546225409970022,6.198877700549307,13.636265305411062,5.998628361110789,2.093940930044716,1.7205870095273654,2.8713728093845927,5.020451508648558,-7.936777896135741,-0.1459562896473727,-6.121675690357601
-0.4729899224379982,3.2447678705558864,-2.0041408131797755,6.354868747569661,9.698135876139345,11.737008224827582,5.333388701733211,3.1168251824039683,1.4101084426310737,1.4322257933389428,5.73392547937846,-8.605308138077211,0.8632481589686716,-4.593344716844696
-2.3411772054529525,1.9559152526304864,-2.421494513345718,4.61614094727923,10.568445330752958,10.755160821605743,6.527862039248991,2.7345519995699945,-0.7165768520240348,-0.7636938602376944,5.385969151860733,-7.509504719085382,0.5091687891948755,-2.816593863431641
-5.089891343316877,0.8580555515225499,-1.7037318287394596,1.9640964733831128,10.237494927303777,9.676322100552053,8.630906113815445,1.6781137973651874,-3.018078358660734,-2.0374147041094286,4.883188077344725,-5.040317379899523,-1.2971529499803074,-2.4891357063196446
-6.547654378835423,0.4745380877235288,-0.1287052752064896,0.2557624990727256,10.542723166070529,8.277542394642767,9.411410640784547,0.8431544522548213,-3.6023359475998875,-1.4978905817482349,5.19313225043392,-2.224588971405871,-3.28205522783394,-3.8711872119420256
-6.354157552435918,1.6384792273226678,1.1674393036867592,-0.0040453094569561,11.876953861295082,7.194557258495595,7.174843615854103,0.5472074457271305,-1.8641787819723588,0.2794946597134515,6.287917834132718,-0.4845591286352091,-4.0292975028165205,-6.108946185068353
-7.643122079181317,0.567271361187591,0.8361657721301783,0.1773280063463665,12.84071830639569,3.798602145256772,2.3384004936735168,0.506622996891668,1.0447131627622896,1.8335298627961745,6.81864222777787,-1.001573020107157,-3.249978284004954,-8.158484973605436
-9.977353189205548,-2.5653325455124207,-1.6312212964202268,-0.4888669223673044,11.594884103736586,-1.9275770523368323,-2.6122338930988613,0.3799779573302981,3.111352067755877,2.0161892554009526,4.924121612731695,-3.879801638336807,-2.0045468189380173,-9.425973567628418
-11.695838464842712,-4.976791929970622,-5.284395308126596,-2.270216061774218,7.584005748377641,-4.246139913402656,-4.861654123706927,0.2390729257509611,2.9407953382334044,0.7796303610881985,-0.2899248984982789,-7.696412427212834,-1.709161619359042,-9.863333880007993
-13.241433205192669,-7.305187293589716,-8.162227195072916,-4.306313493377232,2.0891494979504843,-3.285066061471908,-3.335305394384325,0.4858767738697014,0.6695595235919165,-0.951444386650596,-7.738689008045252,-10.04956804374836,-2.839277945877366,-9.804061946497493
-13.035791141441669,-8.790512355509875,-8.632719932626522,-5.6606375534777325,-2.765730286017757,-1.5367850021790426,0.575106918087347,1.3184750019977696,-2.2791407320730546,-2.0224069875350024,-14.75716205262898,-9.063577817115249,-4.493059644445751,-9.751521720965023
-10.68260967217567,-8.929306485966414,-6.641490785634892,-6.307704543612448,-5.557536258257578,2.279184263062905,4.184670124646834,2.3070669511606776,-4.25775073949673,-1.7606568911374851,-18.778332418862096,-4.868642063496533,-5.16717412011306,-10.053647412115703
-8.905119593713103,-8.749225463788598,-3.809831844875489,-6.9832197809271,-6.318796926279719,3.023822585180339,5.552534016001326,2.574431816693824,-4.420908751204501,-0.2563165498111428,-19.045106144128034,0.229460833897964,-4.002523123243996,-10.500240506354096
-7.334876307002748,-7.884898292516849,-2.181928682688917,-8.10596100285451,-6.02710487309312,0.1928632545174297,4.692253701679958,1.527985324095779,-3.075614389307993,1.78255296309051,-17.000917350826168,3.2863600391716514,-1.3985821507304903,-10.2326588823797
-5.006468965520552,-7.03478397200573,-2.5820955819897287,-9.012496198481694,-5.513632769484435,-1.7055110792094692,3.084378596801079,-0.4759050687105717,-1.3121825857983669,3.416534861793745,-15.082593879342172,2.879688044650166,1.4470719315684253,-8.308368516854781
-2.356667732189475,-6.327732957567734,-3.9689801259946735,-8.428642201716032,-4.863888378693669,-3.8786689676745576,2.1283259131502072,-2.2120621657464223,-0.3033595386724628,3.9432305575650433,-14.953136540580942,0.1240784310566689,3.5310573132136214,-4.613331659604951
0.9085677896006794,-4.306633273061155,-4.365310937449538,-5.780240424898354,-3.747302585935155,-4.01785228654715,2.006553074903467,-2.480471442315924,-0.6782980041475501,3.286812165233748,-16.551768986115572,-2.313936821100147,4.645086714512023,-0.2447675667382247
4.858372715015144,-1.074264975445325,-2.5420621657206706,-1.999003311665906,-2.151033750676556,-1.3316089041245347,1.9148929091656597,-1.0810046694802162,-2.1821156802559907,2.096312735058554,-18.47238797902767,-2.2779814221916546,5.168106107012344,3.202767289032764
7.459420814305221,2.8066033275056474,1.047252756732119,1.1005661496765915,-0.6477735030463752,0.4423822692681677,1.2995756578385105,1.0698671035763727,-3.697450716526352,1.4173412048756786,-19.041305830264715,0.5818599577429553,5.45548393432418,4.962008750761306
8.604304923956636,7.622562010843098,4.853058619499026,2.400528688640043,0.1062516667821418,1.96339879912234,0.8337054274628581,2.883703946303588,-3.686617264837183,2.0802429888582887,-17.153135368892542,5.2237966730984535,5.547663021006489,5.801542293049393
7.461536517160264,8.513296366865701,7.650211068341241,2.534397052694273,0.0687849626376344,2.2182988791418783,2.122486754193962,4.22540613687627,-1.0167166746664194,4.190089069828991,-12.547577799613409,10.505307164862876,5.451911739792188,7.324586612150353
3.3166248833382985,4.979261936709999,9.368968301157588,3.315616389067466,-0.1379035223103195,0.4659139914157977,6.26943224357315,6.025709898754242,4.156836925420435,7.043992663116077,-5.875269813597507,15.756785025169542,5.512819928092091,10.348575386748188
1.4013204469082248,3.394508266310857,10.615340241844205,5.914669024741306,0.0007162223890012,0.651184044242213,12.478671836852318,9.112689754146263,10.04306058491818,9.466357300216602,1.1754041202566674,20.131358647536373,6.185027440263723,13.772381167802909
1.6082684010049126,2.77893966039313,11.54593153992072,9.400695857223164,0.0796552411773059,2.5033567375586285,17.959707418260948,12.846376514109174,13.873562657481804,10.274322442634318,6.007405351259584,21.88955489745908,7.169610601716951,14.994959950783258
0.1228222130609008,2.5540250308085657,11.387201579077937,11.092315038492456,-1.085178554241501,2.9051500959961585,19.443320810508773,15.013913792057387,13.390688843698044,8.617894452956762,6.0058917437662895,19.02834867952246,6.790095381133134,11.662530956496663
-2.0730222182606983,3.86767693516072,9.149484127231442,8.635895921860858,-4.256915834138516,2.454669310195878,15.337687205302949,13.333753879522892,8.253271712101213,4.186955482939634,0.0355046418083555,11.081229192029651,2.6457432406554995,3.438217878144292
-9.30508818147102,-0.2646243140229198,4.795746615766649,2.1405711442253894,-8.59036159874396,-0.5262765388498842,6.95354692964891,7.34986079748584,0.3172913377476196,-2.5902095373653617,-10.4839469874817,0.2591527801515243,-6.46194669318214,-7.502466501745774
-22.534419259986763,-10.114611998128549,-0.3661591271802763,-5.495369849622984,-11.74879699459534,-6.756893184841978,-2.1690746486397154,-0.9662789563189582,-7.498674460444487,-10.394007429743745,-21.9918531799883,-9.606340391393603,-18.784368647441216,-17.577267370855907
-27.046765385400008,-13.152959686699353,-4.528665162762192,-10.47345889985104,-11.499483207471023,-8.676931120351412,-8.407753969221378,-8.468114443595184,-12.955763116200927,-17.200776260734838,-30.68557189219636,-15.706984442772942,-29.89902598923064,-23.74846319981697
-23.04492178431504,-10.152981770550314,-6.703855811952764,-10.723560945393672,-7.504552989642223,-6.362004147730496,-10.157943972175437,-12.887583483293074,-15.557247078567867,-21.061834060808927,-34.62941581435368,-18.12656912720997,-35.40576246627941,-25.11057257825213
-16.82993625014165,-3.425765675870242,-7.299466981875897,-7.168061014129161,-1.6973938869370468,-3.4549673760611674,-8.460879850071501,-14.041635536693924,-16.258755315703773,-21.242271214126088,-34.546406994352495,-19.185128996739788,-34.22112255288777,-23.222207246633936
-5.07944241548985,9.854684460651756,-7.457859822695545,-2.708282236707308,3.148150129400806,1.715436106836382,-5.915956029755435,-13.415992979377734,-16.30972901022883,-18.92770394873114,-32.8108913242116,-20.954064608796003,-29.690485084591483,-21.03321901949796
-1.765728939592238,14.323335793246311,-7.843013844974819,0.060924029655478,5.412212237320556,2.8762473379733877,-4.884479646481846,-12.74872829650718,-16.336221325918224,-16.714745814785314,-31.5648484029534,-23.381063328705245,-27.24282970335385,-21.02881637158072
-8.210385188154415,9.326024607314409,-8.061510919832966,0.4757247715634252,5.47889077529835,-0.6912025187274132,-6.293909386881289,-12.884351523492676,-16.3325306855276,-16.931541973190413,-31.414434689041528,-24.726824638952102,-30.20727626083585,-23.68744846882887
-11.91566908640547,5.551923842153383,-7.262317672190445,-0.3590380605650054,4.865104582009609,-2.581763518365075,-9.609681136522966,-13.651223100514882,-16.240227816281873,-19.917021934875528,-31.480480042945928,-23.63707316797138,-37.135970161544165,-27.255304530915268
-16.118602912453895,-0.4553183756498662,-5.281962185142597,-0.9924839319773576,4.639191628959521,-4.23018851696026,-13.56532028173713,-14.493638460019197,-16.284842541208462,-23.673957107401502,-30.41986021368851,-20.63610932110251,-42.85816198062319,-29.05163436468501
-13.855316601321984,-1.2766183921026877,-3.1169384830347084,-0.8431582408130827,4.6455392483854805,-3.830803672420754,-16.885036065095974,-15.038720019733775,-16.656826172477164,-25.31057175186318,-27.432446757291817,-17.606084447727977,-42.40204585747404,-27.397318100586144
-2.807423315403343,4.851147731559752,-2.124510382800243,-0.2397142208408929,4.094628930549847,-0.2509414011222102,-18.60760389416862,-15.087510117912842,-16.943727147149858,-23.149550423937587,-22.567276808164,-15.914428010028251,-34.56907741989289,-22.668224074367444
6.515926564029017,7.6434260249264545,-2.644047834457704,0.413355508942729,2.7084418513185,1.6890347689952876,-18.152605809182067,-14.259182580687806,-16.056337473868474,-17.759507258266332,-16.36446838992516,-15.093037392898015,-22.38596108577195,-16.60352122137097
16.161364832888058,8.970986989607413,-3.43645390875846,1.288111323279142,1.1850087988447449,2.579873203277894,-15.416253371154472,-11.919698447929894,-12.92108484458923,-11.15779487900002,-9.335419331804143,-13.27027808666712,-10.40912474233374,-10.520583573736014
21.652154701031836,8.757425719910058,-2.6660584296396683,2.914821989268248,0.5677968817992737,2.691092148268417,-10.933602093208286,-7.697293497953143,-7.444754290846139,-5.121379535972163,-1.72803942910027,-8.839686935802787,-1.4072660952558185,-4.151334452907918
20.85111565455051,5.255704930775399,0.3590071660975147,5.390810181192658,1.2311415978978937,1.0862127287519818,-5.8812457924929324,-2.160533471299408,-0.9322219968889982,-0.2352919560342226,6.323351212521381,-1.847356813999764,4.881128233928257,3.725465126427156
22.28531684184388,3.674896701002426,4.339883759276789,7.910083358470892,2.506658865212347,-0.0080824988624675,-1.717396614914787,3.1183401976255745,4.474304497042247,3.670047224981383,14.4816592017834,5.972051555482269,10.354481211689578,13.467360672904285
24.450924221551528,3.619391645293349,6.953702828227864,9.185051166888767,3.266666015586271,-0.7938647684771234,0.472255745309539,6.417258603024658,7.0357909999619626,6.576126860975556,22.054534286221283,12.35865115047563,16.279896639492442,23.46403748177766
24.109474083133183,2.3313655876778934,6.832400090005068,8.45042443015198,2.8508413860547224,-1.5548834677482988,0.5635467472443776,7.036084125832868,6.526332336026461,8.106239303675206,28.2186275790239,15.901381652245792,22.323106794137374,31.019375672172742
22.36548040764618,0.6833297726113476,4.720945309646648,6.139149020250054,1.482970366296651,-1.8535626406566388,-0.5156487406029888,5.767242033120992,4.450296592150261,8.289008330184387,32.52274032883264,16.69285767750094,27.41668844104378,34.46885996489026
18.36607912621205,-1.203748222606258,2.719397930861142,3.561392553705456,-0.0890219379894281,-1.8950126243074623,-1.3771424380915738,4.211958699990582,3.148983114778381,8.152181463691695,35.25198884067727,15.976075250333707,31.11430702303149,34.436654933774896
11.675096368918062,-3.612212147295771,2.331879919836701,1.80417633004509,-1.2613697396592,-1.539735539091157,-1.143100593827104,3.5329694701355647,4.299638380828105,9.150186725216932,37.21499680527664,15.144743675456338,33.82353893508842,32.95335798963815
8.64255262890942,-4.226707450136156,3.1722257119111896,0.8220041486000407,-1.9203625550002383,-1.0352676547660078,-0.1014568917345137,3.728281341106608,7.77469759072908,11.813015122474685,38.964287126583706,14.78891408749849,35.78907717795179,31.35998148582657
9.484679189184732,-2.89584570960818,3.509755594648806,-0.4038547711841116,-2.289602752978133,-0.36498121102255,0.5446048497462996,3.9692216996339256,11.689228786217448,15.051039696209132,40.08154980342314,14.405150221926984,36.21763219213248,29.19467970507118
7.478919282032411,-3.358992193630566,2.06841637753894,-2.693117304982034,-2.600089893747913,-0.5341112989984321,-0.2494439989498538,3.545609456234507,13.703735047073067,16.99974634284854,39.310211759255765,12.965202363156562,33.81397587918466,25.20415473620076
3.81924574521501,-5.27768927510052,-0.6564325498430856,-5.531804964149735,-2.942940926979008,-1.6997201880627866,-2.314732727681585,2.499857315423178,12.72147589195081,16.687568020701942,35.670520221829875,9.942554265169496,28.361224563665928,19.33136717434364
2.1444697299560103,-6.064724612601997,-2.772796687496935,-7.13324890406261,-3.321755919435707,-2.3405848291345785,-4.19446325287962,1.47633751392887,9.733361776410344,14.900158989562218,29.70981721274332,6.016098094050294,21.642474698595304,13.455081093442583
1.6327882775705804,-6.303567525507398,-2.6615451265072654,-5.857625528187958,-3.684967675764286,-2.671141503060971,-4.248073900988981,1.0994690208193298,7.118394481802813,13.391227846496168,23.685997744524087,2.851637469042013,16.494700086642627,9.9739387796932
3.8689247686344848,-4.540636493289092,-0.4041392696124366,-1.860577883488617,-3.8631504586768655,-2.182455945481822,-2.083438866587877,1.518233162566586,6.866875890352483,13.226917118577465,20.25430302390433,2.059070751230736,14.67592129261478,9.639479997285031
9.623761928045028,-0.2171927221895553,2.26569357978128,2.557471642274725,-3.595889873235886,-0.5246065346605251,0.9127528972701278,2.427906916361607,9.06306725654524,13.854927825368447,20.55735300634429,4.088948914304418,15.534054744065102,10.88501467071837
10.398011207233893,1.2189762479319712,3.37348544197666,4.444377686226135,-2.7820490485254226,0.2004821093328666,2.485281500624894,3.377091561759712,11.805582373343595,13.709699326719804,23.28667744856884,7.891966863550079,16.770998161127444,11.366882798946053
6.163573047300004,-0.0929790859437182,2.232870430565524,2.470936925580971,-1.7335543338771453,0.1090393975682935,1.2069070500619032,4.008792789161477,12.64513966333488,11.691231737800312,25.59580816938582,11.55346426684418,16.566711680805476,10.14604273293308
2.247587169822689,-0.6770917444093512,-0.1453803902747155,-1.883379021946709,-1.0396604532721891,-0.333687393072185,-2.37072011520332,4.110230504374476,10.444022265756814,8.145691007241847,25.22093819424864,13.38368627132147,15.02965662209477,8.29981579115013
-3.1682329623721275,-1.5998981633677256,-1.984073168155442,-5.31915389628538,-0.9962311283882092,-1.5875085098216015,-6.0244218704869095,3.6018585725194674,6.24757714175976,4.5874742066212,22.128194475397304,12.705236755427755,13.66500529484244,7.409608531135519
-5.513431872589328,-0.6992954478504354,-2.140173964610669,-5.175841287735908,-1.120356430422997,-1.762415846075473,-7.390489556405301,2.604446006319554,2.5339997690684424,2.5631462494254453,18.367393105023616,9.947885812276004,13.52583211214538,7.579089229828358
-3.860370222999895,2.6212120254413813,-0.8338609792088203,-1.399212896829912,-0.367098384618977,-0.7901550422439121,-5.540335297857327,1.5335574060136872,1.4414030540597578,2.6523480097995558,16.278253218950013,6.202887169598025,13.948737667113628,7.104957018408863
-3.182566710634496,4.328336689221218,0.7611326718966973,3.551465297650537,1.9566631832532064,0.4729163574109287,-1.4320404059773877,1.0316140404490082,3.2955018518675248,4.257473219455612,16.52835245951354,2.640615974488221,13.111154264717523,4.198252578320197
-2.263442223904584,4.905045515569228,1.5663910322106478,6.705314901271103,5.355535793500678,2.487020853813437,3.000202556874126,1.6344594864367634,6.468939990956294,6.097734552024364,17.55946545715708,0.0776265148857291,9.827113192115018,-0.9865965158703895
-2.659226786002393,4.251747109193067,1.352971156308055,6.776499489897457,8.23194157107422,3.283086418033264,6.276410907643187,3.3306042852993016,8.579144166962706,6.920444638691203,16.83758721557751,-1.2282806427365518,4.819046538663875,-6.134323270323427
-5.189821745461768,1.528794462918641,0.6576544239445505,4.791144819108483,8.953358813329562,2.6836434033177747,8.147247931927414,5.376039087016914,8.092937547529019,6.044122702649775,12.850516884775605,-1.555672499052636,0.2337183336491444,-8.719776046723027
-7.217918309765566,-0.257848551330388,0.103190457059564,2.831853175513225,7.048801658704324,2.285599893063291,9.230851296195867,6.642078623723514,5.221551104091471,3.6089343162973777,6.261572532478041,-1.473798399244134,-2.168488764991685,-8.332285743191507
-9.320597307086642,-1.2833942889415046,-0.1748312788248474,2.1940653219238024,3.548230050308171,1.6204931925219324,10.087991866547958,6.375667791232399,1.6063550770750852,0.5080714784117251,-0.6136629699711094,-1.4651334281522637,-2.506032729404825,-7.147153772229114
-9.99250551887712,-1.7908109176516076,-0.5048355498375148,2.5844088650476364,0.2348437694560572,1.776598242756903,10.74048553461192,4.831895406033093,-0.8335295858564162,-2.027205852177474,-5.48107110337778,-1.6507076166351975,-2.6150529764791086,-8.018241293364161
-8.705152422458278,-1.0997801466363173,-1.176360510527115,2.846102000009041,-1.5257193688544954,3.0388981516760025,11.02371981368174,3.2053253707160483,-1.0460343437257502,-3.0810414152234014,-7.535771128324471,-1.834494946096865,-4.401827235773212,-11.87351555162568
-7.810007303523922,-1.7903832881916095,-1.98971927441878,2.2504829183390145,-1.4904023956167114,3.5152371463165344,11.17657183311312,2.7853943288336622,0.6873791950268817,-2.586612769353408,-7.677467783138767,-1.82577222330928,-8.178529055350024,-16.741742431284685
-6.851634591360535,-3.8164535509908393,-2.29650750494316,1.0289091527926626,-0.4172319915803366,3.4573561016814063,11.79637729193521,3.933642493841359,3.081005785825392,-1.3280886072926696,-7.508657751431751,-1.71837473838435,-12.414409986723667,-19.273978188134624
-6.461553328965064,-4.465476685604553,-1.5159788431955228,-0.217729675509986,0.5783105046080736,3.2904806370293462,13.063261538345673,5.718126296879815,4.622700692314675,-0.3483570776323539,-8.062710202541979,-1.826213044274226,-15.036455842017952,-17.43785607842015
-7.080846936942436,-4.124944684158558,0.290819163014417,-1.3838077799403514,0.6633492494162105,2.683870044817536,14.118782345470375,6.565724217879453,4.34055040329925,-0.205722528429364,-9.251461684749133,-2.3261573413733903,-15.075614979976,-12.119581001215089
-6.524959988794185,-2.9336984982607937,2.271320337552578,-2.945909045228264,-0.3664535102638275,2.266305861384182,13.514470272749042,5.461734920328941,2.246072999228203,-0.6701390253117658,-10.29766927098639,-2.992735355152984,-13.264518312289336,-6.4015769138515
-4.976937065113529,-0.3634061334210046,3.2461097618447106,-5.16983578908539,-2.0406305847304145,2.0448331789566176,10.567598842061042,2.7665975687806856,-0.6802902296403976,-1.0524552909388063,-10.610951003434709,-3.3521050131872965,-11.234681030094364,-3.246036159798116
-3.803495924246012,0.5229697769779791,2.5315622481414746,-7.366664622245009,-3.41961839854931,1.699799578923859,6.370092194558974,0.0172132090863543,-2.969719584092261,-0.8020912259689972,-10.3214584571575,-3.1550924869893877,-10.186707880299922,-3.495722468363449
-2.656718965241829,-0.3453231482626091,0.5428747589968248,-8.130409585150725,-3.5517888280277816,1.3636279685524813,3.304881915482015,-1.1297808588314389,-3.4599300822185763,0.1470691684169658,-10.0983935203249,-2.7002087161509896,-10.193475435175532,-5.63865742050405
-1.6617499051415563,-0.4608790624448784,-1.339484642992669,-6.471086647290434,-2.066338338426477,2.0648554012799867,3.252742950420024,-0.0351319757014971,-2.020330052835667,1.448771269846289,-10.51935280564985,-2.630599630554978,-10.524345129317116,-7.260204959965759
-1.0251472730518594,-0.4415382149956586,-1.6670058362867146,-2.804018681713668,0.453226271868326,3.895462187256552,5.964745793390462,2.488761142451847,0.2829663074862507,2.5870590144919747,-11.582301323590878,-3.3247971761574373,-10.433114172795095,-6.863525163888255
-0.4964159751944157,-0.1906360664705946,0.0170589013627227,1.1600129230621794,2.7052767663343165,4.676662523848292,9.067711774868975,4.704585163262176,1.8126574548894785,3.026931125968673,-12.75080565999614,-4.425504787568073,-9.64149994622418,-4.681273003625759
-0.1867073531668359,0.6500656094363936,2.7898203722884816,3.569159272826329,3.510015150004496,4.531488425011764,9.814614406654991,5.061527818768642,1.4367989091306816,2.3062885749424757,-13.42718912989336,-4.977448855541675,-8.293557302652479,-2.0842921863672164
-0.6070369163264316,0.7922524560894119,5.003620929610198,3.658433642719253,2.679450229527749,2.632821216296563,7.199571771519207,3.1700149402068862,-0.7153887206698034,0.242749381659598,-13.406909568313289,-4.121906943936237,-6.718749282441545,-0.3140734197935642
-1.812576387548316,0.3063478869180146,5.491388709111098,2.0891043226790207,1.1807243355757937,-1.6417377317559911,2.723030741283172,0.019372863571375,-3.42266467633034,-2.802552387681775,-12.948721224959224,-1.800131424601915,-5.333122329543018,0.3489650320849473
-2.482371563803872,-0.5117694318503979,4.325691827747049,0.2529399680147408,0.3660771976524204,-3.6592681096344095,-0.8167410439949985,-2.7109440485401053,-5.341017540408168,-5.935620446058278,-12.480467808928434,1.1015080424803387,-4.604700784481741,0.4240304578964351
-2.6604940560603967,-1.936675980403701,2.515711567840108,-0.7997046610189011,0.8536239928523512,-3.52441305002604,-1.5373001698897195,-3.798472749758947,-5.965452597582803,-8.195135270643208,-12.260240665058248,3.278122409507616,-4.829151113074967,0.4554338162575662
-2.662297993367436,-3.7219918047463816,0.9923571981767328,-0.9986591757675244,1.993455551047938,-3.0684368127267474,0.0735196907943489,-3.2760444682901864,-5.793771960816534,-9.158533231095578,-12.271595789571588,3.803606627710945,-5.763489586750459,0.488955119397386
-2.1770779816787327,-5.912653559517335,-0.1297030442864399,-1.1091051307490298,2.375994770890464,-1.2675210492971238,1.6062272127055517,-2.2776906002065225,-5.637794894656114,-9.1180906216734,-12.346019840001128,2.644530093785161,-6.537782268390202,0.2769382872042394
-1.9728243464495747,-6.671409341337603,-1.3502644233057768,-2.0332429338183005,0.9480726765070432,-1.551145505121059,0.6891751529223864,-2.045090416704105,-5.8022820528040775,-8.63412895892193,-12.309630056657332,0.6039778872003048,-6.157682959127437,-0.143054660802389
-2.04194031981058,-5.778239897629461,-2.9485980900815614,-4.079571323398323,-2.186474195135224,-4.207308634313961,-3.140160882193959,-2.9174156780400238,-5.91425548088572,-7.93153074526394,-12.02474073824598,-1.1884206006417966,-4.322195556758029,-0.2604312875498697
-2.209522148556037,-5.114065664093069,-4.4551885362854495,-6.661246663934843,-5.86650029459378,-5.121043109332346,-8.141687779417676,-4.171308658777035,-5.488934169743757,-6.796705551300478,-11.391722586116275,-1.896469644223406,-1.830427609170025,0.4042633870273295
-2.6545436666852407,-4.233293707902047,-5.0202825419198165,-8.60086584226435,-8.671394269612179,-4.948725009794485,-11.809918649040622,-4.828440523100888,-4.579262942993825,-5.088332452640094,-10.417942611462786,-1.3879358852060264,-0.0953116531324544,1.6434628490500014
-2.359726080989449,-3.290584123861914,-4.306593243695367,-8.857071518528224,-9.725585518942818,-4.30635683994099,-12.77363484887864,-4.64526473743971,-3.81968112534619,-3.2725197509098995,-9.30017375004186,-0.2715216760201149,-0.071932650294749,2.5644157919697577
-1.2729829188029265,-2.565640082920685,-2.96180809951826,-7.210017765138689,-8.984541685105023,-2.4897283650400697,-11.60571229776059,-4.321963423225435,-3.843588729198797,-2.3215725320423486,-8.353467817885793,0.4429185198800072,-1.4976994134680397,2.3923778797955304
0.1682286983287674,-0.251357143192023,-2.129903713778192,-4.434199732358996,-7.002874908394698,-3.1091749881471884,-10.038867060613464,-4.731826212471998,-4.695843418714947,-2.978697397516136,-7.757270199028566,-0.0810845287174784,-3.114484906328839,1.298227215573779
2.225940688778194,3.655827446945225,-2.426550467260676,-1.823417740885922,-4.523723503927931,-6.337806675827318,-9.45371124670364,-5.947657783575655,-5.814116574864778,-5.068493568732545,-7.360768144764489,-1.9834341454155329,-3.684416660056193,0.3278546735683467
2.5584668183762,4.9261257256269415,-3.359028533028767,-0.4097171829804442,-2.178436488268541,-7.182791373407975,-9.964485228263566,-7.0468541872605135,-6.525342469023634,-7.508142044595138,-6.834173788185877,-4.567684676029546,-2.9256067899135885,0.3699876981825756
0.9538055523648094,3.6206431773742103,-3.770963867127165,-0.4461700865186508,-0.3591262533803921,-6.210095143857442,-10.685123358624011,-6.904186801444916,-6.506148855327682,-9.00726577589668,-6.114343903580972,-6.710513221439693,-1.6089864523712043,1.11843544558345
-0.7759467059744218,1.4116341811228998,-2.9330037961819584,-1.4774430499180458,0.7917040488793048,-3.442332044060959,-10.663719400570113,-5.217686987296224,-5.807770156159019,-8.856179257896372,-5.684254818411239,-7.613854250204508,-0.8274395499862319,1.109030011629032
-3.2105204716292755,-2.6812106643819997,-1.287557529727656,-2.8111728823598483,1.325795595927926,2.189082952050033,-9.556636490378796,-2.816423777242991,-4.591125710760387,-7.229319506277634,-6.248127479057186,-7.363391986399399,-1.1248482050650204,-1.0234555695148866
-2.808029490627684,-3.434855280862401,-0.142454747837327,-3.909377890553417,1.401065650308662,4.249190010911217,-7.606822590450106,-1.015485566467237,-2.9951918017684838,-4.922172051180672,-7.933943132342217,-6.7990989902314265,-2.1735380374669724,-5.066623133623433
0.9644260136573372,-0.3985156536807661,-0.5222727005500354,-4.41469453968942,1.21159949979883,2.652695372560299,-5.2278101034651785,-0.6493006388793638,-1.2741440298726563,-2.832165237847527,-9.758642492961622,-6.704370810786592,-3.1282180260048493,-8.85223230262876
4.570448754443945,2.497516680615283,-2.1428420840586417,-3.990812106530676,0.9577468856983468,1.3162524585302633,-2.736995492555449,-1.599659213274907,0.0956624876655625,-1.5106551296807984,-10.043277716570604,-6.946330835043002,-3.2521152743562456,-9.50705032748587
8.917627759632998,6.526984972312736,-3.429159203116547,-2.3661580455870856,0.808183820593408,-1.1630038908668283,-0.4356764172800518,-3.0745161213736503,0.6447680225108763,-0.950193498717282,-7.654253244099413,-6.384726172658846,-2.3386372537223297,-5.569172701087743
10.091923039412292,7.365025714904866,-2.6755011499057666,0.322852849971381,0.8069878314871031,-1.7945109939988344,1.2193526200772795,-4.235470490661876,0.3294929898349132,-0.6786827513254026,-3.0695156981180656,-3.814621744643486,-0.7533603816973242,1.5955516839388322
7.239805982850708,4.210296040860141,0.5165450492880681,3.267452119363395,0.7998954545167438,0.0250738523334124,1.6973854134582649,-4.624157749421767,-0.3401780753117136,-0.1668947764083381,1.7547606411491294,0.7275995036657994,0.7987818013467178,8.301136431180275
5.086011488903711,1.0576136106885787,4.701663197850889,5.264574576114131,0.5323868115544463,0.7439863251516068,0.7742009144112223,-4.19384714707387,-0.7006114287911451,0.6567081465006539,4.745200952468724,5.469285314438729,1.6183018905338322,10.83574144400658
2.5730074687628406,-3.294411471320358,7.487119984653734,5.50503155323819,-0.071143739497498,1.1157692846168838,-1.1061403721987155,-3.143553139030324,-0.5116674336380238,1.2234889305774952,5.1872936178334585,7.8710253024207635,1.3567269889445712,7.9622787436046
0.9532695733736328,-5.425857785881689,7.239312167727825,4.235976318733369,-0.7070053407042785,1.271090779085291,-2.8937037859847816,-1.801923198876307,-0.1121624705450115,0.7876159010084329,4.048147163836433,6.468718201496536,0.2333087286742808,1.707560077543779
1.0397096955993188,-4.585274966459624,4.266292500639643,2.627594302869656,-0.8764193165060619,0.6838187062307748,-3.535347742745446,-0.5914980487874733,0.0202711844109648,-0.7404643865801757,2.9318964293475926,2.104708219391454,-1.049365480142026,-4.227437438240561
-0.0353038988130457,-4.1208070800911125,0.5293622215927072,1.8577343462438745,-0.4006401155316217,0.2586201707543685,-2.755103016417403,0.0656492394850314,-0.1688536190162501,-2.389069985465385,2.720674899169656,-2.560348878399086,-1.741203473974835,-7.161256116482028
-1.8003426205207251,-3.0436775504396354,-1.852707066581461,2.192469024197348,0.2307024409640883,-0.140110388849058,-1.3626605798722446,-0.0336304228332056,-0.2442478904074061,-2.7301312086118696,3.1757414054607764,-4.927460614997579,-1.5844411771609712,-7.013754201826721
-2.020242214030044,-1.7247317487231644,-2.054560540028126,2.8980107002923123,0.1685621067097105,0.0524372236047709,-0.6827965546730295,-0.6764029636312325,0.2207780142762918,-1.1271516119617386,3.7277733222265175,-4.189149441015669,-1.0020167147922956,-5.586301099081204
-0.9637144647048868,-0.5435853640492019,-0.819079127908835,3.053172774547886,-0.9389081741887596,1.0468294281810446,-1.4099160467540062,-1.2849386482692535,1.1489391106951898,1.5309652016446949,4.464290333322361,-1.5319283453476773,-0.6613789962428753,-4.462177163523124
-0.0451958668271909,0.8335649337240401,0.4864699709210742,2.479078796006775,-2.3150782610090594,2.3257669644303363,-2.8189772982019896,-1.2620047487313923,2.0470384299578166,3.4748506241363555,6.191240540856198,1.159485384251834,-0.6746931444047535,-3.619365607976228
1.0856439213189444,2.1659450513208323,1.0531665448497516,1.9142124272210517,-2.406360881365548,4.108420794387095,-3.1485541371690884,-0.3799499961468404,2.6155297618394173,3.670016687353967,9.51078325479074,2.788519650657505,-0.1451516140403903,-1.9482924812062885
1.46599546815686,3.245203046351367,1.0385145680823626,2.311959055498493,-0.1355935727161288,4.664451765631083,-1.0308333668474292,1.125949571518983,3.2110162165201155,2.9326261132260774,13.94686204004471,3.4701267581996493,2.34554605450252,1.1389096058077213
0.7871170934578186,3.988819605179957,1.0469260263683071,3.9614515200582168,3.958676053718513,3.805215764996265,3.164911078121337,2.832644483092484,4.595849621677759,3.3626322664404515,18.089024270399165,3.848936613765874,7.455482542706585,4.8353253431989325
1.5315127399106487,6.413731975914058,1.3694236195367528,6.235570262047986,7.806277117001105,3.248695270976672,7.3090680273545345,4.462241300306198,7.132721846721352,6.420826206087256,20.61760156385165,4.298433302834354,13.981633377780623,7.667750940361431
3.524445164949189,10.610915614493402,1.7209803612051373,8.11427343383698,9.24197725070741,2.5884491746990808,8.996250727858701,5.891117640005313,10.18368234956629,11.322623828429478,21.151495284767385,4.802287893989792,19.05592397474196,8.899040871588763
3.863613170678944,11.756387485396198,1.5941232769111142,8.92695904793257,7.68398672828747,2.466663628007936,7.391372960413373,6.847441992139273,12.334258056147036,15.281148540315517,20.11828204519175,5.309737979187936,19.858931527726966,9.022525550302309
2.8333448628258893,9.967924021117682,0.7742296408456859,8.66370810832803,4.604936070484184,3.1912539597390426,3.897764237575375,6.756603414493083,12.326177048427228,15.542550940378298,17.949472228855306,5.810536175047286,15.72288848961434,8.878517529182895
1.0220323058171017,6.779749435030937,-0.4590705240338497,7.709423919445552,2.3228456555018706,2.934325353479585,1.0713619733674231,5.131034528076005,9.95659489329297,11.550350975753796,14.602825688418497,5.937333785055255,8.876696938665138,8.488788716969946
-2.170415473109123,1.066877363090974,-1.529966965403471,6.390149748345246,2.114822385254473,1.844932227774744,0.6871299546655889,2.273718575018,6.240973912135166,5.42304946559709,9.95237304499926,4.794321386911566,2.974100191447035,6.98239381573663
-4.02543535040048,-0.805663833110444,-1.9295434233239064,4.790659475908316,3.283476912100208,1.1900456154057162,2.545168930596506,-0.465720819682466,2.748566482798041,0.3715207746048725,4.526315335654001,1.670437092364104,0.4001906845872418,3.733136560124398
-4.42719162863025,1.611799690547682,-1.4936676255961103,2.9370291558470463,3.959916223569401,0.6860966549925753,4.899573236730246,-1.3941660806974865,0.630696367728599,-1.589048086524731,-0.3671207282046378,-2.8169095006374576,0.5664925121293187,-0.544853041274937
-5.452004637468245,2.500412809043933,-0.4903669847739453,1.0566922605352014,2.860403945150777,1.0070843678152748,5.990562411516901,0.2613521021548792,0.0074616081173162,-0.7892224343913272,-3.41668675966835,-6.485614318526083,0.7138855879547168,-4.001672739526473
-6.511935421037461,3.25283550253099,0.4965506052270352,-0.415766203812677,0.380569550722611,2.4231959913468746,5.3192551988372845,3.599533936113545,0.0566756018489251,0.8285127016105398,-4.25940897080238,-6.978971542375572,-1.4268402973523415,-5.06862532997715
-5.885625115019387,2.481520979807485,0.872067083025692,-1.127664180361688,-1.90151680120361,2.1624210316997066,3.7035766115844337,6.545023956892178,-0.3251845940670699,1.4724586570184042,-3.642727124033613,-3.7759643219759793,-5.473622302331372,-3.735757718570009
-3.638138969565977,-0.7749469202227114,0.4171965937352104,-1.120310697960747,-2.724819576026529,0.2697002385625375,2.3079281869069077,7.27512522917079,-1.7390552468781078,0.747942308047473,-2.644583809169138,1.1392677368784092,-8.681623821624559,-1.4554306106771802
-0.9773020800786382,-1.7858690445743572,-0.4829236168779953,-0.849493069841639,-2.180247139872605,-2.178134427124413,1.6474356940358517,5.441541028497491,-3.87400352059832,-0.4655944480978222,-1.761771533417834,4.818039151292497,-8.409032525411815,0.2016225748558904
2.4457451530019565,-0.9381059068146392,-1.0170965613632037,-0.8597734388326357,-1.390607593995734,-5.81038480948718,1.3763722223416348,2.2604528627309177,-5.747774441805353,-1.0908801559134398,-0.7669835041709092,5.753774965311577,-4.517381403641015,0.8054342469201523
3.7901313950865374,-0.6722309666774262,-0.5226894825415549,-1.375787063870666,-1.3150120283104452,-6.98522820428259,0.8205496023409644,-0.4925082148845692,-6.464277592875426,-0.8010016773068296,0.6069614161519237,4.823868594815671,0.4155389120841577,1.069000545499648
2.6203353536193696,-0.1762457083602047,0.921429198759868,-2.1564749038804822,-1.931159395533511,-5.382345808696702,-0.4050862501844596,-1.7307125656552478,-5.96060303790448,-0.1289074517709361,1.9520504638067944,3.879821283698728,3.152807047819316,1.74233944817719
3.0462627399337454,-0.9996100273264474,2.403879291582723,-2.725706229525451,-2.516221695128025,-4.45885586729931,-2.2213529500972324,-1.652630679791188,-5.141159061443526,0.1159964022842978,2.2267995498245288,3.5525559898653647,2.232726744239752,2.6595043139423744
4.461074409054572,-3.5416536905725384,2.796529997040785,-2.764583165608068,-2.5658712646547626,-3.394475564534291,-4.29585440300284,-1.389377611629381,-5.202044317401112,-0.5146001544971788,0.5471230751918892,2.6692710627290186,-1.2360190421072792,2.949983507192994
4.969364307940221,-4.106441644611963,1.6855021627371896,-2.333883775321607,-2.308769596141704,-2.574503536174481,-6.245589592678025,-2.074850120791911,-6.6126408808756585,-1.885788977053416,-3.011692594900687,-0.0857368595656993,-4.791449410791267,2.1168016580217994
5.163697270472365,-2.938933033808288,-0.1603669519616861,-1.7778698967616426,-2.3156898942954074,-2.52656572294156,-7.636659437143498,-4.00560014320563,-8.590075400531106,-3.471827579304696,-7.313385952803895,-4.135650998701289,-6.508900749320663,0.7281071491447157
3.953667660824664,-1.471208529739506,-1.3022673564648013,-1.441787263659359,-2.7024179696556003,-0.2844109314163577,-7.969971943044595,-6.4187042850668,-9.582187678408983,-4.684739348859105,-10.814833902415716,-6.966875489124882,-5.976496640157158,-0.0884431275548642
1.004975358114549,1.0288281476147496,-0.8304123351079626,-1.4474045322881324,-2.8226690362990228,4.085925114819441,-6.889488442252588,-7.998901233623257,-8.45410513290663,-5.105575701121436,-12.431454888091816,-6.346473879720982,-3.9176109285873086,0.188607435212913
0.3372442527134046,1.7830196700209988,0.7437894190899677,-1.6607330929456587,-1.7998706532422988,6.206691328966917,-4.513418514420631,-7.764129624558246,-5.440045687182556,-4.560483168456113,-12.015239413944172,-2.605008904802167,-1.2518740506407564,0.9337838791313516
1.8947003541392464,0.5096408825862957,1.7710720422187816,-1.81466724403038,0.6101605071665226,6.398077928780201,-1.5252320013897496,-5.7238331020796505,-2.0589335353290634,-3.099777905554149,-10.235931731912547,1.3919208970570691,1.4350026007907075,1.054700199978841
2.5311585045024727,0.6547138468067573,0.8130873308251072,-1.6783579674089966,3.636631489781729,6.118712597455049,1.1562763833795628,-2.857999571128797,-0.024383584157773,-0.9684052975858116,-8.06973288532567,2.65674739699994,3.8018403049673033,0.1412085605325828
3.004040492427629,1.6660148648576996,-2.056199978826813,-1.1909257012397363,5.9311679469662,4.4693215577267775,2.8690179833400222,-0.4625485446175652,-0.0028659710490472,1.3793107422832307,-6.261116598718949,0.585541828822647,5.53304286945537,-1.1570138213904393
2.4374242186265604,2.286978094449949,-5.162454894958163,-0.5077439463228082,6.451200776931714,3.35195274878923,3.431461151246461,0.6264110205615552,-1.1944075821554918,3.2719218772175207,-5.05147276837077,-2.755642388115474,6.408638623375095,-1.8710248317593017
0.2873210559322349,3.027773100117135,-6.489712845802222,0.0743201047531947,5.109391104166594,2.8737185685395743,2.983895192310971,0.3809537730271479,-2.033061193555604,3.976670856556071,-4.274010212346546,-4.646062398658514,6.5068014502537945,-1.7058045695636856
-0.509279383231202,2.1147596816736107,-5.2290959364712215,0.2863051420660429,2.7772071389627087,0.3916112924559883,1.7596964431140787,-0.6360662306267191,-1.4185388443253029,3.0923062842299416,-3.685076260274231,-3.9909527201948807,6.114586977834284,-1.2472641679498118
-0.1713839478628568,-0.7218239656371517,-2.328919122389149,0.0362915446698117,0.7260973640028503,-3.8127224729674016,0.1037228160699612,-1.7335655367916605,0.4845250558281897,0.956830664941494,-3.2413792606632814,-1.857322790541012,5.311318144058234,-1.3019516892319878
0.2881559061264307,-2.1072112960302216,0.3278324983685046,-0.580899470322521,-0.1050928096195011,-6.130819975601431,-1.3762497382397552,-2.398996269265673,2.4441923891033284,-1.3694038275166849,-3.0819937182793886,-0.1326588095815566,3.7391515101647848,-2.1795169410483872
1.439672589950884,-2.3223424418523804,1.3355904853350469,-1.4030435756355768,0.3773866779020238,-6.767683194011656,-1.9418900862055857,-2.339830269464164,3.133809283302749,-2.743827237656477,-3.24971550628711,0.1454798768990759,1.0206840313879688,-3.580731120883513
2.3741685386097777,-2.495276483551801,0.6397868687384136,-2.294520762113658,1.3734320162712592,-6.414150448108506,-1.2682462214997123,-1.4481252544052872,2.121496373469604,-2.774253214773818,-3.4581653271249504,-0.6905552863722697,-2.442815265665555,-4.93383246585052
3.028941027042589,-1.9673481347732495,-0.6406877184097812,-3.095406790330724,1.666522688681951,-4.232270987757291,0.0963198554775459,0.1505686050757884,0.1973804556274832,-2.0508222437404324,-3.1748525814075705,-1.641356906947955,-5.180887547318351,-5.630821811160782
3.5549654341791177,-1.2491830918940672,-1.1098976642986749,-3.508521216681862,0.4479585172445546,-2.599503265699606,1.027138310602691,2.0544579719192626,-1.106007266943115,-1.438222812848842,-1.955335442487529,-1.9278700863685485,-5.4589652325032,-5.042435746924628
3.7030679623076193,-0.3472917203967237,-0.0257312135975276,-3.139334346623743,-1.9765768537877992,-1.4860245792268756,0.8842355469374077,3.759329943849057,-0.4173902186474674,-1.056771805300574,0.3106101966381906,-1.2241635775038215,-2.6875019982278694,-2.688585016335926
3.5525564364316105,1.4385113787758377,2.2414501899670043,-1.7668110537040818,-4.167342098762974,0.2516190793817292,0.4143053315784257,5.045372220065076,2.7050366039352878,-0.0399799280587558,3.4642808143128754,0.6213278421030921,1.8397090588963927,1.2756229094320872
3.008981903365277,4.063532190050246,4.4160705983935244,0.3664523442581178,-4.43588075281108,2.119242969537713,1.4341093720501092,6.245462966242087,7.519643153177011,2.538725696131401,7.295105969437046,3.7002037112950887,5.723360901238607,5.754298721903723
2.0779037824748245,4.678398415608159,5.1299281417834095,2.564169751816298,-2.132015668083959,2.868745600658311,5.267951565503598,8.030215769232829,12.431449779441875,6.428924181671185,11.563605346123255,7.737694109010757,7.23372735083068,9.183580187447053
0.7168294588389862,3.160596839599174,3.955655945774751,4.058475858479202,1.6632359775950007,2.41218809041516,11.218516203136168,10.744725632877795,15.727188477532549,9.984479559748184,15.753282549538586,11.80931705939151,6.56515315307265,10.596509119671342
-0.4102007759035636,1.539602944054826,1.935717869679312,4.460222671200821,4.720255405258488,2.269442061904714,16.571843951149802,13.822807252468904,16.384088773197767,11.353158166395506,18.89440510996422,14.599718999220492,5.441413707286614,10.290610722546145
-1.261855142381768,-0.8475353889367246,0.9733505806985044,3.8780800576860273,5.178675958364508,2.1736768466323078,18.372509163045724,15.871710620782334,14.551913631248478,10.003171377145753,19.8542858780294,15.097492892805846,5.410138394250758,9.345442651274205
-2.401520722646268,-2.878719107155733,2.2721566248373897,2.6253018981907488,2.811222740730184,1.243479478698139,15.570514678761237,15.505161189357764,11.400376296173691,7.083722338021016,18.03865634481184,13.092985011789876,6.345261702165988,8.3996152296023
-3.679149929697042,-4.252442267607168,5.032601218965628,0.8571809231169318,-0.9768930721427472,-0.3414208840792192,9.73308820084988,12.330380020831855,8.354732724404048,4.24902169637226,13.95810137610285,9.078270897843186,6.485363668365721,6.946194415657772
-6.048593066491764,-7.238892466696392,6.740797998377385,-1.445875572910058,-4.318590764280589,-3.566661833661618,3.779496519114417,7.307580091626626,6.1891466947380565,2.144877502943139,9.128883051909447,3.839390587340159,3.986494541647307,3.953521012155601
-9.67871573021729,-11.61526759458113,5.145570954424969,-4.1250906445481945,-6.145770394426865,-8.690909140794492,-0.0725103685817529,2.198017852072713,4.642302003616752,0.1099761839928987,5.320582941024927,-1.696188311487763,-1.3221769510860284,-0.7379597577827397
-11.050374824140825,-13.396128225864516,0.3670733479828136,-6.560078664047866,-6.536507375132732,-10.000635862447853,-1.4217648397357152,-1.4516646003517837,2.8802820344463638,-2.636185937807813,3.6857208337784257,-6.310154734384927,-7.45219620828999,-5.663237203534669
-10.158526720959411,-12.66762858186438,-4.833346150670579,-7.908719299277401,-6.135874440502636,-7.323701645228395,-1.2116104156489094,-3.0495994165953206,0.430391880903457,-5.657356136935704,4.314583629062291,-8.624684152760087,-11.488966189084316,-8.5256140296021
-8.162974192585509,-10.395550540556584,-7.111763291994935,-7.794065474824436,-5.463956602207162,-3.630997777309093,-0.5279163701683274,-3.037063124478813,-2.2592409562481564,-7.383318072079025,6.326761262629784,-7.922903961905833,-11.655510495459945,-8.003884798552468
-4.200040559204147,-5.599337045606046,-5.2716014079292535,-6.785046433604563,-4.778511460388673,2.46194566241998,0.0437757116945292,-2.47284362603326,-4.196721484121058,-6.710284842687512,8.256059295058861,-5.109669345757574,-8.666385810586046,-5.04049438545254
-2.531335718317436,-3.0967213413005257,-1.250603787884799,-6.041956947002689,-4.344600251320983,4.8120966192934445,0.1272747857910872,-2.4973516015020145,-4.851034771491662,-4.5072208392561,8.533886498548576,-2.643883893650063,-5.302995717659078,-2.412626204420331
-3.4282959529101618,-3.099448148699676,1.5666344381545976,-6.250586664835534,-4.489818802364358,2.7506365236954853,-0.9092988168774312,-3.864129432795055,-4.799344333681798,-3.276316542418215,6.099024467402806,-2.9590160519043405,-4.420534603074687,-2.7692896838164387
-4.242828560350886,-3.080924171300306,1.2241462883304486,-6.789487904491612,-5.212710427125195,1.2073889317011028,-3.7220956467224937,-6.560602453498028,-5.276144223343042,-4.950207699437176,1.0985974736094164,-6.433608874241219,-6.801648758373664,-6.591600490876969
-6.013826210131846,-4.209251151192982,-1.3066327925076529,-6.081274467030969,-5.832170101335613,-1.3525424407008646,-8.138912951760386,-9.66771120242892,-6.926545570794605,-8.797083477921458,-4.751846657869645,-10.78123679667114,-10.504904538621703,-11.667142674194135
-7.060150819983716,-4.312820322497635,-3.28313027904124,-3.0700436933562827,-5.298289256575266,-2.374471975247755,-12.665146820611223,-11.74458905671087,-8.954120325946583,-11.607817919826305,-8.763410636769443,-12.719968106645222,-12.31775268035686,-14.556989829003284
-7.070347719802835,-3.134747705513775,-2.834552955245501,1.4182279256662085,-3.105030110644437,-1.117633579932494,-15.157257913260135,-11.746469277706254,-9.640441398702286,-10.35104191965454,-8.886813335961536,-10.7031778161025,-10.279416115605216,-13.021546347511222
-7.149192871025959,-2.4452673400370246,-0.6174201759497766,4.830647728805912,0.0081078468504145,-0.5755732162765551,-14.352045963600782,-9.886386958709195,-7.953069832797885,-5.0681323006079,-5.375926406387727,-6.334041060477025,-5.291807735897432,-7.626856836126265
-6.808603758709442,-1.72416789036188,0.9713846442759716,4.722722465654291,2.3482639498106046,0.0126477273990571,-10.982724033148518,-7.626131950145979,-4.792628666876952,0.7088335198728988,-1.0459678556633154,-3.0932682552189785,-0.4778852361160322,-1.3548958795107475
-6.002456880343624,-1.809488459843476,0.1567466142081279,0.8319452762010187,2.4664568595568905,0.3671760846901737,-7.4045762694738,-6.59931239834506,-2.560165344165471,2.6416397244924443,0.4907183755993234,-3.378420034214514,1.225585945344056,2.461857976754711
-4.743457943686556,-2.975946725186853,-2.55684710810071,-4.475991231141039,0.3015091033807877,0.086875402767534,-5.885693941725256,-7.291191730312379,-3.2047975262576296,-0.8379711804081031,-2.481090489235238,-6.413389324417558,-0.731946025033583,2.334799308492963
-3.61731239120767,-3.056498273291495,-4.936431764960746,-7.927685901425346,-2.700869781982804,-0.3118228346033748,-6.901768334808818,-8.665161116068635,-6.429342021599181,-7.191750406168198,-8.30414810740838,-8.876022446061842,-4.297740458908015,-0.6138895169857701
-2.656153893571753,-2.196104058295684,-5.140860087580068,-7.812337624990627,-4.59948141753143,-1.0481043664632257,-8.833815035379178,-9.12377751289938,-9.767288664804978,-11.870538959799358,-13.059502435315862,-7.72598285882671,-6.623668038493933,-3.710243376734204
-0.0810672391751324,-0.4584192704224221,-3.332256016389397,-5.048156689666731,-4.261487355496731,-0.6898587869554069,-9.310752903288906,-7.919378476528464,-10.6106747366549,-11.982970632949051,-13.492801546812554,-2.8024604136630167,-6.234657484393476,-4.656475115387001
4.107714326363449,2.663057083865548,-1.2956777254650644,-1.9582088305260863,-1.949348540102727,0.9118426055868688,-7.067888213788935,-5.68554353644396,-8.41825650379632,-8.335929561177544,-9.38111876544592,3.0237371858020223,-3.746744835485556,-2.8700345037200767
9.219477981007522,5.453496514817487,-0.5581972256353849,0.0036309916815793,1.122423808121377,3.170988691953419,-2.802855427034414,-3.6387428992390456,-5.07354585978626,-4.22488253151724,-3.4302193580640417,6.243714511834902,-0.7843814405926208,0.5797319627085455
15.680920994542795,8.000724911175936,-0.906210170190982,1.3800959475026513,3.712553796077008,6.504161007674177,1.5711838631234003,-2.3302543482846323,-3.0580834634367005,-2.3168425056559254,1.0546545914629224,5.592011475940265,1.6359565299074763,4.100754909008112
16.793941576436776,8.34765744810006,-0.7241363216360028,3.6577401805440632,5.160718765292295,8.064587252811279,4.501185068176827,-1.231660893632187,-3.1730037350983693,-2.540481499538364,2.620170647138558,2.9918435241578427,3.7147717177177215,6.726887955536079
11.918535382849033,5.884824439707151,1.2463486652423177,7.169703733200583,5.374409219273746,7.639171756370556,5.820918461662202,0.4865114249528091,-3.962879835877139,-2.7211986219165123,2.2494389011889178,1.8258658987672565,6.109278382761423,8.442919783888993
6.725630226683236,1.1476047881324605,4.488602620482718,10.15777381997006,4.536006191955571,7.4365162048723965,6.488244473138553,2.8891803211636446,-3.3139894079943275,-1.0363900077250552,1.9290145951596624,4.048843266413192,8.800132355419777,9.649222941642396
-0.4268388926959621,-6.701877892511485,7.011828021188481,10.093944367203006,2.992931630738587,6.782392677264598,7.476065234626515,5.096358399215379,-0.5752065161420159,2.210377547461721,2.778944763495307,8.5706766232843,10.808505031249116,10.421557291674706
-2.8116296099767712,-8.979008398167563,7.068679549104813,6.136013167903858,1.356290403612066,6.017780370303946,8.87496222640164,6.164048687485346,2.8842516398192988,5.0967946909743205,4.391214860067432,12.186473852990677,11.003179504620208,10.274075056715484
0.8897694670151798,-5.145470747256192,4.672631204064249,0.3913718175121623,0.4332721646103508,5.403472709572175,9.882089935329487,6.038051180439961,5.10032620645803,6.131328401786471,5.611175940366524,12.165230972785103,9.131232023031792,8.607805485869202
2.7832511740851045,1.982476624361728,1.5563093961281922,-3.339374314720178,0.7745856611174169,3.634471564043241,9.50365716434738,5.511970292780093,5.334512946657398,5.662537191244324,5.660553712279604,8.306211366742565,6.062568559324195,5.414608959322472
4.62129406057,14.821508291559056,-0.3033589666227207,-2.389364741904661,2.16042191330164,0.7899010229629592,7.318960177623488,5.223722498580287,4.442416725210091,5.272201432883108,4.486874690898379,2.882733439184122,3.0797870055211405,1.5984344844396574
6.004096160857756,20.40206098735064,-0.2124745279705635,2.7610387904952063,3.605951645068508,-0.2377075999077271,3.8151182717513943,4.820491468470625,3.627309152929513,5.926058839427135,2.295436845774105,-1.2370410439090698,0.953457599401336,-1.4074201287471515
5.734497566891921,18.001606529869377,0.9548838657548836,8.953237121816336,4.060691890158694,0.540142615712971,0.2171772234835316,3.3169332768615654,3.159251501692125,6.941006415928612,-0.8845943915186147,-2.562289567973263,-0.3399593829686829,-2.489461944037611
6.717443577878455,14.452092810261652,1.800761053194723,12.818641298423302,3.283773689017817,1.2466446090722427,-2.022404097130313,0.4188058655131925,2.5344524216655486,6.935417513316395,-4.943169129861708,-1.4956334208354107,-1.0949578655476344,-1.5523461980302642
8.53754035889581,6.514811929302292,1.7160349454685715,13.137945830376644,2.1309181556713703,2.497731024942996,-1.8777340587052933,-2.5394655280436,1.7607610292545175,5.761555719960818,-9.03564997832138,0.6865074877197088,-1.1610326167879066,0.4740078953677411
8.041548470508856,4.073836859186165,1.300465080045548,11.273006774925491,1.9694192659384344,2.7116332533620917,0.6863557640587956,-3.1907833818348337,2.0452694500920003,5.231550375825737,-11.44517573239385,3.144666852722736,0.2005746028678601,2.362202269370989
5.428439117643227,8.184141540103662,1.6309352049911254,9.622995937260974,3.6721436435502426,1.5494087986859404,4.548456874485972,0.0011050925055116,4.776433269258014,7.566784732402368,-10.47211501684339,5.817424442970662,3.668805841594669,3.509051668953653
3.2700115828971934,11.346717357620836,3.133904884089162,9.632067524249866,6.953788578892791,1.7172737020118725,7.877005166513449,6.167018871732118,9.705101336990666,12.907902346746368,-5.815650563810713,8.691372851280185,8.948815408817286,4.2922494257754735
1.0401306056950874,16.017195346845334,5.092933219959221,10.954724957660185,10.487774105566022,2.8847471723393534,9.040967002910309,12.212731596621008,14.376072615933165,18.45588476211157,0.7411330008913382,11.018177909776044,14.424453096040228,5.5124013196029935
1.151134158382447,16.473894550156654,6.197525462684517,12.14410685094117,12.656769333520211,2.5219822844205053,7.461888769656149,14.784934429470535,15.764476036015324,20.44260635893142,6.1173553948065305,11.497079330413044,17.83262652896338,7.376137195414024
4.282403384402203,11.471692614485304,5.618852887614985,11.955555454157931,12.422083055551752,0.9242334083605565,3.856347976242596,12.53890387840362,12.792639050094348,17.345081460448576,7.791004720503736,9.372228433399336,17.616525763414927,8.986919062240375
6.805429528158463,7.194878200347559,3.6634165079189382,10.11589579194338,9.816746835970086,-2.257844833543187,-0.2785823698448482,6.956095031363155,7.345623701458308,11.329695604836743,5.397152795204264,5.353606550661091,13.996738205294587,8.954740682707076
9.387224752978131,2.076555630265276,1.4520963442989083,7.153686273753827,5.83694679316595,-7.617237617268286,-3.567367921261493,1.144542880231228,2.743357495023304,6.414035881615604,0.8589135657924487,1.3249399959524837,8.887307914734293,6.692659446408172
8.630312748380334,-1.5637782966620482,-0.0573407935596108,3.742269694834242,1.8401644735992877,-9.950347562900877,-5.442706042399202,-2.355464195770864,1.0372174935630485,4.942192299686695,-3.056758690481651,-1.0602722469595491,4.603301063071299,3.1877728396255023
3.578005854615068,-2.7021533479993227,-0.8138406864028411,0.2331521205269808,-1.1842391875050993,-9.144251559601951,-6.217459079424081,-3.0569435497513027,1.569161766931387,5.647411189301209,-4.678030799001,-1.6809338948785424,2.2701697832802665,0.3734002541667962
-2.115839748777058,-5.43069329901356,-1.536777171487245,-3.333836886033012,-3.0382131522511315,-7.818293396210462,-6.603803058602018,-2.315243539229428,1.9515759461585631,5.1030927814080655,-4.44467648055803,-1.966458537207984,1.1559497584497578,-0.4926342507567653
-9.543867122453303,-9.007514936540224,-2.8937675832235783,-6.933185220317178,-4.200364263224508,-4.744125417250091,-7.117233996485837,-1.8558133944364168,0.359689687369439,1.1280253801019384,-4.331902580364364,-3.618084921597671,-0.5347478466135129,-0.0126478827831277
-12.911337977439386,-10.33574682758916,-4.815586476109729,-10.3047734613287,-5.303469770205531,-3.4658490397272343,-7.814127293149554,-2.392293661961787,-3.0059454996942776,-5.1208801350160655,-6.207839461437516,-7.191207296489509,-4.036150936765594,-0.2430333106741642
-11.263202459419118,-9.775204375959865,-6.580125331700202,-12.932050671227168,-6.598675749995422,-4.377844874177578,-8.46359840368195,-3.402835455043899,-6.394477911283111,-10.277285423777291,-10.371401623839615,-11.723656031589911,-8.878582991330987,-2.943918293512354
-9.519097640381988,-8.512384931382295,-7.49110592024978,-14.222822416253004,-7.7578425058569636,-4.455121970146282,-8.850063254341741,-3.995799236529095,-8.153685870870447,-11.87040161798133,-15.278230446156542,-15.52799955196206,-13.13722958647245,-7.950930761232641
-6.064185925935753,-5.971102751671087,-7.409370450649625,-13.779808086925378,-8.093621704011206,-4.549692544680736,-8.839849741966432,-3.8647847148568673,-7.926783529632878,-10.356251561774997,-18.545429938320492,-17.252622384278055,-14.839833542427776,-13.049577539856998
-3.886394130019292,-4.663363950622788,-6.645989966043686,-11.640689427065212,-7.026501265828259,-3.830661673896228,-8.202532085535765,-3.415731207301647,-6.532257571385756,-8.26972478045306,-18.467511660465878,-16.352296679998517,-13.396447434572387,-15.454899599861292
-3.709462965180771,-4.86875872113083,-5.48124455885781,-8.372238248054401,-4.544523396223056,-1.867354149876132,-6.565977998574645,-3.093038259974904,-5.015150925264791,-7.607393033864589,-15.039162994341195,-12.974756451442872,-9.980618301110674,-13.72246446868219
-2.557754177192903,-3.4961331286467026,-3.953713638339252,-4.939656470868094,-1.4284538657693204,-0.3218631356523652,-3.791084682288286,-2.764969192492593,-3.919977355975952,-8.160532665663325,-9.912422280020984,-7.846501299367041,-6.6880826680801775,-8.691494590064423
-1.302288359417732,-1.065474156661404,-2.155331628503877,-2.37308807195431,0.9318600108351768,1.0744269311262589,-0.4870642156224427,-1.9091370010040836,-3.2797381923547206,-8.306555414214053,-5.416986233775333,-2.382061257366562,-5.204401845887112,-2.908373948405057
-1.885492184340517,-1.0958108484425009,-0.5810910737421864,-1.3715930276494142,1.1740953140416082,1.2934423845744538,2.014820548341796,-0.4032058116211949,-2.9756111714423668,-7.147495938675583,-3.282044560542936,1.4716628724798788,-5.930528999912525,0.9303518176156302
-4.201999308096633,-3.390992528811904,0.0359781195296946,-2.031670029214542,-1.1835374527585998,-0.0642349679598789,2.5410473047138997,1.0246159691038663,-2.9166983809369533,-5.595460942837345,-3.7781179709885286,2.132906991539912,-8.0151740148223,1.4484294561753472
-5.813999906139895,-6.297842828970979,-0.6423522255488194,-3.828106552349272,-5.203488791668367,-1.0181752645091109,1.2001472641493611,1.335845976210571,-2.94805520152039,-5.283274994285836,-5.697991070560246,-0.4032271464415871,-10.065322023191612,-0.8609007095297052
-6.995847731033763,-10.546162272802066,-2.124383664885473,-5.859697096960391,-8.813547292212286,-1.8685916553395996,-0.362286332291962,0.275199293759071,-2.807463018812692,-6.562245149234162,-7.1259577191565935,-4.209989143293054,-10.972664245768591,-4.195593679246091
-6.82624630689465,-11.6833745326266,-3.3875992203017606,-7.265284735448438,-9.931379395239656,-1.6159974129452117,-0.079030603604389,-1.151065728501644,-2.323305075054911,-7.817269395371802,-6.543765503659003,-6.6144381307743725,-10.407706014540652,-6.669381184992789
-4.677611732469803,-9.194270468859898,-3.6813915811565217,-7.62477466975143,-7.783520177705101,0.208868232240878,2.836929095181639,-1.4842476808445673,-1.6242812715612462,-6.92860962773768,-3.661220429152497,-6.156223247655699,-8.836642198526036,-7.423171727290663
-4.930274818393607,-7.524908941893854,-3.0612014590053858,-7.119537641014495,-3.4942684120292524,1.2891003636793033,7.082141735003695,-0.2607754906098778,-1.0396464314313405,-3.46053031892656,0.4881359255583035,-3.628038228216469,-7.1487784423991245,-6.940919092843565
-7.431157456111377,-5.6226635503764175,-2.167694968573496,-6.314217522233921,0.5550162622141119,1.920632920203681,10.140461639369402,1.3447131850065226,-0.7563662906666035,0.6252695175646803,4.236747151641394,-1.2096945100668464,-6.098547342541068,-6.3940638295419046
-7.815719189059305,-4.525594592849732,-1.5468457332623835,-5.669884451852236,2.2274067390806955,2.0582549370729746,10.16409319104813,1.4717805208432804,-0.6630706332465461,2.4974672887766864,6.345956438959563,-0.4705269779026331,-5.83556970100318,-6.5094998364640055
-6.748251071422447,-4.964670234643426,-1.223474769043193,-5.154265752870163,0.9722837943069784,1.2372423839631426,7.29210300307529,-0.6449309874136162,-0.6252734587266104,0.8305879956794797,6.778351259208925,-1.0877002510705367,-5.802388151968955,-6.848540558574491
-3.7263447564429377,-4.660836761320401,-0.8812196070498644,-4.302146821998928,-1.926367765960432,0.5381160747355638,3.3783858433473526,-3.755237792465316,-0.8602555329075905,-3.1223025803694213,6.681901192717259,-1.4075610284307911,-5.118885504727324,-6.125504220773003
2.1551690974346025,-4.039402435918458,-0.3268156225621865,-2.710684637390649,-4.339192165603926,-0.1920311472155222,0.5054052627567387,-5.513598889227893,-1.8392257578661813,-6.623608895543612,7.607344311496661,-0.1745448314025992,-3.2437197776083195,-3.376536720682317
4.268968644765989,-3.1643588675398857,0.3159474949900342,-0.5248374818653545,-4.763688928631048,-0.9935252663330963,-0.3971093922066444,-4.491431218893908,-3.638454199170191,-7.59942495595665,10.505018010195812,2.3122054671325643,-0.4333867777265183,0.9776346992478296
2.5596281011016884,-1.678673591924006,0.8389513159211219,1.5695166266780234,-3.2039898755049165,-1.6757619531043997,0.1898671972134593,-1.4530426459250094,-5.410167677414982,-5.947472456733365,15.17198134624786,4.651204046601976,2.389723356814464,5.140400983319793
1.4555749890566254,0.3869190283109298,1.2531864288331462,2.868291776406707,-0.8924728827560529,-1.9039604085642272,1.156805185638916,1.2930929705584049,-5.733784864046889,-3.0995831952257475,20.43496426139008,5.761363112781893,4.289928069142789,7.120708203931216
-0.4378634626605832,3.1953539134289417,1.766226425450327,3.1905376184142966,0.7971442782382852,-1.553307890233312,1.7025670931240882,1.8869703329069267,-3.769251159678923,-0.5693398258090809,24.79940336048938,5.751725799914404,4.971983951915668,6.159897127140269
0.1396870430038524,5.311816287796855,2.471087971109583,2.9257107463367333,1.326002317320615,-0.8136668879422286,1.679077239564947,0.4576818056339249,-0.1829394462392315,1.0847779652051912,27.06417858447223,5.469940440679949,4.916231341305632,3.237377053023735
3.969060766721298,6.689340995825109,3.156977538548759,2.603319693445485,1.1523281688205884,0.4693572459045925,1.3331430837967702,-1.1138845254166796,3.1625399357981934,2.1617642720547394,26.645083500952023,5.447103839605376,4.943173602488344,0.3032177986667932
5.765544539992848,7.2849063452757,3.5203462757658173,2.496004726380434,1.1312315111364626,0.929084031102498,0.946615627968427,-0.8895933355216528,4.635905316782754,3.069504927976382,23.709581217397755,5.5195373478743335,5.634490430388723,-1.0113213204112412
6.281658045146809,6.671989935812617,3.563881088946715,2.6585189451190985,1.786906228302243,0.4653356424728698,0.7333604663191835,1.535339919771431,4.121680581779572,3.856626310078795,19.245612206832604,5.470401513844067,7.066441904914697,-0.1396078289478168
5.997684076711887,5.455646779416566,3.6831010622969984,3.2121707579654952,3.030890940716517,-0.134471330190441,0.8823720103638522,4.84631449099507,2.9577735921234307,4.374410768175849,14.8857255153481,5.723277610553168,8.916919667647448,2.55782771091188
3.944557816051631,3.440658182090912,4.226546130010107,4.33912056284484,4.374099975618449,-1.22299512306864,1.4538037357317108,7.160983569952052,2.5970605845297285,4.61701411481468,12.202234340616355,7.004988380216673,10.675048503655916,6.261500042962069
3.471570439925145,1.98484460424756,4.927232890376374,5.833659345319347,5.275915250170854,-1.6543959582255785,2.1318546392960656,7.35966192688484,3.283961197503146,4.693422278997218,11.647839409123364,9.17784930544893,11.759652705259384,9.879801946071607
4.540228224263539,1.2668691784412318,4.879390220795557,6.755276420775971,5.338290099512136,-1.2954159122363202,2.1956273354054474,5.546195887978172,3.9707695783930888,4.49425725347561,11.966332811913674,10.65874689379318,11.64884546164383,12.06478153811952
5.049273712127574,1.0160531806575703,3.2846383342491663,5.856781234873623,4.374611921801318,-1.151809736147274,0.9751137850279434,2.57889393828286,3.4381509214076544,3.606696187145289,10.880532020331287,9.463295837625836,10.168327479207278,11.637028449285538
5.656154771024035,1.6786409706545695,0.3742502446890086,2.6970581016272206,2.5153168576786555,-0.945644350525378,-1.4734897589767255,-0.614603168575286,1.4478568320956242,1.7622756029439728,6.862529512759011,5.167182177209526,7.776528900599487,8.484292837615357
5.059291917297204,0.742862082679469,-2.4297204512121766,-1.5549635217657851,0.3235923524222812,-0.5498120167058966,-4.121274832543662,-3.3228562905052,-1.1370034111921967,-0.6076750641189648,0.6201183621865312,-0.1666568186876986,5.453273282969548,4.084176145197262
2.9080076856967763,-1.8630864651500831,-3.454778889702311,-4.594758077058259,-1.310689675478443,-0.0689360721387972,-5.526516560729775,-4.958206375131383,-3.1949995810194025,-2.411153615034749,-5.134885220229364,-3.284141133615464,4.070889216001206,0.7614733346025275
1.801551682926677,-2.2802467928977213,-2.101098812221494,-4.589131330233954,-1.617594797853883,1.2535382179410466,-4.837251848142785,-5.011683943960605,-4.179391022602601,-2.66973553941196,-7.6924086178250946,-2.302785534104516,3.706071597366474,-0.0321828009160185
1.4723087860431945,-0.836977946145836,0.6411504756614193,-1.6116276213237768,-0.488418848475959,3.484282612802088,-2.400392451265134,-3.299391727222712,-4.182897783746739,-1.3620204744917714,-6.523287497201039,1.7397256575363542,3.5489611926527687,1.0634314497568766
1.5599305838894009,1.0142212857094537,2.9881446584017795,2.3837166329625177,1.3534556428356836,5.42446159596151,0.535034327377673,-0.3054178655421538,-3.4380288824804097,0.4811600660948159,-3.732588270866046,5.722011052556468,2.555745680266142,1.850482679648394
2.5882664368094384,4.016612350624447,3.762558113232615,5.071374394366501,2.786559360522034,7.196281392764467,2.7141258439759497,2.766329777198507,-2.026296375127089,1.5482144940776834,-2.357073707905272,6.812850685384262,0.2675285795629918,0.5005988250365192
2.555195358998412,4.615553022460689,3.1371871249874346,5.442248095100041,3.05275080354852,7.882817637269408,3.57175538264579,4.431757791570789,-0.1528343682190325,1.1993269842367908,-3.97393074961758,4.274422197650097,-2.912357858398792,-2.838433035043778
1.4399317354772745,2.44619277264987,2.147965487072213,4.261794189641705,2.2473166959105697,7.125899472248859,3.246605743784727,3.7040676818437817,1.489028691869038,-0.1871798138882638,-7.623725302921287,-0.5670757233603752,-6.084856752009216,-6.151238054399528
-0.0655896463960029,2.7949236343221435,1.6037138070418848,3.076847186250461,1.1479266301631128,6.421306105350671,2.162836531472493,0.7901300842092951,1.9677864732227024,-1.6332520912603172,-10.78169917874368,-5.602872829731922,-8.342759252711488,-7.147317871235742
-2.439970829000948,5.034071552104087,1.5031529510070527,2.843699261360769,0.5621813212248128,5.466931993935599,0.7581294384737021,-2.7759390103519763,0.9828587522825956,-2.260891154301106,-11.335516602979853,-9.056732403182764,-8.9355714345879,-4.872871668202208
-2.10962362335416,7.091764669789503,1.39716429405496,3.427741503512408,0.777588307827159,4.637802004000422,-0.4565669185137722,-4.835128774436242,-0.4976062852460643,-1.725668536657281,-8.904708606877193,-9.80420328189848,-7.280278990800696,-0.1558506010946416
1.213618662801475,9.86405336590764,1.1090255875443231,4.219844568826204,1.5520470042967531,4.203659590339354,-0.8784010978044421,-3.913410469895183,-0.690041070865334,-0.2379363305144579,-4.727267330548443,-7.425446339376464,-3.269973126587047,5.084855008542235
5.32419099100284,10.368138887127358,0.9589374768500818,4.999406998786895,2.523633202013258,3.9018145735474423,-0.1865244441023605,-0.3416053982787446,1.5825932115968158,1.6418968100307154,-0.6376196383011177,-2.565173205950316,2.167706925355532,8.859894524889569
11.140639357787496,8.197523478087609,1.3231653074961829,6.050488007935101,3.5095506351474057,3.950457337334277,1.1607882732679258,3.729670376344174,5.674934785574564,3.249247064742619,1.8895271540326064,2.786286926456839,6.975390004411821,9.866507003246753
11.196409399227594,5.166831218181309,2.133243553096321,7.448491058539901,4.346071825795065,3.257210572955698,1.997272157269407,5.672920818607253,9.30411949894706,4.058082813708012,2.1721938789554542,5.982081304764947,8.907847547735372,7.913780304521907
4.640910074478169,0.4348460664798863,2.908418062424076,8.396463018032193,4.52168258141468,1.7727372135649762,1.3350584089726567,4.243415233508287,10.177025397936418,3.891813235880406,0.3887979452224215,5.407796008067649,7.049435044882728,4.023406096307511
-1.6936822822752124,-5.344497797620794,3.216667040552153,7.501398007499489,3.2181947904115304,-0.3873254768503841,-0.639977798098414,0.5352267227052323,7.782995556132292,2.9896006298129265,-2.5306437516205307,1.8439755927106063,2.607977254623009,-0.0097890485714913
-9.64311495647335,-12.092932850503066,2.9642877364311038,3.932394372460109,0.0195723293249869,-3.535845585752198,-2.5316600838368686,-2.797782160767724,3.825594267674859,1.8470571066088863,-5.29314925551158,-1.9682174647252424,-1.8943348734171508,-2.6376444681280877
-12.641401162253828,-14.702395810631788,2.20248899431769,-1.5591735833155411,-4.261918779741535,-4.50403217425603,-2.903866086762136,-3.5119412711272275,0.8867382769867618,0.9290847686868916,-6.960966975525537,-3.4854776837096324,-4.46688193681625,-3.551838422083506
-9.180774570479748,-12.45758110437304,0.8085737696986826,-6.787052170176764,-7.595793475236036,-3.1139619017249998,-1.6378317370674438,-1.4084267981248075,0.4279334002628872,0.4646025773008375,-7.572607378409828,-2.411626304719221,-4.944589683733312,-3.741785747687985
-8.054570158305136,-8.548649522494966,-1.4093149435935075,-9.48901572122979,-7.95821593672914,-2.1792152141880594,-0.1155126735567151,1.6087446138391073,1.7849094766481102,0.4303770222387371,-8.022917748619356,-0.7406882577904099,-4.641409016662912,-4.404325258236398
-7.549109459979874,-1.4583919868257502,-4.195235747709745,-8.868774932977935,-4.975818097416031,-1.012722619744861,0.0467859898187512,3.0108774342644296,2.9181371072125657,0.6427358554312832,-9.127378389310463,-0.754238995707837,-4.83728422353019,-5.662979438432672
-6.516163296258448,2.5080510799182543,-6.567912252360944,-6.103844261200905,-0.5467437254382901,-1.1702258764324305,-1.4763129004402629,1.462122472567028,2.174760733364586,0.831731177501986,-10.688856618118509,-2.899367634758903,-5.61603967277258,-6.406442267743316
-6.259418767663021,2.704309503779984,-7.32459684827618,-3.4311114021739577,2.344436547929128,-3.201688663352137,-3.4220953544621158,-2.3371167153362062,-0.4517669512083468,0.7017465466001873,-11.557008113312666,-5.544274216885896,-6.073023854321583,-5.516144019394552
-4.313435027843755,2.412376594025748,-6.031202628458838,-2.520435002248876,1.8643534869144496,-4.009448763200889,-4.132795553493855,-6.234091368877587,-3.4956275009361946,0.0776720614932384,-10.734641669715913,-6.701024489343459,-5.454059761815127,-3.27299031773876
-0.766798330228691,-0.0988580388359521,-3.5382514196118944,-3.321859609261992,-1.184185201460732,-3.993468208376144,-3.018427940720777,-8.05797328636944,-5.267114257377337,-0.8637814844184213,-8.440949376172362,-5.874064107501434,-3.915556456248092,-1.3893826444559103
0.8495276097037127,-1.0540935343085136,-1.3798986971943208,-4.1546979390072565,-3.937958175720734,-3.1970612791568955,-0.8795894014805974,-6.88857691893179,-5.018679432033657,-1.4706835250835013,-5.983390145911443,-4.195460953151123,-2.14968108004836,-1.4102373210614942
0.753738678849245,-0.1604031572870383,-0.4887916226145492,-2.9334129352165235,-3.701851452708148,-1.008472728926448,1.070633642377416,-3.4372368679957503,-3.1756909515377743,-0.8319533983870997,-4.5008320403568405,-2.887056699125637,-0.4192312723247866,-2.953793776361508
3.444957141844029,3.0604535589299013,-0.4099424115539989,1.280753634984535,0.0029445209160172,1.6437170858339,2.3235796357170955,0.528308557386282,-0.7223884215795806,1.6557770066018378,-3.880454961448749,-1.8367585396593,1.81693122198579,-3.6423143425466975
8.515387015674353,9.804997898804473,0.1874157183227538,7.380653360969276,5.221468375147651,4.982274053813917,3.161807471275736,3.2369663126383728,1.5207817377550157,5.679708896678363,-3.0292086995819147,0.1227284342122914,5.176044174818813,-1.0844599993731094
10.142236268019388,11.602754334692134,2.1040035129766608,12.576750603503427,9.195508521368724,5.461201615150643,3.7676403260652194,3.780096470437272,3.132715481248198,9.821317122027535,-1.258212367658459,3.539796413492965,9.24190179284389,4.739778322853056
8.766676871890215,8.411993486490731,4.592135370189126,13.911399960902912,10.298062345393532,2.6100111922908447,3.48949247725804,2.330965684553576,3.860806952922843,12.06346233724048,0.6865819555476662,7.132493297521904,12.286428538033505,10.913977299690783
3.090932589536288,2.0041328498792823,5.709164452602437,10.07608095821135,8.676890597181568,-1.296874752952316,1.21175575551311,-0.2821895276951522,3.3852430561501023,10.839017156305689,1.1053003674505248,8.47246232796121,12.293101610302244,13.54647091468138
-8.420386435184275,-9.785215169504772,3.834674504526987,2.37615188688082,5.419021330372345,-7.278921343401847,-3.431038324146982,-3.2119921225574046,1.456885640477367,6.04588074526032,-1.0514440246456616,6.0477370852484,8.512373695957052,10.71386357575605
-12.192090919602409,-13.244180363886818,-0.8713637645585095,-5.868450369642545,1.4310158589530315,-9.51705335121492,-9.187812055153842,-5.899723485179436,-1.6606478618416247,-0.6422618300594536,-5.007093436386924,0.7610472090505596,2.2490884203969586,3.946421023640397
-8.04658775729994,-7.700421060885941,-6.264544798656345,-11.170969956928872,-2.778576691772514,-7.37687082184833,-13.60633148451734,-7.8836723038045875,-4.894210388211604,-6.483643464847773,-8.55891941557843,-4.556682664497544,-3.791671779314015,-2.9141875010257365
-2.6610971965067147,-2.052773248072364,-9.473014576420184,-11.76941092812919,-6.49026817345856,-5.772034956844965,-14.5238185380787,-8.489304258157631,-6.660546997762424,-9.079798259006594,-9.69225202497472,-7.174645431879014,-7.115620534243163,-6.436750616991105
7.118780434120426,6.916097181661302,-8.731597616692454,-8.337525768889577,-8.461160797124649,-3.2597718346758287,-11.501371189333897,-6.977384954933484,-5.796405694140248,-7.694171031603105,-7.986678252040804,-6.283531548709277,-6.8648565914689925,-5.717089940177118
10.136128716246269,9.17550437902584,-4.528940783791711,-3.201131517984976,-7.673348270184192,-2.060117124329357,-6.139011172338229,-3.266856300902589,-2.5728482898417155,-3.6947369194261626,-4.725311760746308,-3.258778210597768,-4.186485418294097,-2.497180583966156
5.1752447467099945,3.0606358184690983,0.6772865406384199,1.1754142188999026,-4.544192672653594,-2.928977236362313,-1.096659270586855,1.4051517435429162,1.0517859460479144,0.1678920422248495,-1.8276572529177315,-0.4664407687837979,-1.4620548736411365,0.3769535950394242
1.4427554261228108,-0.718573679301203,3.966256988173882,3.318074646301397,-1.1892095242832852,-2.670940276883018,1.4583023749552808,4.772316175279912,2.436508571325703,1.2809646374974475,-0.5739205165348835,0.2783545910198199,-0.9350356316109584,0.7970015822024834
-3.7940820738611447,-4.677203426600497,3.72232370090228,2.947172132593209,-0.0813803600218534,-1.9450910566709396,0.9889620208413136,4.959370746488219,0.083887020831753,-1.3169975235452966,-0.9603294215933148,-1.3659481733598111,-3.445644288364406,-1.56056255197808
-5.997555271515831,-6.58498377343655,0.5771805692485259,0.5650185670217525,-2.0793448115593947,-1.7277601003799357,-1.2787083623736066,2.061804750127237,-4.998020889832674,-6.2717427226224345,-1.862815719251273,-4.220750031560215,-7.871008424255194,-5.24735311763817
-3.73046001713212,-4.716705682665732,-3.054045599510744,-2.942990749562,-5.610246205313558,-1.6330467621616405,-3.1804334710737976,-1.5531626727766934,-9.62453177649678,-10.559238087104234,-1.7318534945455897,-6.247678514844608,-11.632389551654228,-7.897564793181232
-3.3032877726602705,-4.868345277538621,-4.57055006573114,-6.44162983407773,-7.866530842916518,-1.113170182872451,-2.8716231241302808,-2.7803423436636194,-10.499659112932475,-11.215910495606124,0.5270363697558764,-5.682171007162594,-12.184033193705318,-7.596718277348202
-3.3977116014137527,-6.142125546648114,-2.914597852665395,-8.681862532222794,-7.047329358154002,-0.1960631467019283,0.1567325278543307,-0.0966585011500456,-6.594656322753963,-7.217206822404933,4.830040594010029,-2.224631305988225,-8.726541380617391,-4.20845711339382
-3.6273168514727474,-6.040802092229739,0.719743897209014,-8.74850114757902,-3.711137046115823,0.7648326824035404,4.837954246191316,5.231431062110346,0.0329954211731546,-0.2944447975258981,9.757464049964028,2.479355494423203,-2.9512873450244683,0.2341039936541733
-4.905911036597283,-5.343074133106048,3.733262653744191,-6.663229855778241,-0.1251572060930357,1.8887390091470884,9.205752083254993,10.12124595473574,5.713669951589168,5.988941061537162,13.235778353200487,5.720387554646038,1.9492260387983151,2.7045720571014726
-4.85644726145788,-4.388033346742676,3.986520567805712,-3.5816527873674886,1.6948009128290096,1.894647983983023,11.596550187775335,12.030169118325148,7.792166218115653,8.423289733793695,13.791334289421002,5.635774048880137,3.4861961895691707,1.3938117081798964
-3.5863036612290315,-2.9123379491666834,1.3441478764411272,-1.2084328217995903,1.4693122198251558,0.6181911230572235,11.596201546132365,10.698037101251543,6.298582288529417,6.155186463122959,11.531364643676907,2.695267870383759,1.640469542638698,-2.736847680300457
-3.125457954254063,-2.7690090806250045,-2.280620719648254,-0.7274087743880386,0.4558297252327179,0.1587408719759591,10.066249268372983,7.885608831245918,3.4159588549086948,1.1105233049874528,8.058784680899237,-0.6483295253748338,-1.2773808978015495,-6.533939240978612
-3.118813980553269,-4.129603748302332,-4.435299932871487,-2.0583472130036284,-0.0326037761757902,0.2845038957080856,8.26619779056989,5.559360690593451,1.42269148405137,-3.421632400815838,5.339628926535227,-2.0182440054117023,-2.577805333306856,-7.089773772130229
-3.9694130881386736,-4.645769534016151,-3.986765522943301,-4.0520993896729465,0.1210376331371207,0.8308586006721657,6.840693838734751,4.294994977229976,1.012263475818486,-4.968716154705192,4.417402478986219,-1.0819553259939312,-1.282199290769256,-4.034497375567753
-6.091043966794402,-4.68172661197854,-1.8232495755036096,-5.444583777096113,-0.0351333967798837,2.230468142226436,5.543247905526755,3.2734536543699164,1.3187004171989545,-3.272667995452821,4.947812254082578,0.4017164390913876,1.396364567651517,0.2721688874788128
-6.588656615056258,-3.689991540028741,0.1125826949757424,-5.733425573563579,-1.2618126596780144,2.826136149972273,3.844476042619647,1.6132080754022695,1.2551335272024744,-0.0695762874924526,5.7439545176004,0.4592409189530713,3.410064763025389,2.734475220669708
-5.497070102354599,-1.1705636970717326,0.5216290431941957,-5.250299202258361,-3.057562151117395,2.6371693726070724,1.707846139109506,-0.4435591465938273,0.6343296147992987,2.3603575478151697,5.68965498380777,-1.1935554382353644,3.6702245799810393,1.9011735700046304
-3.4530880086698965,1.920530811173509,-0.340865326300559,-4.489010593880323,-3.870058382714092,2.4735835607134278,-0.2894375155477746,-1.6644467727048775,0.0269238234216686,2.71576680984748,4.290732831395758,-3.1007112537326407,2.6795057923906143,-1.1964043193521547
0.2515928828790196,5.906997481603594,-1.2311523708423806,-3.450661385907779,-2.4334651512074856,1.9844349077387489,-1.5400173261520536,-1.0603431389539535,-0.2264523414669383,1.2624875071948054,1.7080241620885772,-3.789346791508024,1.6891771642983713,-4.121833040397576
2.3253022943395822,7.252577419478002,-1.2350176616118915,-1.6980011338224017,0.9892467951340508,1.5455677793053522,-1.9657740462453148,1.0335497966469234,-0.5922466465152638,-0.7277443912484216,-1.4086068827742508,-3.34304282948014,1.42688438330714,-4.82125323575022
2.6528173803047888,5.53250782858741,-0.508949999458082,0.9537573856801772,4.594043254677388,1.2238018100912194,-1.9350142293725128,3.022380603460306,-1.858864389228472,-2.1098177341294786,-4.092353010906521,-3.131394931130046,1.5933225357567835,-2.717775078544406
3.431012415900897,2.741418638135466,0.1430002368641112,3.865020369136687,6.289658694702126,1.154894073571509,-1.7554647265095014,3.136202563257939,-4.202016871918488,-2.6920654444664933,-5.409277267955929,-4.057407546999684,1.351380819121033,1.297455426916514
3.9287930556878656,-2.135498875358574,0.2199671902759234,5.781746551273756,5.183876649293893,1.4802970726916267,-1.4678831421916811,0.6022431974031406,-6.89961919638165,-3.191942144519686,-5.097297757479396,-5.331856614532512,0.1074676285445548,5.475187970753922
5.511782113189468,-3.4377076465863143,-0.0580891141726169,5.724896844980762,2.142410409237087,1.5120440431670168,-1.1985097406646616,-3.8893939177074657,-9.000317321792863,-4.433067088106043,-4.066225203876385,-5.228311878941241,-2.1255508857081225,7.891501161577963
8.515018166322562,-0.6209148811963086,-0.1941672056416905,3.791642350849031,-0.9218083081626104,1.3011821022984569,-1.4805838817102597,-8.550641009051901,-10.149505896104642,-6.464008295536644,-4.04989923001736,-3.0862670669191488,-4.849758060525772,7.148422446841451
9.921975733100568,1.447623602142549,-0.0666102760769007,1.1814184680856137,-2.390453759845194,-0.0242201112938211,-2.869230013323562,-11.357546094036389,-10.635429420419754,-8.326775807027744,-6.296363178659117,-0.3715349030064701,-7.312153322119197,3.1469822455587213
9.962991224786856,4.119774128978561,0.0059034867002134,-0.548696682377309,-1.9044327672978636,-2.7114277579616606,-5.076372084467215,-11.033555345167963,-10.665559526871473,-8.679164288371119,-10.23705533995254,0.5242827940756625,-8.62743413259756,-2.4438380660928765
8.877445238495552,5.6147494811097545,-0.1837790608714442,-0.3886073777057959,-0.3457211884773699,-3.287629020348853,-6.672193969973492,-7.798204742415933,-9.801621468886118,-6.788000106234875,-13.442681253782894,-1.2907804030773988,-7.95351337238592,-6.687513831728566
5.989912221256804,5.178890841415863,-0.2790047334936076,1.6681707371934351,1.0165675819248603,-1.7788195557865014,-6.015204776293601,-3.4329107479142635,-7.306761808183751,-3.127319085141849,-13.228655724786464,-3.9895513013109394,-4.90868829806314,-6.996082744722287
5.234849119221239,6.784325596497922,0.3895992890055879,4.763096549733518,1.5185243324665976,0.6266573260169851,-2.7469493842682766,-0.3523364353076204,-3.0975242528569997,0.8544474401401772,-8.757876267267875,-4.391101661147729,-0.0519279330817994,-2.949399625205359
6.709816080871352,9.972330141270447,2.0532317011021064,7.664244315697061,1.508469341744643,4.755224637667299,1.6127052915969955,-0.0303226650262899,1.7478476215057412,3.601608410478349,-1.8775813967522763,-0.7831967879471904,5.053168979370128,3.1520697728435323
8.036035198045866,11.265677120440833,4.052150854663182,9.330252880197063,1.9159960790343007,5.988795837315751,4.712078485217148,-1.8756984905199372,5.567475246434242,4.346341390088355,4.092193215497673,5.41075347088406,8.495119270853252,7.735435054297
10.097768960972555,11.125273711810204,5.227433842193932,9.385362921318574,3.371087975643661,3.988554825850896,5.212657099060436,-3.5856501226409705,7.318118417931942,3.481517230585212,6.677467419003108,10.724144752375992,9.13344649709569,8.518861789344271
9.44347288650713,10.48768060884125,4.874790384447579,8.346901954775888,5.604232992946152,2.6704053787482542,3.789033529992821,-2.8735292819434903,7.305249248390055,2.2429789644492644,5.838946825918811,12.555780559646903,7.435347228569356,6.190683475109154
5.558878941384342,8.714887672149514,3.403965718206109,7.3833602183236735,7.612097436224872,0.9857342726638588,2.443982221100612,0.7789456219476278,6.809431302705605,1.9290626978045111,3.6885486130470326,11.283319433932604,5.325343642497842,3.743682377531968
3.277183297002252,7.149477551476589,2.068579518333422,7.552695154711046,8.412759589240864,0.9226796927736158,2.851376014794596,5.788620037330929,7.00050024723123,3.117432493753199,2.746609183528335,9.725938090826048,4.96251956695221,3.9212415070438738
1.874275296428552,5.849893606545628,1.940426250431642,8.922351756089938,7.7199393714194,3.1715723561048885,5.187875190638351,9.747781476160412,8.096193060360065,5.3389481730469015,4.185628706996681,10.514728533249468,7.181212142506297,6.896655637438244
1.261050469872337,1.9315869801368075,2.981477718075894,10.28591776941596,5.996909248567249,4.165698438682171,8.262125344701872,11.115530708501524,9.382495403512737,7.423088901318465,7.275987176788021,13.75222305822956,10.73770820033826,10.16424015352584
2.3485460551957926,-4.521459048374592,4.030941692597708,9.899905379188226,3.971815097972808,4.441553699487751,10.52676958441748,9.948355967763746,9.929267482916316,8.306696260045555,10.187891112894818,16.967274934100033,13.073544362410756,10.712112098280729
1.1431582650630665,-7.183193823545565,3.7834217921686095,6.845155772823091,2.161444799774358,4.075765512019206,10.988841431227913,7.368962426654434,9.353315448816945,7.761262911672475,11.383128118638524,17.27071548580409,12.21263899334167,7.572570210894014
-2.304909836195022,-6.16167581368309,1.9810868930262584,1.9672988168438224,0.8090953742391775,2.412654770166486,9.464565817579684,4.589959807795253,8.096537582338442,6.527020526712704,10.62708975816895,13.760023748593994,8.434027160626329,2.595822421424828
-4.9407589296883945,-2.87984586233868,-0.2044212316861831,-2.4545626516751327,0.10804280056891,1.1075769082132008,6.368714583421252,2.392210738690437,7.12405400050875,5.773582077462606,9.058788799153264,8.19164806432218,4.349986063597498,-1.0678078930507129
-7.500549545484686,4.234011167119279,-1.0084053271871198,-4.187524378943181,0.2760372959821779,0.0031555811876014,2.477072311557322,1.170314713490825,7.294197623933087,6.290636062193926,8.349791633503173,3.55516343045565,3.1336730104744674,-1.3485539444654933
-7.621381460852366,6.526142090315027,0.4821175902545747,-2.59726317808736,1.293195134236612,-1.2175810312516864,-1.21977162833673,1.0422352059792956,8.766409548405136,7.961101248215755,9.470328092581894,1.876631526608889,6.09558207329701,1.4362277873196945
-4.619966617529307,3.597763580010988,3.450688563511904,0.8987669523198747,2.5927069432764256,-2.24246059337965,-3.7777002486259335,1.7081024482824887,10.766151028118202,9.812973023522318,11.83256506961584,2.95442842826742,11.443727676781007,5.116319402747649
-2.86281882938195,0.7587950535082695,5.812401785398379,3.801643363693529,3.149856253465259,-3.0817399408047903,-4.758913793789361,2.33373174968915,11.890435459888522,10.572670305594784,13.465357932545883,4.757313516183103,15.291022869695324,7.261183792337533
-1.7802017591597985,-4.02876104357883,5.711718647066391,4.1768347397630805,2.06711641021775,-3.6546571985170018,-4.580270442356095,1.8952704758035,10.879681637335125,9.411138059433142,12.289171188443788,4.944883232109532,14.31356651689157,6.505719778606817
-1.9111189567690972,-6.269274336782569,2.905596928261048,1.7893573370790818,-0.7439395481201245,-3.569248465560736,-4.325974602139695,-0.084941393126428,7.453372721269261,6.501713828622542,7.724582854453274,2.386915526796656,8.154856163878094,2.930326800049897
-4.180515301942818,-5.190001624594407,-1.0397618705997047,-1.979977293079628,-4.34304238067125,-2.7276266542031014,-5.003675319061358,-3.0503288068066468,2.638696527412776,3.0364701366315785,1.4048588953712624,-2.2052701330389937,-0.2391548500543194,-2.2822512621114583
-4.917727051638428,-5.411573504974916,-3.87899081882847,-5.2199501543250335,-7.243211993584509,-3.0118391255178616,-6.777034549451855,-5.726566855920964,-1.7411350860359107,0.5558322787928773,-3.753952019994813,-6.8019618537741735,-6.667024917581784,-7.398248955373674
-4.397563371177156,-5.800542730571853,-4.26486355981433,-6.71343341598822,-8.299681582429002,-4.446026364026927,-8.810631938193637,-7.068551162874883,-4.157118271031322,-0.0951839877216116,-5.589585861584965,-9.378865688423502,-8.579813207806183,-10.669151045887702
-3.024750864228973,-5.246445860922006,-2.582709469007796,-6.483785433279081,-7.380576511198114,-5.188172464534251,-9.865728612479645,-7.008515404409764,-4.279252233368652,0.5718176693540045,-4.231000024294644,-9.2180109330925,-6.61473669835209,-10.901533894730164
-0.009743520090395,-4.250167408811566,-0.4614568381189201,-5.42990385801204,-5.328496398695506,-5.586298687777787,-9.152926900075954,-6.306463484619712,-3.0094693896203357,1.0646575711591597,-1.7741046071306528,-7.271887645656307,-3.603779515200927,-7.9927947581091985
2.639174340395554,-1.7397517020297697,0.5799376938623482,-4.469543188603893,-3.2591520950340964,-3.959004624474636,-6.801702186031776,-5.665256704604076,-1.653084685725048,0.1636717903968474,-0.3165627809177067,-5.249232772422829,-2.0052965074517037,-3.1167658360623136
5.03932880424192,2.47335342183838,0.2269964969179909,-3.892923510367382,-1.7914604151860658,0.1842994493118237,-3.732952761751676,-5.038754018270765,-0.981637002470734,-2.007366271074943,-0.1556665195844289,-4.146129037517767,-2.062650200469079,1.7023635683881366
4.383695720588448,2.536235496679306,-0.6756267186829064,-3.4019711769228707,-0.8804195166749196,0.8935151519186382,-1.217879545834876,-3.905840570796954,-1.0192065246137645,-4.165441411813845,0.0715975612588408,-3.596927914027674,-2.313478188440513,4.478439520934444
-0.0772185321537102,-1.7681217259836015,-1.2028190166990953,-2.745258553590247,-0.3649978372561691,-1.7079908130020869,-0.4585499896859346,-2.26524740581408,-1.65475249525025,-5.27119185859101,1.3705855726839218,-2.7829953939053667,-1.8502227657977528,4.092607784830307
-4.654252148804394,-6.8791484259186335,-1.4210188522270073,-2.3404702523093874,-0.5958062792035435,-5.769890368143461,-2.2106588801434555,-1.215741768654425,-3.3086353840908487,-5.837772012546566,2.5653056378528163,-2.031430398658813,-1.973146196932248,0.6000272185933682
-10.177769302571829,-14.188567928651322,-2.3775252394391373,-3.210602349617602,-2.332507046977525,-12.679202714383578,-6.325452399587903,-2.2442022091645413,-6.760777922123907,-7.7221894799788515,0.8185490189409848,-3.2489468569879136,-5.346065671207953,-5.012936057038814
-11.679140309505897,-16.00034201694952,-4.918659357891556,-6.090379124150786,-5.808973700411116,-13.907444492298405,-11.395224193867309,-5.6546887968290775,-12.094740392322365,-12.331032715476567,-5.560005105877735,-8.264244337491391,-13.174847703721753,-11.25957983581884
-8.119319116772925,-11.326456377877747,-8.427017859965872,-10.354095207854924,-9.847668626195173,-8.842701477293474,-15.02715546942909,-9.666322999061776,-17.754671285312497,-18.788658956325207,-14.561725187385946,-16.372397565759,-23.05058774255167,-16.445163849729397
-5.492654375890147,-6.960081712103444,-10.801486568631615,-13.79969885718242,-12.116570036078883,-3.504962968855449,-15.01041878462911,-11.335598260756116,-20.87380284909977,-23.88842950421076,-20.93347274414964,-23.634023367121927,-29.797609314048717,-18.879291505679475
-2.466877459583623,-0.9404207549445616,-9.946977994829696,-13.812087594192237,-10.669306360186738,4.165563969783921,-10.792428696836623,-8.79041028737538,-19.012518138607447,-24.1707798968082,-19.81238494688182,-25.19831557757516,-29.04489968560074,-17.3286752158715
-0.17044378439454,2.6893333688741863,-5.5907955012417005,-9.269152008729408,-5.60557179811758,7.329159248281535,-4.087201440386252,-2.878944529625187,-12.096061255209634,-18.54903350882012,-10.651181233351965,-19.05387960811572,-20.656083715426576,-11.777560173690745
0.4052998950055896,2.76968110460326,0.2123050112961664,-1.710732236929971,0.6542026089234696,4.794691913493206,2.099900844198828,3.313138112371689,-2.927242758613829,-9.319877916456107,2.025098607776499,-7.961526473354297,-9.064696490262122,-3.973955931825003
2.206898535847984,4.383597272491125,4.463635305834941,5.364628647984318,4.9099045167226905,3.730482646473424,5.441130911826349,6.759375706199307,4.349676479485879,-0.7158807603278774,11.845600242620549,2.3178210977150684,-0.136698220333983,3.008369838941689
4.716733700972169,6.348108451028685,5.407890666132857,8.7660785803007,5.394903944614043,2.369634923546844,5.715658835374484,6.658929616417026,6.831146444903652,3.817790130554954,15.136124805818897,7.146295523142953,2.87744383762697,6.369115229086674
4.8127109284685,6.072008719404554,3.706205869596261,7.761065020180581,2.8992124392509595,2.039054365040877,4.567993828588101,4.680408667857705,4.592921444651665,3.524268299893833,13.012166261559171,6.063626606155481,1.0695015523326674,5.412940505113966
2.659851083842444,3.9875267358141855,1.6588970226855508,4.396163106415202,-0.0503253319286614,3.825211513627857,3.913984384575088,3.2405431824835205,0.315964205116984,0.2110351026007038,9.526817398374874,2.382286436397408,-1.8328700752559823,2.1227477301742965
0.8970059791875633,1.4114322579667593,1.218571560827968,1.7257579627743098,-1.1972560991138153,4.367277367267337,4.453852870362994,3.450223788425319,-2.839142160856113,-3.3683942449154074,7.840186434196312,0.0226490204530591,-2.806118226732224,-0.2501143145321975
-1.0103796703298906,-2.0560836187696747,2.4946764412453604,1.4139896027915029,-0.1024842608417202,4.230198803972426,5.510332273542872,4.4709365182316105,-3.4194591790933373,-5.149448685874631,7.862438686157702,0.5037430175709687,-1.5985545354272972,0.3431001688954893
-2.785393649648809,-3.500219940809396,3.896170500638618,2.660571533481118,1.8932758608586369,4.0890013346288825,6.082129621091269,4.625829672631369,-2.2803167665971387,-4.416113168077686,7.137204269067297,2.4540394597623845,-0.1056034887815258,3.1974666945928902
-3.9559972763677873,-2.4594296186080427,3.595481938949604,3.2160080307571093,3.04119850821138,3.441848110651315,5.91518259557256,3.083528834642607,-1.31208407742713,-1.6168025501734178,3.6620459334030215,3.493110225943724,-0.133732978836008,5.549741817326947
-6.5490683932773015,-3.005517483025096,0.9771560335235564,1.4696251357758,2.6228459383671066,2.06207220757718,5.564361504148565,0.5942168013011724,-1.5548796297700846,2.0178621100002943,-2.20733854648887,2.371546934055573,-1.8139729778048377,4.9239584001607
-10.450867843991668,-4.494468247384103,-3.040909742530971,-2.211887678796529,1.3095472834248767,-0.1443804454960783,5.568264963247941,-1.2517641310305407,-2.3979432928937854,4.824407193948673,-8.392803327260083,-0.4755772937226084,-3.9194090624436058,1.0871804307684556
-11.603995546029289,-4.7122512247812365,-6.832270255167742,-5.915342881411903,0.3223111014670508,-1.086773423437869,5.76154485735259,-1.446180176761061,-2.4935317869185667,5.307137112059991,-13.28847615363199,-3.928796869371695,-5.368326710058227,-4.007910038847854
-10.073250708611344,-4.18553850590651,-9.161354983659038,-7.814375427225798,0.2699954678593599,-0.6902642404708206,5.514795381142477,-0.3630929346302878,-1.388386636300254,3.0599052106451268,-17.12689127956918,-7.2666169752356495,-6.2190025252344014,-8.025153847025791
-9.713597485314908,-3.0679234849338,-9.700606713504556,-7.505682033880078,0.700716974717821,0.3330382894671996,4.622668199885979,0.70454992075787,-0.1875087228650898,-0.6446611206582133,-21.16978557646144,-10.192839375339076,-7.249119591451944,-9.98734266239032
-9.8145021763122,-1.0244125719488058,-8.809238626897447,-6.000882100770099,0.6705607571636136,2.535138201716146,3.801547678176867,0.7538987089200617,-0.5136777236876,-3.425102434747416,-25.700013797809007,-12.148134428402535,-8.772339754396121,-10.433618149559692
-9.429679153152543,-0.4082902785838127,-7.039552532302079,-4.612616147369447,-0.278217293221858,2.9916964893257734,4.108896832145468,-0.1106879274294598,-2.7512595398965223,-3.4404103542127613,-29.04481031376295,-12.118736603032644,-10.04966735906626,-10.177045212181463
-9.141690862202502,-1.3380718616872571,-4.861555712303186,-3.86489742204374,-1.6366397117811786,1.5200612771685351,5.731793386785139,-0.9444261530214462,-5.371110052246554,-0.8462534904889161,-28.811758737680563,-9.475831929782998,-9.90835728826925,-9.198599380674416
-5.802612393362145,-1.2177885464491258,-2.680506452617749,-3.341554242480896,-2.340391371157395,0.3454483073096562,7.365445812655466,-0.955910778664432,-6.133848695635848,2.3234206345062205,-24.23135858314293,-4.983787958459899,-7.873829281631799,-6.863588241030342
0.8776628003236776,-0.4930671964186764,-0.8888612520119352,-2.404137873974449,-1.6633379731236602,-1.202843406741413,6.9862574394221895,-0.2224240990186388,-4.088994012456894,3.896404896085045,-17.27156152082435,-0.6612283643845558,-4.609365563579686,-3.0731311664638383
3.9265703794437634,-0.0841736524105582,0.2400768612462229,-0.9561278850783594,0.1818731801704984,-1.5608362731828516,3.5318861269220463,0.5239367972106947,-0.4260512709814463,3.414682151626323,-11.290276616483313,1.7032373821270426,-1.215522911335512,1.0953696747006063
3.648807425634242,0.3833407854987098,0.7143421620891957,0.4613356071669727,2.190039597901972,-0.3337757256010206,-1.964269237026599,0.7206642317371177,2.663891160176973,2.402921041039974,-8.379639972766626,2.050687039889226,1.865048991520439,4.111392176178924
3.61564684381915,1.06366674718668,0.8094771664477207,1.2132603457971245,3.2745534192826824,0.7268076141186006,-6.901800418811575,0.4982226613332727,3.958158188130227,2.8135152720822134,-7.871026042398114,2.015708488698891,5.170708577886643,5.364419648479384
2.4243628581848222,1.9073856290024087,0.8279790051008433,1.134756772151519,2.981798112364828,2.073979271729586,-9.000384071656498,0.3661468963696848,4.0200959231482045,5.114247574127944,-7.384599136729776,3.2591112201709507,9.370913685063186,5.679360339548424
3.4626693300842994,3.1417347805260154,0.8566692567875407,0.5930737320775279,1.7383388269830675,2.224432414510159,-7.999869072585682,0.4539576112205168,4.120643767392892,7.784516778970328,-5.355200221615689,5.751484443248273,14.0463602443036,6.352239046572436
7.295846883899203,4.822430471535992,0.7821967062518524,0.1064322212986894,0.5312473398065549,0.8103283026491034,-5.728395777124376,0.1927081363529623,4.54029507453015,8.63505221437157,-2.561077587974978,7.716516074712274,17.375986321696928,7.709446453991802
8.876727833281087,4.752587441105089,0.5612582059621332,-0.0061326440381321,0.2626805435960477,-1.0896425972454724,-4.4929390805516505,-1.1397328749847588,4.181122179510453,6.706854515278224,-1.1993612530487212,7.335186416304737,17.270823036196134,8.770463258755115
8.894723712862934,2.799374168068313,0.4485022762708013,0.3842168175643792,1.1824925454935735,-3.969815375548697,-5.190312763695886,-3.5163064072709176,1.974156271913671,3.077340467711906,-2.4791565659677417,4.587377741317084,13.175290319921771,8.43078304083258
8.983570107260254,2.5591855524919582,0.8911706411839191,1.437196011766332,2.7608985881399803,-4.088598879865719,-6.7249533630431415,-5.839942425112042,-1.451955115953865,-0.0267237308960943,-5.143868178360947,1.486875878919193,7.020444712139124,6.891886470268503
8.313708097161538,3.7122650695046255,2.1286065395290734,3.383386812483764,4.108489097261213,-1.0568951506388882,-7.113062870083979,-6.6288279734060325,-3.78883775849522,-0.942833320736554,-6.405658161453118,0.5088586925805885,2.351650861094185,5.705880905278036
9.454574438235516,6.770269838205032,3.871407652148207,6.23351000833253,4.66056178374123,2.8769043624212016,-5.192272526999943,-5.171733838860291,-3.000031152323004,0.3170640934783364,-4.428918751220635,2.642195652768237,2.068355479875038,6.246999688478809
12.687880743660804,12.607023041166826,5.418801347224303,9.449113909159736,4.58588366340058,8.730942564054967,-1.459773087334952,-2.1427910796938363,0.6214898299743936,2.318891842770938,-0.0282676367915541,6.706777848668992,6.379137759058835,8.16791602034084
13.819497839061182,13.694546730154071,6.17995178157156,11.998599101926402,4.54829068077072,10.364768328833382,2.513881586512184,0.8772689553259738,4.391377744915587,3.4318154928087097,3.988061851961561,10.347180690799632,12.527803750854162,9.54194907649986
13.261559369423397,9.88527658168515,6.151101775397251,12.88216719415243,5.00363036982219,7.113711750321663,5.359522040690194,2.571778992065901,5.3993958588188775,2.986616285093646,5.202674044317519,11.73015061975957,16.584531261862253,8.689786427000115
10.71964462921573,5.306841924157318,5.885040742805416,11.746765991434586,5.67140681091189,3.874437020751662,6.681716570136132,2.7620155407751668,2.9733805737007515,1.565998666288408,3.5517358363662765,10.61531251399623,16.06122563020631,5.886311367623534
5.234019924097441,-1.7732292805479866,5.937487219688762,9.09048583092033,5.69830461809272,-0.9051256870797392,6.816183396966608,2.289925637933777,-0.7988441835991011,0.3829190100020696,1.202666072078955,8.186553945600565,11.4797505968736,3.177328895079029
2.5751227957701524,-4.314503949903382,6.280621687485109,5.900360833016407,4.393940393146579,-3.2726493045025324,6.089505121567584,2.101581344231306,-2.920360739244813,0.3322439025635049,0.60281752956422,6.0115206839428765,5.7939223456393165,2.430666193736158
2.7258490412820127,-1.428401912529871,6.248169963128134,3.0417580803855917,1.874815601434648,-2.362419236082249,4.468074030588468,2.402931207709173,-1.9954073546740572,1.4150880403060455,2.501457893273937,4.980933658766958,2.1726062473298384,3.5558643579603317
3.2153655546837734,-0.3123257192302484,5.114226353691606,0.8878519258568076,-0.9555611223534016,-2.774719154383912,1.9266414466123365,2.6351212878892056,0.7981280552464796,2.86623253647565,5.5991450036415245,4.909280678143318,1.8545820008708915,4.662160348609234
5.355409207214096,0.6964770693488294,2.8160970925387687,-0.5862293018681157,-3.0405113916356754,-3.4511545915327413,-0.9679164615167224,2.2219938409297697,2.97730530545266,3.799028260979071,7.932567872390166,4.946075032943611,3.6414987622348463,3.95189681916429
4.615216713369825,0.2655035279246953,0.1683113154898023,-1.4527185941021798,-3.844463977330406,-3.53044337792387,-3.0209017897244053,1.3186043924596331,2.997332116338441,3.86124740839432,8.624665317282336,4.409583671487212,5.231755299017209,1.4192845036492372
0.58211945306967,-2.773771507510578,-1.6556508808804438,-1.632275676490167,-3.5432039448949126,-3.571934903648799,-3.131754878928575,0.8087968720094523,1.505926258495208,3.44701397262304,8.478443692988321,3.3899800235165003,5.146735021178472,-1.2868782598742428
-2.5974368075893217,-3.959162526580605,-1.9586262011002875,-1.0511709623484649,-2.70445665805778,-3.431199876834813,-1.1905614831194953,1.5382171129704432,0.6586198690405922,3.3569573575160803,9.055563542645416,2.6580479235444727,3.671590420103485,-2.54593795759763
-5.943616572872285,-3.795412601717652,-0.9816571466008668,0.046701619576396,-1.8451302071432,-3.1219087001233308,1.6854219469361738,3.514554494297016,2.2131433818136657,4.187829433601564,11.2175194340669,2.9816197774993896,2.241222461583817,-2.180556230430909
-6.178306188341595,-3.5465310048741654,0.3751863580113763,1.0427472563086155,-1.226701076556708,-3.2910506382074587,3.8709096656431257,5.834505142266494,6.032203111319944,5.898384266706046,14.457826685211614,4.466062188556862,2.0698882897048065,-1.2228263044153778
-2.400846518342012,-2.4315543609705967,1.316061077175391,1.3238014557635722,-0.9245964932106574,-3.998201644153971,4.362313807384851,7.396721272199898,10.167205501425116,7.8334238342338836,17.504200485596073,6.50956376996578,3.3041528129102176,-0.4765839768830062
0.3134116050199597,-1.3276652654610548,1.7447116415205812,0.8124519535549268,-0.9560230903253456,-2.9982709439942137,3.409295401391205,7.729999174731205,12.383039234461677,9.146154046984009,19.48721404346261,8.36233475816286,5.245193075210295,0.4398409996087764
2.829085400958062,-0.2578146911344752,2.1984870112961232,0.1108374017205449,-1.2860846000535275,-0.2764077955643708,2.1718675152551725,7.215899245153196,11.87310502458496,9.299826892512414,20.53958704568157,9.68219511202156,7.101363340902225,2.503993670654893
4.078189129305837,0.944690015595984,3.190156515156332,0.0106589688416249,-1.7433694615625654,1.5889522321084,1.7523854902808864,6.613067514880555,9.810352243165257,8.336086827238802,21.344469517204857,10.529483284366222,8.405943270874417,5.826250908643004
3.0605126962311644,2.073585228927552,4.535508684644697,0.7470326426031306,-2.0099947690457896,2.968412851709759,2.4303363420703192,6.4182181405337815,8.323529192829426,6.8016059790343775,22.2208424480764,10.903685897285214,8.869763332610319,8.97265698905224
3.0568689428897287,3.0803644243274926,5.286602434216277,1.716238219546142,-1.7812608264121934,3.37776590175745,3.666915641208021,6.622629867327035,8.752390091102612,5.440264377346608,22.76432104446394,10.46778651038423,8.18430900977934,9.941475633179152
3.574455038557385,3.88813659424607,4.419553766993957,2.021103562175128,-0.9939218819388884,2.2553635240737195,4.732946187211553,6.925455317657722,10.61622954832754,4.832680630500633,22.4401560850726,8.884753702282183,6.260366249193183,7.946558661811167
2.998727451932362,4.315958528531928,1.787411424129118,1.4008218559143018,0.0881559127748659,1.5754552639634116,5.307151611341169,7.027583733918931,12.119616841228977,5.121678702478761,21.467252087170426,6.41911300355865,3.674417739120571,4.291648252644535
1.7574677917958177,4.278246349172219,-1.4508071716958142,0.6227742564156671,1.0418380910655145,1.102040681101493,5.517157316504694,6.688584527136719,11.694390532388212,5.907227332922062,20.91847693799305,4.023635915989374,1.6277836628747335,1.4526523367616306
1.8687810094179325,4.735469514513119,-3.3948449412019244,0.8297072445805469,1.5760354970970525,0.3807886731119518,5.4827348030299845,5.612210702178047,9.194213540051608,6.36608212175706,21.69000599325761,2.6038624692093397,1.1451129721070856,1.1526200030976668
3.3084430356326693,5.68334509943255,-2.683013265896836,2.3473046056565394,1.6820654485224793,-0.2412586081279817,4.907482181542047,3.455823893805526,5.73445078139288,5.602885573563643,23.22126811979381,2.083043222180656,2.128902490784199,3.092984959820015
3.8518154335763537,5.920247736559305,0.4109664987278769,4.096234607690029,1.5125169796728066,-0.9628537294756374,3.214048797698922,0.098104275380578,2.4694054411432163,3.118441458936504,23.339595333654003,1.257676829676992,3.2172052379618954,5.323673139554451
3.8423286571292383,5.585750598269212,3.935063163063259,4.309762119366909,1.147843671079042,-1.744927890234218,0.1747649991106614,-4.038615201141974,-0.4201910162039712,-0.8514441373381207,19.724601538416323,-1.246055869376448,2.716967811157801,5.761446327548536
0.6397543244915801,4.235883404152186,5.427865398654177,2.047013614468096,0.5372660530443021,-2.3892469089351103,-3.5466454417041007,-7.953008967016119,-3.5488137687755863,-5.369353772902098,11.937179875062723,-5.702284819286426,-0.1407932602291453,3.5201746813299337
-6.457449644018669,1.567014973926378,3.551195226043617,-1.8479066083125133,-0.3040973690900159,-2.892956938189103,-6.556356193212061,-10.472375012065694,-7.2356335435591745,-9.2409866819626,2.205105107994008,-10.876139798130463,-4.685849250364651,-0.847169114182357
-8.92272800977994,0.2159493896600195,-0.964167218002686,-5.286020481440112,-1.0894141809072124,-2.540345583021792,-7.633942708261415,-10.909882941591055,-10.72012886965367,-11.619811222088272,-5.930254583856261,-14.894000294337255,-9.38538765911224,-6.006123841219257
-7.003950200127224,0.1627081257085197,-5.767811793651859,-6.569724552710625,-1.356595071716498,-1.198667330929285,-6.703149219673641,-9.54336561851823,-12.568843976650442,-12.379911439680626,-10.128106462795252,-16.6299718440547,-12.882275898057069,-10.600703852711211
-4.001406814376658,0.0157421912127974,-8.44242171654318,-5.6939477723176,-0.8594902448002983,-0.3325650350399874,-4.99882912618942,-7.528886997017359,-11.9084006720918,-12.0191570096451,-10.825504337604391,-16.393873644895656,-14.596013670082796,-13.6286159900459
1.9652654658138424,0.3467002620517788,-8.05253484632918,-4.176577915043268,0.1153228415568463,0.1839696948722922,-4.158819989942714,-6.204737640333036,-9.255816970056088,-11.210056592077777,-10.542172463212808,-15.401832414775896,-14.602348883379534,-14.57986766006148
2.365218913542997,-0.7839846980916207,-5.593133898339389,-3.642914510090023,0.8620535207934097,0.1309036238077345,-4.918792764380839,-6.20764360234179,-6.127708921580165,-10.380353146278368,-11.587767077427202,-14.643021251174616,-13.260679477693586,-13.635550805704469
-3.545116650390639,-3.641501249355237,-3.090730856818354,-4.505051601993401,0.7523227510508406,-0.8476157066952652,-6.522954175310687,-7.067124102990164,-3.854078893700674,-9.647139187802964,-14.254153009934996,-14.227831227789808,-11.1405618945072,-11.799114277644575
-8.090300945266561,-6.1487814542878105,-2.1298899979934878,-5.8883816304687,-0.3021488690075387,-0.5455117258926161,-7.404562688380949,-7.663035904880843,-2.7872451263643825,-9.081917342398867,-17.038679479659237,-13.710618734725928,-9.213712610098751,-10.530204320554546
-13.2127864954709,-8.76148471736558,-2.9407981358829005,-6.704314057414905,-1.7964995305678428,1.0053611847555095,-6.567263570641131,-7.224351253233209,-2.5912215631976068,-8.959577046806146,-18.479259354838437,-12.8808604756766,-8.772757053298221,-10.821414787535945
-14.53734311580591,-9.655986609484874,-4.608819619477586,-6.716742674447175,-2.9942730545900247,1.5079328926559885,-4.439572419135246,-5.994497481020375,-3.0907768215850666,-9.653081800687572,-18.675582705067285,-12.10867073245734,-10.742747802934543,-12.371250666193362
-10.600902779657885,-8.333548458828629,-5.996658119669235,-6.592735791505774,-3.3974407425773734,1.310549583206409,-2.4384841335159564,-4.9081602569472125,-4.574515859995259,-11.19092456146575,-18.978210438348185,-11.871020190484046,-14.781142965596842,-13.67526517509097
-8.710459298879707,-7.85727946123884,-6.484961257926258,-7.015496074407139,-3.013133806065923,0.0516017015988086,-1.6572631608868562,-4.540177448550367,-7.137123564236731,-12.886021428184648,-20.22393320243995,-11.982341985425691,-19.024272500157053,-13.120302324791735
-7.644767290851809,-7.767027255030706,-6.025922556703222,-7.836752730039763,-2.3062471288320125,-2.753792745711474,-1.892939763431741,-4.368684875457802,-9.866623197169387,-13.492701274140812,-21.40722099109891,-11.401356366610033,-20.975763626571265,-10.206968229664454
-7.276064785342751,-7.860819777603181,-4.782209948903983,-8.114334340401996,-1.9046988549148691,-3.3992846049267618,-1.8939718795080864,-3.189769722541371,-11.042381059971945,-11.962424986391994,-20.302565860109095,-8.96194639089336,-19.09513679456049,-5.873489353509058
-8.878715398436217,-8.692408962260426,-2.955979857066893,-6.968154905961313,-2.212250591530733,-1.865410700532936,-0.5730633664478262,-0.4082110804124568,-9.497014719954734,-8.322092330300535,-15.628812843657473,-4.489686906971286,-13.958179833336374,-1.7397349184466575
-8.591648210675102,-7.693258250556621,-0.9863344330992164,-4.438222750909176,-3.137257655285765,-0.1107060071256806,1.936144538634096,3.0345757686495176,-5.91950761615729,-3.9605676883572585,-8.735910185407164,0.6658216170320941,-8.056624161257844,0.9443864710754326
-6.652204329867823,-4.836939576830521,0.322488770927066,-1.5947876568687889,-4.129945108527124,2.692533996622548,4.316523959050642,5.128162672122073,-2.6613741325988087,-0.9322436331530924,-3.082569706138486,4.247027242451537,-4.265876111195041,1.7631486472933204
-6.179523421760537,-3.689120054204396,0.2036759724557271,0.1618353582968552,-4.54783804481923,3.4126471672979117,5.127074299449532,4.408457959484366,-1.952353876383228,-0.6151308783151137,-1.7413218840028435,4.521837149677026,-3.995430977551649,0.9001431104155131
-6.604708029699264,-3.906139698448842,-1.339324573946783,0.0409783597168313,-4.09731395718407,1.6504191783856228,3.931754852136152,1.3207681379330722,-4.049630327462808,-2.6615175691910054,-4.993022581051434,1.5360786430683788,-6.303114021999079,-1.2083901639120145
-7.263166061023599,-4.626469805794726,-3.2454413135919538,-1.630020976798022,-2.9957330150377857,0.3044741319054333,1.558329049295935,-1.951186801616672,-7.053806378641241,-5.113646801707205,-10.056509575329727,-2.745347731912545,-8.602750278269923,-3.8728894778764698
-8.648599848352255,-6.565224761100637,-4.058347581928871,-3.627272214534486,-1.7351713883205662,-1.3956074459887875,-0.6306045476467546,-3.134153109414996,-8.602579245658305,-5.748745047775174,-13.166793539656624,-5.589711702980026,-8.482302235977699,-6.026713146319395
-7.929675397955332,-6.295492741005039,-3.0961635233543063,-4.594602716414187,-0.7033807284674083,-2.1336991879596376,-1.741266929282176,-1.6078241549462575,-7.874423863299967,-3.72031928368466,-12.256096756891878,-5.207099887176383,-5.358604315374521,-6.526507320890801
-4.883790123121288,-3.614719901778684,-1.0634134258701522,-3.863459837979832,-0.0285410097990848,-1.418343264923038,-1.7967672766230862,1.2286429927600864,-6.069455988636776,-0.2153729129387045,-8.142585694571153,-1.8625119692793248,-0.800568021256737,-4.937928114952143
-3.081958318903413,-2.024242020110645,0.5235029899659764,-1.836794933796,0.2742286783686722,-1.5608559016841712,-1.4124787493736903,3.213909510988032,-5.037347641090008,2.453878232159809,-3.553881037289472,2.38937820855881,2.6975795368433357,-2.124143256065665
-1.9926467546833977,-0.8397733824453593,0.6117517023682666,0.3023080535067777,0.1291027228438821,-2.18480575966535,-1.1743780387682676,3.158187087073188,-5.462444103488465,2.650909559178899,-1.0734450573611127,5.161109024254742,3.5852680810652373,0.1243788371133689
-1.310635125821206,-0.585271044410226,-0.5562508790763587,1.3947948605951836,-0.5253898182454719,-2.713030038166493,-1.3168423272410903,1.5936599764643231,-6.300068419000695,0.6880959913545439,-1.65127940721446,5.338023224429207,2.386613330960614,0.3693326432881463
-1.6936262560065645,-1.898027523755857,-1.7444636133392777,1.1144778135253688,-1.48906489682426,-3.4976905788021524,-1.8314908832596613,0.0569306245282064,-5.837969629295372,-1.424660327146313,-4.459096771525367,3.69191312098728,1.257701841598859,-1.2850054709726209
0.202332725335636,-1.2230152588999557,-1.781533213871228,0.2170686630003757,-2.234911314134621,-3.8444239319239206,-2.6588056133875853,-0.2940847240137714,-3.257304962109828,-1.5118627409181613,-7.695102338165142,2.1214914489747514,2.299439866408818,-3.18203542472412
4.456466984003795,1.3266049751756008,-0.4082298777434943,-0.00050230653423,-2.228362757769162,-3.7032618155949697,-3.6416858737224658,0.5027205260105347,0.6904940066853271,1.1738825473381669,-9.55505036179602,2.163647046215374,5.870566907108724,-3.416669579394678
6.225714582202572,2.9028123748918824,1.6801500557653526,1.299092968927866,-1.398567785654734,-3.048486413432065,-4.356860729758623,1.4954634102075772,4.27764851971412,5.451094549841059,-8.974072035400667,3.907280462834308,10.14847380337713,-1.4057785266169702
5.965268373425019,4.116623318352951,3.402616848143552,3.763616438614619,-0.2834508842058341,-1.6702190430824972,-4.194531608696451,1.7186467291620318,5.970352611304037,9.042084717418746,-6.106605108850715,6.050865500200658,12.296086394241811,1.6302743955602494
3.869329821167052,3.836274894770815,3.914473694489459,6.011311791116526,0.383644110710108,-0.0537783367289471,-2.784352931127785,0.8667557340748715,5.277659121576619,10.047947471674604,-2.38770087164464,6.948646054127309,10.458638092270462,3.716512090943951
-1.1384748982905784,1.48901007247171,2.968191428219569,6.667655257186738,0.3441314609274286,1.880100319574438,-0.3797632584960695,-0.6419947978319698,2.917274949671537,8.0846596652395,0.1487560072738887,5.81844380036722,5.201012530966736,3.7892388045231087
-2.018361809569384,1.2147050698411084,1.0263489505599424,5.52354133006633,0.1291790364316511,3.090137524348407,2.2502852844172665,-1.9921664215260928,0.4272576661589937,4.445594064207995,0.204296337027003,3.267986324875835,-0.6770264209242356,2.4988302120579675
1.4158511746081626,2.8232021276079524,-0.8694167167497753,3.837609990089064,0.6489732019121988,3.387768364325656,4.373165402643345,-2.35518936883004,-0.5711308808573037,1.2625473908592753,-1.6812390623570153,0.8356599286448798,-3.922200454006593,1.452256980764659
5.4218888862811765,4.578626163966204,-1.596742101500908,3.40174575417317,2.3171923719831757,4.447316539836439,5.733020733755168,-1.2722170478624335,0.7371835738392534,0.173437856421593,-3.340589169595553,-0.1034477410696155,-3.0229908434498967,1.6367136040224466
11.647542724586154,7.329710833655413,-0.7246082738270729,5.023714799371625,4.464966437505368,6.044900036890958,6.437256293865822,0.9458008713143116,3.736543126504991,1.3072413747367122,-2.630514067232653,0.6792088919078481,0.7706272661846185,2.522557620954913
13.618589737187785,7.197555576586319,1.0012277974425174,7.68378304354173,5.665801105508201,6.053214706187257,6.490790331078294,3.081249138451099,6.600527480967322,3.2899470903885515,0.7346927058730088,2.083028412983701,4.431624405845696,2.690475602668833
10.566393432923844,3.770891253832528,2.0772404996581244,9.171158261298851,4.845642253246872,4.586974673618011,5.602315841724003,3.568217156355459,7.508601028289725,4.34871958689908,4.813438960351643,2.49210638827422,5.477907069798363,1.3782760625149493
7.12342106671452,0.4448362820511653,1.4658959012344326,7.785239550981984,2.281057599595538,1.6596776671785614,3.562372261870898,1.6694184759862942,6.0952519407556665,3.7340535376579114,6.988681752593422,1.0693792224893564,3.85412249421152,-0.5342892476229082
1.5863753672330754,-3.715608136408615,-0.3851811382932624,3.732478428930051,-0.4610437108743852,-3.269369986058523,0.7715140817187258,-1.6245174169228065,3.87635979416887,2.3018239855941243,6.150577413833567,-1.4449657377364051,1.8532937683927264,-1.0709014258570502
-0.6780968588264334,-4.626884454975274,-1.7812500643038698,-0.9462097861219227,-1.727463397898636,-5.321054670560766,-1.7745311089991782,-3.998397306602839,3.079207574555068,1.7081110292043595,3.590385463480977,-3.1564801391691084,2.11902496285089,1.1862570454682615
1.1760951010719531,-1.467715029045908,-1.2330843355410217,-3.8561329591379567,-1.1341601968736463,-4.292471252394154,-3.1837563442831045,-3.518664523485354,4.73950942327901,2.8848078527984797,1.8271145507696684,-2.451285205941111,5.384582872964084,5.74101932235877
3.004847004368572,1.3228270996600615,1.1526062881041836,-3.91131183648933,0.1677515157209823,-3.4585501917519554,-3.4046857337116254,-0.3065532162206015,7.749582308584224,5.176919922831095,2.449149370854068,0.6838672169831757,9.859295546381464,10.29554083373265
6.292409596230451,4.859612563743944,3.687510391319439,-1.8676590754067508,0.6155022782772388,-1.6957933067911797,-3.22145076926979,3.3866667249641083,9.79634247162833,6.956308138509044,4.899903380920839,4.605764271866738,12.765867908930549,12.316411590621064
8.764119538940042,7.188584789678052,4.576114337177755,0.556157063856455,-0.2632013634914685,-0.969448903211834,-3.444761064281238,4.94505590239671,9.4002214187136,7.135840953974311,7.217554781419675,7.333708662422159,12.66252295973656,10.915769385188131
9.907882822793807,7.5360310400227295,3.5014313881775188,2.0822651439363504,-1.3820252039320415,-1.7510902387405312,-4.074574281062883,3.526731385680112,7.202214828134267,6.142606910721684,7.9522100164865535,8.124373257863093,10.5247559557315,7.644982600264662
12.2228107211341,8.898866325124356,1.8623263275999875,2.6193559635838746,-1.1151788335753243,-1.2903840026919169,-4.274796132986019,0.6919604384475804,5.322895780812651,5.441835258450439,7.480931169278133,7.919374011947156,8.708248672860298,5.528776824740572
15.1037734331375,10.647004895177714,1.4882440082804855,2.903157027080681,1.1582266418861489,-0.0732219047195865,-3.2060814978370544,-1.019813575348735,5.422559478132886,6.116451348536465,7.573654857918793,8.2944862008221,8.822674941412053,6.895601398721908
15.791157469198506,10.690435172819042,3.0532850744193283,3.5789206660337243,4.434501570045132,1.4526032108436966,-0.9055534132637676,-0.2617325820031624,7.278750971925728,7.886982780947655,9.680474370022369,9.901861815078767,10.454949823199044,11.516145184035947
14.33381896364655,9.260419876237275,5.583986480716163,4.618661223492957,6.935638689526826,3.7143029156866554,1.6494555447105412,2.1089769155295954,9.133577004713818,9.444065212241156,13.513102214439884,11.824656353939773,11.79049318448859,16.52648644864107
11.221911175687826,7.450090136716929,7.354375181895968,5.47597942963256,7.5935693984892225,5.66908023538546,3.345677393185717,3.949757708517865,9.34023377219622,9.647535846135469,17.148444981815317,12.377156740753248,11.386444282972626,18.401892165304236
5.731193233393804,4.88813599251409,7.249552031893231,5.6436519124989815,6.808745907333133,7.305188987545238,3.809730361619884,3.714786011636612,7.677687678406038,8.38752543494801,18.49307965587635,10.565646616787792,9.372483225161156,15.595918340041024
2.505344027932364,3.3777459054094856,5.457138087719358,5.021339542076348,5.883563998258005,7.687571915250228,3.5269661284823286,1.6120022402222889,5.197620531663873,6.404705676264328,16.817703447896314,6.9137344075221066,7.066234052486429,9.730157601335629
1.7491366537593165,3.2102731852326136,3.119863687761594,3.8530609077234734,5.760916412265672,6.440184655816807,3.180560098625101,-0.8268713114786479,3.0067928479698622,4.478515325180737,13.148545286245827,3.0267003862327755,5.590472730451964,4.272785050894157
1.3751411502950073,1.8260997286131704,1.453692186297438,2.4681921238393443,6.232388540373364,5.626943842990126,2.9846027830356974,-2.164683510206231,1.3510830713617992,2.8920055645715905,9.368472656131985,0.3849374526040776,4.942360398867336,1.78189963245935
2.555614189558844,-0.382932744942855,1.0494056006001529,1.1423070869678682,6.236556743216589,4.982776945086675,2.722692393719832,-2.133090601386158,-0.1764176504810564,1.5488680772298693,6.882588098416939,-0.6105152448953959,4.304562396838868,2.097423881321781
2.7384534570798467,-1.468461097226086,1.692080519552256,0.1010163760498912,4.866559748615742,3.86368171230182,2.349183638035953,-1.552131413238861,-1.8086516000711013,0.3092239886314161,5.838558689360845,-0.6916878455167321,3.0359677168364527,3.00570416910503
1.7529479176962526,-1.71163039802903,2.611043997968565,-0.5203732732719288,2.168443417880184,2.61430689954123,2.3207548006280163,-1.3981810560880206,-3.2641010836602007,-0.9806997977922548,5.278207338184146,-1.009205553346625,1.2070168725329609,2.5877252599692118
0.642519600162915,-0.9558455433519536,2.9487494189755097,-0.8058559045567719,-0.8911209752870519,0.018019904929049,3.118736601313117,-1.9635593997135103,-4.250306463203096,-2.6588195249687487,3.931903817274296,-2.268601210063544,-0.7387237848441899,0.9222603227811844
-1.2453342965208165,1.2196650712192805,2.257782905026062,-1.073406386912211,-3.160046412905104,-4.046832140706265,4.428800119410283,-2.7552682930645176,-5.036753141522247,-5.084859663297372,1.111405573853034,-4.2849173116103785,-2.565502743666002,-0.4250327733787102
-3.0882105928722456,0.9730316984251476,0.7877517224947468,-1.6370796248296813,-4.086526184535003,-5.740593111105954,5.01821906015941,-3.0153316493924365,-6.196722201795971,-8.046170876791656,-2.765591595745597,-6.164475914479851,-4.29811880077645,-0.4210079234571395
-4.888529152813703,-1.8201860067418467,-0.685022658574681,-2.530355712543212,-3.973877702097454,-5.063122152893316,3.721704687649513,-2.2864291644503894,-7.687981135611487,-10.41939625184007,-6.323028650732262,-6.959038548842571,-5.806797086660176,0.0903196129286953
-6.851961340249895,-5.136870904282751,-1.4672295655425387,-3.5399605886101355,-3.6183053326687897,-4.362499253200316,0.6905231890352894,-0.6118292681029445,-8.42302713879571,-10.794326391886544,-8.076610626775448,-6.386320831958358,-6.659015360094777,-0.876936607365721
-8.800194815371709,-9.898946436474018,-1.542111591903648,-4.544081067834398,-3.69651911077365,-2.8080039284244425,-2.4307792356792817,1.5897915571101322,-7.109513628319746,-8.752353864794571,-7.5446117391431855,-5.127914263384362,-6.600001859925911,-4.38692880770229
-10.040101184130132,-11.142670674966828,-1.574834953252548,-5.695681474025442,-4.354070902628031,-2.136046645133715,-3.7856003124429662,3.7161776071605104,-3.714126380469658,-5.538482852638886,-5.780304767626447,-4.4074742645478295,-6.086744317864586,-9.26652293502054
-10.456488858656318,-8.320685213710835,-2.2480014463438565,-7.101542016583309,-5.200180665003487,-2.7107542184870512,-2.933153352852095,5.125138125515463,-0.0181632312004182,-3.2334405134986497,-4.708330568213569,-5.051536805093676,-6.055468112042796,-12.84088765975774
-10.321314010376684,-5.406970522542059,-3.5400925127843905,-8.318924145529436,-5.623470829356563,-2.369284155179077,-1.2543113374516397,5.311252668411044,1.524911516466133,-3.040928361763932,-5.599306631346472,-6.733789096776313,-6.980713837263096,-13.041734650434428
-9.394083840634702,-1.147308055681578,-4.69174549897118,-8.412859355467752,-5.205760376185921,-1.5459441291140676,-0.7027726075722427,4.159892184036465,-0.265724050246753,-4.3446048767305,-7.93381884025699,-8.109945171948667,-8.26358569770295,-9.994927886723149
-8.184352520038411,0.8303707151007328,-4.936550880853915,-6.800968660388847,-4.0124911090819495,-1.0322105967109962,-2.073483700557958,2.1109682216687844,-4.300076753780566,-5.491716836667123,-9.774126094889574,-7.876338475025172,-8.780924444969166,-5.796554425543903
-6.678457154404961,-0.2224990112676388,-4.263911106905383,-4.104111038445801,-2.5884060333108856,-0.5668147214280105,-4.391444975748108,0.0085780598904854,-8.044533286784802,-5.465827324425,-9.465558952985988,-5.919328373259642,-8.123983702889056,-2.8520315429531067
-4.776081241012694,0.093262946952311,-3.4218822530402093,-1.929389432365074,-1.602338128389427,-0.0965997296195539,-5.88310364247058,-1.358838271798284,-9.380338466301048,-4.67627194893096,-7.176255048699787,-3.498765405641997,-7.132418769557404,-2.263159543613192
-2.5910938768020886,0.8427447847210272,-3.164925221790753,-1.5087650270368158,-1.323874539311877,0.2907424302641316,-5.492372577684446,-1.7169559767031153,-7.904679536062446,-4.100111823112901,-4.808727532488106,-2.189910969978257,-6.9805086383261,-3.4434655681623774
-2.513526722464729,0.2341947474279602,-3.5489254505451875,-2.457566587684269,-1.3481034313438016,0.1726562077861777,-3.553800506971349,-1.4072725123131953,-4.818000443307856,-3.874110121416006,-4.305649766107159,-2.47858710685388,-7.706438283049191,-4.958798052913508
-4.825541696859803,-1.2494541324287438,-3.993255632703459,-3.0473378617413367,-0.9104516419707984,-0.5174248954924567,-1.240306583126447,-1.063896671816888,-1.853394418213913,-3.051246069609981,-5.932959325790627,-3.338850068496793,-7.868653499270817,-5.693182277090159
-7.655420547122725,-3.762531248419236,-3.971804357176328,-1.9330048316359052,0.3556759364572457,-0.8709576953790972,0.4203930731078884,-1.1405339251344344,-0.2736787849551234,-0.878187742174898,-8.178752276941275,-3.278441392629244,-5.945221245906222,-5.461473853382646
-11.647635361185497,-7.591503573549622,-3.5315335498016776,0.3333771818753011,1.8877739234482969,-0.9550497180974202,1.0094846946560845,-1.652270385228178,-0.482917047933638,1.8759817648486423,-9.334949938958008,-1.9132181144275224,-2.182420246350688,-4.836422858375919
-13.09579461085172,-8.848564889334309,-3.099525865550323,1.6499732086062942,2.509755919536337,-1.1822051233661652,0.5256070312051744,-2.2772804588009325,-2.0930170070917224,3.214363035985702,-9.16144488203537,-0.5139326397281714,1.0944651217704529,-4.538861776983362
-11.473479419406312,-7.318029850305743,-2.893761480566603,0.4076193114274709,1.4621584543326271,-1.3811590062878445,-0.8837884625897949,-2.6765185115223176,-4.146125679736713,1.771116712827398,-8.96199324209205,-0.875039383458823,1.297165116554801,-4.89431555440949
-9.544089689696532,-6.3594530839958745,-2.689629589815084,-2.75068106823,-0.7730719643728516,-2.874116102797168,-2.854057880431693,-2.765459798235046,-5.496675632065688,-1.6339041019122362,-10.031275854538777,-3.5078117598682503,-2.055565509388993,-5.686680568260856
-6.280962553416391,-5.117358590182751,-2.22028978658975,-5.305146058465999,-2.7288473362478936,-5.818386377963724,-4.65921835609075,-2.761518951445386,-5.429997212320859,-4.481891341941026,-12.121049933040592,-6.927479402543808,-6.693132153819677,-6.4584093993698986
-4.533425181458965,-4.356025924845183,-1.687225833835305,-5.158055140328677,-3.180010649928626,-6.106399694392857,-5.475249526747538,-2.989114863495344,-4.204554547575818,-4.771506456218947,-13.559314009944044,-8.827184408514434,-9.387581110499504,-7.005482832358068
-4.760792335089787,-4.599441848318575,-1.6855706080851895,-2.671263149364497,-2.2270481474231008,-3.768388342640468,-4.979983765579318,-3.552708617266234,-2.925651409449046,-2.8100678017502507,-12.919206538075976,-8.082999846572173,-8.566781886716624,-7.589986007021738
-5.263030515787239,-4.7738243311938415,-2.529247060005757,-0.3980879802361468,-1.163918567587812,-1.1777854625598896,-3.609799547018764,-4.069140225648926,-2.5853697022680557,-0.7533261921792924,-10.45920206241303,-5.645738683306659,-5.345501533581345,-8.511076785331788
-6.879795632619256,-5.242702701274728,-3.711572740688356,-0.664561746734027,-1.2027003316063047,2.549769714400282,-2.021806039216776,-3.688575749596763,-2.991308048207785,-0.3145683499112479,-7.744102935124026,-3.410616912976581,-2.133536003209216,-9.27243968865367
-5.787837570522611,-4.938086911056412,-4.1717895963080895,-3.2753094654028247,-2.272491571981309,3.783090786033119,-0.2433832546728496,-1.540567011168707,-2.6783010571392225,-0.9534169811487804,-5.78778592943546,-2.1645322081876106,-0.3162852099314506,-8.241632652950745
-1.616375837567895,-3.680034691766155,-3.198693629835802,-5.556018630385268,-3.078884543016423,1.985096962077581,2.457380364299304,2.5444567426883733,-0.1369866904532468,-0.4230701280947748,-3.734626460170009,-0.6957684702966533,0.7213660996237534,-3.595619914420957
3.3440970946111306,-0.2491929009303388,-1.09755704882288,-4.7337613314729134,-2.3890395364248995,2.33108132585362,6.596389230145682,7.529127054075586,4.610027529557637,2.810229129127153,0.3272613288396542,2.9226872543522084,2.4543887946112903,4.806464533781865
10.10398332789086,5.86567557443624,1.0463097566932795,-0.44846891384962,-0.2956160051057885,4.068707563719631,11.30268501964639,11.42129961244635,9.58589784156043,7.6984334355838975,7.042771582331682,9.015920532995953,5.345261679889251,14.261326968166657
13.240180142435545,8.65449393101717,2.277620015950351,4.890439065645436,1.7796800059440656,5.000602440890109,14.354607366154076,12.36319838083299,12.16943489820152,11.240955519313218,14.329581587204812,15.22790480522746,8.229802414546468,20.316785841621503
12.144778679674792,8.140804421656345,2.488427752896822,8.127031182928175,2.3591245065381017,5.899687274330396,13.776192378929146,9.907631592922296,11.117064659078656,11.116767504804349,18.54049910013888,17.933767802941322,9.491884769309774,19.815005636357075
11.476077126855923,5.8006964288282985,2.33617910553998,7.835710741919257,1.2488923176941142,4.581421046358615,9.694361727226632,5.485894732962724,7.544292115847387,7.828731716981986,17.489969985457343,15.136076511923482,8.678911836944554,13.498819883682456
9.890872030393057,0.1358083438771344,2.567281029327509,5.116920616206107,-0.3026354389921497,0.610280131450539,4.642469051696594,1.566473491952184,4.010769666602446,4.303777652817189,12.615624285015612,8.401446942271086,6.878785032770221,5.715526658691331
8.964694449573091,-1.4288296463044985,3.445110902888729,2.3189388770829247,-0.7274533195860595,-0.4903538058352386,1.80041874887824,0.0455120323691673,2.546061717961446,3.3121084931357423,8.127015342791491,2.0863966025591303,5.597095853706776,1.1645913509507793
9.373428443705482,1.4319603620242634,4.715024191496031,1.1400399310179594,0.5441292495157803,1.0219320001674943,2.584244796367603,1.087129846084995,3.3347903171452167,5.094546078027289,7.680006399907825,0.3119896813379164,5.407073534231969,1.4078383775091083
8.591169914169049,4.267074464318278,5.935391027408752,1.782594717124784,2.7459931502238177,2.774921994457004,5.649438011397596,3.2724721730868715,5.050050795626799,7.310147141991887,11.407484265762209,3.9899500645563135,5.698903865524542,4.190582941478585
7.123922683496326,8.819357948322772,6.751612427701286,3.501310360352548,4.591773991724423,5.908104869792933,8.111432404612632,4.813793090347723,6.270700612617315,7.218921752375714,15.891119018597031,10.177556334321547,5.561442297310073,5.997534965419028
6.837528538971291,10.577406449559255,6.9569835894147225,5.572190345972775,5.364332696436719,6.683597474002951,7.850423815588115,4.759400343289954,6.557402940982108,4.056047188484662,17.096374912088322,14.2327971792644,4.709467576717884,5.220291577804961
7.534611945318153,8.836232150780516,6.505825654594986,7.662262381519568,5.294463480399465,4.688727899827812,4.966008949546495,3.298125542479582,6.325516747347429,-0.4297262780910316,13.731571718947407,13.123263341989166,3.5331028731455447,2.924066178005795
7.668897650668671,7.966436374089213,5.596036140298708,9.530654180671323,5.056657724529227,2.9899412812434094,1.372544578909512,1.1944749240680146,5.93953495680638,-3.5538332583003864,8.197191483042324,7.438948015957042,2.4117241128789573,0.838443920330544
7.515739611432311,6.829473766244486,4.662605603104254,10.724438028475866,5.037634209454403,0.6705712904111076,-0.8584359170261457,-0.9128279780771108,5.140062622531502,-3.908488058744478,4.439931972443169,0.7150351440737026,1.1515521564319045,-0.9309218495563768
6.452635653551014,6.062452972580148,4.101354403754456,10.735632845609487,5.0902955027088765,-0.819444903280562,-0.9616404857593572,-2.741487455205984,3.404017376318908,-2.394165824160797,4.663266409189475,-3.28550166416888,-0.8699401711162089,-3.882451288684464
4.129380586163912,6.276155754593905,3.885399977231572,9.417036177922714,4.862959800030687,-1.0117912681460293,0.251149333557251,-4.165149015650929,0.7675150545305485,-1.3717460890023323,7.688151995189418,-3.214452737654888,-4.050174527969894,-8.916894079495144
1.1488610560817614,4.996097280683655,3.505781395900786,7.16176784374008,4.226565769354611,-1.039740542905956,1.236052806312415,-5.021508948914732,-1.8651110218506053,-2.7197080605034927,10.192423805038104,-0.7818313437219082,-8.021222603403984,-14.58993887180198
-2.7886926007153283,2.442409909919524,2.4213210707398147,4.668619376150591,3.3453059872020567,-0.3879640877264376,0.8663703691176501,-5.178862703707129,-3.3540985818988567,-6.32698860391994,9.574904838078776,0.8946238337572936,-11.646282622858337,-18.006588460056125
-6.0947797279578575,0.4239982006318929,0.6349884924669027,2.540005279419105,2.40004257796339,-0.5881317681920717,-0.918138223171198,-4.703827256221405,-3.3262160084649857,-10.148702893347838,5.9624634312755695,-0.2217141196145426,-13.531108410237302,-17.611450501790333
-8.623719941564914,-1.413975439966342,-1.2138337683416545,1.0213319622978858,1.3310160715202848,-1.8005989617506486,-3.263684899044545,-3.8669616184886495,-2.5442567699708327,-11.761419809163934,1.8269228083056817,-3.71591639518018,-12.749418763794258,-14.911680753867724
-9.063278491768369,-2.400554599039314,-2.3978479511529223,-0.038756508157995,-0.1047363404607182,-3.874739978334948,-5.106585551032357,-2.9758847191952924,-2.2240030357338725,-10.207344038238013,-0.2110951802984821,-7.364977471494519,-9.412920934794164,-13.134263817654825
-6.763139780361782,-2.1511025875340546,-2.765889122758629,-1.0695133297753934,-2.0089167984324234,-7.292795499248857,-5.8809074648114805,-2.241245021841124,-2.904301814636286,-6.659521978843493,0.5722125963817959,-9.029815804126216,-4.758598039121516,-14.011363416900029
-5.373864187730557,-2.009779444626992,-2.8444785321177672,-2.527478907604386,-4.061992793287235,-8.21560624651522,-5.754411038381269,-1.7907817176436485,-3.9398005580067625,-3.3723513980667548,2.6920846421693803,-8.168023275738937,-0.6017230727011089,-15.937641005445911
-4.52522077443564,-1.723531892047298,-3.2743864635498348,-4.5464272171033215,-5.5770367079883165,-6.488130007647163,-5.300193097515553,-1.7191614757701377,-4.120659944829814,-1.8309082077289016,3.88438737886667,-5.895486800439191,1.6351536265534818,-15.443308793605512
-5.313333147794396,-2.058693926575061,-4.167972161479664,-6.68469251714183,-5.927193749334858,-4.049366468776797,-4.954277972862288,-2.0311206402388127,-2.8546293998903955,-1.7241153617114158,2.9500365828430226,-3.8612534302653785,1.7368350028638844,-10.591430433064223
-8.634799123564246,-3.309480852210069,-5.0375259852200855,-8.061152882372113,-5.077453234133257,0.0451308927388598,-4.753297184675644,-2.5370693998629505,-0.801567415854441,-1.593994693716473,0.5689324702124665,-3.0735599555477897,0.7664906580036188,-2.965560335881836
-8.210813793059993,-3.4358699588901254,-5.330698969326271,-7.924982369996703,-3.786494187859068,1.1843592705882675,-4.54049223250799,-2.8994429922959952,0.6488893193418619,-0.4167418913529097,-1.3969012865769963,-3.5463575417233937,0.2918401664338645,3.668519500210092
-4.1971398235054735,-2.5991760050489554,-4.980605916601933,-6.268425727015131,-3.1940174730505597,-1.1048636844970856,-4.342984173170612,-2.8765262042612747,0.5954644220392922,1.4885968123431272,-1.424967844857898,-4.684823534228396,1.2996150954807604,6.663510361915465
0.8237273714595503,-1.1786055502539174,-4.391639094587985,-3.928790602909384,-3.969809284505379,-3.042139095958295,-4.451637824276778,-2.541352163504234,-0.5642209589981739,3.048839515748387,0.5421048953064513,-5.742343892707776,3.576373250153424,6.569610773578228
8.218570594772089,1.253978727285123,-3.901172700841695,-2.009483017411366,-5.6573883211965725,-5.759243662508473,-5.081517710628527,-2.2158029074035497,-1.4681680981958325,3.735834942079215,3.1922720991604177,-5.965814739321396,5.96924484897017,6.1639604650650295
10.202339708927177,1.5742452176593456,-3.32367385670031,-1.0719560586846557,-6.841398295273858,-6.6966161668611655,-6.004443073737603,-2.1567845804591474,-1.000037502959854,4.0574526961205,4.983019433319198,-4.6941357642002135,7.26957515137572,7.607144913081971
6.021066152874946,-0.409094556374462,-2.120292226419341,-0.8005590573790649,-6.162474618888215,-5.196761230775104,-6.642308173615526,-2.331282342132724,0.6470563249832004,4.680934441070001,5.291365418711894,-1.797603478980392,7.028840874041169,10.536853142733056
3.9294020954818407,-1.429356652085089,-0.0927228746945409,-0.439181192660822,-3.435985257218821,-4.111825116434565,-6.626896196186057,-2.549715084107943,1.9621829266986133,5.2374345738100665,4.565338754850391,1.76184272104741,5.729115658963398,12.747877969118049
2.2243306741453024,-2.116810818057062,2.0972500540155625,0.4126002521659764,0.0790487250460731,-2.693894471495528,-6.255787586063422,-2.8173580487439462,1.238104163252487,4.323760554362243,3.435383550362671,4.030505776943368,4.263200110967091,12.53679110173792
2.4087862763416306,-1.3594802927670386,3.222458783870408,1.3971615846518688,2.578534223635817,-1.1745439546722316,-6.261263124641433,-3.45519896847922,-1.989762109535083,0.9534708847359196,1.8141526568319415,3.2511105398677422,3.202946892842764,10.377260539072651
5.948872286325197,1.5059033914744235,2.5038825997800167,1.7772247094253597,3.1068036782264272,0.0784960708507391,-6.984372412949984,-4.734425031127556,-6.293426159671033,-3.969409125936744,-0.9320285455132956,-0.5632316447331203,2.456310912193615,8.47070722735723
6.049613807633028,3.122865485257908,0.4796561963778156,1.2308831062733256,2.3001746057545445,1.5761294502442664,-7.759728083786572,-6.329798770516421,-9.09510578693625,-7.837063903124765,-4.825298382352468,-5.122996200373527,1.5528235723437849,8.769164549606225
3.19134909133694,3.80738175147341,-1.1685046054524282,0.2712581363029107,1.83255753150416,3.130608395892652,-7.272701585914433,-7.235206729699115,-8.409568357080934,-8.30325940023822,-8.46224040012951,-7.245392111923385,0.2581576197059316,11.30228825556378
1.6294580133996863,3.2773359088550253,-0.874745492866932,-0.1718831981936253,2.9842477042483475,3.551435651663893,-4.760377724617637,-6.451445683824124,-4.37673017297684,-5.300724024047492,-9.754089771563132,-5.284419243177023,-1.0628605116053065,14.14682578630428
0.2357565151900283,0.772129701452221,1.4564429146228512,0.3324840006657936,5.493207671655843,2.7355059955319123,-1.003143106059583,-3.972585465543581,0.6250441606090051,-1.1761226136857914,-7.851606666356213,-0.6052117679001086,-1.6912106624889072,14.893703294370214
-0.3945984685338283,-1.5584367020472116,4.2166359461923735,1.1711793348850952,7.636330094082421,2.0929735001919547,1.9304371340877664,-1.138082722305784,3.533237141222772,1.264958838320795,-4.406468877419635,3.302478492484278,-1.223895753520993,12.377028691335047
0.3729444305696884,-3.9915405657841823,5.2892764557092855,1.0931591501665974,7.500248923556579,1.3673319227691811,2.162072752552467,0.1635873969863892,2.773735135949257,1.0239191020822478,-2.6419184709499755,3.5042875317797346,-0.0763776777438005,7.456937312591517
0.3419589156953179,-5.608104093995551,3.7169525760115896,-0.7140696038485248,4.448033277674998,0.9517737004171564,-0.4826910663125963,-1.0558471755310088,-0.5934238373173919,-0.5628675595934691,-4.731707319703114,-0.0795454154680248,0.695711870496365,2.47536271439588
-0.2365457967540759,-5.903071072676771,0.4412985839380372,-3.805487792967756,-0.3551772082251196,1.1316141213284072,-4.239431882480593,-3.956284778390163,-3.694823854151625,-1.369576807057495,-9.758769925966044,-4.660993178918541,0.2330157096540897,-0.1348500685830682
-0.773585442344365,-6.489980126927605,-2.465958751027192,-6.655668443161362,-4.727836237737966,0.7513639879839196,-6.672583474423639,-6.293929285497109,-4.026270854948141,-0.4647104505426411,-14.18503014497831,-6.816132918034681,-1.2444457506387103,0.7702341771571541
-1.652801442754293,-7.001597442015652,-3.355047903614404,-7.712987338167221,-6.907145549189968,-0.046604461986196,-6.363661578493737,-5.925781523757655,-1.2745001887266905,1.369636423760305,-14.541148497311513,-5.04263205622868,-2.289034515897722,4.40367692717753
-1.923876586667281,-6.45152097673745,-2.027521361970081,-6.474077544661222,-6.531108986241497,0.401246970637265,-3.637417711622049,-2.238933316126623,2.6530836239230395,2.8631414413912584,-10.057465351396376,-0.5719665510571332,-1.132697032304924,8.45682503793127
-1.5309014597015866,-4.9585181915503,0.4486629994403919,-3.746909135639288,-4.540772474463354,2.036086087924475,0.1075593363007607,3.540526699439906,5.323957810646782,3.732322898913744,-3.0823594736887325,3.991520781874416,2.866520158722333,10.376055951611468
0.2900293783531363,-3.2566856174158745,2.7208839137097782,-0.9851872951669828,-2.290666489953473,3.9366527985087374,3.654317302143203,9.254014698242708,5.7028365800227325,4.806564347706041,2.8374905873044,6.767145281720073,8.340519266673939,8.864124872694251
3.8985730109643337,-1.1955110969786944,3.9682378600502144,0.6847109066362029,-0.6930651284288327,6.448129756598089,6.626332664362515,13.117648057579958,4.675490164375619,6.780376722929944,5.40050204471205,7.585727589100383,12.454173642216048,4.720827293518824
3.819864112447304,-1.4627388120287053,3.999935230457016,0.978449075597812,0.0119864665118951,6.287771531952062,9.125378716505786,14.48061571770994,3.840488903239093,9.072121371517207,4.570652332799379,7.309673452679999,12.698657520371384,0.3649670697917111
-0.0874818759762717,-4.460730446187128,2.87843841315194,0.23420822444837,-0.0628473839841167,3.0532126654128096,10.970542812692877,13.703732162791397,3.800836450582364,10.107607429088564,1.7725377217908314,6.533877761325201,8.676059160710874,-1.835662574009577
-6.122123342820217,-6.733771566365605,0.6727563434768091,-1.1694469905207114,-0.8160803105594958,-0.2556374737492227,11.467898652461496,11.55280436483887,3.612365650441904,8.771843693294706,-1.5684111538847725,5.089700904454444,2.466713477627848,-1.3523933674918809
-15.710019415283853,-8.903261962207978,-2.37181542996691,-3.1356009650813874,-2.190094218023753,-4.465180597093595,10.000753324990791,8.72570390135076,1.9231131045904752,5.528168142325826,-4.767696307379282,2.689975976011504,-2.7765695286791807,0.0086765821663292
-18.075917153088675,-8.44586743477591,-5.534239790615359,-5.611227845689534,-3.9386871736481286,-5.83303301686509,6.843653724250415,5.793266308361582,-1.3242300905641635,2.084288278145571,-7.596173664499519,-0.2210159140562722,-4.937835599256515,-0.4978718976366185
-12.452852089401649,-4.504629398142807,-7.689238419033957,-8.089589246680067,-5.472634889882583,-3.621637737458625,3.3380477591763045,3.344997497623125,-4.377954683853792,-0.0042685902397301,-9.717809224506526,-2.481709044906,-4.128112949880392,-4.20703281427832
-6.143661021905536,-1.1935320236503146,-7.908491274094684,-9.482063802728028,-6.032137217738627,-2.1048964292693286,1.1305748898002248,1.9576501505098305,-5.020584866857438,-0.416911724565659,-10.646598258628444,-3.11733678803546,-2.1586053529371414,-9.671724593556831
3.4967904619494843,2.232522814435208,-6.18518478732249,-8.7074435236108,-5.121994452129535,-0.2894698891420437,1.026410960916265,1.8648095866304504,-2.621140077019728,0.0565920380654421,-10.22548661514295,-2.170888643544693,-0.9365432917014852,-13.587461143783475
6.808338851109388,4.260242270277597,-3.622744731730364,-5.63286483262337,-2.897832571808059,0.4804427204291908,2.392463169603574,2.6213076267525044,1.0499936011658535,0.4581629167829182,-8.98141176350586,-0.6238490708127205,-1.1768821057196923,-13.411686782636648
2.290371874335657,4.043293911697518,-1.7739414810677887,-1.5041620485181224,-0.1776704346612699,-0.5328928905806096,3.6460568521719,3.192447084536697,3.111354165022764,0.3632671781301035,-7.87166217888738,0.4360882921311595,-2.3197846634349117,-9.494479034054828
-0.4202271739408812,4.512319792521323,-1.5288646090598397,1.7216193202354897,2.015354294354596,-0.4374705041209579,3.4972990473424,2.573730441266724,1.8687557040110592,-0.1992326514191831,-7.62390948975137,0.5401473473661957,-3.398999025871225,-4.8285810590817935
-3.777642063783768,5.095723610695854,-2.4313337526012235,2.7849836783029325,3.1118521601029974,0.3119635388153247,1.967764898824623,0.5233803936703461,-1.925776663749603,-1.2105633395684,-8.286324372378441,-0.1170193704211988,-3.919833805671276,-2.5811680801850487
-4.953789838475629,4.865366187756088,-3.06011340551458,2.1285128281882644,3.3585321451311128,0.2608479483798233,0.3208865767796336,-2.2206701317528674,-5.906566855960275,-2.815752165648591,-9.343891329763377,-1.0974202291818225,-4.066664010331199,-3.564127613552543
-2.420887278952482,4.1835162743703656,-2.2481988971436184,1.5383464069126145,3.535910134450852,-0.2219414721278475,-0.102128502357802,-4.4887663561539695,-8.128155913369747,-5.020403732001644,-10.188486448215304,-2.0536620207217187,-4.306318659822904,-5.868099206239352
-1.894387106391192,3.3392377397075346,-0.1433259377220586,2.600432008765569,4.201187385135018,-0.7699896595632667,0.8176245298091178,-5.563862434708515,-8.416527894307283,-7.397452479594446,-10.478082518648243,-2.786005102595656,-4.9136672387583324,-6.912823082325409
-2.410193787162781,2.282043125006911,1.83171873146462,5.252706312175699,5.099078393426379,-1.5644642134195184,1.7233838722374042,-5.638091596064863,-7.984773283188721,-9.226846213292363,-10.172942808288166,-3.251304731930323,-5.8150282318292446,-5.968299199994377
-2.89623929212134,1.7376363237586028,2.140630999794238,7.722246943616415,5.31718419717407,-1.491883874007429,0.9291941457415084,-5.456582125445925,-7.958194193615558,-9.943210503790944,-9.410456529133643,-3.657139418164258,-6.734184236976205,-4.802338979540753
-4.226570555147237,1.8497353238933756,0.4376758780322367,7.95944487417645,4.114741718561795,-0.4211281998764196,-1.9495446137127497,-5.525845726080615,-8.323401508429697,-9.428536310356089,-8.441665209833113,-4.409405696219663,-7.399710681236288,-5.87143838798646
-4.979751854784987,1.0421130787697743,-2.118722169805112,5.363439061782919,1.6997619221533882,-0.2919098460421914,-5.3572528652348215,-5.65999014036376,-8.163465865927604,-7.937146287179106,-7.615299381246871,-5.706114496356898,-7.662200515943553,-9.741596294205369
-5.162654510054823,-0.5640983211756175,-3.802301670822124,1.3397976831561715,-0.769953343047193,-0.9248440812351456,-6.850671877514547,-5.267643637035658,-6.716220149470029,-5.889797219717894,-7.235774467742079,-7.062837712613078,-7.547389461114049,-14.13161439235954
-4.119333852813117,-1.1136133531966672,-3.653616196522253,-1.7369613809765223,-1.991804416016623,-0.038811004220898,-5.029903500955209,-4.0153575496291225,-4.137234021121877,-3.809344336740737,-7.266690530031649,-7.35439780624002,-7.28749710197183,-15.509174939374
-1.4273503232576812,-0.7822708498619628,-2.038871115027707,-2.2332125100217435,-1.433581008750576,2.164782938799862,-0.6799529368261474,-2.1436576858429017,-1.326946554812512,-2.282388003776142,-7.121613209649142,-5.538201293453375,-7.249023381447256,-11.901121938843492
1.2085853385917726,-0.8002690237404039,-0.0216725410450327,-0.2448304249577207,0.3988939769417101,5.698974860534822,3.885821024310232,-0.1261835663481108,0.879414186054813,-1.633108631794037,-5.819382695249194,-1.473249444002326,-7.637977332384315,-4.538528717541274
4.037766769046781,-0.868104202015135,1.7439376468451138,2.7911693218201803,2.476776470343556,11.09888086908033,6.676019306562495,1.8960497723032292,2.3792476052836564,-1.3944180907992916,-2.4989705429054414,3.933094882912151,-8.076209415464454,3.003629292651027
6.123080761307742,0.0417984088285163,3.4841387249026603,5.340021998997264,4.011615360010159,12.517379575361767,7.4166617065823,4.213601128429084,3.804607679150708,-0.2249358124000402,3.024592835678959,9.350687022322528,-7.448970735150585,7.391794252202401
7.051108781463014,1.852576589007448,5.715206709044997,6.775925123613672,4.832026910013332,9.65220771292418,7.336565617926746,7.0030205436253645,5.9247857884286175,3.204500950755372,10.019925060234158,13.751359073950477,-4.432999316285351,7.726890294464132
9.454322857249004,5.714683517446534,8.27335955561102,7.461808534682036,5.19717946430073,6.844215591578611,7.712240373309978,9.711947564982664,8.921685076870153,8.805636215310646,17.024902950443877,16.568461777375,1.390708913942093,5.734339163539836
13.11628766517316,12.004953851558646,10.064688189725892,8.07244564486793,5.370703088895681,2.7509438662191905,8.615292929437908,11.122707870537372,12.051642007723212,14.461216011327764,22.31639266510974,17.377709949057795,8.626578319196618,4.076648606820273
13.696931229696515,14.063061056897451,9.916290411817409,8.861249290805128,5.375063079052159,1.1164713544247304,8.964066415518415,10.211381889489903,13.959335071212577,17.134676275777736,24.46599200205967,15.754085694505742,14.316526590596805,4.321990269561055
11.346094194590046,11.73780636978228,7.747334826198873,9.44977293070445,5.061502398089715,2.7652592050081592,7.677807290496026,7.09244325059236,13.517218701882348,15.083123438012215,22.861070138247165,11.6704758140241,15.567106959043526,6.094228161154837
7.457932530026312,8.551671293754229,4.85567167584288,9.206110751661098,4.3264728389670735,2.2829356814344424,4.766021510111861,3.15849394210539,10.684946267975093,9.327195349107566,18.079549087635492,6.026763819903293,11.565586863580895,7.765439702487214
1.0330397757453451,2.9285411667264145,2.9264482258063413,7.847412999184442,3.2429307782725,0.571751194493446,1.4001407863257895,0.2095506246496312,6.756875311241641,3.002161822648298,11.913039723130492,0.5895315056297419,4.435955060071592,7.869497117345123
-0.5644373728472701,0.6369964812710878,2.653824057039655,5.794121184462389,2.0293056272970347,-0.1825403964550951,-0.9649341575698064,-0.7239040665445329,3.6920531090730897,-0.9060711175389512,6.830452273980173,-2.8289621823141102,-1.879643349281534,6.11640334661851
3.251790860048171,2.3538258734226525,3.2995469886899507,3.999439091878084,0.9407208088856756,-0.7224537815267355,-1.5653010975309591,0.1053596881479891,2.882248678887564,-1.478218592746633,4.946432512198743,-3.3382476893612494,-4.007471453590222,3.4486034163759385
6.192820074492659,3.3048280576986504,3.601800992395757,3.324917640107913,0.1914180794648725,0.0310267796626372,-0.6393161913956382,1.6558263117533425,4.226114960529738,0.1034966498298814,6.973579321061533,-1.3143876104854986,-1.0941247148026303,1.3364397351308923
9.967108565096384,4.9315258402265645,3.0850689452000792,3.871536543563957,-0.0635094584947224,2.4206075477471813,0.9788152303849368,3.035819763375605,6.2493153512056105,2.090607495833361,11.81844019909823,2.0366531013184264,4.9804578872611645,0.8976219734838518
9.867099612013256,4.928554869277388,2.4234528595190064,4.78450550856355,0.2609260420718569,2.624417313893644,2.4688501369191678,3.993915023852379,7.228376417151388,3.5989168174948825,17.158060071580618,5.376914442889013,11.049751154049016,2.348727822798228
4.644078547355929,2.571613398331545,2.5175212355749665,4.776860594214468,1.1278142814572572,0.7132840893539213,3.331396396125813,4.598766978638784,6.44022235363232,4.679857743377908,20.671925516416437,7.6229073299782915,14.54725759010937,4.996110657564201
1.043644458604493,-0.1849803215060406,3.3098810670289005,3.0587719997899017,2.300822215550082,-0.6624404263671273,3.309249773826819,4.588266268894563,4.5099552529688935,5.360042314970432,21.13753712486215,7.961094547061233,14.582812565936596,7.658188319076461
-2.195040034536612,-4.134045868436116,3.640339696337516,-0.0409525338013949,3.323767519413823,-2.2467262225122804,2.209968928999476,3.19341718324674,2.580927762882269,4.977566706490207,18.73485019657388,5.870563754669515,11.82040533271612,9.216898675988404
-3.7889856310102936,-5.729992915680668,2.336421281400492,-3.303464987847947,3.641951371004232,-3.067523732670723,-0.0663929933393491,-0.2537793190739184,1.0899288025470333,2.6243929413697,14.540704321075768,1.4090760952938486,7.642588117927895,8.99628437066268
-2.48894173232252,-4.54471128679673,-0.5771117445043032,-5.543466353374228,2.8679380857100223,-2.7017833200792136,-3.2743533505457454,-5.441208580449499,-0.6661802660672103,-1.7991554222344757,9.764765556566491,-4.466846703534231,3.3351930249754584,6.8621173077048585
-2.918836414526317,-2.5716692887422217,-3.795064043979771,-6.451700750735822,1.062527788714995,-3.661796234585704,-6.626916474506896,-10.794425466240018,-3.690048243315241,-7.071006396448478,5.301558143591694,-10.034659425450116,-0.3002902880726398,3.1687570124306013
-4.539946727890496,1.1870108611889196,-5.854404665301136,-6.640546376043017,-1.187323007015196,-5.726211117060947,-8.984744100290685,-14.203097914979224,-7.9283195322766975,-11.25917608487616,1.7058144877758066,-13.561650697094,-2.935336147111037,-1.279083308987606
-3.644741209209056,2.442852226645311,-6.324709418690201,-6.903552665157997,-3.0432786315505163,-6.325529668667052,-9.464354959474646,-14.306565569725777,-11.768472460345889,-12.954047635633115,-0.7193990567656376,-14.241416603553777,-4.543557455263773,-5.269955128456707
-0.7849815118935951,0.7836140155078992,-5.913435936233913,-7.415757017158514,-3.944718410615464,-5.754854499904996,-8.075391896609197,-11.382032284623934,-13.049369029521063,-12.094592658298446,-1.976519350044441,-12.568331669256416,-5.248914977966557,-7.4282362521365135
3.3036733978182973,0.0057201795184714,-5.482894468204911,-7.622774337273542,-4.027126895264916,-4.343209649656619,-5.827090686724777,-7.147690287929292,-10.80195244898708,-9.785228524877118,-2.443453182646646,-9.785038083034818,-5.214404985027191,-6.7479134450027285
9.296429972067887,-0.8931972300864056,-5.064859158118254,-6.881432839225717,-4.043612987536195,-1.5612373790404557,-4.083220706301226,-3.6127105428605306,-6.1461493260720985,-7.358613563691438,-2.664998647179381,-6.830341283870515,-4.528863298903291,-3.1880379888949224
11.083428109854715,-0.9374473470926558,-3.898028499373519,-5.198619443938911,-4.750282686420379,-0.7989489671358272,-3.592607033812619,-1.8165964295691817,-1.4794920329629988,-5.474532947920348,-2.8837372687706964,-3.70435913083015,-3.131631927835568,2.099405937388485
8.188956704078356,0.4485432797215971,-1.4236191060210288,-3.347593402759263,-6.200251191276017,-2.2093165946852307,-3.986059674420632,-1.366298947645785,1.3255820917883507,-3.9025177781008535,-2.761310822518035,0.1639627090672415,-0.9165362838450132,7.168705436291061
7.135666271424704,0.5951858545979527,1.8122796505232437,-2.2515088664535043,-7.563016394151893,-2.7693150645632185,-4.188662078517048,-1.0539494067470685,2.09756990557827,-2.0347026838713003,-1.7016506643659683,4.889947440231543,1.9378793377191008,10.142843409490856
6.639434481988715,-0.216233861762657,4.31257472348423,-2.212553964643002,-7.704845601953487,-3.1823707847417824,-3.3858766258755795,0.0001293193844289,1.9703073939475653,0.3822232007210053,0.4004881775053972,9.457372177115433,4.665165456862668,10.060453594853172
5.118278130036776,-1.057512792647497,4.764811314358195,-2.695910707073203,-6.10718431562179,-2.816963074456937,-1.6816233596510166,1.6263378711286165,2.005894966049856,2.9027195798454386,2.696409205667861,12.121645483991111,6.065862696506507,7.243498564523657
3.4862404359857164,-2.3956548244885725,3.124697882746338,-2.8628110997323017,-3.370162481928665,-1.1676422716004298,0.0912733926210127,2.868851203874456,2.256677250458217,4.6400880913405125,3.7473459539469225,11.601946163167444,5.241749123208448,3.0096205643383955
-1.2909286428586664,-3.986294557379901,0.6441417107586993,-2.3687272192009896,-0.8733178986668473,-0.7032686467415153,1.1210655460003074,2.925838105739752,2.0455657207479154,4.833232044425632,2.4877134624153463,8.006872599671846,2.388052504005568,-1.080815481763208
-9.507428486492609,-5.79710814157703,-1.1814050765385629,-1.6968549714827503,0.1405236366246958,-1.2447584920615156,1.1716958112470737,1.8726437277988488,0.9360648605208516,3.2708404989153825,-1.02280600483805,2.7143226756703465,-1.1578925446563846,-3.993389096769194
-12.459148233049875,-7.342907118393501,-1.7744183186125502,-1.6939783598225104,-0.6415516214070796,-1.0530674419850743,0.5276067928425441,0.5228927082947958,-0.706091374217436,0.38157533129456,-5.647433685963314,-2.5495828642746057,-3.834938836494513,-5.538030194642552
-10.227727873642207,-8.50819515726158,-1.6994660867725335,-2.68637767487371,-2.46687563663614,-0.5169015753491506,-0.3808016078171397,-0.3403643677348311,-2.023564825191017,-2.873689125519455,-9.8477597160383,-6.500737196921534,-4.970054492868978,-6.073356994438159
-8.610427199286352,-8.302951210972168,-1.8138851160328249,-3.980226727034919,-4.044285777494104,0.2283037040928471,-1.137864118018057,-0.5104038905128185,-2.3437301323846755,-5.170922003267688,-12.33829911048676,-8.380837675510962,-4.995893509037347,-5.903276697589553
-5.820509551607152,-6.421703080041758,-2.2390504134151024,-4.295313179508741,-4.333103342481381,1.443365189141263,-1.2080922755257235,-0.1330280207332146,-1.487817943853584,-5.15245162062822,-12.338431712043462,-7.689703896881925,-4.561407805973896,-4.948698651839503
-5.295238083231069,-5.729922626778152,-2.2000896516856443,-2.885583654068009,-3.1421039002287063,1.7563154270510706,0.0563430346807973,0.9048014359890066,0.4073278422305457,-2.056991589161991,-9.619039585212906,-4.301873539045136,-3.561008055143048,-3.0329244359092296
-8.000632293594888,-6.065089421211551,-0.9017790195209512,-0.4057052492163981,-1.256468623694308,1.1187861518579385,2.944555170234365,3.0810557585327896,3.0952613388700363,3.571569156735078,-4.6944155386981,0.9373416216018602,-1.2983350572531678,-0.4995384767001855
-7.9175694806960655,-8.11875206640142,1.4514606224522546,1.3574270533416797,-0.01183016289679,1.168040748792922,6.79199386369226,6.51045512704083,6.123606908025065,9.703547981271916,0.9328693780506434,5.934615983111426,2.2369466368349222,1.5379086985250925
-5.860216704714422,-12.6597896832678,3.560858554396218,0.8697103154738779,-0.4602100894520928,1.6718568635973987,10.001467326134442,10.13636911903537,8.66896782023721,13.623647506373844,5.003254292056707,8.184484740840979,5.4113400048173625,1.7511542493818888
-5.56622596487828,-12.8765621487021,4.034481298339848,-1.713313196072891,-2.550796191992759,2.083951155456546,10.969999767865882,11.95088186889489,9.7482538568338,13.429122100326085,5.523047889660661,6.433248224712134,5.69986070678619,-0.3744673178193044
-6.239321581848034,-8.693120587642024,2.561153924649729,-4.354370107986449,-4.907242551782241,2.673062715609662,9.283497852299952,10.423999514060132,8.82519462752586,9.262379201107825,2.105091518336096,1.8143830785715196,1.870912391048828,-3.9223217800728016
-7.435253779556843,-3.151919438424584,0.1505942900073354,-4.549309938522689,-5.533714575198268,2.6244325944947624,6.112766166671353,5.974310886832337,6.290776718746083,3.355417294304296,-3.422897290556552,-2.7428856984940824,-4.355102818418171,-6.985817888394583
-9.740896136780767,5.354093370827981,-1.763422663716654,-1.3163272885164172,-3.1339919929470104,1.8434238630645063,3.340171340891352,1.0047914431449965,3.311064788400924,-1.2428741329336526,-7.87714793372449,-4.611494551042437,-9.009599857929736,-7.948921062709471
-9.93781014477803,8.637719321658546,-2.4813560489566715,3.883488560601028,1.84887862126762,0.7450903218941625,2.063646398751343,-1.774984158194283,1.1031332779434333,-2.4661410057506266,-8.691509087213669,-3.4556207535731964,-8.757766784983191,-6.642876210717498
-7.868085085137221,5.92216156363971,-2.402985143513462,8.122757911343083,7.301633644066129,-0.8981901747499883,1.7203812441471933,-1.4122410545981892,0.2112684683232757,-0.4063449358799111,-5.659967615574908,-1.452127716226871,-3.673579740290359,-4.453005784441477
-6.408756059869299,4.5381831357007485,-2.392985077643342,9.11919696137256,10.672845513334767,-3.0722221403107968,0.5812955298068073,0.6046684955210353,0.3079246699912465,2.868091801733337,-1.0919215877806367,-1.5007123721208822,2.538047222743633,-3.261328175342241
-4.8893653642793415,2.5728052747537,-2.911435159387879,6.761176446486462,10.529529525492396,-5.793197824223592,-2.771506021758196,1.6174126841000738,0.557479120555983,4.707808219486333,1.8624476740053124,-4.844509216932504,5.260412702109856,-4.045011898019136
-4.7782262917272025,1.3794918083642125,-3.780079680764104,2.87442765907244,7.336354052982045,-7.155407190236301,-8.170570557926638,-0.0904166542482328,0.1773616952609082,3.5802483062267347,1.5242896078610095,-10.012836065190177,2.498112658625155,-6.238034462738608
-6.644512182973397,2.02879417252942,-4.67179027288163,-0.3992298356636437,2.9583861630256134,-6.978413111194573,-13.786767432963368,-4.095693353768336,-1.1714668877598329,-0.02242734518371,-1.142962928960098,-13.914038032833536,-3.6571525071278232,-8.337513822497879
-9.070433762184274,0.5569529089794321,-5.62336654514845,-2.1243203806130504,-0.6426706447234647,-6.156135602446808,-17.282476837550227,-8.396829133574823,-3.281094905602908,-4.013148988993547,-3.441051394315569,-14.165007031264103,-8.802575172079505,-9.184636140158297
-12.616040658366703,-2.5414887906481494,-6.921108713536705,-2.794244701050882,-2.509154812526091,-4.143422433220067,-17.318700800611538,-11.05569707418722,-5.522805983840591,-6.115932640165548,-3.186307762755068,-10.79452431653381,-9.70975913660893,-8.783356670398573
-13.608903118045845,-3.578622913473678,-8.494424870610322,-3.358113203579252,-2.8764463597658048,-3.386452482542985,-14.366929862908286,-11.48105854540882,-7.145343984717448,-5.270420040203625,-0.4569121994229164,-6.053440536424304,-6.622797837949296,-7.982274704575384
-11.618585593039592,-2.956315607485242,-9.591591537101747,-4.184772555875852,-2.551246483286424,-4.068751187254781,-10.369536191004253,-10.45598342184229,-7.689248757299504,-2.1781185157798406,2.558940943821742,-2.657474030661806,-2.6138639346983106,-7.4453569039645
-8.236108574122852,-3.33085197220806,-9.27106697238268,-4.925213861700051,-2.172968506365618,-5.290491938723212,-7.584808119362237,-9.194344948205377,-7.333530845331744,1.1835793693898722,3.380977032598535,-1.9914740688520003,-0.8159183834475312,-7.012642873860356
-2.374527728054898,-4.146769378567769,-7.345525195727475,-5.177337837197239,-1.9493158375520825,-7.725376906579141,-7.363727002112697,-8.416484170553924,-6.875378092074654,2.642567212955992,1.1347281684629773,-3.6142427941941113,-2.0451533893475524,-6.093503386544235
1.241686140716887,-3.8837813338653886,-4.805543706631364,-5.052111434927794,-1.866111602199946,-7.8925636482215875,-9.489604538534518,-8.145281950575864,-7.201180796923432,0.9299100171267288,-2.95221113593562,-6.097614598321973,-4.691524079103552,-4.592808630413288
2.3193006667407703,-2.832803086949441,-3.128755139956819,-4.967267819614416,-1.9258257682793067,-5.573827410550429,-12.335532618204253,-8.096733922928927,-8.54330556389025,-3.61177239643056,-6.601940463408917,-8.123597458172343,-6.550386374590464,-3.253644947192712
3.76203236442258,0.1843139979305427,-2.963166066948449,-4.935184636193903,-2.0945705486630555,-2.011759760234416,-13.73441716702031,-8.045199523131592,-10.145187990938854,-9.003843008382166,-8.004078331003381,-8.871883244572409,-6.652035617190515,-2.9185471875241524
4.425198151345023,5.575269584628966,-3.407067794438836,-4.2297345516724025,-2.1113811006217165,3.736403752407837,-12.171550388455945,-7.804194836946323,-10.745224242871938,-12.502102658163984,-6.653734046599544,-7.784340560807935,-5.536018717014607,-3.4238756802031487
5.780004316969298,7.48292941012063,-2.697410227122348,-1.9617247757987863,-1.5476547564572003,6.116519339917342,-7.697023690787882,-7.053464292069869,-9.588709219104503,-12.177563591073682,-3.2510564664247616,-4.528009528658197,-4.170435905282802,-3.347666765547026
8.126721220628706,5.854300451770495,0.1640582635728456,1.8785717933701311,-0.204852974665329,4.755779252366915,-1.9712555177242652,-5.451168551272383,-7.120322642788833,-8.331269831793762,0.8283724113441031,0.4523780333398974,-2.9407476986108367,-1.0612976241032672
9.342222312145742,5.104940301292256,4.289192745125289,5.9480745601229295,1.5349368805747765,3.1704010403474334,2.6996875944067185,-3.047424070617483,-4.703607439253966,-3.5769450618024816,4.01912155241585,5.44904945870056,-1.701473579196055,3.744251392456401
9.739589322314458,4.033574247708417,7.410277468040116,8.270862795656132,2.8523168268056613,-0.0061881021172618,4.773851386076375,-0.5061896888825471,-3.57455389257303,-1.1840929596608452,5.028259896470229,8.061493324665431,-0.5125290265340894,9.405515680611764
9.92562606873772,4.625075135667276,7.713730629786471,7.697793837682312,3.0998799645845967,-0.2596383419491876,4.361628845935907,1.2883506874713029,-3.940778153012787,-2.7138053822569974,3.449668139845293,6.847945026644448,0.0328258625949546,13.161530213893045
9.559128202502636,7.6357881190146,5.4361366091355725,4.907601121805728,2.3414318617893075,3.065295213445952,2.98304035564212,2.0042375906851264,-4.972333063337109,-6.790186918326911,0.2879848845690596,2.7649667856797104,-0.6401540011710538,12.986584863487646
10.082485074536642,8.610046937779742,2.774133452191144,2.0440439664075205,1.3139383552775148,5.833363127176768,2.4690874439148045,2.257652782364989,-5.55536913074641,-10.079178670853626,-2.23051701972884,-1.0800982838910311,-2.295534410950283,9.081193778799108
11.634316999499667,8.022557226017248,2.1175738706418152,1.1951404638135283,0.8437414752040481,9.197101309597132,3.887833973628774,3.144959563645928,-5.021373807052862,-9.740770435575836,-1.8588749024927276,-1.4895216503009836,-3.792479138413545,3.952888716807745
12.734848883329173,6.968118004273948,4.115368178315862,2.888149954266071,1.2392776486433088,10.35963911849809,7.173166844263144,5.269751641158493,-3.2801288823690022,-5.4072969880499215,2.079833540523363,2.4874524662302595,-3.8490082340654608,0.9396262585329566
13.70005939087618,4.614087357395138,7.233925541210093,5.769337733984839,2.1398645334603863,8.559649993004815,11.421551628032011,8.160344782489771,-0.5445041801650001,0.7806776399616968,7.956060036161869,8.833488208167173,-1.917676908940603,2.044942059386798
13.207206946289007,2.680175900106777,9.128241028313768,7.681274564930311,2.8482865822318693,7.19632053602222,15.384946757309656,10.617921938535469,2.7918651448539062,5.8847789618620485,12.748615457245634,14.029374407470588,1.6077782698484078,6.505503848598467
10.891304080365822,1.19769825088018,8.564327186729468,7.25649647568133,2.8035252526205605,5.4531604825758,17.868411710309225,11.652778151927333,5.98423858559214,8.124341261764872,14.101402280468408,15.50658297424638,5.857409597170631,11.199297385124105
9.52129400850174,0.4503757097823515,6.247390428133076,4.812767781119302,1.8699480201782883,4.517187212730216,18.112484353485137,11.163853006913884,7.944812248088885,7.664128008435176,11.968848428629729,13.219984386864526,9.976769348456232,12.82773964020795
8.817218390121655,0.929754000242521,3.996831722357912,1.965461781082719,0.3654594328860461,4.964161920764148,16.216151269445476,9.851550920310675,7.834494352141531,5.97922476349857,8.526097484042186,9.34956194652004,13.175702977387008,10.421548027537664
8.93723673296618,1.3949090848623926,3.170634923316171,0.3839390080519287,-1.085005876436412,4.420435451943614,13.288031687406267,8.59602431919527,5.880317224009376,4.608475050276845,6.422884691618906,6.621430407020125,14.57362477330545,6.228735233380145
10.49851019234479,2.079546643761503,3.740229662256975,0.6875563420798027,-1.7981533808201835,3.265739383564701,10.92405091456296,7.913469600832369,3.523254355473677,4.28629503909846,6.825517310411208,6.57372023799844,13.42420825923611,4.092168109150186
10.524885405620523,3.030795259442846,4.637327735439774,2.233441854096825,-1.3375725926421245,3.0332371451543345,10.152423098096548,7.8489156937506595,2.478274830731002,4.862134830921121,8.794518631027305,8.83742227576756,9.837684999271437,6.395111615288536
9.093532711819252,4.06103579707966,4.823290764065003,3.7941479683956336,0.2422522353831819,3.4574305956596216,10.659983132597535,8.17639644597477,3.4015372555101777,5.75596974980255,10.317562464774172,11.638581821695231,5.33701380935578,11.95113504581128
7.2525207836968,5.496343108962519,4.05988405289877,4.496141772835048,2.3941313078954125,4.532331313053208,11.07786366922399,8.587864511759273,5.399803196534914,6.454367930345788,9.926850411576266,12.99915714019212,2.403441823252958,16.627418854038794
4.346619422365363,7.2872563319793615,2.8543668936479483,4.320173121662139,4.38405740139075,6.553781556228568,10.187461337554543,8.738836486757576,6.891618375170546,6.731223560955044,7.539051183790741,11.869237805004596,2.9429693695369936,16.359971936512288
2.936817258551672,7.65074478588748,1.858717920200383,3.8970344005452784,5.72060399682998,6.651647555409443,7.968924907296891,8.265955915806602,7.012468936320898,6.592370905839347,4.08807180973032,8.601622074909463,6.7118501877155925,10.272297018118596
3.210801132057374,6.457979581275923,1.3563231799185058,3.875632335807977,6.383924281339902,4.685336670519956,5.481382319335522,6.905997187614794,6.222784677959513,6.1269634910816855,0.6247289365019295,4.5845910657110105,11.101253548538438,1.4713738520233193
2.377640402714979,5.23774735047707,1.2004441060676014,4.395903968856152,6.677997572973168,2.386663457257413,3.68807080240315,4.677885440129802,5.60519682466949,5.429997204630458,-2.228589642307302,1.3110841541304703,12.785891896372874,-5.091326313631323
0.9459240467195068,3.5710979002892107,1.0982893033452794,5.036507754570227,6.85050015283139,-0.938437954824878,2.436565088509171,1.971430420622308,5.66692795796932,4.621619825993528,-4.246735157517117,-0.5056050001957217,10.197646011294974,-6.022269560275513
0.4328544795580437,2.913438077605881,0.9152666929146868,5.20299370182519,6.827140803269425,-2.3264432653476144,0.7000803526111459,-0.5649667331554227,5.902921402198961,3.875126889873769,-5.4105517988461145,-1.1886582986417018,4.901514190858425,-1.5777484245105151
0.5097851332457354,3.598892409208761,0.7748056923673262,4.604851427796474,6.295363655878546,-1.3884467202569135,-2.0984109072211785,-2.3014163135521457,5.497084400556044,3.3625141230950923,-5.900817272924391,-1.582229632048071,0.6204362679480013,4.973438551914688
3.506893032916752,4.192229347735432,0.9402672297211424,3.4562929822271853,5.050273904355918,-0.1584769179444125,-5.060734919859137,-2.924140208667924,4.317042260737126,3.130356984344977,-6.129593252335749,-2.1906696405428683,0.4942028505551312,9.938856022723048
9.925916418370186,5.125593146692136,1.6000120955089914,2.293008211994516,3.274753809828098,2.1759455358574984,-6.301592497243476,-2.5908569099537377,3.097515478870404,3.0264594088790258,-6.508310593162518,-2.6671702527795977,4.6801028654198005,11.573698545329693
11.852554791806291,4.561282803607717,2.694160208904445,1.582288215524072,1.4895586287218965,2.987629265189434,-4.687146815109616,-1.8421523952424212,2.641002842024101,2.789432490562533,-7.068893909612974,-2.082761403858306,10.242569024033203,10.556820880380936
9.397380807949451,2.1690565412174743,3.877231931416748,1.4089849696394776,0.2101900071788409,1.9164031358818605,-1.2105233734689698,-1.2902730859316909,2.9443986361554493,2.27233159921427,-7.436276541362178,0.199602249324732,13.437998238209154,8.669257736504616
5.208585937973631,-0.4360488610324012,4.6285230366018215,1.412517918793396,-0.3956810850341066,0.7524909825354518,1.4267384996672037,-1.2571883179932692,3.2146735468614165,1.6103568288731245,-7.371771413614415,3.703952899536082,12.494168016053155,7.161069417978367
-2.5769289369066604,-3.7721721671752806,4.442960320543003,0.9800358813266444,-0.5762507323680968,-1.225425868968966,0.8278561087477181,-1.6058180559859343,2.7415512449648523,1.1285453300354078,-7.391937047689003,6.747971736014612,8.586725039435878,6.150609970564705
-6.82437371683689,-5.3043212879143065,3.012931926888501,-0.4202830771297527,-0.7765479470341035,-2.3622335175970823,-3.202314851794469,-1.903735165087024,1.6625067644343463,0.9955842963332592,-8.678557895140756,7.279361106090741,4.33344271814513,5.130664079457512
-7.1134131673661845,-4.628870435489822,0.3600216176098629,-2.9272621079387564,-1.3535460649804565,-2.412949085778507,-8.50074582862236,-1.8066218205860365,0.7950714010757558,0.917659422061056,-12.120007865769734,4.18879236619669,1.3375709778506364,3.67918015220205
-9.470850241223776,-5.311602087582765,-3.0795954099517493,-6.151833432607488,-2.4306128104354654,-2.670124945242834,-12.169442818571913,-1.3570274453867106,0.7385157183838318,0.2386158030524141,-17.27960444727659,-1.762326587984417,-0.9196443377408814,1.6708881998828602
-12.36001597102599,-6.801518747308995,-6.453528905789455,-9.298135747187157,-3.8955290085047394,-2.695615216587637,-12.508015945497784,-0.9480968722310404,1.22500644977029,-1.4996196859342583,-22.32747934303243,-8.11051066370227,-3.919212125387822,-0.8517216171085358
-13.260902467768252,-7.620139338082651,-8.6849498905189,-11.48015252336053,-5.421164089217678,-2.9126788479431416,-9.74398695003554,-0.984464019856416,1.401592975925575,-3.96864293015679,-25.141778682197653,-11.983588932415618,-7.983542575597685,-3.626157522232593
-12.71031031310364,-8.283504254779567,-8.913513795631754,-12.06003641177351,-6.488231911085,-3.4665894923654177,-5.339433633046195,-1.5315522344176224,0.7185411967338293,-6.042786505367289,-24.68840981217112,-11.750460299103691,-11.41935891905194,-5.923379979211068
-8.355541186975188,-6.5501023598503085,-7.016467932747625,-10.859496064870648,-6.548848007749503,-3.4249060112361183,-0.8526200946152582,-2.239725782042255,-0.5086028682491905,-6.540101326478264,-21.54477306922681,-7.936554694285872,-11.878629058476456,-6.66764572096933
0.5175590189852204,-2.043118460110973,-3.831255249460249,-8.229456269392394,-5.404024780881161,-2.873174242063424,2.65699465910681,-2.5800276038158123,-1.405008295852202,-5.16402519005978,-17.273186457824867,-2.780419529349533,-8.673841469460728,-5.227371190267465
3.847506281377278,-0.2897274411186823,-0.7923062621891386,-5.021046910496241,-3.55757996445818,-2.5878864243923143,4.58757459173764,-2.1863107268088555,-1.34852303647349,-2.794652537295696,-13.373585173248888,1.2330117839761108,-3.788466824101032,-2.294925964867747
1.6417556595809482,-1.0384057862585971,0.8857351624937988,-2.411166124499534,-2.118057777164412,-2.442670998134782,4.679224593787658,-1.0718080470002862,-0.4863844307508742,-0.8066613332122454,-10.720334077940311,2.79990219024459,-0.5265161271518259,0.1342278067114268
-2.775248488228822,-2.313992982053988,0.9308074403053116,-1.4624687301996089,-2.0943698549128134,-2.985705436154768,3.156206315005953,0.356682529432301,0.4470625109757558,-0.004115489896554,-9.654341998622591,2.2181456324692923,-0.9658076242658966,-0.0269454515093365
-11.848828294857732,-5.304071009976524,0.0947677913019173,-2.478953032457528,-3.5402426018493225,-4.423264600438155,0.8455027324727147,1.4412911979039185,0.7191426833458019,-0.1470285422856063,-10.177452443725793,0.6785445580035132,-4.476771439651273,-3.4188649564054066
-13.802298691048785,-5.57914897213331,-0.4720115798654847,-4.571643095992416,-5.329221288451583,-5.057501023315518,-1.137593681538939,1.5319486222394538,0.0450462027056079,-0.4605461007794833,-11.793321591488274,-0.8110176568309457,-8.523094378420295,-8.623565630990676
-7.884483547302933,-2.794542290662894,-0.0504288095771405,-5.943573791061218,-5.91928180945408,-4.97937783871178,-2.0296442464592266,0.3407881361458846,-1.3480956821670107,-0.5275386461901856,-13.258138271940396,-1.925623027263739,-10.839877459676972,-12.959313349048186
-0.5240935881602068,-0.4861924073426847,1.2587330129005176,-4.945632674346182,-4.566106269123937,-4.537592635303635,-1.813170885621004,-1.7349830386897511,-2.889582452104701,-0.6019539464565824,-12.883094409213896,-2.66538727394044,-10.937628134824266,-14.043744623603196
11.23922277815782,2.3674121467656115,2.814896663515732,-1.2445377091365928,-1.9300564591930705,-3.352759354930199,-1.0020923296987778,-3.602221511645382,-3.875825214731909,-1.035749925221639,-9.521659095711687,-2.725968798964497,-9.730903771988435,-11.06772294632296
14.32026869024619,2.595793507368481,4.026949137403529,3.811588253484104,0.5034420118669766,-2.817967908099761,-0.1118790531171061,-3.99471747038489,-3.7240259147131,-1.5086533998819114,-3.511873217053269,-1.4399880288664386,-8.00427133295573,-5.162129817360961
7.2903387606274705,-0.521597202818187,4.679526373164392,7.979373816515609,1.675593829844734,-2.962310813917877,0.5843161106905728,-2.361723627360952,-2.3073430011603646,-1.0199618744293917,3.345189908429177,1.4966381121782375,-5.495651563076756,1.1212226027554903
0.2401636233372768,-3.4236926541461563,4.773334634235976,9.4804097936235,1.711480017798659,-2.661627982424812,0.8309265764163976,0.4976422002569591,-0.2019268749315483,1.1677159098851964,8.882579081920806,5.217634420512946,-1.5914660360251405,4.901250942779967
-10.143742670956096,-6.997975555513231,4.188094492664374,7.925414089780872,1.4993893809552623,-2.190438283149203,0.153663235125403,2.699233925335881,1.4623198232061216,4.489861784965039,11.85340456146042,7.76517062312219,3.1735764160851043,4.261981869589212
-15.496160073759572,-9.13991709386718,2.6389852503411837,4.243121834911737,1.5807746060641858,-2.1338874945778983,-1.87456948457522,2.4780715952371986,1.6266855159208131,7.055288264858404,12.38513818681273,7.272821237382417,6.596329296114665,-0.7596183464340482
-14.078729230437668,-9.172483157062652,0.0240842096750224,-0.1023247858711637,1.5195794397737383,-2.3945193850166917,-5.006196658473062,-0.4630438757056545,0.0373304027201881,6.8951297147846375,11.4293942140769,3.3676126390241845,6.1700741098823535,-8.108537418698472
-15.829970644678744,-10.084865622391662,-3.228333454486956,-3.885276625087922,0.4057506788759084,-3.2440432848162724,-8.080963667033881,-4.562637821760759,-2.4876071493163656,3.555890837878252,9.93304083830812,-2.448944380872663,1.3059431531917398,-14.821018126102352
-18.58543427059896,-11.248620037472836,-6.261172788182777,-6.431631315575533,-2.0362270539819742,-4.831743189255306,-9.696408960741309,-7.430514111361489,-4.5393466405369,-1.328255946560589,8.477860845500766,-7.850501026297571,-5.701458859999603,-18.742580417869704
-20.662956623165936,-12.270265176098832,-8.32541569732016,-7.565040559662854,-4.895173160506452,-5.102239498747023,-9.352927569766804,-7.590859647765006,-5.052572825055511,-5.088346907683279,7.411040705890683,-11.298963122080243,-11.132469378073354,-19.699156752869992
-23.365063116947063,-13.55890530129188,-9.261326707407786,-7.507539985115821,-6.679619247260733,-4.000905965026247,-7.968282267398244,-5.540161402089172,-4.029464752945975,-5.95937700646676,6.958427397318425,-12.872730241416196,-12.684030521041231,-19.296943982771214
-24.02304397059085,-14.450809878370624,-9.47014196406328,-6.842800748566503,-6.523664756080351,-3.170164005739254,-7.09888548478931,-3.2205336089167385,-2.5291356347683625,-4.379251701485931,7.084653593858082,-13.733670528564176,-11.248146601265535,-19.584609411642443
-22.53327029693793,-14.971613157629678,-9.442220040381,-6.368994718574208,-4.854204851914858,-2.177764526934164,-7.451778206746322,-2.3524437813376533,-1.9161226610365285,-2.585323062290872,7.474146224888595,-14.890217479056098,-9.996294336718703,-21.63837349019941
-21.182961683630914,-14.59797688426705,-9.33887899283024,-6.702485421512257,-2.9295908121169503,-1.1426110525897897,-8.080788073135857,-3.069905410037866,-2.872192666674984,-2.8049689765607093,8.030782725343926,-16.398296601128592,-11.512892693517676,-25.00331489196355
-19.45915694775259,-13.123139283834789,-8.99991211922833,-7.810496233350989,-1.7359341631539755,-0.2889896752701694,-7.125597514683177,-4.008629933914527,-4.840014206283515,-5.467990599724244,9.563624184784986,-17.51866856529664,-15.477703307249202,-28.109489803842656
-17.407349266943708,-11.171252203299003,-8.24915356564047,-8.877856570021168,-1.2674955345998056,2.148940459803785,-3.510359626022173,-3.660302423877376,-6.296260941060996,-8.835873700923461,13.724769804502536,-17.39972480264215,-18.89674722188659,-29.14307621689054
-15.376999304322624,-8.542897043736627,-7.094910772747699,-8.755268539779891,-0.763142299220104,6.211525287955702,1.9278258790778489,-1.6937928303437415,-5.726109651384016,-10.291646713695505,21.73281149831655,-15.576847229408164,-18.60274199070987,-26.86771512758941
-13.178940536885031,-6.09579431040026,-5.658111900833663,-6.774640453554359,0.4442010510637277,7.423906048826418,6.9057551859707145,0.896291634669403,-2.6977064216484257,-8.253469715068782,32.70839549529739,-12.076347497915004,-13.80655866259282,-21.21329582706077
-10.982185996408994,-3.9702059286451528,-4.060718369630886,-3.3439483268052603,2.291840559771858,5.833906427805672,9.321081396294812,2.7555462307533487,1.6816257010342266,-3.294855786622509,43.23667012085251,-7.418354648337058,-6.599539732964219,-13.519830186604803
-6.87627840772238,-0.9082319732368236,-2.519388033322306,0.1845073093175706,4.076697656949019,2.721786156470012,8.618804834298203,3.205286029725304,5.296876260676177,2.2396476331522948,49.01820754325665,-2.6847941887924787,-0.2081574568680375,-6.156747387228173
-0.723934747455765,2.907989793440383,-1.4922880327161705,2.348544555616688,5.07399093113059,-3.007795834627257,5.869285953643449,2.4615213342711724,6.277249075174782,5.730671334181024,47.66032738399922,0.6528320196025579,3.347108044692817,-1.367959133267318
3.000798324012948,5.528478762319272,-1.4869818341514351,2.524368227882062,5.076180972369393,-4.815762821548012,2.780256309113163,1.1233964289059517,4.184693082453958,5.8496986943976745,40.45881902865022,1.4752816415282544,4.315055545291047,0.1519612516153916
4.444256021366655,6.995326387991049,-2.492877524864553,1.290545113653581,4.4309145739645945,-2.2921328784976684,0.6636671117711477,-0.3295989188869765,0.3393010406813039,3.2501470049909424,31.64661889662492,-0.0133730206690865,4.453498383933743,-0.1419090238405385
5.42429481745045,8.725745524511265,-3.608167597632153,-0.0244865952609543,3.665193461036415,0.3234095834504833,0.0603325381663939,-1.5820171176191744,-2.9802722231123786,0.0246147286019491,25.579391524659638,-2.044947767959023,5.393585568243461,0.3692058182835289
4.961780748559311,10.333811120209884,-3.49390675768739,-0.2140694134244629,3.1027859834872933,4.613658552705943,0.8596875261953909,-2.325190639951677,-3.9699760674746702,-1.734036985333404,23.95064481817568,-2.386859413402635,7.500110268412524,3.419532001591433
7.063946559288931,11.473690567623285,-1.5096972231926982,1.1562408496727874,2.7675666258966265,5.836022441516291,2.4015880346476983,-2.3534138949802434,-2.427435686593994,-1.3832890126031758,25.01655065786412,-0.1438051555089385,9.8910707170042,8.40400302820091
12.101898455371956,12.289479105984714,1.4955184660564036,3.658395027940637,2.519786633932785,3.233688392361909,3.492090571919086,-1.873034225942518,0.1778983270157113,-0.1744706417954442,25.17543323442145,3.316219881185436,11.298868560564976,12.9126974242839
14.630110692892693,11.973792691024212,3.681891209350432,6.334149231913432,2.1818016435091283,1.1561382207707716,2.769364690349965,-1.52718998536379,1.731587118581333,-0.2225400546147888,21.546634823514268,5.378388082778014,10.998379926396458,14.949625744476386
15.379653317074707,10.41086829061963,3.7693726704362023,8.13365983054289,1.5412101403728766,-1.6391696405393277,-0.3810406754007499,-1.886348564280325,0.8977889041533339,-2.639573533918653,13.736559914500836,4.480089099705007,9.22017900583858,14.873640358258005
16.329027826129355,10.365716697032768,2.2434414562474005,8.302427876655889,0.3589753113126537,-3.000744498785364,-4.972759519609681,-2.8442406625995043,-2.012637501217042,-6.328854187921227,3.856425728025624,1.6835350255483783,6.940123667642515,15.160410908043024
16.587156523724605,11.836888184075784,0.982404850431978,6.718582097233367,-1.459452018507201,-2.2295524193388347,-8.613974798581491,-3.613934129568832,-5.282372072057311,-8.621633508051215,-4.881982440072917,-0.0241738303121691,5.297405374017976,18.02939062492988
20.055072027272303,12.11854677457682,1.5555464952494962,4.094667636280745,-3.614793853825327,-2.2558251750006844,-9.006569138020133,-3.437175492660148,-6.932948421582629,-7.43455675579571,-9.966429438333428,1.7616972239716246,5.0109037657915305,23.09515195166859
27.215167209683173,11.70226133783131,3.799540048633063,1.813956223862972,-5.377532350379299,-2.4356511159497454,-5.717372511888831,-2.327257053344239,-5.987559947335587,-3.1660389762686507,-10.828461919128642,6.7406251189772455,6.076752944857738,27.38337825046053
30.38585618685109,11.866905147319612,6.064747031578735,1.3007100752734395,-5.93734775239515,-1.8714333274552049,-0.6696516088772096,-1.0685922769011988,-3.0285671598756965,1.4115739829304106,-9.031790669454672,12.102350477835667,7.842836670807119,27.91962492635216
30.10575492475644,12.264781721474924,6.8725485397087205,3.2207266852317518,-4.93556053399546,-0.8940010580345256,3.2402362032029237,-0.4458625468745284,0.2694538062161618,3.318949011030271,-7.369791701096581,14.892057648565174,9.374154141741164,24.561499478990317
27.834773930494173,14.365462122846608,6.316611328233096,7.056670709869326,-2.746541371301477,0.984164003803074,4.327515516495799,-0.4727840927317039,2.272033209316853,1.786492983205028,-8.271491361796219,14.419447695691874,9.92265715956584,20.31384046132357
21.89607112659332,18.50354598352309,5.832635895093407,11.37634663275343,-0.2578032178297644,3.906167276510271,3.231440522212732,-0.3912686112697863,2.407219908065831,-1.1743505777976204,-12.335603724894202,12.57915457935976,9.303846563180224,18.656286858701183
19.54131589586836,19.19848456006537,6.649756970478005,14.589092400207615,1.6729848805887868,5.127435600446687,2.0048602535820925,0.5653137210415682,1.405011610178573,-2.5360301851203726,-17.93960753911172,11.907605100463645,8.006478159523358,20.33143285520543
20.995200017079345,16.47355663953995,8.541208648392669,15.669604832310505,2.6580597136598643,4.56872921213768,2.075428426926104,2.387573685983999,0.6290330755576186,-0.807613761137018,-22.33940262671924,13.254570170393428,6.92639817530214,22.6963704731877
20.50934508052223,13.539139391046453,10.08577464531257,14.474795089890137,2.840387847810349,4.0389508722927285,3.0025401747691185,4.214600009877431,1.0153168095933824,2.810500600282808,-23.613458209751407,15.190272129854668,6.780868090512148,22.336246689056612
19.57887679019843,9.215765713593417,10.04616940948118,11.64791105646675,2.638812031235989,2.9151844864159315,3.162265261150573,5.02208086367898,2.41150033130598,5.5814410376063535,-22.023482853844456,15.5563256662284,7.5194573908339235,18.43493906012516
16.96871609214731,6.860427550941725,8.408094676384156,8.294010554968576,2.438559770688889,2.498862591651863,1.6201521079710637,4.470346394777746,3.803512735645217,5.609741760802569,-19.686802017213783,13.583630396429632,8.1997674179425,13.594941854502904
11.80101625213302,7.048313566842117,6.153065058941581,5.546144203100166,2.4188579677898745,3.072852060254053,-0.6919481536221581,3.2291332199870952,4.218519123960113,3.3813058038032,-18.79661323299916,10.58491429637585,7.581885936555762,11.277812098567358
8.187984884739166,4.870014947813106,4.235123294615925,4.079748701727704,2.546503470652142,3.2164320123393253,-1.679475797383227,2.559195423588123,3.552912313323405,1.2286945306309125,-19.86017028099945,8.671396781110056,5.145142573394873,12.385640557779707
5.774278154008191,1.036419025177075,2.933167545528751,3.759989004603799,2.6767518584470573,3.281397878305029,0.0021611999437149,3.480402147401928,2.652467418557336,1.3090979930215585,-21.4041799148342,8.797159627391778,1.7644687578458518,14.368112519756409
3.305389467472837,-1.0799279267386817,2.1030861577994617,3.7294463434778535,2.696631241894329,3.6228187837181367,3.6821011136147774,6.092289676554242,2.615016219284877,3.8997505885356833,-21.30654429837464,9.975650086508468,-0.6126830823881781,13.726802181563668
1.563587673359847,-2.0782285356346764,1.754761434981142,3.041402091830424,2.6366677117721684,4.09204825682141,7.255064482862418,9.459716707891625,3.9240339088675,7.401055655783857,-18.55298384834332,10.308090515646908,-0.2350218440099691,9.423370965009177
-0.369351173233849,-0.9378346033805132,2.11697342956505,1.454373798179307,2.6738434464009133,4.630316631442512,8.986281167052423,12.108052450679674,6.094598272001513,9.828620191546594,-14.009627207814695,8.737892258352042,3.079704908379312,3.849265805203892
-2.5103178194885105,3.0840598396513816,3.127099039563295,-0.2985858355097068,3.007405652514178,5.262659785430614,8.763705665051582,12.820342735032998,8.012639660276193,10.292482432714223,-9.790524682735484,5.836014162910077,7.509167899168036,0.4833314018950374
-3.5626642501776904,3.3365368522461423,4.074578927632483,-1.123291896292907,3.6973958823769832,5.47333621079629,7.687546509901628,11.26839124559756,8.604499884993245,9.190858722534816,-7.92189978038232,2.9689663892192506,10.168544070386003,0.6137620371749275
-3.624351469748194,-0.1823769491808482,3.983853073161651,-0.6244501409113203,4.595480960711736,5.200202174250682,6.6377286706653695,8.1195314102077,7.367664024939845,7.274557380597478,-9.279084014659048,0.8297595019771983,8.891334495544001,2.298053359493533
-4.8350431367707865,-4.269920469712935,2.4456298994426118,0.3460161720808016,5.418680453192329,4.367045724034489,5.456608285175823,4.592879557171058,4.573012948493657,4.851164145353231,-13.246072323097655,-1.1038454580053538,3.6738831457659114,2.408366923444057
-7.10761032559957,-10.430533471544749,0.0414809771290909,0.2609236388659405,5.896316105624555,2.786944363477999,3.5961591414182754,1.7896363805798912,1.193247324659689,2.0289914726389444,-17.995140451617452,-3.651611804615493,-3.221113440881319,-0.3892542004844896
-8.784287533264283,-12.50722978246282,-2.094287678985862,-1.787185430588797,5.884156364708955,1.9401162823048907,1.3834086916673862,0.2395200147027825,-1.4125729417992128,-0.4883234448631341,-21.19254790137675,-6.609696709725252,-8.620905634946274,-4.59664169707655
-10.249931630480178,-9.825255501704447,-3.1450905913250176,-5.196301942169842,5.392818049944628,1.8480604606691244,0.3071164243639304,-0.1124971478142671,-2.0939092696567907,-1.3300520346253393,-21.02291918635173,-8.559083912778426,-10.37921024610564,-7.5772282699210916
-9.569682651175794,-7.414465451466365,-3.094789160467087,-8.206789143832978,4.547350408688701,3.2672197554508857,1.757435352233836,0.3765145133204159,-0.6254315370497332,0.4043956914346323,-17.228353411969714,-8.172400779483858,-8.597590587766497,-8.125718839244872
-6.294477679953287,-3.748475808508704,-2.485508435331533,-9.23557167517982,3.513454480230891,6.694668784495988,5.389304111278353,1.2890578185595731,1.936121908677245,3.8459977624223103,-11.503314588654916,-5.7629826854985815,-5.32854690987713,-7.419629568033901
-6.655459197501325,-2.8735941306365427,-1.8685805618462143,-8.060460878781438,2.433769864662599,7.3025645369664,8.85363110969309,2.16282107819194,3.712798592195973,6.445097378290619,-6.693911946957689,-3.442385321969321,-3.032847895266433,-7.628907135907973
-10.512412256341957,-5.716785605278202,-1.5526710689641252,-5.888252906191332,1.4115872132377625,5.090817278718332,9.397221259970172,2.424920782085528,3.1649871327532044,5.768957538699016,-5.066385365245533,-3.558626738551834,-2.931970921790373,-9.713330322989528
-13.822349686174109,-7.093058145112851,-1.7502916841159286,-4.355653946425061,0.5381696095278354,1.0316601491592097,6.00932758946932,1.5232288814309052,0.1655175219600111,1.5638330970021586,-6.801914163747947,-6.765472851569298,-4.40007828422552,-12.524825082254836
-17.817797196786156,-8.06311975726439,-2.694278277508677,-4.374100939703546,-0.1062034177266326,-6.107365784602242,0.2236973024816235,-0.6918048421429293,-3.858820299218526,-3.808119778989504,-9.902787746501192,-11.435580556476683,-5.701929193302952,-13.92164071135548
-17.971322830481675,-7.978076778385552,-4.389227281491879,-5.691684876655924,-0.5342574098281747,-9.017530977329056,-5.084716852366623,-3.6432307223448457,-6.86303381986245,-7.059303372075563,-11.640670513494634,-14.874105440026268,-5.393342223262046,-12.738982145084911
-13.378401657433638,-5.963123822250499,-6.248225299166045,-7.291131332555381,-0.9442126184311646,-7.376512837034146,-7.788178814786579,-6.154558646296632,-7.488224035542051,-6.415519588349621,-10.422961691043184,-15.212756111267227,-3.316081874180471,-9.849565884062416
-12.224775683977152,-5.024663863478722,-7.1934432932572765,-8.107121403874505,-1.6426002669547386,-5.660272359418566,-7.722342888030383,-7.083866155497861,-5.796565750158942,-2.814288336383068,-6.635049973741488,-12.455999716261507,-0.554874299718673,-7.502274371799137
-13.622820797309538,-4.839845290457851,-6.393941761798349,-7.538785528988186,-2.7390113377783933,-2.1505694755321456,-6.245890929557632,-6.04981807625248,-3.02964032342256,0.9991791365881126,-1.9327700346914432,-8.09827533235144,1.4641274521990295,-7.584755330491802
-13.364355252516464,-4.511117328150573,-4.056118911818174,-5.63613040995984,-3.856874467947143,-1.616478919693366,-4.857030828980168,-3.695538478145981,-0.7291530814527722,2.60915306030516,2.230264079658822,-3.942876337989765,1.9890497309770236,-10.188522031458982
-12.766403005767277,-4.565723553469935,-1.4509589807576573,-3.083077300836186,-4.246181899034755,-4.810653681899018,-4.198255746716164,-1.2850749076571577,0.1123782153837043,1.5754456866366553,5.5131241935765525,-1.1445766355246203,1.3485642745814674,-13.495568676119738
-7.81692478724217,-4.36301538648584,-0.0202656332207926,-1.0104203521653188,-3.3915619164866087,-6.675200118301497,-4.125845305077548,0.0531307559531288,-0.5900763686943216,-0.5727874645496995,8.35162999926881,0.0166304279330393,0.5200781089129209,-15.029710768329046
2.368118927356967,-3.870928797122301,-0.3183626134439421,-0.5577269791974455,-1.6709009367482968,-8.378573629462565,-4.417494446423511,-0.1056869740680617,-2.20153566576829,-1.8083844751912117,10.880995175625785,-0.1841349735420063,0.245427626971447,-13.427923010306712
5.523007971427292,-4.097383222313492,-1.7369154281864383,-2.2555085608626246,-0.3965391735949571,-9.048004162435529,-5.219598101657997,-1.4214661099487094,-3.8732237489832593,-1.2970400928380856,12.285745169981684,-1.327348528414979,0.412604795000921,-9.5317484175397
1.955148820206817,-4.972238627714263,-3.182579603513488,-5.583393959353885,-0.996706535534952,-7.874756952701852,-6.7966994992964285,-3.141312130284168,-5.056123049865896,-0.0017824482968893,11.31370656531626,-3.0540151228755787,0.2249758792210414,-5.959787044663421
-2.831084439761576,-5.7607139459681935,-3.9503834345408455,-9.080986596175068,-3.86383255337296,-7.591725947500501,-8.949175620028711,-4.5412738023576535,-5.74311736456548,0.2146462143338441,7.569968300505552,-5.027949205472648,-0.9644800578159528,-5.286826517894866
-11.496550811825012,-6.628657654675421,-3.956879160693117,-11.030711192221435,-7.80198971662704,-7.827695452541416,-10.802984848219603,-5.204660095526903,-6.303770426331372,-1.7711504450690896,2.395852098160393,-6.784233435463094,-2.8956318122512084,-8.025434253750277
-12.449060369193772,-5.696678301322664,-3.3098786291143965,-10.309479780097185,-10.627207514870951,-7.339854690003225,-11.286915197802983,-5.082238818610369,-7.029339063633439,-5.3089981002973,-1.619441208221332,-7.665575462973061,-4.469417240344994,-11.969002317032292
-4.453573798371329,-2.656410651651495,-1.9303118541926247,-6.906103977690687,-10.580334210443809,-6.518581058096534,-9.924331385096432,-4.406034215547912,-7.745261850537995,-8.403324281768196,-2.312807882581392,-7.007754571692988,-4.660260949466938,-13.596220502554006
1.8531332431667304,0.5346009396965568,0.2467309244357007,-1.8733187298059213,-7.539523008273857,-5.1568043306710605,-7.240745130668285,-3.534816461488397,-7.838682958416502,-9.254290612093394,0.451120666706263,-4.541515909039182,-3.4504550979111164,-10.628736543395982
9.212524058737031,4.370717127685726,2.807468529082469,3.16623090570876,-3.118821448273936,-3.089878575161633,-4.411365586993656,-2.78885064741651,-6.727649803040549,-7.625975852675108,4.570345336550038,-0.7264627929962095,-1.8669278120901645,-3.78589939764632
11.938155155031447,5.521463361100495,4.876623679870658,6.681645403921463,0.4459442203797605,-1.6655319028790785,-2.4280182203376834,-2.332015533430061,-4.399765877230294,-4.905308525327852,7.146571502654444,3.323329021025506,-1.0452371069174355,3.673553644666052
8.07895140170264,3.3906118824338827,5.798284340703296,7.818139605847811,1.805741707683807,-0.8884104130718257,-1.462146714356244,-2.143967630957162,-1.5404117246054287,-2.8434929215593594,6.514615769398222,6.389935175553166,-1.224493365857838,8.247468948563254
6.217994549225455,1.1272497436707976,5.7749943448257,6.725058844845239,1.273838764102769,0.4207084326571748,-0.9050214097576506,-2.0688281484425697,0.9056765891531902,-2.092238302936745,3.322315848171037,7.845460715945178,-1.6603490938901624,8.47884168826305
4.655712825850181,-2.196772801075812,5.667089009798872,4.485617259082232,0.3080228388413193,2.00977262187261,0.018861748687704,-1.8834784015323804,2.402332492780099,-1.7899965756453304,-0.1036708978648102,7.989669748990926,-1.4987298720119846,5.549809684515834
3.011111165428713,-3.878144928135897,6.0632379991215215,2.6062472414760247,0.1738970687860268,2.9914645331409533,1.6176493636970175,-1.358735473281237,3.1580346315506604,-0.5201195683291511,-1.521517006093971,7.772042474942128,-0.6595582576428174,2.0335887581225656
2.5954769482690385,-3.311331436916272,6.614427658945623,2.240781998652351,0.9224337107225802,3.461533509287459,3.577214343083872,-0.3486209025680704,3.8397581677242303,2.216168327898366,-0.2808701001077214,8.081797427626505,0.1903942776378717,0.0682909601819758
0.985241772918786,-3.13924914957798,6.406107993710297,3.546879059411067,1.5171523301340497,3.6375354600163705,5.327568427470092,1.0648560975467083,4.921375043769762,5.300204914732984,2.470680848376345,9.093501248767772,0.4665847837687313,0.3079613439814757
-1.506324707631174,-2.5723605506384635,4.999352173201791,5.586464294047071,0.9218905484891108,3.335776825177206,6.532124720506323,2.455366379935704,6.249657148697937,6.704522123377663,4.827598695232645,10.114529585525084,0.2941166428497803,2.0094130330642925
-3.284574169387664,-2.7844939246595173,2.986854074542245,6.8858684494117695,-0.8809591908777339,3.4386482981075845,7.24426065840125,3.140637009451047,7.197506179913895,5.070742922057047,5.471672250674716,10.04033638993903,0.1788406736721938,3.733711055790355
-4.626761274697802,-4.160279621822833,1.4044321088694325,6.33218605869013,-2.861609457430994,3.997689302444996,7.623584032487315,2.5605806122621244,7.209171352224311,0.8842305173302576,4.35300379326655,8.106762210576056,0.1064027428019454,4.098774893678834
-7.496039329727273,-5.692753577041532,0.6018556229893637,3.826689425778429,-3.882295562591481,3.711780231678559,7.539243861750315,0.7626554248740156,6.192292263343997,-3.7229326676580734,2.4186067658836805,4.4138556819968775,-0.7900070855065655,2.4190156652882884
-11.790521362907306,-7.790851253977832,-0.1841653707012112,0.2753694723998912,-3.699501963952154,2.715657963179224,6.526017210049176,-1.4039999369643787,4.435073041897057,-6.412202331065435,0.8207507285708253,-0.1306108137492181,-3.374691600098543,-0.8488815067765783
-12.091753802349752,-7.874239456169546,-2.022211094198543,-3.0220637339292398,-3.106932723154986,2.2062666747090747,4.243263694791118,-2.677231113234601,2.280798699880279,-6.197567228395191,0.2560085648131576,-4.339645751878681,-7.1804438468293466,-4.180726735441286
-8.347778121887238,-5.6455525663126,-5.019717667195199,-5.097571519384357,-3.10939439195656,2.020754925122841,1.0635339767974834,-2.205402721491664,0.0388997627396054,-3.935163744557018,0.7917089224235614,-7.282506647430909,-10.050477869651878,-5.828375756486331
-3.4416522106513288,-3.3915544153919224,-7.905654511670772,-5.651107586653072,-3.890438681907159,2.381702183530153,-1.8330741515928637,-0.2192501815847567,-1.762015918044538,-1.462449038640707,2.1020932934849945,-8.462200087422863,-9.457916305147986,-5.00346585220679
3.88533892372868,-0.4724476779246134,-8.969106703345451,-4.892667161537365,-4.511785424162861,3.561361899395325,-3.141182862121425,2.0390254877429816,-2.245276316586059,-0.1861856968437809,3.807084347485251,-7.732076513588941,-4.608748318711696,-2.4162488995751428
5.89879034628897,1.0277773660447471,-7.54667677793554,-3.214328687370424,-3.656078666956514,3.399744055359321,-2.4464516944732457,3.1745854765021635,-0.6706374816135501,-0.249872478656564,5.654046084534727,-5.330228516699834,2.485995205009204,0.3883673704308794
1.7134885018694468,0.6312132078915558,-4.715577749893753,-1.064870795095315,-0.8405482606816128,1.884787552940068,-0.6899566902478864,2.646520734479439,2.6770078244287543,-0.7911061247038336,7.482882013624964,-2.136515479075428,8.066444291973475,2.2802753055746408
0.6760780312862528,1.9818374601956807,-2.5562767307950103,0.9489190089112238,2.908030905209809,-0.2647391587562675,0.4587625732880145,1.0903982828574872,6.108906724066684,-0.8672525172557215,9.099353891389509,0.2806737715792695,9.125673321757311,3.133628926414924
1.1303359050007111,4.626544550033155,-2.595480273797552,2.058772840050656,5.573880305169699,-3.57559308250882,-0.070262764451825,-0.311723512455667,7.38600407903046,-0.2079919198413544,10.241576936278213,0.3244750295725493,5.424387649234883,3.267386654938206
1.3141260989356462,5.977458572802275,-4.695752699856982,1.6877856520125292,5.59937947785814,-4.290396100562755,-1.7980871865663437,-0.8304224548816848,5.409147628956197,0.7261906784719434,10.731444024735628,-2.445625491675143,-0.5113490636687281,2.6059156402492665
2.6846852203508367,6.510794436988579,-7.228776037421255,-0.0197623233885693,3.1732578935710247,-2.121593623615752,-2.973193247470326,-0.6367569694539323,1.344101273575288,1.2662389474985094,10.711111967516828,-6.571160093409452,-5.27720889056218,0.7599166212234865
-0.2005767619141546,5.906641319694264,-8.311548275183824,-2.0203647255399098,0.2589808792117303,0.5958328640792352,-1.9177802831121904,-0.3322244742552707,-1.9967292899040812,1.1396789427337333,10.723917493006224,-9.30276740800355,-6.795384411083218,-1.9817197002994755
-7.64164408960476,3.656320006812559,-7.105882731993537,-2.9077043426679943,-0.8087135886658912,4.816140443358961,1.604105400190618,-0.1245923282211425,-2.249695968110923,0.7024060262600571,11.45749589704973,-8.404009805694475,-5.24377990090905,-4.10250944735885
-9.725484325730356,2.828968662289554,-4.25096882676613,-1.9141732468597303,0.8685877956342622,5.526648118102799,6.060686263607309,0.4253319464132148,0.5896117269527381,0.6440878794896556,13.226071752447693,-3.861982435837029,-2.3521427807461976,-3.8529408106874
-7.06372010509863,3.382477333615046,-1.2479482147299676,0.3814099567175111,4.005267653497592,2.113352948458914,9.103507490882334,1.769378134175736,4.092635137011217,1.366171629700422,15.545495658057863,1.8772437409366165,0.0205043832752163,-1.0952345925579952
-3.170831896800616,2.768794505168392,0.6073033463984086,2.3010377030049507,6.104003391273257,-0.847186637062124,9.073563333120456,3.514256557229144,5.290952757783538,2.4911932109127344,17.190636385572184,5.429342558993325,0.8593450417894655,2.0046453355703377
4.011741273901848,1.539845316718271,0.9375003925880572,2.229264868999222,5.390136219776847,-4.59742609518388,6.005933885289909,4.335424185513228,2.971209226285537,2.9730224650679498,16.836697962909117,4.687232602855672,0.095888041670892,2.5675602138710296
7.0848451067808735,1.050478169888004,0.2617260312835507,-0.1146199709315101,2.1594438348842546,-5.521735045108979,1.515873070885836,2.9485636416759275,-1.5162189861526434,1.90004567731532,13.944968431393107,0.19759901055028,-1.7420967392284732,-0.3504216776564397
5.446164937816736,1.0376653033389809,-0.5288370205897843,-3.2808391218742634,-1.4821087133488602,-2.700006643793175,-2.246877369225702,-0.641984095123445,-5.4762002415089865,-0.5369948805985478,9.296567345738392,-5.166612575467607,-3.7672113950191175,-4.604004696200331
5.207503015709055,2.5396980425586424,-0.6880679431305645,-4.962310009351697,-3.168048994249088,-1.227979299742782,-3.8125840008537537,-4.760100394863369,-6.900150684947854,-2.785100088679636,4.739810261022825,-7.940315378558277,-4.791358268779888,-6.575894078833499
4.671925471233177,5.919178424084909,0.1719728844468697,-3.5786148318875872,-1.8421972611773103,-0.1475151468152873,-3.013101821309827,-6.983169355011254,-5.548520139659377,-2.8449592246354847,2.2274612559232123,-6.089910681391101,-3.592300303542609,-4.16536770005043
5.3311900517212845,7.537296084618166,2.080050359782396,0.5645501316947907,1.738292198555273,0.4696298680812123,-0.7532888969591891,-5.717605653998216,-2.42570606147071,0.1608150860856172,2.7264717960296787,-0.1471492755921799,0.3864717407647422,1.5834647740196153
8.059121221566022,7.505692636031987,4.690472509243041,5.406505839338405,5.6835463944807385,-0.2257019459773805,1.725683266984297,-1.2565726396131494,1.4319751291795964,5.02643313276629,5.693633927971374,7.146809883673261,6.285856257020932,7.571535780389061
10.06650256907701,6.633190839384607,7.236374058254942,8.482778606533595,8.129552910130137,0.6438498161156905,3.505371993440062,4.39106490479014,5.472930494512192,9.0572223040119,9.42241607370194,12.433489023285322,11.79286067499758,11.202421774868345
11.905336958323243,4.061853612733787,8.676687733927189,8.524650737861878,8.097882069985959,2.9140835006341765,4.2228152887004375,8.68511842052853,9.108955781375618,9.9227090700515,11.97421210343078,13.606771134512709,14.209565267453176,11.975195982517704
10.919997133752968,2.71375817731366,8.182798458605209,6.163751832442482,5.752103685610555,3.477654943431257,3.955978033235356,9.913752959775444,11.14525834623479,7.340394022640714,12.068936975695843,10.835957418064034,12.114926498868932,10.958774279363634
6.409124983148721,2.632569213553501,5.737312262795005,3.287073045797493,2.172860514782249,2.689786680940184,3.03448410336623,7.935288321392667,10.25197855944073,3.2058053484665145,9.461704624347313,6.144975094184371,6.429088113616186,9.18936613976069
1.5870063918898405,2.9632175618795142,2.343761135840089,1.5950528944772613,-1.1513644918996473,1.1129449167148928,1.9031659627590307,4.010891689932323,6.279779514783147,0.0487190644851334,4.770618416527877,1.9068502702002337,-0.0551464438575303,6.840501129149635
-4.335651580797372,4.423458538676715,-0.471680779393463,1.4713098331374033,-2.993076631745798,-1.8722746671887889,0.9759125066031942,-0.0250200432606804,0.9902427942547192,-0.8941195745642705,-0.9514424148563156,-0.646765780954464,-4.486567008464188,3.807157137496136
-5.638847014442176,5.10311884338094,-1.6166982062788395,1.9748953641016544,-3.00767977610809,-2.289905853222617,0.4557679877607086,-2.721115417291476,-2.908467308492452,-0.3956091052371309,-6.606183401753573,-1.849203585831681,-5.805422175842407,0.672273404374423
-1.3138699799432605,4.976901387544899,-1.1348122316160645,1.8729013419612544,-1.9243117261339175,0.0902812298689246,0.2670443158883833,-3.5850867173822323,-3.824608784513347,-0.230453570167668,-11.295984153864095,-2.746929178840748,-5.190870956881801,-1.2787604311219862
1.0032920901619924,4.690286265648912,-0.0520713487460513,0.8364224839881449,-1.0131729808798422,2.731820584285129,0.2153364283927707,-3.047924420943387,-2.539966583189707,-1.4302052949629749,-14.455200456553296,-3.7807062993771376,-4.758574587563082,-1.0909188966847476
2.671455909366552,3.792049409438623,0.5574134505614978,-0.1812015485152085,-1.0644984511112394,6.5926396545716415,0.209760156057885,-1.9692216164212224,-1.3651507454620475,-3.375676257588777,-15.90063357713935,-4.191208169081025,-5.613292636707991,0.9357205360334482
3.840849924907797,3.843966477156144,0.5130478284221485,0.2881002824282599,-1.6754000967322948,7.725184449302645,0.2340114619269817,-1.0907823889735675,-1.9430289107118768,-4.478349435241194,-15.811005776390962,-2.7322358741066983,-6.909463494121819,3.4518529694610343
3.2046238093070327,4.929490862607333,0.6278269500834566,2.9100483164758773,-1.5795638748282737,5.56797967690665,0.0443871533362134,-0.7876355122994001,-3.839276469788874,-3.7389115924863727,-14.65224326578758,0.8952465288130345,-6.686771857175549,5.158078439634705
6.14486094502443,5.849949284296143,1.832108501439274,6.763967128486214,0.1096156221171851,3.257795052711285,-0.9650307474319582,-1.135953090974494,-5.270017498791784,-1.7055179032672738,-13.063857435458177,5.240477175217677,-3.689820220907136,5.661536321802476
12.57488748515444,6.947246170024034,4.1047766692844405,9.80609030606261,2.8320447180764923,-0.2668784850693926,-3.309047101455548,-2.0331382141128875,-5.114144937683988,0.0429899735009016,-11.678161429485533,7.873397859284873,1.4523043941737983,5.367676068360292
13.906287279761766,6.197391476200004,6.256492533208207,10.302644446617188,4.81434802369822,-1.9001033323849468,-6.618332446938278,-3.162917111627789,-4.049859311972559,0.3692935454349566,-10.871995751597671,7.269371515337451,6.668347516810163,4.801530528424047
10.656435250596353,3.2543810620484908,6.86422937528494,8.110841823130619,4.584297123711983,-1.07281982755114,-9.392471727164317,-3.93550947972466,-3.6567004698861942,-0.4126763626835972,-10.599010452039169,4.151214898438164,9.990381670974983,4.223294337070223
6.561440220493706,0.7277000694251834,5.535346390135851,4.733504242295734,2.416888685897506,-0.5837076080981084,-9.914619429102132,-3.731521965102936,-4.571044995027174,-0.9829575288220688,-10.545475522309442,0.888721412789411,10.751508292050795,3.777451950339854
-0.1141184002932801,-1.86386899073256,3.2759765149845794,2.06342159522199,0.2324474782540564,0.4268318060524121,-7.801997857251585,-2.496991225355416,-5.821256990917798,-0.5269238537181415,-10.62817617316894,-0.7069667317966797,9.472151809061168,3.617534509733603
-3.5567721630871785,-4.222891668863133,1.5425658482854612,0.8621860766736296,-0.1375383896016107,0.2737460241444192,-4.759762064632009,-1.186747149902062,-6.1243139503104,0.1502615469278563,-11.398219023869796,-1.1699395093257543,6.8365410840157566,3.559180463570244
-3.085242257502262,-5.87654805971569,0.8516271221742464,0.2718245780115005,1.2536200878322337,-1.4856643034056296,-3.5434900889951173,-1.3860714928840476,-5.644115791394846,-0.8797528825292016,-13.76189331357917,-2.866277662409084,3.006134927076104,2.6817438166744267
-5.289501996732084,-8.951652575186301,0.3131367654619801,-1.255583341416619,2.396576691906679,-3.143530246975786,-5.727441217284266,-4.059609737902961,-6.0603332139123385,-4.80301924389308,-17.97950830944832,-7.435533980266182,-1.99666856790423,-0.292367021337947
-8.907094240879111,-13.336092258944769,-1.4205927754482222,-4.495099766804282,1.172581934516133,-5.210056670080599,-10.157453919871667,-8.353023838810103,-8.62089830835571,-10.468127662874204,-22.790207515279555,-13.607420156744867,-7.384363374048295,-5.769021197228108
-11.059520329164377,-15.234811118795244,-4.708720722841637,-8.780431819977084,-2.5866942988155426,-5.765610565092909,-13.593080435449256,-11.685773676694096,-12.226444158957012,-14.70139827947995,-25.74123232876549,-17.73321772898739,-11.394014761362632,-12.291595639230437
-12.549171352762292,-14.768559106963718,-8.411188165124765,-12.645313234335005,-6.817080773178965,-4.444492788380866,-13.193267182544467,-11.446610625843958,-13.839901926789151,-14.592197033412956,-24.846561952212355,-16.84409125152534,-12.285029021217037,-17.000828331032203
-13.340285727707611,-14.164316757376255,-10.821421915339174,-15.041958652207391,-9.01878307764188,-3.275205403235064,-8.819721986983538,-7.097217506503096,-11.1656876451748,-9.941176414218075,-20.29387148464184,-11.450103379464554,-9.717676388387405,-17.49055959278131
-13.02064281792932,-12.649614240343592,-11.11668486175766,-15.943158485681764,-8.419005257621816,-1.7425353143846205,-3.204870235103483,-0.8490174318652652,-5.028361958621256,-3.664805658365744,-14.542055181737773,-5.3084927998200495,-5.148986814032456,-13.583240401246838
-11.936791739489648,-10.983320553105306,-9.912681113915664,-15.87709654323679,-6.452426063583045,-1.3284800292147236,0.1625304154576472,3.869388565242968,1.0398675907476471,0.4104531368149651,-10.441816018889831,-2.2037981411025704,-0.767070571673397,-7.488087676512146
-9.91617080973808,-9.43372906411756,-8.44442733386682,-15.058665831742598,-5.185942259519614,-2.444390960482857,-0.3446334135960818,5.000027263403341,3.7635456734867496,0.5950363830011458,-8.900115126578271,-2.6946276626406345,2.0967881421977577,-2.206300715777706
-5.08977019228146,-5.413453095881985,-7.270370336246623,-13.11340758217676,-5.301896506293817,-2.5112236308588205,-3.484777389147183,3.3209192864806614,2.8290520122649365,-1.4101872749304911,-8.209339515942753,-3.872908424096316,3.656279019248654,0.4786861699970348
2.7548812607426383,1.013306616014925,-5.818982039153921,-9.652291405682105,-5.595167442570274,-1.890469807120052,-6.39133230148137,1.562571739915029,0.810574060976899,-2.1492766275092823,-5.725658020107247,-2.3046762647123806,4.969151698384943,0.8957343297064195
6.666963327498683,4.380358795329779,-3.1889220702043817,-5.00774570962178,-4.367812620921773,-1.041114162772368,-6.818812577955265,2.0333336973983123,0.6042487537965009,0.5637146411903515,-0.3980917680292251,2.6956930607819665,6.696836387031867,0.8033257115577701
6.584832211757879,4.802474074586523,0.6646649579950115,-0.2918651964090291,-1.2494227644839828,0.4885356364474056,-4.504545571846959,4.865957970891159,3.008281400654232,5.929389224324439,6.16965291468615,8.51841456383377,8.557203249687118,1.8761842842719627
5.981751068353688,4.930581020046666,4.58718826869225,3.3131858971741366,2.3456022587411525,1.114406200620501,-0.7728180365652939,8.28163429183041,6.608155705558351,11.129957243408056,11.069810070053622,11.790820722587904,9.833980649451949,4.504008682314263
3.238502657695612,3.5654942655281823,7.094758721622199,5.334408994899752,4.493567432492887,0.7855796141892368,2.913666612174227,10.357157922718391,9.56627936440742,13.828681427473288,12.56471460411968,11.445045231314158,10.216758649256953,7.622897741888185
2.3972763284892373,3.8445291499819088,7.625296408341166,6.147694714206772,4.469327667637474,0.8512960866631681,6.038969306450904,10.554615267468249,11.148968186759062,13.806072984696018,11.43346543672716,9.459914768442284,10.057650394961811,9.584114552813338
3.922880092273047,6.156168304481563,6.971189357248659,6.461063400220724,3.2755640746625723,0.9974671007397188,8.956753966745929,9.773025895479254,11.5887371244985,12.461021872543428,10.077170911813685,8.793966284296571,9.88829475961264,9.453464491735698
4.2457102944113,7.530195347931341,6.48264930976211,6.7242581987763215,2.597948321683836,2.140432220490256,12.017034167142654,9.21217413879723,11.0035793396371,11.07690058908232,10.32331365394804,10.63499069053842,9.809436511134226,7.806906192755596
4.323739322663571,8.708038912122426,6.797477329334595,6.9616039773179,3.2557381536551957,4.571813916167501,14.872433287306212,9.30916843249286,9.02888219020625,9.738082161600095,11.903722400251096,13.479944027654714,9.36505236912834,6.296284264998114
3.887926458135701,8.244642164765239,7.288872358037286,6.981373165847081,4.562713603816702,5.244830556735732,16.590863667494112,9.62480520277061,5.6300936742573455,7.76723459693104,12.801542122343196,14.614632013362533,7.91597607843467,6.1442672079596825
2.476209140142087,5.598149690149571,6.734856994869933,6.583704804371063,5.058521233381912,4.254995182599812,16.398275356311593,9.45821509432146,1.8779984892689527,4.858702264502067,10.9902802464356,12.379919744650143,5.090779355539688,6.793765290701916
0.5059736644345121,1.9152750229502555,4.562181397244528,5.586133627992142,3.832117196976887,1.9067925894673192,14.370471675315098,8.38064944999482,-0.5981619057639804,1.5418226435613818,6.068330960355937,7.226508642665691,0.9940884251980632,6.123943079975015
-2.2748097347511598,-3.366559798762758,1.4926208509900882,3.845395451871505,1.2591609799676715,-2.555886836592511,11.5136170170197,6.264376274400449,-1.1240129975603548,-1.3973290341172957,-0.3855643136499678,1.024314916535766,-3.796334781609115,2.39492344690698
-2.983256205841958,-5.574974813989932,-0.9979146903219694,1.4620451366870082,-1.3617525760169733,-3.8772706521824087,9.184206537531304,3.1066911800844546,-0.7521221020100828,-3.67374782488934,-5.796899429281425,-4.301046751956207,-8.303826500144968,-3.6904195238476967
-1.3704468107915926,-4.2528940461134335,-1.884176876929455,-0.9987495112947972,-2.808062355916613,-1.857735354291443,8.263143360879845,-0.8819652983178559,-1.2252280822783923,-5.497750650109464,-8.102559563470404,-7.530394139699863,-11.334112331422292,-8.917812884161998
0.7559902783416054,-2.452197243960734,-1.3497497678223531,-2.649092455729737,-2.683140349182024,0.4886226871457672,8.638257787622209,-4.975708056543857,-3.0687390793176865,-6.894320827963142,-6.835130041894612,-8.118616485158016,-11.89503153570699,-9.975436980473743
4.149694443240303,1.0594905854754009,-0.4591788686024376,-2.85793487079836,-1.4266825209702927,4.4061104000584415,9.328797084802998,-7.956200003132896,-4.86161510461308,-7.297131092028768,-3.2621228225165924,-6.102272770858312,-9.774523094185472,-6.399058645133916
5.394527682699884,2.891186992728921,-0.134756021850988,-1.8010452225648246,0.1996065435182226,5.272795924771534,9.16173740212713,-8.78559169428798,-4.611784452858579,-6.05942027724605,0.397908831436899,-2.404181444861316,-5.879209885023124,-1.262489128355651
4.072672231090721,2.56097194526179,-0.41754455730816,-0.3940988556982177,1.5899665804713852,2.4856252476749474,7.543145580764598,-7.49355296924237,-1.932186348331569,-3.4127831877033508,2.237645639122197,0.9917538806299432,-1.933863719881966,1.312182805280207
3.37515652681658,2.510819559973609,-0.6289015839350718,0.429219275008263,2.417300416504853,0.5065092240042393,4.800166147522599,-5.396218845612152,1.2349444267307153,-0.7577743872887286,1.722457928192796,1.8410194101531443,0.4304021406063114,-0.2305079978094433
2.467779095029011,1.8219513906041576,-0.1683594579807952,0.4484829444313281,2.5419983130695627,-1.7895244620553858,1.8792007361806304,-4.232392367320937,2.2061530350638687,0.253126866682031,-0.0734728615153859,-0.7033209230541093,0.6416098799386649,-3.433895794355619
2.419843373716374,0.8409069268964892,0.8495576390312163,0.1952396491176635,2.011282379192574,-2.274538757382333,-0.3415286973357805,-4.82439371298323,0.0006864879694408,-0.866322512811232,-1.2403856663371329,-4.960775231982087,-0.4982662570772938,-4.006503416714324
3.74225686298614,-0.2572733397517948,1.6698708792875383,0.2880703861043656,1.183249821138089,-0.1462347795977716,-1.5938123073001265,-6.421041098626152,-3.685935941918404,-2.8506520912654736,-0.3357509102232523,-7.518354585028244,-1.4280104779510996,0.2376805415209499
5.286081204135444,-0.7097523218083874,1.541946818628256,0.7769564141260688,0.6891673345662639,0.9876803445590536,-2.2336010551469787,-7.343678504164487,-5.872785506015589,-3.582443868445472,2.678501481350157,-5.748401418115274,-0.9513617367487406,7.214915253576832
7.486259883187145,-0.2831566812904966,0.3340327272956909,1.1769575426559538,1.028132384172844,1.7590759806518907,-2.790842591878098,-6.397155697411085,-4.712736078912101,-1.760736963588558,6.520690707408349,-0.0723549445557232,0.964729029606632,12.152372221991824
7.733362855339389,-0.1240791561803633,-1.3720899624150906,1.105877613288305,2.0452422837244058,2.120080407218409,-3.4834699777987943,-3.830059623613247,-0.7780605163503349,2.104151567641884,9.577196463592038,6.099664257043086,3.303421557822009,11.51641482090279
5.707814299476157,0.0047675555399913,-2.7123968372126583,0.781260185435583,2.8580524952553183,1.4502366277453105,-4.104712018591759,-1.0686393927640871,3.711390060043641,6.184568976062895,10.985649438994702,8.913787091312436,4.873518106240109,5.8357223995580405
1.863243539122692,-0.4224990944152593,-3.1101029946473417,0.8016192840059837,2.5020176976956137,1.1733855391406816,-4.324884580726106,0.4527634243966361,6.735705603327542,8.7713374314739,10.99630855666797,7.040605655467282,5.184255966904612,-0.9387001122758604
-4.648473366418655,-1.6358302267443567,-2.5628022281837666,1.440199118925111,0.8439606290501267,1.0978448785315404,-4.074175827584135,0.3260970621118844,7.699477943157365,9.338422410335014,10.456230921302826,2.5657057447185423,4.611153168070437,-4.772375471884892
-8.659829502205115,-1.9909432409870087,-1.5102667168723585,2.231008068822259,-1.099855983540806,0.5071761409221475,-3.6285669562512903,-0.718595187813964,7.249714051411747,8.447512774018943,9.980996139911635,-0.902290958232996,3.811552704867452,-4.579009077545397
-10.009989445186596,-1.5864570231466042,-0.4731305076329377,2.33088588363913,-1.8788585814549137,-0.4105059488979475,-3.3418084021657464,-1.5575353300437698,6.279145386165233,6.8989530903948015,9.537223050037962,-1.212787835037993,3.0149764445673632,-2.497226996370415
-10.70270579872304,-2.463148066917109,0.2307166093273664,1.325888597644763,-0.8369300396934278,-0.6104843328129952,-3.3325161885235097,-1.5620945088339973,5.191053235821659,5.137387061197703,8.691570189358764,0.795474826260719,1.866709092060411,-1.5626994153885398
-9.440809500896084,-4.436291504659442,0.5252474410590686,-0.310861790267154,1.2373986108702582,-0.0878837833105566,-3.467089263774909,-0.9492978860089742,3.907387758382029,3.3918434515673006,7.183421034862988,2.3701474207557816,-0.0678223058115961,-3.067002658352301
-8.966685959476031,-5.370023567415633,0.4520493953537432,-1.5551873933207505,2.6885607398859435,-0.3003299051123334,-3.643508846185252,-0.4375155384628932,2.3051411666488697,2.0757742303006808,5.28637462381424,1.4106890268517986,-2.65515226362865,-5.798032724906086
-9.37792061344095,-5.5165967077365,0.0799390058837801,-1.6395223692793124,2.344413647767851,-1.0931353648133366,-4.031055333631432,-0.5795984452135627,0.5430729858655212,1.7110496555302674,3.69292435219036,-1.7597848033496677,-5.034002962957537,-7.447539507592708
-9.451214507584773,-3.192913856158883,-0.458139015491291,-0.6022466784203573,0.4515040028142891,-3.685464858574592,-4.958766903112675,-1.3270609049874338,-0.9521286244752574,2.326519678380926,3.0516028498436114,-4.851889676800553,-6.128254955087591,-6.686284322027582
-9.826522730757876,2.238510796502396,-0.8961894064696097,0.8535767275441302,-1.632222625843113,-8.523568438883645,-6.543831042817324,-2.150073324413185,-1.7507105960893057,3.061627525808745,3.4772851240324414,-5.738738647222874,-5.445392943256522,-4.177017114416096
-9.640389239860742,4.090445324418356,-0.8926204198372076,1.9821027830329925,-2.6806280285997985,-10.542049992581784,-8.464149799595873,-2.568135856698838,-1.7535987007180012,2.62277423479032,4.325913729115854,-4.312745422118482,-3.5434770775043063,-1.9497454186979937
-8.829990279749206,2.499043548872588,-0.2413525231861726,2.508939654507053,-2.620969374625794,-9.809178998213046,-10.134698236817798,-2.5821572050365877,-1.3932455522612912,0.3473050086946614,4.413859925390938,-2.4675158703062507,-1.7822034473482589,-1.855308072226677
-7.462851913800383,-0.2163464659200334,0.9158661890867849,2.624478405533452,-2.4134355758920947,-8.126961373640885,-11.104917302973764,-2.571719734954556,-1.4800317558923766,-3.094963695731707,2.6839450299658267,-2.305853138773955,-1.4765212112440622,-4.287683655260288
-5.297129523981931,-5.587356358277574,2.067730530665358,2.5414445296047177,-2.967214955460463,-4.3183079342837605,-11.271403898306552,-2.753479945774416,-2.6383658634619778,-6.083302244556343,-0.9882590701954967,-4.244253757020701,-3.005906404944426,-7.976803515134982
-4.030338346100773,-6.742667556151184,2.563074819110952,2.0785124665526524,-4.178659391767631,-2.5167911854908547,-10.751883545907148,-2.8065159414636653,-4.692155274377079,-7.247828694925293,-5.445463467160614,-6.743918484871941,-5.519485209773492,-10.897976519551465
-3.7153412452044594,-3.191158769064662,1.9798430505579816,0.7131207848150893,-5.027653521107567,-2.9855804380587068,-9.660490059533076,-2.166027842901805,-6.611366357032686,-6.487456281749143,-8.825839912705398,-7.872020029132358,-7.500317229793993,-11.655772411640784
-4.115114632999096,-0.9478503150297954,0.4283202546238769,-1.8387879558531424,-4.602548907818637,-2.845961812842644,-8.06549961342347,-0.7501397627868087,-7.254391068754728,-4.9742240898640695,-9.829075857871649,-7.150662562871226,-7.812213657246694,-10.360820681415971
-5.700838566966993,1.5067929401648306,-1.3936558786834965,-4.947565341360047,-3.00399176180472,-3.058013232711664,-6.081934027343522,0.7173664890084268,-6.328247502674969,-4.181458054268731,-8.677209981371384,-5.842734379986517,-6.429876439593322,-8.289434611718221
-4.9852567284371805,2.669838130675934,-2.478910756812322,-6.961947576727042,-1.2166768932102876,-2.094243463460944,-3.8429267150389848,1.313266649463216,-4.619755910079064,-4.741654236303205,-6.837758904551798,-5.363182121892251,-4.269663925743792,-6.540035856907778
-1.814040942819477,1.5871893840879918,-2.046365385817605,-6.050005861567719,-0.1139523754925058,0.4510615348674409,-1.3284968621270536,0.93357567583449,-3.2007003362746644,-6.022534592740371,-5.666875496200827,-5.470966208046253,-2.304050081683897,-4.879513407354814
3.836290610259917,3.719444280614863,-0.071582795453132,-1.6293119109179983,0.3420805969598746,3.589691678504239,1.6277917844844687,0.5780564114101949,-2.4070733731289025,-6.727012371560008,-5.271587331825547,-4.289183068136072,-0.7988093679037078,-2.0124889310979768
13.013495508754987,8.732490147192888,2.5410712164693763,4.670015115406038,0.8630918169384216,7.835978378650998,4.950325542687452,1.391909320914941,-1.7036796556189344,-6.044107768346933,-4.789401659265366,-0.41887093456846,0.6035365886331263,2.7529654264032253
16.387780666522424,9.953435763944254,4.355310403724332,9.538057523396418,1.8493460294858828,9.390908193201051,7.906556159608414,3.325150476426358,-0.5904895404919692,-4.437250055113502,-3.821012299118319,4.898157954802073,2.078169594125693,8.012957576806539
13.610078606524684,7.993969814830357,4.221044060971778,10.028611115618247,2.781250093216652,7.898020479829007,9.298931626283627,4.862064606136325,0.5199077821835694,-3.3802971770419887,-3.386429408715358,8.024134374582292,2.986439077118188,10.698592525056398
8.21679800410439,3.376638644572453,2.02134691185369,5.762086263062955,2.723219701773516,5.5143915079543575,8.357915953495421,4.286032790346727,0.5794854051624476,-4.151765832840344,-5.116570567095634,5.852906286306801,2.208711410007844,8.487608149781849
-2.1981446606867765,-5.384591322570132,-1.183855944826611,-0.5537825267719896,1.4411180094091662,1.215892664790044,5.548154057630713,1.3134739159458295,-0.8472283967203147,-6.631911877890936,-9.290509006412316,-1.1021110874838058,-0.7290135020397752,2.1569862618825404
-5.538110668858416,-8.25345081246339,-3.789991431323852,-5.007109950985146,-0.1135625555405432,-0.5685092827533234,2.3541058564276263,-2.567156783234143,-2.7932944142915925,-9.195603908577526,-13.818764875680642,-8.523703026964045,-4.794463720197809,-4.477328842961834
-0.9535056867377992,-4.869590650850657,-4.68174642248211,-5.454568144970473,-0.6026495578555284,0.6221420094282354,0.0830793424888796,-5.433934370043168,-3.6443013683458174,-9.96056533302849,-15.576209402867098,-11.548282259459294,-7.821269023264361,-7.332895495135604
2.337909613441127,-1.881260119065655,-3.947642844011977,-3.1089745327560934,0.33023762740725,0.5312752081373421,-1.1515519819619635,-6.573832052083659,-2.8135045931464857,-8.423898977779483,-13.106206788612942,-8.704897129486664,-8.006539005828358,-5.258993449760595
7.157164224535592,2.981924415297536,-2.716643596741056,-1.2722810921482424,1.525464520759075,0.1799116280145282,-2.1631345198281906,-6.737181334708644,-1.501188496792509,-6.007546457605423,-8.09649273932211,-2.9615501964270106,-5.337419661852427,-0.8132925402838707
7.637575571092984,4.154144818312228,-2.1957109013358607,-2.256893507249827,1.2601162499993834,-0.0334250866937245,-3.392981414923243,-6.822304120332197,-1.489539373010767,-4.870665783275341,-4.012774398621249,1.0851882841689164,-1.6826580685696326,2.0983993078576435
2.2355324739433424,0.5075547163480016,-2.661383440765821,-5.277943190005962,-1.129278204627294,-0.6591585740724144,-4.053450238296433,-6.533895151590536,-3.048733518543065,-5.914936317563713,-3.0284835650684947,1.2578164098113915,0.6287869525567809,1.5861693604446834
0.7800704060805536,-1.0000158846426872,-3.2750217021552315,-7.290745312020142,-4.476394847109529,0.3362035778112029,-2.821654429551189,-4.594995362200038,-4.209623197625096,-7.778934577473938,-4.142417911484598,-0.635349043095883,0.6041368560131835,-0.8468438517905819
1.885316122818803,-1.7537197236958206,-2.9398628990097557,-5.985525560443847,-6.625107528629608,3.006893803412245,0.5118423250725908,-0.3637884085502687,-2.4451075083243268,-7.856670419647877,-4.292234345085438,-0.9907588380319936,-0.7496440302007352,-1.9989924675840636
3.00902476945688,-1.8024245950380835,-1.4608936654233489,-2.0637903279178715,-6.157455288843908,3.8644449542631336,4.258874225099053,4.920069367043292,2.715856215667751,-4.565691946411201,-1.3857669104164465,1.9289646652672072,-1.453917990546966,-0.0088952587777306
5.787462437947831,-0.0397303846525138,0.0994320716043652,1.4013012883262022,-3.500154291858941,3.126268317525123,6.016634171265544,8.754996637813187,8.797635173115834,1.1241923828224234,3.6496735857522378,6.3880731665323545,-0.3662707965891805,4.076585599371077
4.74182313982304,-0.1263667867391116,0.3021419511130396,1.87470416200971,-0.5005058267208682,1.983576370543615,4.865327389062941,9.423360609267387,12.318674129213573,6.315779540671269,7.695607729726305,8.989720003674702,1.8321660269841509,7.481552944771195
-0.5360667904136979,-1.8855577605163047,-1.2979921904644591,-0.3118194585518772,1.075816989130665,-0.2938624562009833,2.385459843484373,7.484525441220587,11.83989552076071,8.476536870870142,8.27079246710139,7.9497214617795,3.329094564997508,8.308348752029122
-3.0847051331679194,-2.489995262272098,-3.593159225134372,-2.4440437490738063,0.8097027577854519,-0.9875855450047764,1.303877738716551,5.234035163093623,9.177468913467742,7.405040588349415,5.674960585310778,4.637366375889901,2.882074987722348,7.049243029458001
-3.883155639084648,-2.5246411212277446,-4.778252511399728,-2.153778069659559,-0.3274430000672623,0.110163856819672,2.9309853365757235,4.668363099243926,7.566465345398925,5.174509769793616,2.560167526566161,2.0699801915166134,0.9451654603721664,5.685218161841767
-3.4017502323194067,-1.2283803410471534,-3.892487476023256,0.3269817260062666,-1.0102734594825191,1.133960581561968,5.871833342880038,5.9215189582509,8.556690924363949,4.182065092025034,1.509845049932082,2.0250046769241834,-0.7965545733890664,5.422817946989035
-0.3117288517107427,1.945364040420993,-1.6386091832497556,2.5130194860548443,-0.6653974002209679,2.7398622508376067,7.345346140752468,7.544777867343441,10.658908524726854,5.1053773826921685,2.9207885092086627,3.5944432215716877,-0.9884526530216746,5.384741978453455
-0.216013453951385,2.9137517668493493,0.2669293683933844,2.115789640987892,0.2731565126864552,3.65869112920939,5.892048052260158,8.101646160529178,10.994448734981887,6.560084182047547,4.973247068318209,4.39256648515331,0.2357713821013618,3.572427882708745
-3.1105613086915183,1.755024542915499,0.5934991026792886,-0.8690257079017059,1.0076371007457752,3.6198460360082088,2.8307046074638507,7.371528337463353,8.232766534677225,6.619803920533897,5.460508685651355,3.0138361959576017,1.5423447323185684,-0.839168184781272
-4.962363717655416,-0.3457348953575352,-0.4277588617406778,-4.343919991198689,1.1748416184336818,3.396728010981905,1.0083171027406834,6.1197404359133,3.9122003412994673,4.679933780318066,3.715104866089305,0.3016352801885986,1.751604663558858,-6.151449868126242
-6.865807075428495,-4.342975763504128,-1.4757865312153058,-6.139134144312415,1.0354019547560045,2.5884871386135058,2.0448480207203232,5.015363642155592,0.9473405867461864,1.9645799363123613,1.0563846861765924,-1.628284028706361,0.9153082060106428,-9.148474757790524
-5.735363901494885,-5.231260125343922,-1.4126278289953262,-5.779066015046368,0.994706434627446,1.7964639292396234,4.770296510558737,4.04714735516302,0.9168410953899552,0.3634372165428772,-0.3707799878324351,-1.4251101921583285,0.165351344524339,-7.644565416057546
-0.7452064754997341,-2.703430827874292,-0.240694713542922,-4.398308087521386,1.0778042738873808,1.0586107312158286,6.3781312719413,2.9804475998880235,2.7955978417022607,0.826177710916113,0.7604841872952761,0.4429260142525635,0.6193732011909958,-2.304450055399826
3.4923773766507225,0.6374355877802612,1.0770180825461892,-3.2032243914102025,0.9570303615110448,0.9101957418284452,5.13256039407662,2.069151184957676,4.200001544498122,2.77672304850185,4.077574162019715,2.4520156446191663,2.4297848250201497,3.855637308337691
7.789509835008438,6.059881508634055,1.6478928416858878,-2.2325936750999347,0.460952369794299,1.57833884606167,1.952736901757234,1.9598343646195389,3.713037292616832,4.864498803791406,7.840189281368424,3.568092502103596,4.742030635878379,7.766559919409502
8.917892236476922,6.837310171054534,1.487797378000124,-0.6486145888137003,-0.0817625111396438,0.8438012542564086,-0.6372808165353518,2.777727558060789,1.9707719177290244,6.10960545719945,10.079578933745909,3.931158314680431,6.398180326825568,8.374142525205059
5.751566561194414,2.284187948452181,1.3843978292894832,1.9015070616883207,-0.1405860350922836,-1.2402980545579334,-1.0511235596582793,3.503354568677309,0.6481886478590582,6.36192890725367,9.782944060724873,4.168553472091247,6.681734762765217,6.869646340947398
2.8255835051000595,-2.910067406663375,1.9751205115572503,4.402091120123927,0.3518399626864124,-4.245028393849723,-0.0871836590655874,2.583207420427442,0.6250062046548237,5.92958067012917,7.46384865159888,4.344259050633511,5.617409887438654,5.248875494384109
-0.904368563509104,-10.483790626821031,2.989814756385627,5.083741682411002,0.7419307894467622,-8.708515228935843,0.1046179888170897,-0.6255720566396974,1.2478577390406969,5.091572940419496,4.797309620789655,3.822574146179157,3.850403709070101,4.714268214328925
-1.4195311024133976,-11.924636922938598,3.44021948818186,3.0375542112558094,0.2212296740558059,-9.698410088381788,-1.6409805659674532,-5.007815035085514,1.262990785746034,4.085025480171296,3.477245682613713,2.165867089572302,2.341159798658936,5.212597611026403
2.319502594464618,-6.062896471801115,2.612615942026736,-0.6724029088015655,-1.263001051151086,-6.891070189853643,-4.306538973145663,-8.39932508388523,0.2336573282462524,3.3631406388828253,3.991866180434087,-0.0348780667324675,1.9956895692805572,6.109719214430939
6.300718309103685,-0.1459909753527732,0.916373222860308,-3.48643803188763,-2.7018805648098194,-4.57157632924479,-5.780140796778113,-9.254080377446655,-1.0847018084240645,3.5146323333024725,5.248332577410821,-1.4176986643080056,3.2774002398149946,7.032111256381263
11.78413089210749,8.056969068774547,-0.262486016621601,-3.129510232148654,-2.7554841006243365,-1.63648288879805,-4.968860657073257,-7.677987467022852,-1.6642027723470534,4.729717669660836,5.502187194789258,-0.9793729408737804,5.964071960467969,8.069915882024986
13.980888549091542,10.869321355573623,0.3643868617369676,0.6864584133706018,-0.9173938157497687,0.0446710165107329,-2.697139571401614,-4.901187834251793,-1.283089985817469,6.433037387353629,3.981516990223639,1.1069368317823418,9.264823966307652,9.390039772327214
12.038193897541891,6.792444114509201,2.919130867184485,5.944527616114847,1.9724749052130548,-0.2793040768328563,-0.5638223781553862,-1.89777080567368,-0.5971028152615006,7.681736498323552,1.8023182698590787,3.803357348003424,12.270867298265609,10.854020077089714
9.982802340396503,2.98006263330726,6.2246109804772445,9.623636979675048,4.367022268595754,2.1522576322467284,0.8586511422785534,1.2861101450340726,-0.2701853376919203,8.057634820159649,1.1586168211443135,6.221319915619333,14.384178186382698,12.03339021010644
6.456375710219623,-2.7386829733277174,8.689424372463819,9.680952874988854,5.225457330664781,6.9268631435248,2.4731908549561865,4.80473528963708,-0.2750057324282906,8.07940293434391,3.2574844223537056,8.207097317565413,15.372155674674069,12.485970576874584
3.8799436845205344,-4.67439983654606,9.426341078768717,6.3566429193010805,4.728177244728499,9.345616542567122,5.302947153640893,7.856865680886742,-0.1941679608526385,8.548676898578634,6.7933921365263785,9.95367641410722,15.091036712122069,11.94450079875903
2.81922558729455,-1.5402157971533086,8.704521801496895,1.96616912125522,3.951120252862026,9.991527955703912,8.885733363115442,8.671863473266107,-0.1338215126710764,9.418947584182668,8.54755970170013,11.23909075428702,13.277881187472817,10.301003922132663
0.800355838592986,2.4339453768525,7.481227195813112,-0.6337980588982433,3.919548162619265,9.284915496689678,11.268912519762615,5.994021867465527,-1.1078995908603204,9.433870763833768,5.892164226545248,11.268576227924264,9.709985880812134,7.549980701059184
-1.4914706891819811,9.04399142607249,6.509070839313054,0.1169357279154823,4.904974231855611,6.263431698952093,10.750166440589012,0.6400193966823338,-4.298374350984275,7.095105984007383,-0.8775447351370929,9.325828786767808,4.580332978708078,3.832969562237935
-2.9623724752078404,11.670509668546094,5.758867132101649,3.526815736126551,6.428731277771256,4.623106472570575,7.621472723080551,-4.672750440666416,-9.829480745272289,2.1284149860456694,-8.548158053556477,5.471882220655083,-1.3410084623691318,-0.4966217139481585
-3.777444039272375,9.528126257742256,4.558691463818576,7.178926853461878,7.73676036749486,4.340335886744773,4.07806528386104,-7.417029808771659,-16.273195469181687,-3.996176699087311,-13.515355052498837,0.4965998766271156,-6.987138321366189,-4.945937866406325
-5.375534074814085,5.879355835439667,2.288222753860449,8.56757454459068,8.231111931778909,3.121045160387103,2.254028815524148,-7.415866922694086,-21.43260289214471,-9.063361607049847,-14.67738776092635,-4.766335493812452,-11.488177548570423,-9.06540869522383
-7.660293922678583,-1.1636025300619766,-0.9273328141727912,6.732905574793691,7.621996565568779,1.7089781775103292,2.230954771299075,-6.907816547842096,-23.744059408900025,-11.720045824100024,-14.070368864695356,-9.907636429378073,-14.449228795303943,-12.541233346377709
-9.443358235978376,-4.450753086174349,-4.09785762128416,2.7888846285895905,5.932845751622276,-0.0610461690460606,1.9606287008511325,-8.268577881340143,-23.11206532277445,-12.216875317987494,-14.62746733936283,-14.648271125585866,-15.836592302478572,-15.109696852125424
-10.958986172803815,-3.4430350563244105,-6.00376324728084,-0.9770803187539512,3.513307188595256,-2.426962431827314,-0.7546879977179322,-11.487319019369677,-20.589189934453625,-11.722650765542852,-17.15178972681356,-18.23353737249046,-15.70596352504251,-16.483239773208535
-10.625848206472766,-2.60478462366323,-6.162308304176779,-2.7331666948795608,0.985575500550107,-5.089410692390047,-6.04542381069932,-13.912683207019896,-17.367607270250076,-11.058728958270688,-19.41440097683384,-19.461039573367056,-14.131968546651064,-16.52825101470937
-8.076733144574717,-0.1676602230513943,-5.318651808371715,-2.271468237052755,-1.0286318961522871,-8.165439211059748,-11.611360032442398,-12.714991889619544,-14.048002251966151,-10.157010730931011,-18.321901260112018,-17.63923130542769,-11.427777292106756,-15.607194290237118
-7.823981701139957,0.0279992351067519,-4.934066583141757,-0.9392262880114934,-2.309636593057629,-9.857936127449753,-14.608397055152366,-7.853370661406842,-10.721703177373197,-8.659371451569072,-13.137272044991716,-13.63026698989938,-8.373230262105007,-14.645550729577913
-9.689463860177597,-2.63305507104384,-5.985783605761775,-0.5192987995789196,-3.214847820986101,-9.97558260401142,-14.097780939235363,-2.663547592148703,-7.554536932968666,-6.83715037151174,-6.634318745321039,-9.772320970640848,-6.083971428850717,-14.609201685509824
-12.219585899320144,-4.363150506871576,-8.089147249798842,-1.9729527241520728,-4.368647590647619,-10.039783221018943,-11.830827812090137,-1.2584878907520505,-5.114066298088574,-5.702229736657877,-2.959769076000626,-8.397711761662485,-5.451384537816828,-15.679353790725123
-16.413016044695414,-6.120088345800359,-9.758398422015617,-4.908936568443451,-6.057676654247587,-9.5988942111211,-10.651805015503328,-4.91403338105728,-4.001402173116674,-6.075467619872399,-4.089860702656459,-10.038055195406072,-6.498795990106672,-16.875303082336742
-15.964481842855534,-5.817890630377498,-9.618487923109711,-7.974410355186379,-7.866381506770594,-9.20292424097661,-11.970429087020191,-10.705469338603097,-4.098959082833972,-7.523820768556618,-8.11098954306884,-12.874266500867732,-8.16222171547237,-16.613808712162438
-10.378276380317866,-2.753077758754813,-7.498182464487087,-9.712869298923025,-8.929154061828967,-9.069210686642585,-14.56785767675862,-13.756090154623692,-4.222044596677307,-8.31386580999289,-10.850784228388264,-14.012258833595808,-8.757321675322231,-13.863665607270846
-4.166397000848513,0.4013336653381342,-4.45812946026922,-9.289781780590287,-8.611706780513941,-7.639643112178705,-15.739327226124177,-11.223112048269698,-2.704287729072973,-6.625081778431749,-9.314978489634711,-11.59464532028295,-6.920136990334299,-8.961528913624647
4.21362231172819,4.312972676392808,-1.8267350492630496,-6.787554579684283,-7.016627792273027,-5.011428836258957,-13.658540559701052,-4.554378586859357,1.3685620618685732,-2.078048105378798,-3.883913935823728,-6.045837881184525,-2.4630103637188228,-3.4261021595767147
7.142492133582281,6.115064047176929,-0.2081176880159319,-3.101387960838593,-4.863079532912025,-3.3087185192065958,-8.861834371195044,1.8928800715132328,7.23425956787689,3.731202093321912,2.4270008025791725,0.4539623621860045,3.3855467870288294,1.0077900578853018
3.471791918722338,5.175246833017035,0.6664496969746381,0.4293913755907113,-2.8870205156136137,-2.378175403970007,-3.7063915651810646,4.5047786348777095,12.683915279118937,8.206597116060806,6.61291640025587,5.611705968214693,8.528522061941402,3.308656727884511
0.5838853184837295,4.031703837040779,1.278076454601603,2.551340691384695,-1.3472153212856028,-1.1788421212592188,-0.506276030830378,3.0321144663932387,15.41096123841652,9.498486814252914,7.7350511944940195,8.287366062851277,11.058978877042192,3.421291745771839
-3.48438310546183,1.8109432796634248,1.6437308097319203,2.637846343920444,-0.0670197153492608,-0.1169142919159678,-0.0224116466121699,0.0498780157816725,14.517652062765762,7.663958494230627,6.844658018030515,8.508266708377164,10.264190540803838,2.0097466151265166
-4.441497732476339,0.7774959321619501,1.31478289663346,0.991757447840115,1.129973345222794,0.5011578639375298,-1.353306052163333,-1.817260066668382,11.052185637155418,4.399736910736465,5.387622745127629,6.717454116111696,7.0087957974691335,0.1579163388745144
-0.945715107976966,1.3497413491220518,-0.0103780641589992,-1.29908969930662,2.1147264541610014,0.7114513443997977,-2.912721202998455,-2.0460988954173445,7.212045819198295,1.677753339765843,3.898390835356196,3.394108429691016,3.2288581460110777,-0.7995960271667286
0.8047518051225039,2.022284662199741,-1.9211392481468292,-2.9042860155592223,2.600093855367419,0.6569342344600212,-3.4552331040249555,-1.858763672016096,4.875090621515909,0.4156453170132295,2.105071770883569,-0.5395824199934225,0.7648031818933703,0.3718013418113628
2.0516274641974,3.4743423354160656,-3.3500336762838003,-2.8800497857937444,2.5290844138423267,0.2681818775194526,-2.4816144997916467,-2.1790217729145525,4.559533170098405,0.1323471881471221,-0.0232845352590516,-3.3314379704681016,0.2268443921127243,4.048914819338449
3.2894364062648216,3.6037564171199934,-3.2269275151243733,-1.0618353111982517,2.226597157903825,1.4812916749565743,-0.1257983745076103,-2.315478463944089,5.462879364346861,-0.3515362776190045,-1.6048050287341766,-3.0631921284621058,0.6804104155704636,9.03454475104678
3.598939461372484,2.1781560210481823,-1.2043168670782052,1.8981557714782296,2.1227924853401987,4.497749591808073,3.0606957223974405,-0.7525488766086141,6.354194927954268,-1.8744473811474336,-1.30456745532382,0.7845761883799582,0.4547069318123817,12.768870932693233
5.088483693389279,0.6762397066516045,2.0758053768468585,4.789388968832384,2.3412027398810267,6.6830249797557055,6.264311047909786,2.9507039330198666,6.522037720645386,-4.332492551786032,1.522198659301523,6.342544572169089,-1.458108893672943,12.80523968611675
7.6467619963899,-1.4412228817141215,5.309106992473744,6.319109622400049,2.5758381864276885,8.421193391671432,8.626085285788747,7.301772875566144,6.08947843127936,-6.80449977993095,6.075190035326273,10.26496457258105,-4.498940622549924,8.663311380963819
7.653532245267613,-2.845195317868172,7.179455429729217,5.722535424069633,2.346648724014244,7.726941860350018,9.576355796278222,10.006996417019934,5.597103496834791,-8.187362328333677,10.390670740539749,10.131660980807284,-6.92529790270919,2.483933122106521
5.222278077768559,-3.301984752342127,6.939998304104847,3.267288640004324,1.3472214015084774,3.884632375832428,9.109793151773204,9.927452110817455,5.324731810848391,-7.925713281323226,12.40130034812853,6.312829087600107,-7.24466834326995,-2.3258478342398234
1.768984790521669,-4.999521188038195,4.682713417765569,0.2517714492184382,-0.4021412782370248,0.3253126276370282,7.785293051537167,7.917647810959636,4.97322129905001,-6.452079831793185,11.005179202713292,1.557385230372347,-5.525784302408226,-3.553059857949279
-3.517325092428914,-7.681425794215452,1.2596548374750682,-1.723310685244769,-2.599101514893704,-3.545686702272436,6.440003798725172,5.859156047576391,3.989505443124301,-5.049388226708658,6.560563179548382,-1.3581675408250078,-3.437607414336753,-1.749191821364292
-5.3230394719405805,-9.512879097231128,-2.068961950380583,-1.862177583133644,-4.747592222676587,-5.391736509973757,5.792311564621599,5.00531056287673,2.2525977381484097,-5.068392448046097,0.7114914393523861,-1.7581318215719648,-2.914884990868728,0.4182813617489955
-3.1610100417830376,-10.762278701435916,-4.149299246794328,-0.8257727564560469,-6.268862396036582,-4.381186343529638,6.110434211632594,5.236403607537,0.4856020543829231,-6.867439530541674,-4.261504854843565,-1.0861223998462035,-4.543383165331477,0.4583015644669785
-1.0993669331484772,-11.02633570811864,-4.435224996388001,-0.2827402757766322,-6.73867552504197,-3.6183711588663807,7.060837932814195,5.686090947111495,-0.0721245511171559,-9.244013898849971,-6.357101497815791,-1.0219668806639106,-7.031391664915077,-1.9760716039683075
2.1754021117159263,-9.889722690914564,-3.2256161345837318,-1.5757020241426858,-6.195996513626255,-2.31988733261756,7.841090140935023,5.811151754840978,1.4112724735206257,-9.99915061593373,-4.785901387578178,-1.7013287406771838,-8.231013041822735,-5.029373819774719
3.326845682055944,-8.457328017595236,-1.443412760534443,-4.541317438870919,-5.206337600945744,-0.3543856184573735,7.645244572414072,5.75919427556903,4.554578497989098,-7.463045987486851,-0.4832195144514912,-1.7741190419231998,-6.867866157259186,-6.35879283590981
1.641017794636886,-6.505133391451261,-0.0297835615974406,-7.494947488040111,-4.452042654428396,1.9052140352541933,6.265523602571591,5.855299310901017,7.798111845627574,-1.8967948318492065,4.264114781712806,-0.0767152236313108,-3.559852291605864,-5.052863216287449
0.9439173113899942,-4.186131959186811,0.6561463657454283,-8.456815570630965,-4.114970430262133,4.328494019188556,4.366726819212886,5.992200690976233,9.371693992561347,4.417748483471428,7.082359839044216,2.9196798174668857,-0.3182997450712719,-2.227729576334582
0.3459345757705808,-1.6793827321318755,0.986206001481662,-6.647133996707339,-3.674552581155922,6.762252742420332,3.0744229397478198,5.678720366976506,8.51412290241052,8.623384434257787,6.937846266323959,5.4114856403754175,1.031246399101292,-0.0114833617320186
0.305530851638745,-0.7221245612198175,1.6392759194714015,-3.0488582947323266,-2.4380352479236365,6.761780796342181,3.080359744096256,4.667703652845631,6.005313329919119,9.217595271474949,4.6922483477573,6.010429612844519,0.2312899185369872,0.1498789405533784
1.403774408468019,-1.6279430165462137,2.9457219876643137,0.3706768863197283,-0.3613379046395835,3.934297490905169,4.009947269185659,3.420943115807461,3.5852168805067777,6.987703280641313,2.334294433683283,5.1607802567801855,-1.2930765373729116,-1.3887373081550152
1.9927979266461333,-1.6615029180198289,4.535440326465846,2.0826451151898766,1.6719481585352298,1.7569261423743148,4.683014260376012,2.843867020833301,2.706846622809934,4.282486627378233,1.4957646244408522,4.764738415005041,-1.6332471176536671,-2.6535535142466244
2.32217056442812,-1.216041589638429,5.573107143379133,1.910809878040112,2.4659034706314173,-0.3298074218428911,4.110683072414076,3.491026540791978,3.5816368949603543,3.282580997204292,2.4240926474532216,6.31486234101763,0.0641436086091289,-1.4201626290088996
2.534373851495396,-0.8705061422360589,5.390319171608581,0.8191991474126041,1.482371560939015,-0.8844859061428132,2.3543993291847585,4.996100464578063,5.210230069156694,4.631823523679884,4.123892366432017,9.31207119596371,2.9396213568593907,3.070084402209204
2.3505255822543893,-0.1552841139678509,4.02438041492843,-0.0569556373726811,-0.7261488587653844,0.8802551413565394,0.4742921071656951,6.297123034411015,6.282194751552453,7.345908243038508,5.351292109517544,11.530079856389731,5.1656085758720565,9.220386337865447
2.2455213002406023,-1.128215563996418,2.257446527764188,-0.2207531550270687,-2.953981265075214,1.9523156689513257,-0.3533045921132327,6.505320800337159,6.155349546011166,9.819446695059357,5.524158482169696,10.970259747306926,5.490024804259804,13.843382400013212
2.1606668116762786,-3.913901481852182,1.1227493413120442,0.1383419097751357,-4.1420378524727255,2.8496367078245664,0.2760153466713717,5.666627891369828,5.133761224208044,10.97275995798998,4.878421833478399,7.736919710565502,4.299711329701893,14.304311023601072
2.5068392708658345,-3.201118045961491,1.2204532409994044,0.6772524908147517,-3.8100638490758456,3.59227317733089,1.8325904747594135,4.719858904207868,3.9207325479548416,10.676818126502935,3.955655418575887,4.07968673255759,3.275858090499767,10.541445538740874
3.413347040898223,0.9296564323114216,2.324757968751399,1.3573730290924857,-1.9537006119946767,3.668303814658001,3.387901654859462,4.63137167205565,2.845117775703116,9.351458114896246,3.006257401471771,2.5098888990639523,3.88651882749798,5.257833987569484
4.408082631627206,6.147181611900333,3.5646447723742654,2.3951004472871205,1.1537128771087026,4.444527822241013,4.228284242295288,5.422493449320626,1.6140573070888706,7.330985871250547,1.809997190690467,3.665041399314873,6.011461697746924,1.9179781131472995
5.628847981674111,13.650917130168878,4.04185335514137,3.8666913472696502,4.872197096060901,5.799121759869443,4.065012414971548,5.963745182579629,-0.2010977296002778,4.663850872111155,-0.0042110654300557,5.8270461700971765,7.956754391656872,2.098579401607779
5.700817731923918,15.259697179081964,3.4124008048415533,5.448851785712655,8.033771950906164,5.50015194889072,2.91393368118812,4.802721203038985,-2.477354959888764,1.4720301467099404,-2.436595399352356,6.475712642370581,7.914770837585635,4.432042769922788
4.4344829479635655,10.1573497953712,1.994611044430286,6.551326134910987,9.2408584241538,3.608562763367959,0.992076600415885,1.3926297115455384,-4.413713672376545,-1.6274231269822863,-4.836806559971187,4.416752365748167,5.588845257757768,6.02461354391248
3.109772005881347,5.34205939065171,0.38164524629628,6.667717764343607,7.717723878926286,-0.2257099797602512,-1.2720892127442838,-3.316993699445405,-5.193805582854616,-3.634135718895834,-6.181681136835763,0.594039685992918,2.493827266002164,5.011381050031545
1.3707233396694376,-1.1728982316669747,-1.0325136266518875,5.62205449225571,4.056627535777714,-6.636127096460559,-3.3376615744858498,-7.469047639934942,-4.848712786762334,-3.869476067897221,-5.83274684748384,-2.9800447074499665,0.6419153178559824,1.9594313168199664
0.3216806818642865,-3.0466667214174445,-2.1830802905709987,3.607064522858284,0.0492463395818489,-8.843566570634913,-4.878176057383989,-9.608170411277712,-4.425633364046023,-2.6595811428313976,-4.211226465191732,-5.001327683262469,0.8295675508154225,-0.9615742534133708
0.2239029821871991,1.167427760980141,-3.102480364688968,1.130197641139902,-2.4547930883030284,-6.6069988686033,-6.050976579097752,-9.630781785116248,-5.141524671405168,-1.26020254418364,-2.6912480034848194,-5.688066638530868,2.107256627872311,-2.0139865220774364
-0.2001403570185896,3.306334381899426,-3.704791590282908,-1.0712617128403146,-2.77536745438075,-2.237604743941834,-7.315312055178016,-8.629787391916025,-7.189789551217275,-0.9187850774341912,-2.5629501451637275,-6.079486549182125,2.864838921465356,-1.176913197052869
-0.6392887058610287,5.043617584368784,-3.890216172667402,-2.2557475604581256,-1.6793501480926256,6.038190175528445,-8.852037145120898,-7.8622152664008,-9.32302475351162,-1.8061665167607703,-3.8305258474139454,-6.770478241534584,2.429127256982921,0.2680486477231651
-0.5355659252249158,6.3403622090528415,-3.816004284271054,-2.0865737096840675,-0.5255120676548763,8.265426482193938,-10.16986997594596,-7.786852328588173,-9.73932165887149,-2.78578956117755,-4.99054462721976,-7.429187135343593,1.6426403600767046,1.090243719551678
-0.000703712683416,5.921941111357831,-3.900513409534753,-0.960553481967132,-0.1087817649572464,3.793210396550365,-10.40936121368146,-7.952141237426062,-7.612702719055445,-2.326852798595929,-4.195909537628342,-7.456047385385602,1.9463687107015133,0.9821890399791008
0.4317906934361383,7.271039713011205,-4.415398679566224,0.1449994757844344,-0.2165180689029604,-0.9331880957990998,-9.143580856026588,-7.684399094708581,-3.929421048140547,0.1415632268554638,-0.9061187286635964,-6.906425296890614,3.927162964312106,0.3650831402219268
0.8142354254878366,10.085233368934343,-5.069309463006427,0.3592124715158462,-0.1401957896538022,-8.334699291344961,-6.881385340149912,-6.835400638768228,-0.8283618711144953,3.582733839765332,3.4613031887473014,-6.595576996170465,6.707332071274514,-0.2733762380794218
1.3835143507212808,10.266072304715896,-5.127205366792204,-0.3669862382845181,0.506564464561599,-10.105337024256547,-4.705690734458329,-5.896215056771233,0.0356052821142185,6.010020691203984,6.535175883284737,-7.253833260858016,8.64880350172281,-0.6686051366168684
2.0389349749055574,8.13829450301408,-4.0783495211911,-1.1760868793957613,1.4610923980377637,-4.991415643076921,-3.358347577974364,-5.444264637127013,-1.2953211011530712,5.960738053939963,6.807397177722052,-8.639284687448793,8.62267054816575,-0.6007751371890322
3.3790475418239576,6.28114040781029,-2.2111949282592605,-0.9984560745486704,2.16813746696959,-2.10186322203049,-2.6721725219478785,-5.500184918426683,-3.2897141274684145,3.6056464145031057,4.708995005667354,-9.55282016635502,6.737740579998061,0.1807004254298476
5.476941803628286,3.980812182407001,-0.4440039417000392,0.539258174580354,2.364789569883144,0.5611646671652926,-1.9055258075883472,-5.405776164016025,-4.259332244806579,0.6053600242232378,2.1340659496927685,-8.767264143458696,4.095144780563203,1.6018593572368118
5.810245507145903,3.308279291034395,0.4992818631840947,2.769595911462332,2.3539404957932177,1.596902039143657,-0.5984543582436288,-4.336948611992,-3.584356625938661,-1.146917429656952,0.9799846138595854,-5.996750640082915,2.0029346657272526,2.917271546456959
4.32441502655455,4.808629435562595,0.7483317963920655,4.483289704890254,2.8124571442076416,-0.4989267503272843,0.9531851724475616,-2.018739274025372,-1.8718627284806573,-0.87414190439695,1.9434101699754864,-2.0768356707378715,1.3047745404370374,3.0409909135982005
3.2951066662572184,4.747840027030445,1.0716942166881012,4.8358385441241225,4.337379414425989,1.0282887568627526,2.0721311689575685,0.9391285223475164,-0.1765852458687717,0.6805155027176966,4.314886051428367,1.6516643657142396,2.0827260203978284,1.504811082795101
2.2206919312351374,3.6010038195228247,1.9772879372591063,3.937414443997049,6.999018198001885,5.714529027471208,2.475380124416347,3.347758964781377,0.8237430501065433,2.008988784237026,6.596103966814475,4.092306404602553,3.6343654666666296,-0.8825446904749299
1.6288164838031471,2.3992401121620177,3.073628541890791,2.7164634641500243,10.10110525776424,7.29233248792493,2.5892315140536724,4.167297663640198,1.0371604889341413,2.0460922428443595,7.355165754009313,4.732991685155753,4.691496895191065,-2.525761634738039
1.9240447677077717,0.4964462197070634,3.4177293100523656,2.21055054666153,12.31995251465095,6.678996084943891,3.060147299165955,3.1637134338747046,0.6759369761732259,0.8664964393872125,5.946435265323757,3.6334654874493495,4.01736041987057,-2.4076195960262723
0.3302539298917136,-1.3067205571068627,2.555030095661344,2.805858542628528,12.304355039949796,4.2744489639401095,4.001856588539994,1.0832767115346371,0.0195938883854296,-0.5559545324500945,2.9524206798806176,1.4053985829109763,1.2852750515882292,-1.0329192275692949
-3.082516158330278,-2.985014995951547,1.1864100851849102,3.9466882328580937,9.513462234713558,-1.137822408965442,4.825231604808856,-0.742002115868182,-0.5557016115024354,-1.1791499079344447,0.1149984392603755,-0.7864550524184466,-2.380717286595697,0.0719602883098815
-4.239273492409659,-3.965679357116276,0.7053637085927136,4.533946494498643,4.735919752371693,-2.141600495896664,4.894703531411409,-1.1173799550923107,-0.556528086832806,-0.6130510575039381,-0.5111869877572133,-1.5476240636964178,-4.912379729182568,-0.0912186237667569
-3.441373112120772,-3.9803085584840847,1.9563602954785535,3.785362613292961,-0.1963269946463128,1.487129243052262,4.364500345860733,0.3698480043345427,0.3612500476137299,0.7336025431495017,2.0409732339950537,-0.031792802458888,-4.77816176206062,-0.9152512128478136
-1.642831859788555,-2.971444838695068,4.370575127938054,1.953167692451018,-3.4071457264153797,4.099041319852476,4.287046760123481,3.1344675080061606,2.024857667966508,2.0529333616008074,6.65054712452087,3.3531989061738514,-2.3019112031001967,-0.7144640955834873
2.0334956952839573,-0.6181390363968668,6.325313041640499,0.2740713676710697,-3.992028923391949,7.266440507848904,5.742039873503309,5.922515752057002,3.7512651742335024,2.728116202139418,10.531932730702046,7.077410527626967,0.4669949166706217,1.5834273322712846
1.951823851014352,-0.3392851976140423,6.441757859506346,0.0278979040472435,-2.351139380752926,7.440989899139489,8.68799438328432,7.480004830190531,4.865939549259451,2.7150542988766238,11.077459194485437,9.541980578330069,1.4106264348563826,5.18248104232817
-2.249370924906964,-2.275270186233257,4.677435823997264,1.3483946909671545,0.2501440906154997,3.5785299723777757,11.581589972649745,7.139799809995033,5.2580175703012415,2.464270603659841,7.770957045231107,10.147518359049847,0.0749702645355654,7.78896893505437
-5.914284734915033,-4.397647382406561,2.281156741936023,2.8184294128207625,2.3995057351896207,1.4537649706164748,12.221222288317726,4.987224298524602,5.34738366090356,2.4109256546248403,2.532390873493334,9.345887504108788,-2.1915331917945267,7.272322473364852
-10.311693567797905,-7.522734054745604,0.7193242546213057,2.396548649041541,3.051347488356136,0.1417574200794982,9.271391751437603,1.625918490631868,5.425892525090895,2.415144677312611,-1.8755587544976464,7.698991022517873,-3.834466758985222,3.1906771416719053
-11.1692144183336,-8.7667395619365,0.5510577858391628,-0.8859939153306513,1.7917535646507048,-0.6202544330978729,3.3626725176174688,-2.1153018910389747,5.072853505967345,1.7218589314547046,-4.000808893286234,5.113871277315276,-4.738873991005235,-2.940711495131808
-7.480290298435355,-7.735404658586018,1.1742351885907991,-5.823232501602035,-0.9639645980676476,0.186293314369512,-3.050034147482904,-5.263663422127834,3.3896561833611614,-0.3129882329880686,-4.517814532694608,1.2725179003060276,-6.103441374099589,-8.586570414575533
-5.054088998465611,-7.448338328167272,1.5201948007010984,-9.58959477033352,-3.928108908014536,-0.3056720324210734,-7.0351819663373405,-6.718608742316249,-0.0107215817248729,-3.2490660453247813,-5.098007406273531,-3.177897815668232,-8.610264507271104,-11.486715947229044
-2.773438639458699,-7.219462797336907,0.9696406474078644,-9.726675275091884,-5.431811597977074,-1.9266556941773163,-6.9187499450336105,-5.608723392789436,-4.213380054278041,-5.3897061578005605,-6.587165148862908,-6.261795822866006,-10.962582183263764,-10.598780107459014
-2.874924831317749,-7.317793277039406,-0.3133934538392111,-6.09838576804049,-4.522984793817564,-2.7573360754107474,-3.349373298168807,-2.0558150543262954,-7.356352420203827,-4.98197418218307,-8.325045809937265,-6.075038903774516,-10.715971619076711,-6.504730882161962
-6.536140254014728,-8.209302420518101,-1.8031957714336464,-1.246437412224008,-1.9652387977912935,-3.2615209696084237,0.9899734528577256,2.2770204361755795,-8.034230320987746,-2.022904207098872,-9.172108712518384,-2.8764945555984696,-6.926934433050658,-1.2866601500243426
-9.325384697013911,-8.838379051376444,-3.2589707322821013,1.240978748728189,-0.0835618444734507,-4.268182131994745,2.9388963024989074,4.7020383920107385,-6.53893450281555,1.0489928528920025,-9.014635308089264,0.3895976051331189,-1.9181364198106792,2.244371433955994
-12.034615443274063,-9.40608957252728,-4.91860745020864,-0.8044131116454949,-1.1656458825736031,-5.580553365321547,0.8162386596877234,3.178104703021912,-4.707256528716666,0.8614542713246252,-9.073467986510291,0.1912286375608367,0.0631345372588825,1.9193558312973025
-13.40089240094391,-9.545846265249413,-7.058390087769684,-6.6357376172958205,-5.508690710384848,-6.701012784038288,-4.458753983877989,-1.9745250203336155,-4.380300383046837,-4.073775822179663,-10.672557180907468,-4.469950796216143,-3.494428826446036,-2.4655783875822586
-12.555932688467507,-9.059677829063356,-9.393125897575532,-13.130381328863002,-10.83711377479478,-7.720174132069432,-9.915603807643574,-7.849760108101272,-5.832422038301587,-11.638462698604206,-13.786091410887517,-10.868910866631955,-10.748537929759364,-8.879400878443782
-11.456150245386585,-6.797181984726256,-10.991850245084423,-16.900721871138156,-13.844215257549424,-7.137831739356486,-12.4995792659217,-10.73942242276794,-7.622678024093718,-17.278521207997116,-16.902464024095913,-14.667578000728115,-16.640027987398717,-14.262644898458255
-9.489589373774132,-2.433371464532327,-10.92022822444148,-16.4117209342295,-12.736038905675608,-4.70249584978401,-11.119796568501451,-8.738666571567853,-7.990970514739375,-17.399403405353294,-18.32506458333355,-13.544571527062065,-17.013992341382632,-16.42432841951755
-7.15441544259998,0.1008967618559744,-9.098776882132698,-12.671819735493024,-8.622945091676286,-3.787608777475681,-7.268107944342571,-3.1477667957417657,-6.453643545361611,-12.20348331751372,-17.546950853863013,-9.0106534037028,-12.021518369437905,-15.1816166281363
-4.66218047235948,0.9184300917963896,-6.558820272397501,-8.220784855173974,-4.521784538173492,-4.179978391746422,-3.7406485048352858,2.467332202653328,-4.118673124162636,-5.499604429136129,-15.370500896102431,-4.77956517068742,-5.70097473200522,-11.943933522220272
-2.552559028790548,-0.3424616443406973,-4.740299078559137,-5.340705032829209,-2.851457550654776,-5.055450012986853,-2.505684189411378,4.805448602043716,-2.553797656529089,-1.6198091495312323,-12.87244869544679,-3.375260507076164,-2.2522024150776905,-8.321570274667463
-1.1134583632715878,-4.743251393589116,-4.346368347856004,-4.777183332420245,-3.6479865637257856,-7.143077935741171,-3.450191416795052,2.966285658225714,-2.4329004815979616,-2.116783053278649,-10.495751615207446,-4.25352398631467,-2.584846655364019,-5.086222707867939
0.4975612780832347,-5.661268119263089,-4.752348690557176,-5.664283307060558,-5.000209485415703,-7.756412407749096,-4.942921720089986,-1.338296390992474,-3.2497234144296963,-5.0300772375327005,-8.205791009774957,-5.0355879310341445,-4.233782481708404,-2.237972804976467
2.0417732806541,-3.1165735742995944,-4.545370710261717,-6.405723393988541,-5.107417688127388,-6.7935605837261095,-5.54560805929126,-5.381302854989245,-4.160058726328618,-7.1175534940566125,-6.267745939060271,-4.294761810276376,-4.302028890251864,0.2608933829669313
4.448009683717148,0.2732635735379033,-2.768730677393796,-5.727772328991718,-3.913943309783281,-6.481407464007384,-5.236174694100861,-7.348090948891373,-4.864226381256778,-6.807378887434464,-5.440205653747975,-2.9324802818645868,-2.238910926808665,2.0682567574011053
7.898981822911028,6.037761828369737,0.221522807566771,-3.2494534452149164,-2.8364989714035715,-6.270411693116284,-5.068151785647306,-7.1329040329709565,-5.57017930021348,-5.175927204774078,-6.128688027736391,-2.848317526694083,0.213414953027323,2.7791188512769907
9.048609129258036,8.315725442529267,3.0495139992987035,0.5692226382172283,-3.0408512826892267,-5.7727472177467405,-5.72784469524419,-5.728457345937502,-6.235306482183143,-4.306330861114782,-7.422012844938031,-4.485772154803586,1.4260495543158829,2.475728254563089
7.906455482624309,6.640420532366889,4.476769930398902,4.817965676534998,-4.091531925503203,-5.255551431175324,-6.511492615961208,-4.108945500424689,-6.136754735516824,-4.8842475013402,-7.314131030064511,-5.94535774060364,1.775867222143841,1.7742778167871656
7.70435150633717,6.422929413006121,4.361481987927917,8.513783522248936,-4.312512060837491,-3.4805533186700885,-5.823118684324109,-2.6737522590046208,-4.428759747569906,-5.462317515377867,-4.259833192491628,-4.671792726309514,2.9492950162568867,1.2668743744493405
7.849450259413671,6.378941728777898,3.5908574872147234,10.832525874816165,-2.4435547161462026,-0.3384975955035233,-2.7955142782087883,-1.504191580360926,-1.168851971198837,-4.022541590985131,1.2757001222007105,-0.0656892244319315,5.557873067091098,0.9891082971505548
8.465048725140468,6.542307014746716,3.15538095996559,11.289425360512698,1.063286131683011,1.633186622615853,1.524876231016279,-0.81125458512496,2.355429576446713,-0.151622469483712,6.826772003332408,5.574130508052654,7.882178017999777,0.551346639783354
10.133447219791927,7.68163768275291,3.3053698159309874,9.97437331844916,4.339866744153021,2.5709680917027544,4.692249646918032,-0.885745449873653,4.5459341466319785,4.40682670826596,9.690475023322502,8.77042468556074,7.377959164265516,-0.152831502186153
8.343063361734373,6.117329932114388,3.5518408960954098,7.723796496286528,5.669514231345247,3.125556808089089,4.810787648478286,-1.5779794519829302,4.912028022925767,7.362172997473735,9.008770555070472,7.747160487564116,3.559270640989016,-0.4375735559591227
2.968961161425142,1.859426043687614,3.3755665977621625,5.921109100809652,4.859564691316425,2.7344434221294485,2.259969815859076,-2.002418980961558,4.598474008106159,7.996408370763138,6.404603775582572,3.9417846678116177,-0.7965721470551017,0.7888239745421792
0.7657743030011367,0.3648976238673309,2.836025138371241,5.772064036660378,3.2331082560856217,2.74625069295019,-0.4140599406024172,-1.0266380561455577,5.3747945925824006,7.657226878708869,4.652850140239767,0.8789234511229225,-1.6914639051021432,3.8883766331325553
1.1177369545419067,1.2035273619592997,2.473398698543569,7.408356861271727,2.361007990327103,3.16793166737594,-0.512451075627741,1.7256466632657563,7.915492374395377,8.177985349604992,5.517145277669332,1.3977716281767414,2.4571389734146187,7.609050224944625
2.504916236475064,2.191472016067278,2.6876918371262484,9.571296786795564,2.7298319968559888,3.36257070229694,2.537437432000136,5.288805497458611,10.9937818519299,9.895959149338214,8.502827203503259,5.500312633850893,8.988690981986249,9.473683173729562
6.310189638327264,4.391005513822239,3.3071393171140717,10.36721699977075,3.479730665327061,3.621305396458477,6.614127224085152,7.870940546133884,12.45737148434689,11.325139593598756,11.432518148516628,10.451971359406702,12.877845459971304,7.483780445964516
6.322583549876805,4.0078265562273705,3.7931558520635136,8.686570248231316,3.33156762282448,3.520370194926656,8.593960818152237,8.177493566985984,11.16965571338026,10.79799380640857,12.256333118590245,12.923012201511463,10.827472467802991,1.931069023356354
2.236469547710064,0.6243596896733674,3.8165178090752008,5.126081467773723,1.8078747828723536,3.003706699478545,6.8896568013498936,6.452023754323047,8.092742855025183,8.324446413786482,10.59593982575774,11.443309654565422,4.006810725319795,-4.276292063450942
0.5569140166701102,-0.4972236946457836,3.561395069275374,1.5167094160075472,-0.3246045866773634,2.2305953058771766,2.68441124091218,4.306098352509334,5.42558086837461,5.670892586279976,7.849734407059092,7.329368593074975,-2.9565281411098034,-7.355798939858303
0.0991552200316979,-0.0697676726447502,3.452994307022447,-0.6096297117985117,-1.735569994385063,1.079885376691545,-1.1126102935442717,3.426943646206244,4.580684645765501,4.5291767175036135,5.900896957992472,3.4920301784288448,-5.789696204440123,-5.318013630319214
0.5427572818902321,0.3115143954647852,3.649720748467285,-1.2088197811156434,-1.6982523392616535,1.1042577515797352,-2.161508190041431,4.233323085854991,4.963070250162765,4.701607009768313,5.582808184903115,2.149154793807167,-3.8352738973931153,0.5402835828700248
2.99117231753436,1.533935839886584,3.8777216223511424,-1.4230039630596494,-0.6977810519026058,2.4365729331833803,-0.231247900616232,5.631628532224102,4.764593074790323,4.301165680589822,6.193655946018151,3.2604497370022187,-0.0574167379154708,6.607530830802499
1.7405690942718584,0.0487176682378123,3.77185552412438,-2.1131147608836898,0.0673589415824231,3.6862433739796185,3.140147235695075,6.09884835651394,2.9710111117129614,1.8898838519491896,6.418940300252032,4.876604774182233,1.9017198933063997,9.65968395096813
-3.3112779446746425,-4.483980984695786,3.309486413013939,-2.7836236995823214,-0.1422441246631152,5.216228156601328,6.202288779923126,5.155538130487912,0.5218984939379787,-1.6382420298140588,5.783601027560916,5.017577680092369,0.7860617530729499,9.075561789589653
-5.564946692927008,-5.690917328983503,2.828395170406896,-2.100799482939543,-0.8205331866165757,5.114228439196129,8.168476832928029,3.891092971846742,-0.6046702601337799,-3.534569469815896,5.261040680310984,3.420585816689254,-1.7184803314554635,6.787407740115466
-5.949960105666628,-4.065358002908238,2.6075829275330022,0.4741165070323987,-0.5827452876794794,3.006140381979013,9.103055674206043,3.977262382305216,0.517157350013818,-1.800991918548597,6.391537155616632,1.6237138476153774,-3.0367209718147024,5.198598260021431
-3.6665596348148974,-0.9622658526768444,2.497687102700187,3.686906003891881,1.5570190656456049,1.3222776012510895,9.039739233615627,5.960759666433471,2.6419857979603982,2.5761019257354896,9.629879112312867,1.34047109285439,-2.132813488210872,5.044047101260205
2.6854267519892323,4.97112696551783,2.0377241372095547,5.324846972706983,5.0948263552852,-0.4207217734098153,7.5180223405197,8.387644533289649,3.404095111592099,6.09715934265547,13.455718664215084,2.652435161879378,-0.0800048613102077,5.057440871024145
4.521753198502155,6.585709479593335,0.9439051658778652,4.193316487252137,8.153346771830567,-1.247154812870752,4.078041342032122,8.719003026424993,1.540146993094428,5.706451342198182,15.241002737204706,3.7447047506998654,1.3910805372566877,3.527988121536172
1.9391572286789749,3.5140647795931823,-0.562992363030002,1.2817465692574164,8.824577930595613,-0.6672018270185777,-0.8653486812584585,5.447481361205213,-1.9072846353176125,1.5533193567889327,13.34558910012626,2.4926958649415862,1.6103515556939918,0.1143160103482081
-1.130439672130343,1.6505439511661515,-1.9411243880582865,-1.0928651818336004,6.676784499926427,-0.7057084068642298,-5.755201465706087,-0.3467186618065838,-4.5643576281144576,-3.03557577976693,8.706909533823172,-1.5257890802000809,1.264611465763286,-3.7775542285250943
-6.572640380211077,-0.5524700396456745,-2.798935804676841,-1.3579121680799204,3.1598412044415767,-1.0400548969467451,-8.613350882923072,-5.443541239797044,-4.873740574220379,-4.389117053468889,4.429626495811169,-6.432632820945786,1.304554831168888,-6.236576181811602
-7.413379338629973,-0.445254241944693,-3.13825617721562,0.0399988863237315,0.5361784684914408,-0.7245778803376755,-8.236143676107602,-6.750255310646196,-3.323308140623512,-1.5816152235452794,3.490482808612036,-9.416315357111642,1.8972399360824848,-6.38719925594606
-2.901947469604901,3.000126273971276,-3.162833681919228,1.3166609433424998,0.2004094027304042,-0.0238523549031424,-4.994172961284487,-3.639661241884774,-1.698918775538008,2.9027627716262856,6.337946534627301,-8.861246822449585,2.543992355529589,-4.820977746202679
1.6168709700360322,4.4199331396565205,-2.974064138231526,1.1600748001976324,1.7586445410826954,1.1361328119657188,-0.7003549960881816,1.5171024360549463,-1.2981294684015108,5.3300139809325415,10.408883995654293,-5.458279601494168,3.0083428484945767,-2.7595961552819066
7.892212992207642,4.521014590225379,-2.5778745583800937,-0.1897406377551949,3.5717693749674524,2.892421622096939,2.380451452840175,5.065392281650324,-1.9270441773248663,3.675779900914643,12.07618986879764,-1.5309783921437283,3.7998879025749135,-0.9872203740757888
9.596505217521944,4.352598327249641,-2.1799707348273163,-1.519508955441764,4.2110509453762255,3.330564850329118,2.825268576155522,4.67889674724226,-2.4976362920739668,-1.052613421676119,9.48714176493932,0.655241759414185,5.565620600365957,0.4214792715577982
5.610093958773666,2.967315424734299,-2.302075267845776,-2.023484349573009,3.5390464294820285,2.3402731791373115,0.8871930758018962,0.847674160393586,-2.357607595786906,-5.910939460969396,3.930223895268462,0.1898418532406145,8.0548906556204,1.5740893270501966
1.2116357327424816,1.8119000641240304,-3.397263729937676,-1.9288844037649515,2.5470256740115014,1.881216955673308,-1.7375717013650456,-3.8258821474307103,-1.9046124131292808,-8.333510288278127,-1.4303227690522036,-2.370594738339226,9.85797036722972,2.257468484417501
-5.390018552536484,0.8220214943547437,-5.265403665762002,-1.849336227501733,2.2332178692186737,1.5610566156624726,-3.205549652577716,-6.827032652630245,-2.0030123737227905,-7.825329365336744,-4.338572250800598,-5.787230975049603,9.3381333045128,2.0765649982665675
-8.512397547733887,-1.888809818967646,-6.946235541616625,-1.8503909783786103,2.628361596661529,1.7251617264390322,-3.014462186859249,-7.584064673825327,-3.010602287163868,-5.996949279746925,-5.273895561835746,-8.986164038493001,5.985954911821088,0.9926433328307352
-7.161745638884353,-6.188892499447984,-7.380337346960287,-1.4671358774470675,2.8364573350273874,2.730393099280906,-2.4141110857596235,-7.504645794839934,-4.444920455958075,-5.165490451954778,-6.664556607200451,-11.382686200938696,1.030651794489343,-0.4408437719510767
-5.493334128887034,-9.245919605808972,-6.309791117625858,-0.6774562123950763,1.9513185768874497,2.424756552356267,-3.159135146048619,-8.275130984796785,-5.43678783796225,-6.541838446909981,-10.190276761109011,-12.675993636066751,-3.175248576218875,-1.432511219784708
-1.855221602017871,-11.22580763053799,-4.5208249348286005,-0.570587204853768,-0.0837090063757017,0.8691834352998387,-5.516818737407995,-9.983235898639949,-5.307349222623454,-9.164802735863317,-14.682815031299905,-12.493828975599142,-4.500319597120868,-1.477614081152016
0.8328545286418364,-11.047922690074955,-3.0934265716253218,-2.6444665476507074,-2.4587458183766424,0.1755661354486288,-7.418096547572342,-10.782146252051874,-3.7421802618327273,-10.349155335685024,-16.689616704812053,-10.298049811780237,-2.1851289773311944,-0.5109188590393565
2.091698949728485,-7.894473965691745,-2.323110107416411,-7.175358609037168,-4.236740391252897,0.0083106283665685,-5.912942023214184,-8.478638311473729,-0.732182469099067,-7.56224949763838,-13.375693099136448,-5.734173307174219,2.827094194745841,1.310244819357772
2.718205328701213,-8.026024326484114,-1.392556309822175,-12.292536693288987,-5.061669846127228,1.120048105777659,0.0078199489513219,-2.6965725960128504,3.309854506460072,-0.574318226936164,-5.235593757211143,0.7574710114296446,8.438981845296082,3.7376283890076207
1.7774139208359423,-11.3248296841652,0.7938255586606302,-14.915848577981572,-5.178084889555915,3.9925335645950746,7.762682176346037,4.333263490768789,7.337573331648247,7.800879315391579,3.865992099638712,7.592648631734622,12.45708298041032,6.263627442093453
2.2166513535024874,-10.93769481769396,4.350111706244411,-12.969230044019858,-4.868556858452836,4.844827866878271,12.585688868621464,9.180394927870513,9.89624731917316,13.2930566184574,9.47182053721274,12.4922950139164,13.615563689567466,8.023689009723604
4.007725226242053,-7.812000245053047,7.966136989979844,-7.007497546762511,-4.00939368218195,3.75836698225571,11.22821070554637,9.732434156480949,9.9750544294831,13.182657840400648,9.7609780603343,13.736831043736723,12.0544611905919,8.226024979082101
7.613892967533642,-0.0447707934753267,9.820084599297449,0.1400915813798633,-2.277442801479248,2.683742053951826,4.881710631175787,6.736910844223016,7.861958620631535,8.413126813616186,6.503266312276281,11.446691109812178,9.003775130853631,6.913229981096567
13.85117009868776,13.948898271135796,9.09608074205154,5.361904326795835,0.1954565302804547,0.8288931057575328,-1.4138361821647951,3.107727101454816,5.127389256505405,2.9590625550838547,3.123499773115776,7.789646870770856,5.888327721114717,5.23661139724679
15.389878713017929,18.70032150080518,6.724564383475435,7.200460970679197,2.4656954061592,0.9399411072369364,-2.6537077012493047,1.6437898355651237,3.605974481691963,0.8099963679507507,1.8290182899121064,5.674670122027454,3.4695538881513297,4.6966232175759695
12.069720659020115,14.01186053080968,4.632903297621319,6.301078031361143,3.2474795925252296,3.3991565740001213,2.1603713921931496,3.0838870091281105,4.213337059189587,3.005045591631196,2.360167429575915,6.740977299961161,1.6231092648784635,5.839991099818123
8.264272993847417,9.233293433218169,4.15983574089128,4.376375623811323,1.9388977068881248,3.57438981019162,9.358545699651293,5.980052175590454,6.549407750353359,7.154690995447914,3.1227226175247376,10.186229837357958,-0.149351674492971,7.610226047969395
2.31212761409446,0.9445846207828514,5.048031988424405,2.853533654135285,-0.680590130100728,1.9413668915228812,13.75682662055694,8.22072173298469,9.415139529869217,9.7312896488793,3.158869805770495,13.41695289566414,-1.9870842789796272,8.077898603418312
-0.1733415430718076,-1.1704769629456344,5.862560185107271,2.2761366226688717,-2.790648945885738,0.937811421452992,12.799632351745174,8.71275809067058,11.571496352907396,9.038720258423291,2.882026214608347,14.029310869911772,-3.409098525419803,6.016199139606901
1.6585469676773918,4.550039078455121,5.353525174944482,2.5518185817152457,-2.7575924911461502,-0.1968599258621919,8.164088192386373,7.842688323635339,12.138521266086803,6.316369330734804,3.088745020955055,11.534282935014298,-3.78422422752784,1.9748373285143144
0.2824579557222643,5.886667406409405,3.477063743774158,3.3961843921612798,-0.3195803005399273,2.2397848619822653,3.778511820614596,6.604477465312721,10.687155700376548,4.224842059845401,3.635487128470265,7.506366231276519,-3.1004107571430044,-2.0661929887980364
-3.091582757314577,5.090754797243457,1.2307699398869223,4.4583332265105495,3.192369194695929,8.901295718063388,2.3986983854694053,5.451208549200656,7.39115233744892,4.2828280360855295,3.367111502288361,4.19353920523005,-2.271107163973517,-4.149595626372218
-5.627185372648052,3.1345546622115155,-0.3744918036889268,5.225883372613092,5.735089872445914,10.843514284373514,3.807423175172476,3.981498660407186,3.2111027711416957,5.591925858930771,1.3470564584306288,2.8298369486489943,-2.577244033134966,-3.7073717697686823
-8.415775310493405,-1.951828234753588,-1.158914195969999,5.095886162883793,5.824626466735444,8.522963106959303,5.777761035188869,1.6157250970375854,-0.3716778802114895,5.8424500105853525,-2.0417368629810424,2.948344369789859,-4.627924711707018,-1.8325287627595368
-8.132282613931594,-4.466844913771037,-1.7180717512508457,3.713809143844058,3.297088850821468,3.853812945863508,6.345233449088075,-1.5494242387265968,-2.270503958191279,3.5108254976376845,-5.377165470855118,3.020735081763524,-7.745045612339181,-0.3926173599787681
-4.204992353441166,-4.570614518712605,-2.674855736782531,1.280932630928417,-0.8090861679020325,-5.187416776998313,5.166511544609555,-4.601942510177327,-2.7224466792462128,-0.7745045815010903,-7.560184239520709,1.723250192287633,-10.416585358523122,-0.7587246146934037
-3.285067329037349,-4.109533214215073,-4.019261871500484,-1.4777126429669547,-4.936547856169901,-8.581335492170231,3.1435281341989967,-6.505016371659369,-3.237139830751162,-4.813069847909963,-8.798028508651491,-1.15004178219632,-11.553290325113691,-3.05042899262554
-4.847794427552225,-1.8549630335391027,-5.10199081316286,-3.662425827536593,-7.712606892069527,-5.892314487285284,1.24128669566063,-6.921203442056612,-5.336526788095477,-6.7080771238256025,-10.2094590991782,-4.649494553031109,-11.494342378610256,-6.284564679335741
-7.888761379669554,-0.2622731043413477,-5.208151549155235,-4.603667931856257,-8.384067370411223,-3.640855355549268,-0.2287388206827172,-6.410373013582028,-9.10636325015997,-6.37501223349727,-12.553330460387484,-7.395414350457748,-11.80085352898625,-9.153388605764274
-13.846239526452711,0.5908201910815992,-4.197951601919986,-4.128142082531312,-7.002835421692924,0.4700481328955759,-1.5488347808422978,-5.910009515902684,-12.958858678227823,-5.498523480027118,-15.460528997935391,-8.562078279009642,-13.88000115235006,-10.809366255393575
-14.422886401516692,1.5696586161995476,-2.722575410297169,-2.641036072229425,-4.411194630528336,0.6548308778802621,-3.282771660619094,-6.068545471826199,-14.950153398970244,-6.107854149496173,-17.9087199275006,-8.506693285966875,-17.563126633460527,-11.15067669425526
-9.278826815077323,2.086197199727146,-1.8411115715760804,-0.9791800856256528,-1.9374906282289703,-4.1824624611028085,-6.069348240675166,-6.9981319258183285,-14.472612027498595,-8.958331430219417,-19.299409276061223,-8.562367362557321,-20.916763310271755,-10.534657582763346
-3.0309683430098,3.781354043065901,-2.2388904447899574,0.0353129914193193,-0.7542373793789157,-8.613364519181612,-10.31208558612772,-8.450882053022994,-12.7102760466343,-12.893332681140722,-19.887216251450187,-9.956675474375048,-21.572248455898368,-9.262054760319574
6.302503361714955,6.728006986480646,-3.5463919114609137,0.2045291608045412,-1.1573684026829043,-14.222725215996508,-15.597261950936538,-10.005574657038254,-11.42904569429852,-15.555805941795947,-20.093626049416045,-12.515036197365111,-18.53779040752213,-7.294569877870211
10.381733772704935,8.261446594844905,-4.333777102424586,0.259512058429113,-2.2722951184197617,-15.897747962921423,-20.33021765425644,-11.054219962846949,-11.31291454388025,-14.919294590187882,-19.535426171898003,-14.26015319728414,-12.982536192185243,-4.4167019853037655
8.198088053670597,8.582568743319465,-3.0106417672990737,1.4165241319734885,-2.5360000185610856,-12.5425080538867,-22.325134846405746,-10.864368702481462,-11.4884775844728,-10.648128585160986,-17.00080232966056,-12.591969538264902,-7.3207170978195375,-0.6495038920173082
8.170395905387885,9.284856282849368,0.846375167886035,4.332756253651314,-0.761176649180543,-7.989676078658436,-20.28998156719608,-9.042698848989222,-10.650255047174555,-4.423164304719652,-11.656337931184371,-6.456130480611105,-3.3618269540825967,3.4860770758362407
8.339833183860378,9.902180322530707,5.7663217151194,8.284307367286821,2.914444517740983,-0.6462725616483735,-15.046322682373136,-6.156700249470639,-8.57767549930713,1.0118002121157046,-4.401360071347971,2.207812775705104,-1.07955115056925,7.1000635168086905
7.586873587654975,9.598786161980474,9.045687524406915,11.378917835118749,6.916006882012291,2.119799369698144,-9.238917485118767,-3.758979546558203,-6.481027095898754,3.505248561948899,2.0951698652130912,9.21014309283419,1.0091557902048611,9.338923139781723
6.996167176132445,8.47938799123231,8.534298864205512,11.783835947409951,9.144958848281169,-0.5668746013357422,-5.553539112707624,-3.394124567188057,-5.852025071555289,2.7512588643100573,5.061850868321329,10.83331052564465,4.274227311012026,9.73408995682122
2.569003247038294,4.640460165137216,4.245667493888435,9.03015089942413,8.360132639379216,-3.4530597961125595,-4.878469854164164,-5.212298809869645,-6.998569942680335,0.2789090021804474,3.78246027565594,6.5426978702418905,8.643064700247182,8.29266920633609
-5.891996548137649,-2.310276022293237,-1.524804610861295,4.357960705067056,5.055438204401935,-8.492464939605984,-5.948936760354384,-7.48254233342487,-8.680414913526093,-1.7484790606577385,0.4020525467261979,-0.509864285691028,12.66610833187843,5.42158133764117
-9.07301162119636,-5.7226502603902,-5.738564619488857,-0.1168601879635407,1.1480197723430507,-10.098273570024286,-6.652523496844173,-7.703963867252349,-9.096134030897336,-1.9521344155377205,-1.4597289407173122,-5.687065096084892,14.838011469766538,1.8812418181700763
-7.200613765618372,-5.6654503684572175,-6.62149143476538,-2.69683975575947,-1.3454635509216764,-7.375190868560443,-5.713450411782025,-4.555055357082291,-7.204886966750921,-0.3457463539428838,0.6840859806350998,-6.086024813582895,14.906471939196347,-1.2528570192343356
-4.963608327722979,-3.8211886041409735,-4.609229820906081,-2.913848436324712,-1.655516127919205,-5.972175159337962,-3.316733528621512,0.979272434359917,-3.250605017688466,2.0907857793680504,6.383217690149461,-2.3239162277767145,13.962470467536956,-2.877422278378786
-0.3682022665618701,1.4466132207519582,-1.6495464292681552,-1.4639110526260315,-0.5843979178110693,-4.481519365362161,-0.4153834121483449,6.325672495863293,1.6901405226333686,4.254613602957354,12.636209819417685,2.310019621631749,13.278989009229583,-2.506047944129812
0.6359661786519762,2.1783226957250235,0.3726836536848275,0.427054680367406,0.3931660805227978,-3.155184509895194,2.3194547358811093,9.275805117227817,6.454081564127877,5.467184769727116,16.096237649206003,4.432329904897385,13.046748190180674,-0.8692841637980422
-2.7531183388583664,-1.9875245616704176,0.7707277325993172,1.6516157596396153,0.4024476936315118,-2.760922706688312,4.862603361730888,9.492287914397751,10.196245214949942,5.564206907387534,15.351495483719502,2.81402110440907,12.230240569369958,0.2348124757854837
-4.46126721680344,-6.483432290703761,0.0406963687695496,1.5648169839340569,-0.3202511602933509,-0.5880673286434683,7.406997139132144,8.381942768456225,12.445764509510411,4.8081462403589565,11.630469405482907,-1.1871141977098674,9.680908670236969,-0.9022338783271396
-5.899230638211883,-13.20468913129546,-0.9551558403491444,0.0475926273625235,-1.024345039331436,3.198540493131348,9.84869683335182,7.6719775631513585,13.12650168811254,3.7891134008081937,7.637135031339375,-4.945334434973262,5.436534287221183,-4.4589701847545005
-6.627935680555584,-15.393582191747493,-1.726296034673151,-2.548434646823696,-1.3969520879132062,5.097096598343414,11.766989096205,8.080744720411452,12.597729657034938,3.1800196483130496,5.604286730029765,-6.408780892522588,0.9584808210789464,-8.637656400383072
-5.738438033545009,-12.169844973293111,-2.266899311783048,-5.496973113804712,-1.825493932238753,5.378804268053665,12.75439564765822,9.143271809809065,11.477889565334584,3.2993559027051287,6.014099499980742,-5.201306625745424,-1.9362611732392436,-10.848522864557149
-5.963116767590383,-10.404053638626198,-2.70213347515715,-7.875751836139116,-2.74110469069397,5.787524060584992,12.5831800552968,10.026375637891416,10.211732293491792,3.831502980782366,7.695680227950503,-2.501267109641016,-2.484651493766332,-9.7163259658849
-7.006450121602374,-8.491415741253784,-2.9832634667269837,-8.888922206121205,-3.861984470226228,5.666767065313747,11.07450090397804,10.317264824642638,8.76848029829143,4.108477262518189,8.94015661151434,-0.0452629370759165,-1.4918430269047058,-6.210840285199481
-7.153925459333338,-8.409746677842111,-2.9301558906157306,-8.269973219428753,-4.290697291863909,5.282618312523308,8.063755481511484,10.042697851031267,6.850144171263967,3.788896532421029,8.69503735769834,0.9992074138706591,-0.5815437261882943,-2.8657785279693804
-6.7857837590160655,-11.335681758664675,-2.481698156934009,-6.536238899190683,-3.474403514194884,4.790087895808572,3.758614016475665,9.136402543651748,4.426348262686826,3.1992948734047584,7.065329771517277,0.6081040150424881,-0.9452922712400018,-1.7602350347581217
-5.809289953681421,-11.50155305965855,-1.8265890713756665,-4.825053372661634,-2.0196625341324976,1.763930625516158,-0.8591474897368978,7.166139031310509,1.964945455013758,2.843505055947624,4.955360155134567,-0.3853651401204772,-2.6814001600577733,-3.0581470201232337
-3.936844163028807,-9.466182139099883,-1.2764714712809972,-4.262994159695911,-1.3888239656616488,-3.912579276548839,-4.256224344535043,3.770499941010701,0.0283296003535777,2.5379654396576816,3.26212844942489,-1.1889125086950978,-5.118333142416362,-5.315533420416081
-2.206623372646079,-8.395956288892448,-1.0335723851139875,-5.21443362227312,-2.612502757288634,-6.304806221895659,-5.311495835109145,-0.6232474182823555,-1.3381540410552542,1.217752448277908,2.253369092943542,-1.8341061990053935,-7.573660587183942,-7.049229364748424
-0.55291808857833,-7.370447360288348,-1.0902771735641226,-6.984846139986615,-5.212183560143716,-5.542183710553415,-4.245173960988861,-4.667258605754934,-2.691742849638469,-2.1319412119578507,1.5582550739885823,-3.118081540627513,-9.7353130544662,-7.930706639240126
1.4769031445754226,-6.840083294684669,-1.3267552805720078,-8.299684828141451,-7.424539866093105,-3.0354110394219465,-2.569092018826766,-6.909409309068201,-4.583168336624832,-7.224586446825642,0.7153445824416327,-5.648031565758408,-11.429519357795373,-8.518263367480282
3.68868319480453,-7.240899762857325,-1.6590099399834393,-8.248510287124606,-7.611789153489277,2.657179365676006,-1.9795930697689963,-6.9355271013131095,-6.8915617862064575,-12.2403320322628,-0.2216955311162571,-8.81971270962551,-12.261263211836017,-9.031719205339808
4.214278140099295,-5.839866861916273,-2.060967281239002,-6.926385860930671,-5.599440044229267,4.238156054422003,-3.1371901087276037,-5.760909773203723,-8.830588944419263,-15.049126222260936,-0.5952688911431663,-10.81112874161476,-11.70633642250386,-8.650799316903925
2.880755270263365,-2.688466587457047,-2.450972657730598,-5.215236548411599,-2.7386830101095385,1.3766268800721275,-5.363186310213371,-4.9967658301222695,-9.615074278571504,-14.848550989525211,0.264606265116277,-9.86231672417754,-9.6526553415469,-6.212580349323558
1.790394657858627,-0.5273016559997743,-2.607454196961039,-3.916139670258135,-0.689562127733836,-1.4285321114014806,-7.3737550105763745,-5.468860635281404,-9.07853229181993,-12.684676781929266,2.2224317984648465,-5.864244889929842,-6.802730277120645,-1.6569915680272116
0.5275724323513299,1.0793724149404416,-2.271126142747602,-3.064953655885434,-0.0978747263765629,-5.885294414968502,-8.25523330363377,-6.53724672721412,-7.666158562478985,-10.386746672550029,4.063758962684346,-0.8057135113660299,-4.400479680059653,3.304623608104916
-0.1134015916080283,1.0708545625494572,-1.396137437587328,-2.0984917852499723,-0.3547231995720805,-6.210709351326925,-7.858503974495164,-6.750663097164997,-5.9660967194958126,-8.985593605882018,4.202834919203854,2.4838631372676554,-3.3888687441325547,6.164329145253872
0.2944176782915441,-1.1852677912050564,-0.3197626074779527,-0.6959360743267164,-0.5072569926071873,-1.5358699409302912,-6.506946342545128,-5.217712722751968,-4.369460939870229,-8.12118175980643,1.9926174257164675,2.358116439572452,-3.686445866392406,5.535156477794672
-0.9527405613598308,-2.652109158715197,0.3655201476010448,0.592389619215929,-0.276427868425775,1.8215882694919845,-4.5115122327246135,-2.4182244889713966,-3.110685995317893,-6.862204416559703,-1.4043081906237511,-0.4986296263931242,-4.226090538907739,2.3361790263013416
-3.6858064138825286,-3.65549624430802,0.2083456215123909,0.6625157272955327,-0.1466278276644601,5.251860232472089,-1.9533408729363129,0.2513662850491922,-2.3730388592716203,-4.927775034661347,-3.500404533692892,-3.682737857688516,-3.77272731482943,-0.8733542580120115
-4.854724017788623,-3.297703938443969,-0.7353470870112568,-1.072156576890468,-0.5588159402764723,5.458477708261105,1.2012849666189125,1.6853922213699797,-2.1247174816444105,-2.998401668583365,-2.2528445237789336,-4.850106592186813,-1.895016147118556,-1.9250835682506868
-4.788525227281914,-0.8486874289730879,-1.8880199827620907,-3.863119077103201,-1.2075801426829518,1.1613899514708248,4.829729230996396,1.8665183534115173,-1.878028773522876,-1.8696529843091356,2.1224452438454167,-3.230380181097355,0.6621632992469344,-0.7305218296171132
-4.401686316233992,1.0686421493420637,-2.5332143235300766,-5.947525739067736,-1.2849030405211064,-0.4785736457917304,8.394051641696274,1.601687042698122,-0.8573088111984566,-1.45006059809688,6.863902459864226,0.1232253677292822,2.5029031026206363,0.8153834456580897
-3.111957393789564,2.837708481053692,-2.3023723475595936,-5.876016591349594,-0.4191151468772776,-0.3158797877984813,10.86382961708151,1.6160106259716582,1.369363324056296,-0.7257556810518206,8.457744612709895,3.245135211872369,2.6346139419931216,0.6280012033113005
-2.339213525405593,4.64642162719763,-1.3847339550629156,-3.730362473520154,0.7576654974329395,0.1121711861291907,11.039648292274595,1.9476196150726723,4.406452825921373,1.2500039518204935,5.33166413199424,4.492103723301853,1.2851626412772168,-1.6240427478243191
-2.169389645519856,6.030040638713717,-0.3254753403369537,-1.106471728095308,1.1185291224187948,2.111428268445733,8.319240995350253,2.1359695893064825,7.300526989766236,4.3657118268211015,-0.7240047861127206,3.3457691531957563,-0.1385571513437788,-4.09057850683158
-0.845005577125008,7.997226725167771,0.3820935885261054,0.2172172136069377,0.1766820728805358,1.6136870221120676,3.461646055809912,1.8502549638278585,9.366823992642937,7.4620496663246,-5.759425083611353,0.539215808159907,0.0320397425872727,-4.17978676030047
1.3940014976325412,10.457136335583218,0.580477800956896,-0.1798024086305738,-1.3020650496438764,-1.525910378254016,-1.4150938396362849,1.2596944589465204,10.687056864683855,9.31440056510667,-6.670183724387368,-2.3656833524788823,2.5708727303902768,-0.6457920060853626
3.520208022701057,11.5374086018458,0.4493749960923225,-0.958605489940715,-1.8522256593390007,-1.8750350550493255,-3.959475709325028,0.8365818766288164,11.70146959177491,9.621263893885695,-3.5274982699486284,-3.723035728873587,6.810207742188363,5.379641435684727
5.780449634984126,11.25529638573314,0.3194962337471438,-0.1544885528559842,-0.5139782147277638,-0.0391665063855393,-3.197537317238262,0.8807377182104226,12.361070985830157,9.107568258518542,0.7609088640272219,-2.5992735489993626,11.10418000076918,11.170793231230569
8.517387874696986,11.045276244255248,0.4857156194513938,3.086528856426142,2.419914561321608,2.297899537427802,-0.3277815385197526,1.245207027340526,11.885919782768854,8.758244229349359,3.096601340374403,0.7376408674641652,13.919366732103915,14.285248235933896
11.607600567886555,10.53502399057787,1.1114977865297353,7.64179493891676,5.709956643624787,6.135906325174596,2.126090465227084,1.4633697028942834,9.550894473049643,8.966882822569094,2.7035894577911668,4.948101031342851,14.701770404784355,14.056619450961447
13.040605630193935,10.670994735547955,2.1990150464379177,11.1744394314615,8.116569231285366,7.269264416069642,2.26953564812286,1.1165062035659163,5.72602641766666,9.331699143707391,1.275469177152717,8.354998721456617,13.932999093955608,11.697378184806247
12.646621119546186,11.7417617906642,3.587954930458133,11.933967263742868,9.119650294250022,5.33471952986314,0.3218254017806852,0.1619344471355628,1.983513255640438,9.151306654738308,0.8392104385088182,9.858199594402818,12.518645470112236,9.162663827612365
11.191263984155109,11.689788468111404,5.001483071307761,10.16322436548067,8.962324570383629,4.8740040175575325,-1.641095719714856,-0.9701442720851384,-0.0158147854838346,8.09160631692271,1.5782215234864347,9.469656655204208,11.149697849940178,7.782566091856145
8.086417067161513,10.716448879215552,6.16408447238715,7.996099290945235,8.26451372763627,5.01275952367091,-1.48861873984919,-1.5842085565125896,0.1430160125455883,6.465545227664077,1.7375243871618615,8.181928898009946,10.10481497803208,7.649267402053405
7.641756866488873,10.0047727972678,6.941219991843916,7.901779892216949,7.665967464502369,5.466426753101623,1.1549851936099629,-1.1775350106171354,1.357205205404307,4.966865633165838,-0.4492593693217266,7.310905647207127,9.40336425875589,8.018563771394952
10.172588004981696,9.227032461692758,7.389621781680657,10.816977788492782,7.635577715276559,6.965355694216685,4.634321825381964,0.0977567276374559,2.0352491811478,4.113092183781735,-4.861371176544313,7.712034792046213,8.927306990149779,8.194400871630535
12.582655887978667,8.950719012844397,7.654552954357516,15.326391484436884,8.281007707601223,7.104888600980977,6.701678917715022,1.3589396748568845,1.391687234973109,3.831530221593469,-9.495574827541091,9.277372898477198,8.378091311674257,8.089330496102253
15.915912539443044,9.388712821808706,7.78627791476946,18.505162413601084,9.1323439144739,5.933946712616696,6.356889271397885,1.5287551619930615,-0.1863590678375064,3.522541957175004,-12.242255296433244,10.978250203764285,7.322089158630761,8.047437130931147
15.706837482309467,8.88430725451081,7.6477641077064815,17.87338827750882,9.203799243279905,5.09402444086664,4.48905327796184,0.2037121635547787,-1.841994817501987,2.6050157926182216,-12.597248920633405,11.493759841184552,5.540506400371089,8.22388229690737
11.236463967633652,7.532627097852845,7.031471953308587,13.123648183905935,7.593770208068405,4.140508158010234,2.8766710753753526,-1.854173308967438,-3.0812822260338844,1.144230554030371,-11.727275881574126,10.135069917477072,3.4338166812557427,8.231139341014634
7.458068097488469,6.337717565618945,5.915676480346731,6.394737825011746,4.331443185350839,2.91538847343627,2.591097243226053,-3.145099143217381,-3.8495029620505608,-0.0169528938650624,-11.06138897163854,7.467743886294697,1.9468399774230043,7.487814462854562
3.265839529137582,5.001875576487081,4.6224038548926725,0.8568569087761786,0.6962903132920615,1.61189947169208,3.2781890820522093,-2.5566372280578715,-4.000414847106788,0.1198369540262684,-10.955003982171522,5.076090274237793,1.8463967018384344,5.958030749693825
1.2817971734648914,3.410241895191753,3.678545593933147,-1.4021865356328305,-1.5115049620314798,0.9716410246208964,3.8302445601188015,-0.2655573039331675,-3.070692454379051,1.7677797522264442,-10.673520758108324,4.482377447009124,2.9153622717860457,4.469536272771974
2.502636839917015,1.6674508309804523,3.436332596418852,-0.6394835626942781,-1.3336251551668532,1.1163437734203474,3.61723687234555,2.3980999005985764,-0.8523515835759778,3.97185039852058,-9.482394248264594,5.977970246012292,3.8952845301287615,4.116005493865794
0.7007242703072846,-1.6188171773760949,3.760060985187232,1.0590232046165242,0.5087216826444357,1.8734452417065772,3.0369429251406865,4.033836581347698,1.8549271659153788,5.277110249124089,-7.582196626259442,8.328642394823047,3.395550922405625,5.1606768723984615
-3.5112854433973566,-6.578138682798148,4.067061236543133,1.6027229808429064,2.152886392797524,3.511692469997289,2.966290685752522,4.241711405817128,3.382068549423968,4.95118363598845,-5.954050622947548,9.649736672778229,1.0241660584209598,6.470919525155977
-7.066414613812446,-9.723543741649037,3.7056199132824026,0.5016697472413183,2.137231462940981,3.913560569538959,3.807202802717282,3.741634891488924,2.4362591492849432,3.610600415776699,-5.385460852846402,8.729562745712782,-2.3132930220384296,6.149093201406531
-11.002026814685236,-11.156075395320428,2.350482590035262,-1.0588800282168975,0.5729180804971763,2.971520075071421,5.101981719389685,3.50673282768974,-0.6311383245256992,2.554217842830749,-5.740756659216933,5.693159833854462,-5.251214530013685,2.958214651379027
-12.00193320298662,-11.325743665045009,0.1209010249531659,-1.6416841738768917,-1.1574636474270672,1.9164392481284265,5.991060638933657,3.7862605337281865,-3.88689378059876,2.354920416859094,-6.190825156612309,1.556906782944275,-7.138742097605933,-2.619477697463651
-9.427244660633624,-9.363541418494234,-2.5694647657864365,-1.1390838721198415,-1.88557347737281,0.2315836942315386,5.941288280413249,3.940555305182474,-5.357554612391752,2.089758106226307,-6.077931973983262,-2.7193686677453286,-8.412165942849322,-8.58112158274201
-9.049087670472684,-8.57111869343667,-5.195101026885876,-1.0608520167556987,-1.8585774995565336,-0.3995867706215436,5.031334552323454,3.177836071228123,-4.695100491926297,0.0912540179288852,-5.467733369420648,-6.692120057545199,-9.83169877204102,-12.70464073164892
-10.213860411987458,-8.923677561474229,-7.201297876117529,-3.2377495896099053,-2.435053869875435,0.2421001871492216,3.642516031637367,1.4146753504041736,-3.385430758354799,-4.333181526812711,-4.840374606305067,-10.07708373666063,-11.403987923248156,-13.93592616645964
-12.399726763669038,-9.530290481727633,-8.10151400046245,-8.0441216991168,-4.554008941699722,0.136842083605291,1.990793363004264,-0.5870647513443714,-3.2667732613158487,-9.774831530535108,-4.33004627052084,-12.206662431899678,-12.13934230850025,-12.863403377055176
-16.770973463644868,-11.172025649334236,-7.710196037729326,-13.670685374846908,-7.523174506993122,-0.3494241411678067,-0.00896162809798,-1.9015429886368151,-4.725589697486438,-13.330640719634763,-3.410562480712388,-12.143043537093504,-10.947203156749628,-11.051128786077648
-16.294468040380238,-11.546617261347569,-6.353977420349189,-17.124583201121098,-9.40612544482429,-1.7919079887801923,-2.4686868691420525,-2.2359710925460075,-6.228359022775225,-12.594028450683677,-1.4183938753161538,-9.519098124615974,-7.803970702027225,-9.823822811169393
-10.73374719791277,-10.61130298288196,-4.742909707936803,-16.25183987588418,-8.715538511212406,-4.598058916304838,-5.172978690747854,-2.0672718119378724,-5.600431180307274,-7.478352428470378,1.641974969965581,-5.266174176327596,-4.0149674689826895,-9.393351298553004
-4.440973277106543,-8.560072633165406,-3.4663373983531027,-11.273528729097857,-5.8073180429929145,-5.648012306298563,-7.52864495599,-2.0339530382900985,-1.9117236145656795,-0.4430180402636701,4.9213640168682105,-1.3394474760757102,-1.259149719070729,-8.88150228572885
4.191634244201312,-4.778106710087122,-2.558113164206733,-4.686266832789647,-2.6446468227895776,-4.997666277868236,-8.910277582616065,-2.2425393141324683,3.610931155972669,5.040729839463829,7.436336059427848,0.5301868696768315,-0.2864544685474133,-7.144550130729405
6.585734564032516,-2.9127970845530693,-1.6317347726950242,0.4042252402528614,-1.173696894545051,-4.359068389976102,-9.129245194762232,-2.209990028271113,8.31271018528302,6.648885056821912,8.958643757722674,0.0484132685398517,-0.4698317243135044,-3.771832204332647
1.5643876880819545,-3.0414161307797105,-0.5227998918274874,2.2786441892806515,-1.846517548063673,-3.083208927575065,-8.609752729896481,-1.4945070380525447,9.829037759508044,4.503903989555269,10.147983934947948,-1.5338171417624675,-0.5906705431315231,0.4603360372425342
-1.6527405681745715,-3.036612936032703,0.2451885714863895,1.4536607617555148,-3.57265520729759,-4.266166071845725,-8.072015983022434,-0.3469239751515154,7.514367162004031,0.8368227917598148,11.767369191555966,-2.5382989502449966,-0.0781148929693777,3.9838414076701696
-5.122190221216156,-3.7191575018057774,-0.2175483071038968,-0.1807355385278093,-4.929156029863334,-8.339675853401065,-7.964745130225383,0.3241485035394511,2.687857068736609,-1.6469032980506562,13.777987352848932,-2.257404793592718,0.4584399072023455,5.357639317967772
-6.521402918019168,-3.793765342903367,-2.2508156834917585,-1.1212254951593312,-5.324343351380856,-10.139164140887347,-8.16174352771485,-0.3055365903778675,-2.3013362659140366,-1.587292061682799,15.232233038358144,-1.4728924808520798,-0.148869175098973,4.029278628826361
-4.25007926950707,-3.0015548402912007,-5.034785626463556,-1.378447788189197,-5.090117456358239,-10.218591304209545,-8.231462493332646,-2.226730752925146,-5.480275496604614,0.1823160185687378,15.076163064921795,-1.7321314621000958,-2.476930429290391,0.4613864960478722
-5.404308221807971,-3.737314492157524,-7.0060195517297466,-2.055854653195123,-4.730796554343403,-8.472057338087305,-8.019066556897261,-4.559175818814243,-6.259524774597768,1.2996751219823004,13.100450752592128,-4.0560304913738285,-5.882315156203578,-4.290871431800039
-9.244373837551173,-5.774017951217285,-7.05464255769725,-3.902041845730579,-4.368446153543159,-3.774584566851563,-7.907599917028484,-6.2375038924368535,-5.506746003456193,-0.355257516702828,10.208215703534696,-8.118370324310161,-8.889995925970746,-9.072306472252953
-9.625515587772837,-6.284158981129603,-5.456315362608004,-6.2984033941027775,-3.971986282708782,-2.350697325528346,-8.395785682724682,-6.728272692571583,-4.730250121450922,-4.949953535622772,7.865693013549523,-12.411059879343464,-10.178996906650472,-12.820730212050048
-7.411869481727436,-5.507610977097871,-3.659165229830936,-7.678635333792791,-3.870459377928313,-4.195235632904089,-9.356016832897412,-6.120642808298367,-4.938451928538502,-10.283029803269796,7.284960387475301,-15.087579523498574,-9.32330948601074,-14.536976864764531
-4.035835687591691,-3.867199330384364,-3.049183391180314,-6.946836627799222,-4.653283317332111,-5.777358742241641,-9.772446191601606,-4.6518860966110935,-5.92999132253901,-13.095008743861026,8.925242752197896,-14.818080626513504,-6.81469864343228,-13.394328257303911
1.621380517227646,-0.7390293498269768,-3.7445659064031434,-4.490495869823564,-6.344527245955522,-8.426384563852064,-8.387703597968049,-2.3353682852410778,-6.498264317781748,-11.296318651130392,12.43099115305547,-11.26037640367009,-3.579565091882035,-9.175336437013948
4.083712156624009,1.404205127200103,-4.483577760342207,-1.8236384409817727,-7.793631254928927,-7.498363795609844,-4.796196914331379,0.822745235548151,-5.416367915570607,-5.52808512252993,16.76584596589131,-5.180706160383105,-0.5151773236644956,-2.770433829369395
2.9837092106571257,2.5340774937838533,-3.748523018135512,-0.259185172260767,-7.246563346884568,-2.281972181734788,0.005707244295567,4.2989711912745525,-2.502218306899968,1.1408973568602852,20.403692302231235,1.663510037779634,1.6807010444129356,3.8064584680120577
3.2935508931917608,4.09918540331452,-1.1844532012517195,0.1070513516673417,-3.869835216725056,2.0448701520848878,4.200606986320972,6.969585092694151,1.0372728607326265,5.218852163688973,21.72500556829405,6.985519078155906,2.5368293224138982,8.200139329589929
3.829600723370637,5.5669489547291935,1.948726606143648,0.2390499072576926,1.1767281464067558,6.597456275991564,6.444482572747315,7.800322949294026,3.302465405633612,5.044912366779276,19.758611190305288,8.902468839478447,1.9367873101451671,8.984641432685695
5.052163655870265,6.604292038386768,3.7776559139411496,1.1551650390201385,5.329183749223709,7.775881402666609,6.789389776828276,6.743155717009632,3.0025841345008306,1.6752299401904036,14.976865391258489,7.038029060990139,0.3139390069524808,6.586270245025037
7.712516834814307,7.27854782989735,3.475835752168153,3.0985948079931127,6.560509855933493,4.424785694100391,6.455765483596494,4.90116732828977,0.4527964310936117,-2.1229126417435555,9.45972825467272,3.0078647610437184,-1.3811958971358518,3.1016690650238345
10.077842998652033,7.782270677019589,2.101814958952552,5.525245368892662,4.993241557758843,2.468611710275708,6.690514636761751,3.6693987683547498,-2.478738436543967,-3.866948761783053,5.943941710467033,-0.3548360188142343,-2.1138330634701408,1.000279561963648
12.473035342801325,8.055677819597198,1.7481328236611908,7.656833315971712,2.7089592286239785,0.8989140432256553,7.743929175919103,3.608528857669768,-3.5143874584000354,-2.842187722862711,6.109730790466088,-0.7706563836928346,-1.3741195542402256,1.57669421142654
12.954847643109035,8.052173661136257,3.6328246915944495,8.933634325071004,1.9208503556277456,0.179419412336838,8.849864615541971,4.135115168980644,-1.4912239883516456,-0.175694871742909,9.260023107286184,1.9292280000854556,0.4980863765965644,4.251573196424115
11.056651584871688,7.790020130498049,6.819466767701719,9.05796517222802,3.1648741956822946,1.3927645573321008,9.131119202669543,4.311380197504235,2.7337061610454327,2.239038035128328,12.504577038456,5.699298568247063,2.5349877393668763,7.146287546318398
7.7484702087130355,6.775088415971562,8.812561934453834,7.883534922549934,5.074252340537486,0.7229924383823371,8.48283567298167,3.880187444139418,6.638152381752931,2.991622635528429,12.520957082844712,7.780955406636153,3.721500101764271,8.349772922131038
2.3334229448491906,4.951101436906743,7.616807180328429,5.4924910685866735,5.783350745563698,-1.5214197003797771,7.546564627791955,3.4272868497316047,7.518208799352639,1.7681830302075614,7.719243922184926,6.6467646721121785,3.493400269249772,6.888308218419059
-1.1735117410486198,3.704207696344681,3.480279096849616,2.403218013519977,4.566691449971273,-2.761390956008879,6.8309602061779735,3.4873287875787757,4.228261090098542,-0.804667001496739,-0.7423211125217044,2.871243963071729,1.873762694158204,2.9194094852773134
-2.5056652209103123,3.007109425016815,-1.2325120958276852,-0.4622135206526945,2.282287930725616,-3.576990941754819,5.942536870349802,3.5926201370535065,-1.9456680922713545,-3.697642632172956,-9.775531232344669,-1.6315713746171774,-0.6735312725843823,-2.547122440853069
-4.538780164460464,2.5156480993317274,-3.930430216423765,-2.2286340951533194,0.4338152646167046,-4.508311576000651,3.8248599339679714,2.427002134639869,-7.940614055063733,-5.970252561126015,-16.321087868306353,-5.16633620737867,-3.4288506764851885,-7.919283049120629
-6.321680948911653,2.565382413263967,-3.7862027124666326,-2.629810092487308,-0.1068051493861741,-5.203548753299269,-0.116826254758676,-0.8613870302348303,-10.78136434371832,-7.043441599867581,-19.011921277618747,-7.216304779324766,-5.545818422254433,-11.304500225470932
-7.394952330901931,2.244268109415408,-2.1472314322717505,-2.172006444564186,0.4196944086241494,-5.932668686846765,-5.104107382746779,-5.433109259530273,-9.440531014887554,-6.7925800994647645,-18.526946666360832,-8.164278790249124,-6.252173063442079,-11.19217306702476
-7.963875297025059,1.5519341108549882,-1.160939579590563,-1.7254661772594382,1.1771367292497177,-6.701120119097138,-9.290534027385531,-8.977884418684182,-5.387725766599186,-5.533278318532336,-16.696191042636944,-8.385343549370988,-5.226511485241069,-7.503399263428157
-7.551813184749753,0.2996713658478684,-1.9538318999711528,-1.8974632742153403,1.531944452558296,-6.017162487436348,-11.146720584606628,-9.451829602759956,-1.4336119654399777,-3.917926089245551,-15.210395405181618,-7.815591636889877,-2.9673220988122075,-2.1648201945177625
-6.054055278226457,-1.7727632804276166,-3.92907876175666,-2.705415108154824,1.363642492654094,-3.789962377688949,-10.699131370907356,-6.882991199047179,0.244272837214222,-2.7340182349528384,-14.794651785002982,-6.383518779432338,-0.750383024362911,1.7202964490464367
-3.737632832455501,-2.0841951720343643,-5.57700063833715,-3.71892960800443,0.8118417772665616,-2.076811645585842,-9.447244409316918,-3.5566704104224627,-0.5870996534846249,-2.6093549338997555,-15.166412944424422,-4.605555563477484,0.0541635592920144,1.935338239835076
-0.4459459387382107,-0.5703598078692147,-5.833473471167888,-4.390767984216797,-0.022155636867108,-0.6191313051333063,-8.970481670064341,-2.2533753725943377,-2.4357907055665464,-3.673287320989189,-15.547805681375385,-3.413657573609367,-0.9999371862779752,-1.0583913046423206
4.043106018073955,1.5802781200987916,-4.71546920100673,-4.2425129679918,-0.997577130644686,0.0828163762281898,-9.451718031847015,-3.977489075262731,-3.434505964613386,-5.310446870077406,-15.276874406117294,-3.197230189750666,-2.839811662012256,-4.231925474588721
9.771549842233489,4.994696334442622,-2.86479724209908,-2.912242707507101,-1.6532519080285084,-0.4483616079399715,-9.460640071953392,-7.135954453241194,-2.626743899006652,-6.238665559758566,-14.159586638727523,-3.099477403047139,-3.3469048305233926,-4.16797090171405
12.17709456654458,5.870106319191695,-0.7347036090286245,-0.3282872178651459,-1.2552003285625588,-0.2476509236430357,-7.246206726600349,-8.89408206940334,-0.3032808087172789,-5.08925275500609,-12.462342421319477,-1.5698682958196315,-0.7986648914355854,0.3257177064797965
10.883661200460036,3.8419794863644183,1.632804089643475,2.9447455861391347,0.6189403090104371,0.486390610285677,-2.465229326112801,-7.546924292411038,2.5380331198068333,-1.3408978930875968,-10.68671157171261,2.0789161353313865,4.681717256837473,7.256857964426
9.78774438519673,2.707887202825288,4.093749547750601,5.594161176643095,3.43451883562366,1.8735311175293456,3.1338298956863326,-3.894476388806872,4.900088663377147,3.9895740940745767,-9.34401476503669,6.568808483403231,10.852983114779988,12.880110390835856
7.797062324112371,1.6120799824445802,5.911622688363721,6.140612254064287,5.749881483435328,4.342543478305401,6.724323406201837,-0.5215953635904569,6.1233060410249465,8.598899430131791,-8.821871182963555,9.284523529495836,14.690465122962571,14.324166105606828
6.615687118854392,1.1219668521403443,6.066613819859068,4.049947973694017,6.175906491278944,5.396613022884665,6.402613325002857,0.3126978058014913,5.899519902492607,10.233068733745911,-9.266021068922448,8.34495300139432,14.488529125998166,11.388781092326427
6.872641586539565,1.8572344370272056,4.233491176915944,0.4731735430033481,4.537896193915312,5.047771698358013,2.668441501816618,-1.6097956357600012,4.3048577092549,8.311021816528942,-10.41332043101292,4.356384928386294,11.140749982697596,6.343260636673303
5.664580535811895,1.3910793483934436,1.4376197961137542,-2.257904075377496,2.160643474590937,4.838677465686878,-1.754505380360344,-4.4461204876209415,1.9566942587523748,4.550155540854721,-11.519539782592483,0.2006820998290663,7.51142348437191,2.183711392512944
3.47955915179963,-0.052937911324673,-0.4459349228671829,-2.246983011286277,0.8727186836791532,4.253759843773597,-3.6676474285658287,-5.786615960666058,0.0179204684472953,1.8894276122926108,-11.6328084718833,-1.094995170401063,6.293798652313575,0.7909126900033048
2.424225359857135,-0.8076856221766286,-0.0912760414507491,0.4838481822996989,1.5087195106186844,4.550828193258921,-1.491997660043438,-4.363853566406185,-0.2562080242072202,2.3559145269577257,-10.219388322787337,1.350041090683883,8.01313769142245,2.15045720659068
2.207636745188493,-1.226843587156287,2.180934261567584,3.953089153578908,3.2353726389748783,5.998936087446638,3.732773373651028,-0.7468479580366942,1.6735028728418584,5.509103352066553,-7.703426538863651,5.707545021263808,10.752497463588472,4.786535410434487
1.384811374743907,-1.783786857224897,4.608833976675845,5.734062130486025,4.3193521060416025,6.306513597936134,9.07654047546008,3.240295907493106,5.026518638513238,8.763940755100222,-5.360536610938672,8.964567221375335,11.762630857958433,6.778923543673423
0.2549423781985759,-2.250649120862574,5.333725572948975,4.757635620877613,3.6151177984833858,5.720531525674405,11.611861125107216,5.726527640568397,7.905501457027617,9.397558719665367,-4.47663740997668,9.14153333281258,9.572008223996429,6.665112741509958
-2.6708394141858256,-3.175518581642833,3.727089618162589,1.8984175728677315,1.3924758264787478,4.918369611924247,10.18155756146614,5.771880489291899,8.391872436253822,6.638458591720463,-5.393114337440993,6.406545992488976,4.892742313208034,3.914692211123191
-7.794186829788155,-4.634013560127341,0.6533856662810935,-1.021568117265696,-1.1763559065254432,3.479658747828751,5.934499265761238,3.662247184890205,5.875442517693887,2.1522634027155565,-7.284191742781033,2.436845374088181,-0.2366353443734503,-1.009005810051189
-12.679528802143189,-6.329297875877977,-2.3673051465946715,-2.776824805276706,-3.201254661778192,2.463316203665617,1.400961184887711,0.5734282652594676,1.599949785525796,-1.4241542698345049,-8.923703262624597,-1.1138641510763687,-4.114201860708799,-6.901081905441211
-17.70945966488079,-8.417331272695288,-4.243526619252946,-3.4555537587010394,-4.657166777201416,1.940112723784863,-1.176473899433626,-2.083861465799272,-2.133256939819832,-2.6266617028521235,-9.781921294856009,-3.6571238285641496,-6.375818492310577,-12.280893424329998
-19.5122516459442,-10.514696690937424,-4.791415312069259,-3.908202324125058,-5.854662330458744,1.816911342108112,-1.1290927173607592,-3.300417023218504,-3.5991560997795267,-2.17378071404357,-10.417129017227818,-5.542440188445401,-7.695776227373672,-15.89544602195028
-17.293778912420084,-12.591023441846618,-4.458279416748763,-4.686798370914952,-6.574330171915541,2.4024268086235083,0.5258415695672629,-2.8244812489852573,-2.8173927114185613,-2.0214194879339944,-11.720236625119194,-7.178274644112581,-8.783401541105558,-17.034400937296432
-15.277639884556477,-13.002569862645773,-3.7615381550105313,-5.556838381431537,-6.029769849942355,2.9367850203054378,2.097046264082569,-1.1058043104167758,-1.240211730504968,-3.325080851529996,-13.66520143004612,-8.31219294310873,-9.713710642435144,-15.575863754216355
-12.51669556706425,-11.462357182385617,-2.9515690593468555,-5.940563476472514,-3.862469627848004,3.494949822655258,2.531864955803286,1.093938769337944,-0.2191965808496245,-5.138890459888385,-14.810018815386016,-8.061549381680198,-10.030521692059834,-11.916276486951723
-11.86452601858788,-10.735855383555878,-2.029556965581481,-5.708806927945973,-1.087642893657799,3.3967104935259305,2.0453309423389907,3.149759797204581,0.3287242702722395,-5.093752666246779,-13.253174806869106,-5.619677760924688,-9.230529812347326,-6.971338857116445
-14.22385377239749,-10.48119134871443,-0.9408662065681632,-5.468093516816824,0.2562020773436178,2.41568360275058,1.66615305782301,4.7851689126193975,1.7522456775522333,-1.5824221492143842,-8.426344997905613,-1.094941581715311,-7.063405079543463,-2.1633379590220745
-14.859930560891808,-13.162348470198271,0.2587803918935698,-6.04170495336944,-1.2461731242903973,1.6508938382914518,2.175698957080716,5.960982395022494,5.0922922348781405,4.440255200371283,-2.1466298807049515,4.145251508321605,-3.5660328098420813,0.9178153145396948
-14.557786709288074,-19.601131090994564,1.3372339250111516,-7.6177435698977725,-4.881031132545793,0.8988405958938823,3.3766127384750284,6.630934553534367,9.599296160729894,9.766145205858711,2.257668241898888,7.989844777161585,0.8564240107942531,1.2785439354764776
-13.59480114143205,-20.40661379515874,1.928886107398741,-9.356585848373442,-7.991877224337502,0.67732612087779,4.2841403168419045,6.6444531652190655,12.850309517269675,11.309041046915956,2.341401451527,8.784893180123746,5.208891881593118,-0.7533798143697155
-11.159567244888027,-15.756878060683077,1.6945982795101084,-9.876879904980711,-7.949816226579349,1.2217069831739136,4.003847024030858,5.896646300540155,12.518851083996728,8.60206381630879,-1.419913750352567,6.454716005591523,7.933046014195341,-3.5741122705230897
-8.515291982942552,-7.791633028892495,0.5520901242440726,-8.307055844183568,-4.306066310843388,1.613216213339043,2.483945353497174,4.548519162319071,8.283054248014471,4.186612366234167,-5.764002276329238,2.625922864982533,7.574229100925244,-5.341090856583248
-5.443208742912541,5.765874628442968,-1.1728310371568291,-5.0688203744054805,0.7624992267603412,2.027519769179324,0.5063362489746268,3.0446016043028505,2.170321164819306,1.4286910549545464,-7.034851045838649,-0.516851869828904,3.822042874032073,-5.282875564580867
-0.6578962360721946,11.60670642122251,-2.83245584959281,-1.6914149742208933,4.13798628181922,1.5685047953475644,-1.000633086158066,1.848943091788871,-2.977728558865316,1.6265729057950171,-3.958319413972739,-1.812626929832715,-1.963311873786004,-4.141044137216404
5.780423493036555,9.050577082467893,-3.770781531634576,0.3021163283772821,4.119970427481013,-0.0029828726206539,-1.666802033115892,1.1255029529161371,-5.574380864460348,3.001975585212276,1.489931029174107,-1.783116878667161,-7.400540902424722,-3.2812820693529625
11.373116561500328,7.459140050266546,-3.6448043971815984,0.5894415148202015,1.455020895998792,-1.960069574641184,-1.807861383127811,0.6877058558945648,-6.129922240187739,2.51065586019248,5.827461674769017,-1.7597369036543404,-10.56191650407257,-3.248913321024892
16.199574851143215,3.776455259549017,-2.515306507252261,0.3108325930483753,-1.6813801895414069,-4.607824617756475,-1.9620910396079632,0.2929831659302251,-6.284086250748727,-1.1682129054610215,6.919705002562242,-2.342147858415617,-11.095843939610996,-3.134129441124249
17.50363423110031,3.767498432071758,-0.6931409569694873,1.0941811993109658,-3.607633665599394,-5.8493851198759845,-2.3443864846135085,-0.0236909636667235,-7.087297015776318,-6.208614262222733,5.569407951032478,-2.7633629481826807,-10.072640081174557,-1.40291830996094
14.342653135440884,8.879618411110352,1.4425491418599945,3.591193234949266,-4.155388527637221,-5.449850872000237,-2.723120321942256,0.016360038368953,-8.178278399992088,-9.106851808400586,4.634884279278364,-1.8451457908349864,-8.782338807166093,2.531911551564308
13.082321739034857,10.869164914567389,3.459979457240445,6.750868844538882,-4.077347240969548,-4.362546289358424,-2.7616263997127506,0.4951799308504743,-8.532115678162919,-7.73924465331411,6.568690943171923,0.4448486955591377,-7.651728027583871,7.451010003127608
13.070149501744224,11.190937005368186,4.797199160797604,8.504018441062385,-3.7945165618753336,-1.976996626993618,-2.416736879636871,0.9190944822710296,-7.880860233744944,-3.279357348055271,11.461637855803282,2.5254765405235258,-6.238342673148578,11.01051990126113
12.80268654314746,11.073433236762751,4.860252030913516,7.384125080661775,-2.9395571118692647,-0.3043843079092139,-1.9803305985732749,0.4427417964204139,-7.251824078752801,0.7210103105848003,17.081138238677102,2.455349150101121,-4.12595853863208,11.433869835896749
13.496756896700267,9.225118058991688,3.41414568181272,3.834477626928148,-1.0778687605582835,0.5396240331759421,-1.7515905575117294,-1.3250031549719576,-7.968444168869263,1.2809319754430728,20.699992862865315,-0.2182832795496914,-1.6516948892216998,8.840583627660482
11.240868891002924,8.039329425708367,0.9905125732252404,0.1642319580122855,1.4057389934601972,1.1211228425316424,-1.7118892265243597,-3.649302929831993,-10.052859103942792,-1.5668068293099928,21.17500238005229,-3.7945553698032537,0.3473281861951598,5.203752424538894
5.874315455355484,7.43761583615814,-1.1647029664671038,-0.8828265682581122,3.41487353895309,0.8958842796723412,-1.5526781432322352,-4.909354595231321,-11.697047044282591,-4.887475041600149,19.70071544308786,-5.627993081206592,1.4567553052458244,3.0419243548170645
4.229444248541281,7.271993517419654,-1.7795405101545114,2.0177573823137465,4.1879245503620215,0.7158759146534295,-1.0189148074589731,-3.750457042822657,-10.558277597916318,-5.366899885203281,18.76748102783784,-4.18884375672809,2.184248306321093,3.816670893412285
5.875742109152831,8.094970827198537,-0.4632692538942127,7.762732783585463,4.078338245521005,0.5120030490445744,-0.1951731537078611,-0.2295153597151671,-5.894892825295599,-2.0951329242106613,20.18172499223226,-0.2457116770988126,3.375738211519094,7.054275336001535
6.5363551728588405,9.106341869364911,1.905471871010548,13.37556972763945,4.133414080690352,0.6345535254495107,0.5654659289548274,4.075509535551031,0.372878158697457,2.704686050203017,23.647273686146058,3.736946900259131,5.116748726164673,10.651789781706686
7.436214256538118,10.493700931581737,3.7175242283646064,15.814519998248633,4.914014792744197,1.294318964997929,0.9733422835155032,7.139588833098152,4.788403237912332,5.573964333151018,26.97980463797511,5.434719021292139,6.385186498398108,12.158736823239597
7.038769162180852,10.598525458358152,3.7570051445443937,13.879095229395828,5.893859031083011,0.9589233149997312,1.0268758085437175,7.844502688344306,4.921789730468454,4.726966703203697,27.826118617098924,4.32212506367477,6.039653778456829,10.344468194979568
4.664010830028827,9.15786175009148,2.059477671454216,8.949528171385268,6.13026144002604,-0.3139819067565299,0.906917787482346,6.518207894966919,1.3405225807123775,1.5319852414884425,25.60034293780535,1.9928510845098035,4.273577360651537,6.136109869502485
5.867357996240435,7.878623436044731,-0.1538855788586381,4.044805706831173,5.441563362318664,-1.5419736131199182,0.7020272906084735,4.373438607907715,-2.634033807985798,-0.6596967391893802,22.08889236981995,0.960582232754227,2.969219264827643,2.1975657188261284
10.457789413995313,6.329557800591413,-1.3949523315750287,1.8269652699549572,4.72158468483654,-3.01154480623136,0.3043060235443775,2.5169676504092227,-3.278600857089206,0.6647523192125888,20.12329206107284,2.762194295416929,4.306877005571181,1.172664395755982
11.181351698137265,5.016812238836388,-0.9683023230031028,2.909880341908483,4.971402470967297,-3.247076854408389,-0.4125168949741891,1.386863906847898,0.7993521618377244,5.072112003909448,21.257873910023573,6.661441607122875,8.717425629992,3.657258898455401
8.710761378601976,4.213622864270994,0.5931134945075911,5.594594614288253,6.073300628359487,-1.9816255918321424,-1.3752229760866683,0.8500596827639519,7.54677943626389,9.511850497655706,24.30886400011436,9.927606213132387,14.072774955978804,7.469054984142472
3.077182461262105,2.067078058454132,1.966468251117325,7.137246198633086,6.673834419361567,-2.329697239237433,-2.344835263993293,0.5481062969427182,12.77492089550702,10.730590237284105,26.050191620339973,9.650883471147766,17.00316946418656,9.0430355716341
-7.377733674586484,-1.3354537134565196,1.9795345918484808,5.6307055677969,5.410224517261634,-4.058545747595224,-3.17332956253615,0.0802814320909988,12.98322929509035,7.725483976836053,23.65222935368427,4.920781638098674,15.321715712135214,6.112007020664164
-11.146335919970896,-2.970628090546994,0.3969070452594323,1.2610076334723903,2.3177987934694624,-4.475773446000048,-3.944199355308438,-0.9269567398222948,7.758154099476567,2.290898682472992,16.953353624892827,-2.228075045591904,9.55896437409867,-0.3994313946716303
-7.950241685327374,-2.985027701458601,-1.9278807070297468,-3.8027117009327966,-0.963250554779,-4.033577914845256,-4.751490247363057,-2.598246065493724,0.1134746499663705,-2.575498800067228,8.688896273214466,-7.937407960725944,2.4518081816260846,-6.89145491174663
-3.0228923491343256,-1.6416797375681382,-3.5813371443614592,-6.753666308965709,-2.438532274921132,-1.492477192717198,-5.310053324992948,-4.496201652772106,-5.459495896486606,-4.894880925753402,2.4227579016167766,-9.044077117688854,-3.0026082283292634,-9.704951957189245
6.41011827395673,1.801519985094447,-3.455627152642764,-5.901201564995642,-1.393963950347958,3.783765036973185,-4.884603951233073,-5.668666727774996,-5.906872035103433,-4.748946576839661,-0.1636856814164531,-5.213520240510048,-5.30053478555906,-7.75092335892168
9.668714155030134,2.867943139451428,-1.4451654780917451,-1.7949121247332904,0.9729926906363372,5.774066513214679,-2.7946109394730527,-5.308597339908081,-1.5073916300549275,-3.5825200564016075,-0.4132947368221167,0.8827797830562147,-4.855985865064135,-3.066908001329711
5.779507688730735,1.439466338327827,1.4298686943620904,2.9915736797688077,2.4338044275858994,4.548700226942402,0.8468441484255962,-3.563587813047324,4.523451874355015,-2.733515814812355,-1.3526191876062157,5.472945336684418,-3.218952558656447,0.985679459800984
1.3952870672815745,-0.282125158348536,3.56799204811408,5.377623428040302,1.4056499025691591,3.064057953381241,4.869945752519907,-1.6301665969785812,8.362415582315924,-2.589923033186084,-5.038133813519341,6.237711108584119,-1.9759698187706596,2.2175472144635204
-6.22497428578896,-3.360179348424747,3.7185174484697416,3.7167088062332017,-1.8614893889398212,0.003460243052145,7.664368993662881,-0.8173491724796698,8.117738147343587,-2.8852944622092647,-10.834301329629731,3.631313148787248,-2.032615337715246,0.7776870434464289
-9.454556870197694,-4.973906524519983,1.7613757655851376,-1.106953055213748,-5.44788221491079,-0.9987067088058782,8.296582274286619,-1.3409551183229187,4.786190365205478,-3.4526558627738764,-16.015717335763703,0.12008277377371,-3.39187295521314,-1.6200327037728697
-7.248831457676117,-4.826735570294253,-1.1690799969394732,-6.232770611686764,-7.123753963147355,0.5139006733404082,7.208930199925835,-2.0506866347163117,1.1175866363593894,-4.44965905446376,-18.06407586998636,-1.8566381558565237,-5.263674883572692,-3.3105370917094605
-4.999834488190117,-4.742085557717427,-3.343688927194916,-8.703807895257066,-5.900998355517411,0.788385543638201,5.850991027934055,-1.4782378065453567,-0.532745672545663,-5.845148233391713,-16.63162551265537,-1.4909952308448684,-6.441042049485565,-3.6301987051573192
-0.6517868137598936,-3.995517902393234,-3.494103832332668,-7.361610711925949,-2.6644323307909588,0.6584580719403483,5.507873730230466,0.7450402133162122,0.3364608235074335,-6.907628948955876,-13.57284374153923,0.3629905112514704,-5.928104124927586,-2.7507721067728426
1.0414235576761948,-3.629986597602856,-1.574059221612556,-3.427624187177967,0.539679956207749,0.1195676689660928,6.31986261697547,3.4966103878180186,2.5127474529969325,-6.5064266075256185,-11.236826723770369,2.391446604181352,-3.582559688808852,-1.1203945865331455
-0.7027321725431415,-3.837929290932048,1.2904695815857394,0.5439716109554027,1.9884119797707207,-1.3858409642401197,7.324252987858157,5.189049663242971,4.32570929433688,-4.135294489252941,-10.669650291801728,3.919239416808087,-0.325090148260899,0.6908522852989272
-1.44978284892224,-3.8371646514800872,3.6105913651816426,2.441973615535362,1.416287022850338,-2.0254487078127106,7.410170241397449,5.160465380474424,4.786848976907994,-0.6653118443345925,-11.22322927057407,4.953016813167529,2.3472365988591912,1.8418547078933152
-2.429602551172726,-3.916405032955615,4.503914588302942,1.7770187006797649,-0.0150903137739408,-1.8915711680933336,6.253891374752332,4.030622570913931,3.8276721903383706,2.0645037864398272,-11.606768044047348,5.478571565497654,3.28762483277008,1.4635388630994433
-2.589449076689771,-3.623737295578472,4.131602452314554,-0.4180471132424035,-0.7977681511331038,-2.110173004090452,4.396096683405887,2.764943946173092,1.868086384345572,2.624231275630509,-11.157709332110157,5.086614154498825,2.4188379826908424,-0.5365632735310237
-1.313483035559274,-2.866573653895664,3.3431395455089667,-2.59683783839468,-0.2892559922536852,-2.36105274732772,2.51421187089531,1.5749754347608569,-0.5540100539484278,1.1426460874232889,-10.18656498044029,3.4645873905796734,0.7167855763358659,-2.946644462380457
-1.2029581247109122,-1.8183307652093568,2.882112595289296,-3.697452524786564,0.9020220128941184,-3.3505453808603094,0.7272640483428212,-0.1065841180629099,-2.778861978368612,-0.8442988294858305,-9.369556583373246,1.1176279107230125,-0.5295830465131741,-3.943544999033469
-1.9354240207542408,-0.3304655582085521,2.8104821159447377,-3.503677066362825,1.5879750619550683,-5.289078269527378,-1.3442100915572204,-2.6044598733278264,-4.018266579787373,-1.74346194601714,-9.05079570205946,-0.7292254731139471,-0.6431058583836788,-2.739422859962574
-2.262588962533421,0.4469470855855082,2.5820835435868488,-2.416007586081319,1.0897019429897117,-5.5219251423316,-3.889038830851218,-5.175853865894898,-3.771485685365952,-1.2348909590573005,-9.144466245699418,-1.2062817821320042,-0.0027796631481042,-0.6184780030930175
-2.5739958038500945,0.4358221070842404,1.6431968192221704,-1.0586615087772442,-0.194273786056905,-4.079408709287927,-6.384104252108763,-6.42354776388061,-2.423919864562098,-0.3880904669529812,-9.497510189406077,-0.7910001069878065,0.3120331588179557,-0.03290000758619
-3.267739641148405,0.0468044577621842,0.0150401571312253,-0.0078745132955617,-1.1827373918218174,-1.925034330738783,-7.845720478871074,-5.601875221049435,-1.2624824328807538,-0.5117023317319349,-10.108588074016795,-1.0312132197357564,-0.571365542457003,-2.2648484012437717
-4.241693645017929,-1.0384058348820269,-1.6508695373482791,0.3792522256425039,-1.077750163669183,1.5603249848024203,-7.642989653326131,-3.4399176008344927,-1.540569012071626,-1.8484495034057813,-10.940965610147458,-3.044699375727078,-2.525534756646828,-5.822909908568285
-5.114729166916647,-2.2036971972350634,-2.591200723358008,0.1049352742712583,-0.0492949634729451,2.638563131568499,-6.086229534134796,-1.5727011902818069,-3.2696162073882125,-3.3295503007260843,-11.672711659337246,-6.179208257478905,-4.364401097416057,-7.350482460716849
-5.919048181783339,-3.4554986489178123,-2.5683834323275683,-0.4718243845744512,0.9209642163385716,1.006134883622852,-4.234217564964943,-1.116231291891857,-4.957399169517265,-3.575184987659545,-11.82839807896609,-8.228354942013887,-4.631612344293282,-4.518430677904168
-5.015722180208038,-4.87641672401199,-2.06428495974465,-0.9336533174233868,0.842775664306262,-0.0333414531051564,-3.114674595910338,-1.7964997172199642,-4.791079886227985,-2.1668748063111973,-11.24651775105444,-7.207249733886202,-2.706604982172262,1.6501779930339833
-2.142725500441097,-6.320298393009491,-1.8629602531118667,-1.253188704199072,-0.5526001724765832,-1.333880354311617,-3.063846599517986,-2.4501924090430185,-2.359270658720975,-0.0170313997702091,-10.38479300306866,-3.2176512224404403,0.5814810196053708,7.234793447658179
-1.1592277960839683,-6.463079956411234,-2.406144434177371,-1.9334732039491012,-2.7201305644086977,-2.02953683293812,-3.711928264027732,-2.3272970955466823,0.6709969156940936,1.4369882472026765,-10.091264338607516,1.2323423990190907,3.31652834693956,8.374966971202543
-1.854393234265148,-5.1086039953228175,-3.4943693453949365,-3.542064443687618,-4.788739417773304,-1.6047708700867862,-4.516065589759141,-1.87939934918166,1.6760800691853657,1.382093481846641,-11.010187190268596,2.8259140796932645,3.6215786949361455,4.18279845814732
-4.116108940124403,-3.7486828599854647,-4.550300872387076,-5.95824385548228,-6.10844572367757,-2.9180059110447485,-5.282613266139421,-2.29533678979341,-0.8593766168946617,0.058213514807246,-13.141571218903117,-0.2178286221053174,0.8092588079191252,-2.825877501185161
-8.88394082967126,-2.0465613075238624,-5.114311113258784,-8.099200259159606,-6.444291562865501,-5.7656175558992855,-6.200451846394467,-4.275901263905265,-6.052296384395225,-1.7713195528455614,-15.88056766412812,-6.774209409400637,-4.160213519069029,-8.907469455566162
-9.778512221584638,-1.312284807543271,-5.073946548195226,-8.575889571084144,-5.859668568501221,-6.506794194086195,-7.396680153793854,-7.203331264182059,-11.143727809702872,-3.556081397993373,-18.38673066883392,-13.381366877396314,-9.134279071140456,-11.762463197564056
-6.637877294282081,-1.8984170046286724,-4.502009144467074,-6.836737811072752,-4.595023089676278,-5.4293938425265225,-8.48074880153599,-9.428722768039965,-13.34411362041599,-5.048879266898207,-19.891849821358814,-16.337815684286063,-11.814051613808076,-11.490386184516533
-3.1866734665531733,-1.888825366499265,-3.4553288759272736,-3.773008961632788,-3.082253743250333,-2.781527130103045,-8.587745029287934,-9.408664576970958,-11.542921695041796,-5.782769788964756,-19.76935670412811,-13.950779800572564,-10.83023519619134,-9.508676340495972
2.0317768430117606,-1.6396436160144583,-2.085103650378173,-1.1557700940957627,-1.9287945472242465,2.278564223397076,-7.020009111624599,-6.787524319984263,-6.754136135382842,-4.834019630881076,-17.565252986737597,-7.557527464969954,-6.390813830935883,-6.974640422600448
2.365726238642176,-2.229310523100895,-0.9177766417366896,-0.3379914766002541,-1.6816922685722142,4.32809789627021,-4.027607522029836,-2.672036917198952,-1.2750328092458316,-1.5542730820175104,-13.278590254660678,-0.7591988499387945,-0.2820376431932079,-4.302936735505398
-3.076896467265856,-3.450237849120634,-0.7964996710458614,-1.350237622464153,-2.46948552641546,3.2060864083035705,-1.0099297985429363,1.0111019330859392,2.6449925319363743,3.2420294068806195,-7.816688316897475,2.634010272931862,4.78804494503633,-1.8407347772354925
-7.587894138099376,-5.197205417103378,-2.266172880341625,-3.147265864651197,-3.841474261787223,1.4185066664058004,0.2371754955117442,2.615533961730764,3.8163313410192856,7.031722400496966,-3.097926351684808,0.7558268453195653,6.336534351129605,-0.442997245307879
-12.785933619142972,-7.660126509496175,-4.902005759981947,-4.685188773580497,-4.999214783867665,-2.352160095672054,-1.166089359867656,1.685565336309763,2.468051210289312,7.085668669810609,-1.289434842217231,-5.281092727057404,3.348173967061718,-0.9800539493159768
-14.222217271441318,-7.700899249698536,-7.373834216377607,-5.772332374704822,-5.279323208431851,-3.918149141471668,-4.31439859973692,-0.8080583739980298,-0.0098282876227973,2.791897948969936,-3.358415771521,-12.061884121684283,-2.993065962421248,-3.259990746427412
-10.51980950254844,-5.065739844506785,-8.418122499024202,-6.926298860294628,-4.555549405177315,-2.90372093084992,-6.935757330901985,-3.0408196968619565,-1.8038655169347244,-3.299899822761345,-7.964621631039151,-15.89763683401742,-9.654569113846591,-5.736439183245517
-8.061948406040862,-2.765052260938588,-7.904218595970557,-8.461787838797154,-3.314101691071881,-1.8989016622942092,-6.985640987747575,-3.4260733000898407,-1.6670882001411007,-7.020737155756594,-11.843153342970488,-15.019354901075188,-13.267291121224671,-6.637142659444503
-5.545882053925493,-0.0917202013436997,-6.914012808447684,-9.766118601952,-2.371765199671703,0.1590580583972343,-4.258808969167727,-1.5914944073045565,0.3056998020483048,-5.733791061627043,-11.81014695714208,-10.556170268393217,-12.084966774950685,-5.546858021962802
-2.7612755796004214,1.7106255421918022,-6.637368259565617,-9.534729054384693,-2.366902614890215,1.3182667539605788,-0.6596387552361138,1.41659173923016,2.689039287916466,-0.4513087179205897,-7.067941909305105,-5.60054870807596,-7.133696180793129,-3.8012530975142935
-0.6721385090127697,2.0838149406349578,-7.096925977227817,-6.839643305328685,-3.2634406206307283,1.2741062674619987,1.2538294417902476,3.900206870161684,3.704137288339222,5.023767090438012,0.0583308771247512,-2.9426649713732127,-1.6034566225981397,-3.143878806740382
2.5346599842136457,4.173670894207325,-6.982095530197344,-2.118785344235267,-4.188539209300765,1.6611905588478322,0.3865401483562962,4.729779522057706,2.576140742738078,7.260539584948386,5.733444726542452,-3.0837158428266367,1.2909414701848831,-3.9041158373464135
6.614916894930466,7.6690510338709235,-4.8359455495136165,2.824131067648432,-3.849253287636695,1.9749605524123477,-1.8681469186933448,4.089710637860833,0.2131752753213636,5.879726787027916,7.41670484437852,-4.036908721596086,0.5216149892187758,-4.550847149350625
8.505768996078816,9.04550761448908,-0.5050921312430106,5.928970420682442,-1.4072076547175951,2.964674813157593,-2.665782687729374,3.1621980693081198,-1.4384250179661624,3.403287320785327,5.631223361084944,-3.092840061010734,-2.1351594469696025,-3.1551461569659187
8.217339748491046,8.6202773433662,4.516538579323314,6.303967989913822,2.7718351638625487,4.864570565373385,-0.0737149706047599,3.047793553523116,-0.9243448311809797,2.582426319134533,3.3095192294308884,0.8690554107635435,-3.5805046691148457,0.6423066036725062
8.354389947856674,7.005923346315943,8.162185493588705,4.872833365416304,7.15913581484912,6.523500070908784,5.175615748492236,3.8750254265693433,1.551493012309488,3.8442332768470826,3.3632034914579743,6.43464633881403,-1.8002023396597453,5.11971834064027
8.31971761584699,3.4426782401264644,9.288657272081052,3.7154158427376416,10.005609503223775,8.143700863098623,10.067063324919754,4.845522992506483,4.313024341509416,5.252838021615307,6.534104158010713,10.844754980306616,2.7194852755909817,7.946231784887545
8.475810983418212,1.9086689599613484,8.314626921941471,4.564075481740666,10.505592582281562,8.865487670016966,11.594559815285574,5.071486204676245,5.580029123627489,4.829210130345691,11.166140396986023,12.249463347406383,7.604963410338892,8.19555055256401
9.251091872117025,2.5666107279478574,6.636445361320183,7.561002015036808,9.242082503769655,8.403321510637682,9.111728520636737,4.358133010021977,4.834626412145532,2.760446890545059,14.800952737039758,11.057722629779036,10.544121333121131,6.958062935532439
9.42829060398163,2.864883390698344,5.539034046243684,11.173590050052466,7.57183998581325,8.418752936580324,4.818911969189429,3.24000868440654,3.0650107371537656,1.2390869438325267,16.06397672844855,9.289357839559674,10.85623758749999,6.059987307095262
9.200746839266596,3.7154985976236983,5.532163226861703,13.287979753706232,6.536738520944844,8.687914340299344,2.025405454360993,2.3804602114950213,1.7971264951548949,2.138049446111048,15.343303591523584,8.669498327466787,9.517642966384264,6.279322771095695
8.28722585033952,3.727825989293791,6.3807135188602295,12.64637877532626,6.250880752816348,8.340932419967068,2.659897125130103,2.031688388560978,1.8407893879753103,4.924383308411488,14.003863869196053,9.272289207675664,7.967137336282571,6.841800762070286
6.447024418141032,2.5700309416785814,7.450890130735172,9.611875428473068,6.178404967783945,7.613912051334788,6.037546306861477,2.051899368064282,2.7903828625698157,6.952180340183247,13.091081939451875,9.852487849799523,6.984556141314874,6.5516629317640085
3.5007882111732638,0.9038048345978852,7.999710429994004,5.809746986000026,5.8488210905170295,5.906790860539059,9.728234308677356,2.29840278425377,3.5492247086090183,5.880690725928401,12.66662291317341,9.322856951462375,6.55446662400362,5.212876147817414
-0.7772838738071621,-1.7404462865530883,7.436551861287588,3.0164691777298343,5.234131082525609,3.0379597355755603,11.599465798239414,2.842026629804052,3.287718019802421,1.8744836981313109,12.13957830596614,7.820625631633124,6.461971164896237,3.7953439668701394
-2.598456191351493,-3.769567597344048,5.692695413896906,2.1063499898021707,4.496021935089801,0.925790933734592,11.266805310038412,3.7513381581779264,2.0246320517788856,-2.499318314491879,11.046407558765598,6.391155001065879,6.680705340452351,3.235229947283125
-1.7629538560642628,-5.11690242578726,3.484635936982122,2.683807569871206,3.5311341586090617,-0.4934302314453047,9.897183421205636,4.758037074924994,0.4756850152085956,-4.5182020497103865,9.477588984328868,5.7969709272745895,7.059315051689564,3.257805555675728
-1.5764823234031635,-5.130228199989486,2.022638759579154,3.4837262086998164,1.9275645850756329,-2.3542823177651933,8.81284336695847,5.273393477046543,-0.5728797575994324,-3.56711180149842,7.834246766567574,5.776136481220601,6.804532228141005,2.5812559090212206
-1.2121190630105243,-3.2787405286819715,2.1196417100541414,3.1786223648584,-0.5550059272874037,-4.279686723801813,8.280488120546782,4.817629334309774,-0.8273381262440473,-1.425092973171057,6.282372098218963,5.458607301101818,4.661374808277662,0.3581651974980815
-1.0917323018966831,-2.284524360045085,3.387574049670489,1.130775551835538,-3.482893085902842,-4.923444862715924,7.5116820161044675,3.4429232119984468,-0.6009454764495912,-0.5210788062226652,4.527303973743711,4.370865839572941,0.0041058585011795,-2.6565772143810955
-1.7059633906220724,-1.9388644894369609,4.376706870218673,-2.232788305219535,-5.798851377465347,-4.253377446363688,5.702132241277549,1.7184544136437303,-0.4658849036476029,-1.8722206367407832,2.177338693855889,2.9136687718368144,-6.049617778996707,-4.512458495792667
-0.0733244049989636,-3.091535759729735,3.729231912557049,-5.570084919877623,-6.472052269806632,-3.05930175991153,3.0254619049203466,0.292334575911803,-0.7467427207695216,-4.460010657420565,-0.6304250244278773,1.8839732128638456,-10.742683254221047,-3.7589516985696223
3.752849849303482,-6.450738259208971,1.3745278850794822,-7.284654260258326,-5.222688967023048,-1.0088906546114025,0.6303629590814257,-0.5417003913109122,-1.244135939944563,-6.314845366485331,-2.954996555258764,1.6727969641192484,-11.334339159945063,-0.821434474052408
4.441417116479826,-6.7040983203520135,-1.3788538834826245,-6.451695140576998,-2.7299763642945054,-0.4999632723178755,-0.3354159999108317,-0.8901901396996168,-1.3904862202197474,-6.121291198231167,-3.4712452227171857,2.021200620040837,-7.189581717540378,2.272680696005633
2.227656182063447,-3.937676287855392,-3.0005898185521183,-3.4996682653528755,-0.1925992758816663,-1.81004302179596,0.2382496001731331,-0.948780343916008,-0.6998942156408283,-3.976515524480343,-1.3457578573109972,2.480317553431597,-0.5388492754031216,3.561381520784188
0.08715509448897,0.3854607279677227,-3.0704062913632963,-0.1080596691731532,1.3841236125867038,-2.325449204476828,1.2635509077549107,-0.7099397832879442,0.8592251456442606,-0.9370423539699946,3.069164548803883,2.9247915389278134,4.939823571307157,2.6575536329385923
-3.0387111758506933,7.524428294689152,-2.5220485308655087,1.7812570980416351,1.6729950389863475,-2.593298267384796,1.30211523518983,-0.0080670999672607,2.8497323480988577,1.9402388814228535,8.261442572407049,3.5115311493924377,6.737249470456533,0.7898939622210506
-3.0111834299716693,9.790241867270815,-2.607390504712648,1.245156941400758,1.0473234789247474,-2.751068674314073,-0.3272299439846335,1.149450054480031,4.654206786597175,4.148319195799632,12.333915563904348,4.219776440777206,5.21727491032496,-0.488145622579391
0.8381540724119098,6.694884396103728,-3.639676959684631,-1.0018146040335711,0.2404997652488276,-2.4039631394166925,-3.0941924731017183,2.326458944196858,5.762061784894321,5.582844856552267,14.03594222317496,4.621688124523265,2.9884841204855235,-0.5999097859494489
2.266974751806008,4.553238848806788,-4.743316536050428,-3.173480638898832,-0.1006108763934179,-2.5009432988281186,-5.740433820500235,2.799528011186693,5.848094622819419,6.123315396824501,13.38813076992254,4.24070787630591,2.533810064977935,-0.1136519880160022
2.127165731589005,1.636322266910535,-4.783752631064339,-3.727075167920893,0.2615520379747469,-2.978283759646557,-7.193838642524631,2.062780619875656,4.742834409191381,5.514716215168843,11.518696964180403,3.132116384689075,4.196397662661276,0.1478178834994175
2.189283161145088,2.2278206455792136,-3.484613040878036,-2.354916695633942,1.0918043128489217,-2.6483818505575405,-7.1627699583401085,0.3000722397708575,2.5185484584468103,3.6861804904650777,9.848643494251968,2.011351026359656,6.201499937911002,0.0104454224370584
1.3997372176306944,7.532926776191109,-1.6319555146829412,0.1081815544473743,1.896153176339669,-1.6008976209931711,-6.085239414671661,-1.6125075257483514,-0.3198660055698425,1.1249914798310678,9.188034063092829,1.6964284918438253,6.4505045256244085,-0.0139261551165255
3.349647251660648,10.15872871271376,-0.2579750886330627,2.6254733276004103,2.2810958650191377,-0.5934327425179425,-4.6919988730590045,-2.6610177995438624,-2.84315322179721,-1.1791938459627138,9.34677166126328,2.332642073028285,4.271017502763545,0.5592805022586473
8.344000246477256,11.154673328400362,0.2917856527574862,4.783143448154479,2.210773888395746,0.581229170281278,-3.620155307082317,-2.422165467453863,-4.13474965516775,-2.315979510441104,9.498810629309896,3.120615068520543,0.6304927873075243,1.5783186400558842
10.098295275291708,10.559968006638243,0.4952481445435337,6.766474350858021,1.9713570682740027,0.9666799799181252,-3.2444196973602857,-1.3894810678777167,-3.923445297482516,-2.129456560426965,8.991962521409329,2.847656657116513,-2.962659236838597,2.3973687125495022
9.099292694316548,6.957169169863327,0.9876004659238706,8.674510093230442,1.886841954687199,0.3658475031450509,-3.597964296348636,-0.599791397794859,-2.831689840066854,-1.372277715154265,7.958942948693004,0.8400002589146496,-5.45037795287077,2.5763596150844705
7.120617972690714,5.031799277684807,1.8849066773683107,10.023901782145078,2.0487478025960097,0.2566582397070466,-4.287534495644271,-0.8155304925118658,-1.9031797845857736,-1.102058059811604,7.224413948848248,-2.407184216617531,-6.22364396190248,2.37481151233332
2.8721957893622005,4.517012864968509,2.7786474266291394,10.043317596499206,2.29856165864236,0.4198749089803696,-4.546233237108657,-1.9025776817509692,-1.754262499602116,-1.7528124724656422,7.555066219710705,-5.434464630415699,-4.701398468902147,2.5228373367745576
1.887987258125217,4.237622962053224,3.2792404667670416,8.484974456270015,2.442573473494212,0.813657440498707,-3.61070975698788,-2.920022744986028,-2.1142278391030844,-2.692832450365728,8.857581525647753,-6.740440805329765,-0.5923852997219221,3.50175857133916
4.522149273744957,5.170664731672191,3.4261339874506014,6.093134906132551,2.4485416020033943,1.7145019310705611,-1.298089723890775,-2.883668061205798,-2.178747998241306,-2.743770134638271,10.034760422978655,-5.7516051768515055,5.13367007235844,5.047469245040939
6.184528462082828,5.406948445268652,3.53150075031971,4.171173499073049,2.4237394249878284,1.533001921440749,1.6846451529099689,-1.6101239471406463,-1.3965372574437245,-1.274046370752326,9.718302292507532,-3.114836677012982,9.878978481011824,6.35075573805212
8.098876295776675,4.965002189869375,3.723043684473825,3.587805881362596,2.4420423962477065,0.2414213580883943,4.097081163813868,0.0606377786350531,0.1184342749890028,1.1332761203662258,7.364234766049218,-0.1134227097883124,10.768585253617722,6.7463546517611
8.15788227329472,5.325076506095832,3.7770516911454353,4.151927013872041,2.4684724924339108,-0.0921617579165607,5.043899789875402,0.9058874732368878,1.924829757233068,3.1384954980891244,3.826675360139321,2.286081801045148,7.023580922785027,6.242517802226342
5.570256132600497,6.159069452428282,3.4539942622549944,4.953311522024099,2.4976081844288256,0.295820252935884,4.693535599605209,0.3678604637774754,3.872348018845061,3.880009988728695,0.8694310388398883,3.960182527476084,1.1717355717178215,5.438753615787408
4.399481867361351,6.637008369357699,2.9347912643398093,5.308665354741645,2.7152609369011924,2.0270705397896447,4.172087024943329,-0.8464792238468828,6.207195274154805,3.807008421364202,-0.0975788493370846,5.334281569165783,-2.4443091164008197,4.968287602614232
4.077216936199483,6.902746663248712,2.8095498561611785,5.321692945170881,3.3823005039444043,5.610043711109941,4.616986243369293,-1.196559385130207,8.968618871222322,4.21964097270723,0.8756638242533907,6.616604490876632,-0.9842540959651568,4.987397742720448
3.549717906763545,5.287445774438749,3.544443077538598,5.453351795914192,4.424580293929613,6.602958003748586,6.130461617153424,0.457049417297549,11.3692420254543,5.868860568272845,2.185342462691364,7.318584283677047,4.485260077819076,5.093913728856894
3.4887414510190013,1.4532785499539551,4.918492726919408,5.577470441984792,5.140131244363043,5.002260849171682,7.541177683684963,3.7682502456024993,12.016730113110956,7.975991088465409,1.7000236588920092,6.528957827477157,9.649491649967445,4.633486085624577
1.6631797660416137,-1.9398311082380324,5.993870426406503,4.665654971878588,4.50198209649891,2.082491876647331,7.260481901091177,6.923011758659384,10.00010404083399,8.729631894644433,-1.8019787489561685,3.719945068178868,10.232776260208256,3.1063676171535657
-2.0954603467895194,-5.272652104637752,5.7101500821471625,1.6914797362467038,2.020841126099037,-3.250761403874176,4.590061958863632,7.868130070728054,5.86879414513943,6.903241382551427,-7.769425388795054,-0.6000180528055958,5.25404492752927,0.4688038900446187
-4.726480061827839,-7.604534546531861,3.645987394791424,-3.00037211433547,-1.5468276231389275,-5.506521669380483,0.4063843200061336,5.826329070530994,1.4732014947136758,3.085900979252366,-14.154527699190185,-4.9501169090782415,-2.326534018783587,-2.7289517251356576
-6.606384489565827,-8.32462617742784,0.3536021925228878,-7.369991076061511,-4.457752919979834,-4.386128971375314,-3.3776100605337582,1.8609461470752,-1.329379858532489,-0.6810950220229106,-18.63388340649197,-7.67411985672605,-7.9491600654524195,-5.453349822153933
-7.573800295532161,-9.515717165998142,-2.983095878210337,-9.108131754047315,-5.244410787343854,-2.7539653537637165,-5.165273742897584,-1.9860884073044165,-1.991442647223769,-2.564833574456728,-19.996825930150827,-7.953910648245314,-8.814527875470564,-6.671569423852803
-6.975354431624691,-10.79724465771975,-5.304740907158448,-7.750111764715293,-3.991286172226098,0.7566385605559127,-4.756403938904429,-4.243114918685953,-1.4644577181772087,-2.3689750937980936,-18.838985089604577,-6.351270574723976,-5.68366228503346,-6.082188477668931
-7.517953493556854,-11.29398473072954,-6.292829302832216,-5.438948340558518,-2.407613673688714,1.3602391449753275,-3.3158483136598558,-4.924242837953599,-1.1877476604300297,-1.4619843722485335,-17.115841306087756,-4.461489119042557,-1.9459077742502835,-4.540109574333157
-9.079599261671827,-11.255415494377688,-6.407469783724503,-5.297707861676955,-2.45905944029686,-1.446674979989983,-2.340132751785859,-5.0948209866484255,-1.900577788233755,-1.4001679737218815,-16.798994349087504,-3.839319335265227,-0.9128261483927068,-3.5987626587473933
-10.948397463663614,-11.415888095676245,-6.350507786147755,-8.610207467749312,-4.682509270410616,-4.297378705733324,-2.5336578692270866,-5.608893048804468,-3.323562024651036,-2.62466863477686,-18.47435709493382,-4.915523675860316,-3.482346409035852,-4.298144834199576
-13.711361549944638,-11.730063679900612,-6.413359045044057,-13.355262414642404,-7.70912767804352,-8.413075860925666,-3.4799445727228147,-6.256073955914337,-4.778293513135987,-4.375699162367379,-20.851137044015665,-6.725995390657083,-7.811974156094781,-6.203204739894986
-14.493462189866,-11.7674628316046,-6.2809812872473145,-15.643778712274052,-9.45917542660568,-9.04829539926703,-4.230397032041662,-6.090583309368791,-5.913021443674884,-5.664188618025985,-21.625566962437567,-7.724756358709554,-10.995330400334938,-7.7124336137726
-13.128095588308714,-11.675551831375076,-5.476956863700286,-13.024056178192804,-8.923262260425386,-5.489074263113898,-4.173818971891533,-4.543185053607061,-6.784152540351215,-6.166640291626088,-19.199498040197,-7.070102556101304,-11.274960527431444,-7.52669629426487
-11.817527430678227,-10.661119882487904,-4.038411888260361,-6.809710549984684,-6.92057065158475,-2.322894191586273,-3.445766978089729,-2.174391062585609,-7.3929739678115,-6.207824363364415,-14.031251529397268,-5.310933208594742,-9.10630042824447,-5.924087441561005
-9.913300606499524,-8.603689081461974,-2.735064468049554,-1.2891423285241146,-5.240067825620788,1.661291591478265,-2.664432802709703,-0.3133571774801069,-7.392389435271136,-6.099133872513304,-8.529138150668333,-3.866802649440906,-6.457091809167434,-4.518121381456858
-8.154225710392398,-7.077770668129856,-2.5203916750852304,-0.3484599396263697,-5.084956866923054,2.451366541382917,-2.3635469712700754,0.0698250330037026,-6.4076462378513295,-5.746011248916148,-5.435234920643806,-3.759057667189982,-5.130901473448775,-4.632934908834667
-6.857103378659662,-5.960819983008281,-3.636244558626789,-4.309691835074329,-6.253835982505208,-0.9299688864309712,-2.631046690316346,-0.8254462761277672,-4.633878076680151,-4.964950498342695,-5.854712334479931,-4.738183497982362,-5.514430955435529,-5.883529046418278
-3.8648869737005,-3.775094836071825,-5.200727512820539,-9.635657107740574,-7.60369928219724,-2.825376057392936,-3.156846430113866,-1.8948608212777,-2.98735163692643,-4.004639946200797,-8.45892134838001,-5.580656714533699,-6.590240202167035,-6.421665975466059
0.6861884421282123,-0.7350768797435216,-5.7447670948312926,-11.723427822818696,-8.081246206907355,-4.280557896035316,-3.526704574357044,-2.1813251491805694,-2.52908608896076,-3.493788960822492,-10.515188285394936,-5.230187100463986,-6.945505279781383,-4.655670687330289
3.6620068805818735,1.992244644172588,-4.322565756439843,-8.441093001683324,-7.280902793846554,-4.549501040725666,-3.493541222544348,-1.698612155296658,-3.6453329510797055,-3.758392801370032,-9.937783269516686,-3.693447673654955,-5.831080477906781,-0.7660980201692595
5.253256356759279,4.584915511617463,-1.2812031680985072,-1.5503534203124794,-5.261133207128225,-2.608556506036738,-3.082773118712943,-1.286760784997547,-5.743202628025156,-4.306360441795764,-6.738640784499804,-1.9060015621698625,-3.5362814989574787,3.433607297089477
7.125402718089544,6.838757211620822,1.9533014957079156,4.952709953177582,-2.210164207756211,-2.063625039514668,-2.544525504667668,-1.72630776663123,-7.7320218006711805,-4.210029258298128,-2.808178054294281,-0.8201403897297297,-1.050904882781257,6.072725242754991
8.67250624170445,8.496817307623546,3.878768753410896,7.978594749960845,1.4817378736592168,-2.5407166365840888,-2.2140280125370744,-3.0234868793288108,-8.83100369602435,-3.1219329852500373,-0.3645977693682525,-0.6827926417741814,0.537859013977549,6.659265420347303
8.61624601239196,9.282725386141529,3.8817737535587327,7.332632740120999,4.950599899082892,-2.2437528084275917,-2.3363567510630503,-4.5131789148703625,-8.995127410971314,-1.8358435655494283,-0.4112935925979002,-1.167001489425331,0.536120600655579,6.093622873441493
6.955782109949995,8.972355760693159,2.4489413054767013,5.165992819637847,7.050285099025277,-1.7397778791303786,-2.925632691080516,-5.547487072346165,-8.671253165006817,-1.6394672707426672,-2.304977005025723,-2.051931493858099,-1.045630515618864,5.484941378598368
3.106554704318454,7.22546651153489,0.5970852783868104,3.755472797961623,7.172734792191715,-0.9663387882254564,-3.752438403559875,-5.980606656083275,-8.220477755808808,-2.953158485934871,-4.4539829686076615,-3.5512957237522293,-3.3397009999153937,5.09486943962478
-3.3788281225589825,3.7898029555985664,-0.8922632422972256,3.710080581039314,5.949464935205775,0.2810152369070278,-4.502669282610746,-5.9947646470673845,-7.57546190934854,-4.613578382882942,-5.354975281361984,-5.80912130165698,-4.785569478292004,4.391278732456861
-6.307146926685911,1.3394776923390743,-1.8227902532993736,3.9733877137021674,4.911278725059191,0.211614799791878,-5.013962810036567,-5.620976101330726,-6.403305048904393,-4.672904002560038,-4.279922064501967,-8.10202589257003,-3.8260230507806767,2.9425361951819653
-5.460232090804296,-0.0999558279545027,-2.3906814849228653,3.2187697512836166,5.137946725507554,-1.2508026500833402,-5.388128881613163,-4.650864979287061,-4.562552575259399,-2.141914499940992,-1.5155196683007937,-8.808812782385093,0.0239896007502551,1.088064378585024
-4.99218616037943,-1.4302603168270374,-2.806646534312428,1.1348061119921162,6.100347836314171,-2.2655792597868283,-5.83753857337846,-3.1101472205994725,-2.4171540957459534,1.8841870833641965,1.6928386658041177,-6.575886315569065,5.441490443751707,-0.2983730880482298
-3.488091635309356,-1.9905671346479543,-3.137071190527734,-1.4729214468021112,5.955871063478625,-3.180048036361764,-6.35749671328162,-1.6835260166374084,-0.7357842109684007,4.822228169624655,3.569838940374332,-1.8244917974010235,9.678079381578542,-0.6329474315598596
-3.467556176780775,-2.21247070859745,-3.4212716239264296,-3.56380659157465,3.2449156654610647,-3.3462563500928204,-6.537962925001693,-1.3969238609590278,-0.2468101639351303,4.519536230685347,2.7591801673198617,2.8942738451348617,10.125303067165197,-0.177013586401511
-5.539120622991627,-2.015461807668849,-3.789367744254705,-4.723716283591216,-1.5216692249382575,-2.382375132242992,-5.7877465163163,-2.6667275559906187,-1.14950957927784,0.9317660129728154,-0.5859976625847985,4.3965900372656535,6.087532387367901,0.1534714424839762
-6.233653709367931,-1.7818252792228175,-4.348097259044707,-5.276277733276544,-5.9637604921930105,-2.0458806876190687,-3.89264872151945,-4.647352911958265,-2.8858109198644257,-3.791147776882056,-4.522459158542372,1.2561574043414794,-0.5926224476375594,-0.5613457506368604
-6.183400333156641,-1.5957570315475076,-4.942195428445945,-5.749634465914635,-7.677748937050993,-2.1339770392663766,-1.436929930644279,-5.672032886111534,-4.317564312856625,-6.829202038446763,-6.461947317793928,-4.869454600919184,-6.637029503538084,-2.74287392827895
-5.794598584205053,-1.538294628345349,-5.131310080181592,-6.307602882284964,-6.200536902343977,-1.8219296952541555,0.4053270179898334,-4.532988625085757,-4.248756476101352,-6.591434226567227,-5.082097809136791,-10.217761769017244,-9.37789758088417,-6.230218270857193
-4.523738108642335,-1.769416562176592,-4.5372030883700845,-6.607332048806196,-3.3043179629096397,-1.385007987130734,0.7051496508461561,-1.4591960742681032,-2.05603263482724,-3.5886475174376398,-1.3704541092938882,-11.542997097934467,-8.219139974847213,-10.40188355983816
-3.9776158570222,-1.6227715235551468,-3.2828264018713966,-6.103297557119326,-1.3837517788879763,-0.0988829702861296,-0.3954425644030586,2.1070385692404443,1.90354428375381,0.2089719324595762,2.2609673084968627,-8.311293029208986,-4.54510866620403,-14.24275844577702
-4.154768705255335,-1.1476351280167267,-2.039421061337716,-4.517749540399979,-1.4489152101255236,2.1948672686633106,-1.6332473675857848,4.696012936758645,6.378175786630752,2.875035779157262,4.069563038106779,-2.78090606982736,-0.4304737098109328,-16.45926903277582
-3.679659382933664,-1.1048648782987571,-1.5158078588400876,-2.155153158114622,-2.5035274516157813,4.241949886109749,-1.5091419218752495,5.852959810819645,9.82481192130637,3.7355496862549273,4.338411661573918,1.9145012969475916,2.6549964953031235,-15.942960787317704
-2.835950648576957,-1.421171073563736,-1.795113306696603,0.1615348812051706,-2.696333551653453,6.1942942870525695,0.5794701546210401,6.179088456048941,11.224442526617896,3.5080865773913885,4.742831970161472,3.979762760846484,4.271941761010574,-12.543731272660516
-0.6401365827949553,-1.3032979337411297,-2.162445941033827,1.5516044279652412,-1.0298171140782555,7.819568381028866,3.9080017901061552,6.52908912027155,10.60596907695529,3.439543327310087,6.451658312864943,3.766704086553912,4.661107059846753,-7.55685294384506
3.233463680870118,-0.843661279243481,-1.667211818081288,1.665219290773841,1.900048578239076,8.835671199234268,7.018991192676552,7.228670213762911,8.914081766691925,4.187523783387675,8.913821802610883,2.874133179950533,4.276071849952604,-3.276307740420968
3.831169806733561,-0.9704849056253296,0.029683314788496,0.9369327241333388,4.56392607024603,9.17331609200238,8.752094640634473,7.951893634635065,7.293616042449964,5.290182139048678,10.479570264659742,2.6247840666958027,3.5864521591044287,-1.6723644906966406
1.0918951089105824,-1.6059537126129877,2.280659498999528,0.2234176105986201,5.729844171010997,8.606244711959583,8.832106182152788,8.156922248776983,6.300168832202633,5.585731780280176,10.069254588085055,3.217536584325316,2.991299600681049,-3.113313941406401
-2.05866407496291,-3.489034014948236,3.909117887222717,0.0738936270307508,5.173688496204807,7.682439674399921,7.710396812929601,7.553423425379691,5.627186073150844,4.224254114233416,8.1050765570184,3.978824768614704,2.608403093387375,-6.167707733094032
-6.729893507381836,-6.916244648997443,4.12097252280623,0.2866624707925505,3.523019517248522,6.296835157403542,6.102734691295471,6.267522457174843,4.557919330595948,1.4662042128789272,5.855665034433324,4.200090527586559,2.113900171812171,-8.672315848032579
-6.995916012913735,-8.01832767747012,3.1081649924915755,0.2104742690980661,1.686621842927794,5.499593904646634,4.772296244458195,4.765079159218375,2.774042460118729,-1.375981942734224,4.106306152013605,3.809921078520364,1.007006518266531,-9.199302243826054
-2.0609548743571957,-6.77000363431722,1.874322177823486,-0.4558442740234696,0.4303244751763602,5.482318460032623,4.541272052403826,3.6994775125666575,0.8498229386882592,-2.811018304004323,2.703065530113351,3.4906793799469256,-0.7477521782221102,-7.78266054305203
1.114549918825127,-3.988664432658485,1.481776029380332,-1.143392428320634,0.2253486463454734,6.555583612674597,6.078495705815809,3.682690216074869,-0.007982371711801,-2.1558978672755744,1.3893675628391406,4.259909683815407,-2.332594765802992,-5.4785605963164015
3.880579529366096,1.3285702146904244,2.350501959162287,-0.7339014936971591,1.1681846626124974,9.150619399140895,9.317831648117052,4.934527735529207,1.1913154635907477,0.1353261270252375,0.7913946638240219,6.756284052783396,-2.513924279372217,-3.3040034599252985
6.404347980340956,5.003161909023954,4.113642264288181,1.5122841718032296,2.8855820907562144,10.36059496572918,13.06373453299585,6.991203416816569,4.433505205082247,2.9828971347120605,2.197439426767083,10.626078743428568,-0.6646665858530119,-1.4571194371681409
7.555569249809878,6.948675161826627,6.035435980227405,5.248377787764584,4.598619807245868,10.228253689739851,15.47784989714687,8.830102125468965,8.583913756665588,5.502599435633478,6.178057149193303,14.5049194109126,2.5838028123722943,0.6855869496745228
11.504827706963365,8.69471084583724,7.572588468266151,9.18886940452384,5.492106733778169,8.346408788453022,15.341774256767092,9.51704670122934,12.041528468734644,7.428767913148713,11.540197810510756,16.83053091793626,5.7650321580850505,3.948045503749025
18.14581057414744,9.222484812610023,8.629236181231153,11.958792009275523,5.205949459517058,3.901312060749857,13.029852474268353,8.937792421142056,13.680278057809726,8.908921838448403,15.936180370620384,17.022688500270363,7.732148940572788,8.602652102529596
19.929947756313247,9.065915157724964,9.374288614482277,12.886765006064152,4.046524608624402,1.53656990078619,10.156482417672905,7.918442971113084,13.408063817317313,10.050569776174807,17.73345596798526,16.005637478286612,8.446221540586734,13.94078720994441
17.138457610262883,8.124349803495301,9.86842785325063,12.120676479752412,2.7119783389321768,1.1537026195209437,8.07156990696469,7.476221094235271,11.98719138690911,10.727401008278065,17.320269488120942,15.405658174724548,8.67190661857192,18.41889333340871
14.02470968493306,6.768939745511903,9.885068641667232,10.146726190747287,1.7682900745667889,0.3989911876617683,6.604718463309734,7.772452643510764,10.306114323094585,10.74216064218368,16.47742821526348,15.97640374860674,8.970834979070677,20.38744268054699
9.062856177277476,5.083508470476168,9.107006753479546,7.336685946648188,1.3314370690652453,0.2401899869084552,4.358472784523791,7.758881316945072,8.670242580869399,10.02262898442789,16.40857951120094,16.726849599107858,9.066998388223,19.07887938596552
6.991602207069951,4.185640877865439,7.515989746486241,4.005233775189026,1.1777055763684956,-0.8192097634903542,0.3673172861002953,5.994742082380149,6.644090963809092,8.57618410402823,16.44374769203218,15.727346126033076,8.2093978661973,15.237750772897428
8.635476062616252,4.337744173642485,5.585847526183912,0.8042867779686702,1.077437393879876,-3.046606124317094,-4.498274234938833,2.038206647765314,3.5760471786297288,6.336784741746484,14.783547867448249,11.953052782898538,6.086862990522654,10.84295884472531
7.204834392604672,4.175292998364901,4.040869144017449,-1.1778211586598673,0.9822288806257902,-3.066860987880066,-7.88052840419499,-2.828769505038494,-0.5741428685957715,3.25748186159656,10.558825820765476,6.408529037248272,3.3111193721615493,7.957866059086719
3.731198115691495,4.025095790208794,3.3418246172274664,-0.9881145390300432,0.9391485204835348,-1.0606785626868565,-7.864066460187942,-6.306780003650864,-4.77309314671885,-0.299492878609179,5.109812431982789,1.4155041091081628,0.9936057240791172,7.467118580583865
2.475015910959804,4.123612194755284,3.3460894502245395,1.3290650744975423,0.940595659333404,-0.4721711498962622,-4.717994881294985,-6.740518982153915,-7.308485844569198,-3.314461392723814,1.143263380836082,-1.2555509818911474,-0.1058464590136694,8.644409099707701
2.5949673473139305,4.310571112181459,3.46030485157889,4.43213758025216,0.9444254414513508,-0.8236873666265587,-0.7774743495364262,-4.37252286995885,-6.918884480077942,-4.498555772359893,0.5128046301081213,-1.6322838432014208,-0.0140202586813558,9.870485255524365
4.295082924443621,4.572886044653801,3.157953210196105,6.428836786984654,1.0116248068034892,-2.8519282761159124,1.4608758313013368,-1.1470425692143351,-3.873460939681429,-3.232303964145018,2.6669708045835065,-1.1197967395142356,0.7422296799488635,9.885473249543615
8.360040020903945,4.899217908953545,2.389517443124163,6.207799447888135,1.3024979700053052,-7.335500075665225,1.2681568196169906,0.7301896499809928,-0.0754210077093944,-0.2887002594341723,5.11323250002112,-1.065848639693165,1.6687588639396085,8.565626918318515
8.722796508389932,4.325589061178844,1.5193350727161672,4.270021884567051,1.8428129484751707,-8.639938738000364,-0.09592491329294,0.2565237198151777,2.0887666968239387,2.4407676484238507,5.375292318735923,-1.8034016681027083,2.465643628824921,6.699468255731013
5.224967881353029,2.7352624671608905,0.8884093921144114,2.316420720919858,2.3274984932367886,-6.814191386491785,-0.91789530634955,-1.9787833956058307,1.392744829336273,3.188963531483189,2.7320088901799195,-2.878406757740038,2.794206316686335,5.127253941272009
2.389020876990982,0.7671544733522625,0.4613325243668811,1.8899663969469032,2.2913149861732838,-4.881446754645459,-0.721731147661778,-4.546876946201266,-1.3858057603416185,1.574877913768887,-1.5298146623659503,-3.821755102130382,2.1935123056630346,4.072402043417398
-1.0770107022267297,-1.850693579425812,-0.0857094404661538,3.17922132680944,1.589641259817725,-1.634824526328657,-0.5086443795610052,-6.237211074765476,-4.1497169197087445,-1.1834853289970866,-5.235969778054539,-4.45889152875521,0.5100811274661865,3.177997369598927
-3.712611212338668,-3.218753208463433,-0.9474081353235776,4.9321878151380645,0.6963067858096892,-0.9259313455338564,-1.4768144371883525,-6.596239217296926,-5.148990693001004,-3.2925572167363555,-6.755809512038852,-4.610511411332226,-1.5580459154681705,2.057831456292142
-4.841967543039588,-3.122613568712386,-1.9067333486081492,5.483185021752277,0.3924701882907726,-3.313862959387317,-3.632961070094439,-5.817681190228917,-4.231889451726261,-3.746449841326161,-5.797995590071423,-3.916571463453266,-2.613550756194116,0.7559535771116543
-7.247714115691397,-2.7202630285703875,-2.522533392765716,4.010129616953478,1.0113051431239342,-4.119276447161415,-5.693536337059562,-4.410648265131712,-2.6846781380328366,-2.879325620353008,-3.341496787099132,-2.3008588905054737,-1.6450145555528763,-0.3018684034013148
-10.480245190487588,-1.4878546344179953,-2.629578687730387,1.0506010149083949,1.936363103295477,-4.20515670877636,-6.301630045144741,-2.9979832392956567,-1.961517473335029,-1.7663322301124251,-1.0128056352285526,-0.5908315050178174,0.8153986634267483,-0.7539287974259423
-11.013009120341614,-1.0132396925078946,-2.6299978993771878,-2.0085469641948777,1.9321394577475248,-3.9754787640115294,-5.303210877581535,-2.1906135037678,-2.5487079859585364,-1.1873098921296543,-0.2965723348751155,-0.3266229755739687,2.7255270838546863,-0.6910709262831247
-8.976684357530862,-1.4763163606405347,-3.2078538733289363,-3.939086664270519,0.1658974999321643,-2.676074168227715,-3.8569315313362793,-2.3397928151950964,-3.8945297347328776,-1.140599292517095,-1.8453525913581217,-2.5524082835546977,2.085736531940057,-0.6311544037710064
-6.112665870530693,-1.294358929733928,-4.657496039200225,-4.367447714307758,-2.888811224143531,-2.8342699437508423,-3.3387800083693198,-3.2373760213948515,-5.176184153336955,-1.1962206811393656,-5.108718847625539,-6.607375021563342,-1.19599994708814,-1.1181005169845264
-1.6640183218108595,-0.8287260686176461,-6.451176726556518,-3.747491978380779,-5.483658107474135,-4.433187977255514,-4.119657016418749,-4.114862914497721,-5.937369901360263,-1.1194251408118063,-8.5136563461812,-10.229372984573388,-4.915262150362423,-2.3042529093255766
-1.0175136726332703,-0.8803839930793844,-7.53680814068813,-2.844930596001056,-5.698221601829495,-5.526456440228443,-5.327190719546444,-4.148953131321512,-6.043813561540276,-1.0754446703352445,-10.27329145709156,-11.180460423248,-6.290206898105751,-3.875070725946223
-4.790797687057073,-1.3018202435831234,-7.213151311646698,-2.2850086587216367,-2.915802367893825,-6.578924688318236,-5.74464266359535,-3.192780247906171,-5.366222966011499,-1.3545424842133684,-9.516799211801915,-9.126953663360162,-4.44632522093211,-5.373759415464129
-8.491309378254606,-2.559872761667349,-5.844323866016808,-2.468693133789479,1.4009157709249251,-7.135199940348739,-4.992653046129114,-2.1104422322012937,-3.896182677434311,-2.1023018443132777,-7.055345499265712,-6.116914655670676,-1.4071546232077026,-6.630171553469076
-13.48632521863699,-4.859944787943954,-4.716257472100054,-3.663291346839145,4.344293346852272,-6.866334908597173,-3.931807954108251,-2.295870928073782,-2.264751370589096,-3.3773788495239394,-5.109144774567326,-5.125689980987243,-0.4975830861206489,-7.878741338901413
-14.901117174297376,-5.498161653039584,-5.044023379699407,-5.882127581097528,3.398595893075644,-6.450129049646511,-3.919564734147912,-4.594623910569833,-1.8215886186962928,-5.285000497865667,-5.907588261395613,-7.771213574434416,-3.394160968029599,-9.397817536731871
-11.780915780402816,-4.4376301291825975,-6.915813374391064,-8.525949441754761,-1.6639116824269813,-5.662278005333383,-5.53609382433061,-8.415270235775495,-3.69411724640576,-7.774252391041564,-9.966412375909464,-12.9886110739602,-8.415696415862168,-10.955015929608273
-8.519165031017135,-2.571984876777015,-9.09287487492725,-10.27999472126152,-8.24867273799379,-5.445185608150748,-7.874711546414307,-11.813976213227669,-7.473756202205195,-10.22051844362838,-15.344513352651871,-17.664127199369346,-11.696883620094798,-11.623912247370608
-3.71793806008901,0.7774572639550497,-9.892925700523602,-9.760427015926734,-12.4238159499673,-5.943077434892793,-9.084182476166545,-12.674801911237482,-10.965779329207594,-11.442965139539105,-18.694331553505016,-18.71138897001767,-10.374067186415555,-10.324980759815263
-0.8784154360509445,2.114549861936476,-8.45431364210347,-6.684058009753233,-11.60866239022039,-5.192010718151817,-7.819131612936021,-10.224451801547286,-11.670440092986471,-10.518884618527958,-17.583149552930518,-15.087440964436407,-5.071952191097783,-6.809065017255582
-0.7531710363830927,1.2173269281878345,-5.342324573154055,-2.548561765232668,-6.526571065516039,-3.3263386465071654,-4.413001167292784,-5.709101108939512,-8.901166836062664,-7.794208786021473,-12.385078867826412,-8.429605843876429,0.4957222716388774,-2.2595774490833804
0.0403440990621016,-0.6081446153063591,-2.03704215041045,0.0936245564202842,-0.7810126047902042,-0.4523084088264268,-0.7056958009345262,-1.5751698549023023,-4.5317104606478615,-4.95940603682958,-6.141956949116663,-2.008702710243921,2.5204021201314184,1.1870344034963134
0.5024823620240418,-4.304296601708135,0.1939503845532533,-0.4791363160768869,1.827034635624127,3.8872317084145473,1.4330521734156605,0.3301989882851517,-1.4556373171111536,-3.773295989505144,-2.316624755659037,1.272956427409727,0.148210869930601,1.8676685620093816
2.0268809966865167,-5.115434348456743,1.0682320901688955,-3.600968895676004,0.2065986651880105,5.328130315003255,1.637433619890717,0.1205362117409731,-1.0305969536686557,-4.433222484633785,-2.1415110390636194,0.6292834785831953,-3.977024524574528,-0.0725834452422449
5.101840062575159,-2.733098271527569,1.1591356081874968,-6.486036402452156,-3.2837213768805875,3.6458999100808023,1.2326367316719709,-0.3836571923851757,-1.8930237591486352,-5.2028490401368455,-3.726041733100717,-2.149480684673243,-6.037585442052684,-2.593749497690224
7.789334493004291,1.016727396037291,1.1770324936370589,-6.340293688633564,-4.936532626217975,2.6084372543183285,1.8479988641896603,0.6361193564692005,-1.333309415721852,-3.887673893292906,-3.696575908913568,-3.8662092270982735,-4.147940121034523,-3.1568943432041623
10.513633593745867,7.413756144819023,1.4292028240316874,-2.626198498569208,-2.861395164222853,1.2714019932790803,3.735591422497465,3.316967189737141,2.007765751411085,0.0562496304993453,-0.0244943441613028,-2.093312930924441,0.3776026118259326,-0.5829821436944882
12.703171249824065,10.669236837401202,1.888994424833557,2.496828951206383,1.537583306154695,2.099821371730375,5.436116247665008,5.993931427436676,6.668080273262534,4.771648318079281,6.303146011678042,3.049683128425052,4.465600414906172,4.116626731648942
14.01947961591442,10.418758203504671,2.5981082868653846,5.990835205291174,5.037375434900266,5.856291573868788,5.19768566207709,6.77403557132808,9.53871833957119,7.438916547560511,12.101382302292134,8.885262406146138,5.93889559857865,8.613498279302721
15.587180199257656,9.82973534196057,3.8068623183696833,6.431093253998235,5.601060272388718,7.646067155243517,2.822877415619873,5.338455773481606,8.60859129086343,6.6725953745250575,14.486137881673782,12.141919672736028,5.037066340052258,11.076180379633914
17.188050152980892,7.454118572143007,5.629267392100914,4.974690320036643,4.087416068276669,8.048839208427783,0.1014454622003668,3.2371398103170765,4.736146413772628,3.679741364094133,12.879776204339668,11.47934496890849,3.705895356933997,11.38094585452519
16.436493386577627,6.014970036456332,7.608755001153458,4.018684747058847,3.099821302017037,7.30558173400952,-0.728590213644317,2.349730632291747,0.8453795661469687,1.1146964167150522,8.934434617380969,8.468623365604483,3.603952355421118,10.770736186713558
13.262648825235264,5.839150804300891,8.768961099089822,4.872139147215066,4.169537001425628,4.432666467389693,0.8678656523947268,2.9712611868162,-0.6406257624372849,0.7209761659748768,4.718910256016256,6.063825333269897,4.714911093710372,10.434577096641837
9.382392273142482,4.545705472407252,8.262854957204024,6.609600505686064,6.083021609862964,2.766817161030552,3.01045888509643,3.416062724184936,0.260997911706724,1.9550231247530296,0.998140079946495,5.830886512696878,5.630186790761865,10.39730365561218
4.252737658889224,2.7738280354375084,6.101530315571576,7.09107258904805,6.036850907535328,2.184807902008832,2.924380826633545,1.6336391847792129,1.474685950583062,2.7897867550531785,-2.850469928432055,6.498648110236541,4.971678702791408,9.69409244927829
1.4678639079404572,1.2875715029841006,3.290825949034968,5.09161392483616,2.5170488963483173,1.7670920721667862,-0.5651402368854512,-2.6060102351749457,1.0523530006086688,1.8115549784701663,-7.428250594563721,5.325321230061384,2.5726509423985213,7.515945053552862
1.5665358697952447,-0.1232485244541735,1.1926203248748948,1.5164821689400156,-2.920160992208064,2.24022918870288,-5.755280170779741,-7.025157944874195,-0.9483019318652524,-0.4184675100280302,-11.989328410355082,1.111904133698438,-0.4851665409565484,4.1279208628778505
0.1834332586561855,-1.159002186657734,0.6016870007008102,-1.3685008987456406,-6.754775807651804,2.001098904239852,-9.146400543865944,-8.406463633275798,-2.5635190936983854,-1.9355299107366903,-14.612092035053532,-4.053967005319215,-2.768285034107325,0.7028499391914167
-1.839461474870704,-1.664823486552543,1.2687434800473731,-1.8879454244998928,-6.511697593976923,1.035252781808566,-7.992142242500982,-5.139994013744857,-1.7679727838419694,-1.1923699050914998,-13.76703622587916,-6.226377897862562,-3.453595105747791,-1.657172888374106
-3.215861082648956,-2.308403629446365,2.207552237382142,-0.2882839189177666,-2.890722777151634,0.9700204019789316,-2.2619174723783537,1.4168276185217898,1.6826863673131631,1.61860471739897,-9.816095846456973,-3.115917947429587,-2.6991984173968966,-2.701722676265497
-4.53387263046367,-2.9956956600157154,2.469452095627176,1.6415650665795385,0.8917830120976902,1.548033906968946,5.403178905318949,7.89131094123416,5.977024691603983,4.824415878975547,-5.035079387607777,3.519352652136341,-1.3937817040307685,-2.9493803876538323
-4.736307490803664,-3.965063517326392,1.731235010772053,2.1468450869350484,1.847467575098669,1.7378981806753055,11.457133826815198,11.313975987699385,8.614101194758309,6.640214008573139,-2.0845516984570835,8.944173183371966,-0.6352125550479784,-3.0317488091882936
-3.6499268281002872,-5.367725009965551,0.2928211794805229,0.8172360961344616,-0.4600240180533994,1.7428492730500815,13.458799857301372,11.01663456924472,8.155859764550133,6.31847079682327,-2.169734380161053,9.177829553420525,-1.2295342264657272,-3.2548442900283483
-3.946669015706537,-6.017422834452506,-1.3536985021320689,-1.3770193135471054,-3.915461557055288,1.3354345318969172,11.033824926149125,8.626840203473744,5.02997305139008,4.266302601718106,-4.308491549447567,4.146034076996784,-3.30274614148486,-3.741125548547601
-5.533019486331449,-5.940889303243423,-2.8754389797047786,-3.1011256798261257,-5.856924131711676,0.3067660297305138,5.5875444063033335,6.443561084216896,1.008000170723669,1.4360740799142064,-6.160779431406052,-2.433327211658913,-6.099783733256697,-4.738534688724489
-7.181144703452151,-5.745869514824619,-4.058505339255337,-3.696342990919778,-5.122221791082268,0.8121340487859532,-0.5876637784757683,5.698922565129724,-2.013570646263449,-1.2125723462837286,-5.692001494506158,-6.152765466759238,-8.158919396933086,-6.498760469251785
-9.453466289716909,-5.184097461124927,-4.568368492779225,-3.4274666881533413,-2.500652346515785,2.8997450042778663,-5.166326160174798,6.039311839866809,-3.0177300092949864,-2.8452156939610878,-2.460582687836535,-5.196525915609659,-7.987006139557241,-8.741084443080311
-10.279755058829624,-4.727703353277257,-3.962319693599959,-2.9365744239025062,0.3745844820292028,4.276006719468451,-6.445931709339593,6.3389068373951325,-2.1408841576772843,-2.805070530269841,2.2605944476577804,-1.1479779693372016,-4.991531615497372,-10.380426665205343
-9.418688773903227,-4.455535241413415,-2.1043547349542493,-2.5283459652758467,2.3818305548905627,5.32778755494442,-3.901822791026163,5.871523341652267,-0.2725817896643434,-0.9287082216010488,6.450063665537559,2.8885294271078905,-0.0461788607328408,-10.07419555946787
-7.105852499481844,-2.9720422477453488,0.4218997654395195,-1.9234358469783643,3.370528545762248,5.438738192492004,1.4660947565684026,4.789530300771759,1.614633616375258,2.0911704610526627,8.628240080524407,4.810481456089722,4.860610474757461,-7.288581968942257
-2.672546072371712,-0.2996713125194814,2.4620155202811347,-0.6543705674789457,3.7032014098310455,4.1243855529308,7.355598178505524,3.6874350628057577,2.9682358213443543,4.85308113662019,8.60802804261549,4.559683098460514,7.807001057066131,-2.92592821220596
-0.9630599937692738,0.6030020489485709,3.0505337838249496,1.2550797898254125,3.661305720154143,3.244382459822185,11.138691979400072,2.8893745066972194,3.753395219211299,6.063683729754111,7.309214495334896,3.316633125529922,8.140700097862322,1.1482467511361918
-2.1496787592726965,-0.1932013941192867,2.1356633710153723,2.9479408010250125,3.320251460474509,2.55859965285086,11.21364791289173,2.2191811816101854,4.202144036101068,5.444176986290223,5.919790395804785,2.120504834947731,6.772467878859679,3.325550364461023
-4.405987233100468,-1.8003908951284575,0.5443109911946884,3.157253154851084,2.7877652099671586,1.965825149957172,7.904720293227136,1.386881257475629,4.481422609633061,3.9134937428715055,5.082804245673479,1.2434011862410408,5.323835322553691,3.169758147251393
-8.971453078550786,-4.918392683736813,-0.8218246967024463,1.219089105883956,2.3276047214495765,1.818472062664795,3.232466988802784,0.4499908493321953,4.537244514640996,2.828583195438941,4.638279542499024,0.4855128667759345,4.838685807427133,1.3124103497971191
-10.494468851199088,-6.294388843360169,-1.7610851894796884,-2.120844029046156,2.167520265638787,1.5166673520118985,-0.384935844935292,-0.2275679162815809,4.17512178352375,2.9131758691175023,3.95207641386666,-0.3545606950520401,5.109069029079244,-1.3690881249718174
-8.626280571197485,-5.740175806382074,-2.7242455957140965,-4.950774798412731,2.255786133482191,1.1601982537604252,-1.64596343311878,-0.4788409084495733,3.259633549052616,3.7791578587446217,2.4768479378975634,-1.388357468944971,5.086426419042663,-4.348975550964862
-7.191502783350981,-5.2953266360585625,-4.023821071028008,-5.54907783020627,2.303490244273773,0.4408750869281638,-1.0192325092146677,-0.673923829009901,1.900899386070636,4.394497231942182,0.1783708032883098,-2.725089016644027,3.909953195665084,-7.272966026542406
-4.9395326070236205,-4.181449719566605,-5.206278061254661,-3.83330022571648,2.085757444995222,-0.7683072039230021,-0.0642584368949883,-1.387004362889824,0.5550189252001303,4.03173644435021,-2.3355708188824096,-4.300655480210818,1.6408764152666269,-9.420633084603631
-4.938624730438379,-4.408447219459229,-5.349061211933147,-1.560130410709279,1.658297493977722,-1.8614113873067624,0.0128445096645606,-2.6400751974417496,-0.0499335099514883,2.8771415582507758,-4.02452249757784,-5.543127581740353,-0.8278806396782912,-9.719681501786592
-7.849001238868409,-6.303182007676575,-4.043858865400979,-0.9030581218186392,1.2476164021927063,-2.9304321583797845,-0.6527510312033922,-3.569416380488791,0.7223664897077011,1.827769710079659,-3.9687822833983697,-5.482438459091398,-2.4806105165404304,-7.649915026858803
-9.812564083385949,-8.516019366820615,-2.039530234025652,-2.561912947214092,0.955874162264732,-3.387191982932515,-0.9209818362790044,-3.074373401736419,2.827907407448503,1.683272841571192,-2.0901114444782287,-3.587897527472612,-2.8988789479730244,-4.275361586320857
-11.612579905190865,-11.622904744851263,-0.7964187275165608,-5.161598457794202,0.6204577736781207,-3.059350670672476,-0.0002855848414675,-0.997875830875434,5.16315809062638,2.394843151137505,0.4673397936580423,-0.6784415729323565,-2.525677057602751,-2.175001459878178
-12.782964786625485,-12.96324400054905,-1.2794397643376765,-6.593852618474638,-0.0222049492058511,-3.138822348480082,1.4836461172029356,1.3314424348634812,5.954924228210847,2.9827182915995767,1.8458317030878924,1.1948889065843216,-2.3748478216620788,-3.834337852957047
-12.66973223477178,-12.227804333370262,-3.090676425143317,-6.075124692326888,-1.0531223160473822,-3.489110700241091,1.8360839846238743,1.944113170858312,3.9628411584922087,2.250089889368775,0.8145186359370342,0.2183512234992939,-3.3618258480414123,-9.520007921741954
-13.766486908123836,-12.13158636949466,-4.751573892417474,-4.898034890107311,-2.2543576910417595,-5.207625192682631,-0.1289207187890575,-0.105012047032158,-0.3297662445951257,-0.1867744505215269,-2.0200341422980226,-3.4535386913075623,-5.597002156115006,-16.44065717901075
-15.86209324384718,-12.057253970894813,-4.898147029360734,-5.063457655528072,-3.2463150578175,-8.656160335178702,-3.746770466129032,-3.761760293407277,-4.689712661848176,-3.3760881160156586,-4.344341021596716,-7.38602041516843,-8.109093070196655,-20.2239001142724
-15.29603583358722,-11.052640879236614,-3.3567447612979446,-7.100399762018625,-3.727456118813597,-10.01707437112059,-6.798098807742623,-6.735882888775008,-6.630989390287417,-5.593431336455305,-3.860048153812401,-8.58751351861183,-9.37637178647246,-17.8913540758742
-12.241074574924092,-9.415624209304012,-1.2117440953420733,-9.278127932106107,-3.627896633975033,-9.405557988206716,-7.346268738117658,-7.460126991321996,-5.396460383922325,-5.735044395388296,-0.3392154638173501,-5.9843247712517424,-8.51207285127695,-10.131139667394743
-8.165936608860319,-4.830335361092067,0.1365756251502963,-9.095710317123228,-3.1181934647887264,-7.208282695312802,-5.467388847050604,-6.474059705726861,-2.7141574536500594,-4.434300320070989,3.8552828549481313,-1.4518220315340562,-6.228596270944548,-1.0190904678915962
-2.2829822048791035,3.067416656785355,0.1006995593712245,-5.666544251838426,-2.5158391258216097,-2.475641453443625,-3.190046409846134,-5.863620380712415,-1.485222881971212,-3.758723534041255,5.530144243686837,1.664081754818651,-4.561366441868007,4.730948416125357
0.3642892369406443,7.186964498806714,-0.7083019004473627,-0.6861244399504185,-2.135232674017528,-0.4571288796675634,-2.612102801203484,-7.179863816012615,-3.356921630869242,-5.454206342515361,3.400254690451975,1.3367031082593377,-5.249581526066088,4.943345787531028
-0.7143109926348731,7.64260938810387,-1.1127258732638223,2.953412029963794,-2.12160084719875,-1.265342225567064,-3.9502630005754287,-9.770912796440404,-7.239631444740606,-9.153189591968834,-0.5907326320800865,-1.5075422038533608,-8.023905534451456,1.1881277291147367
-0.921212367312592,6.609476941011942,-0.4397289600029452,3.5579650302821704,-2.353104491241035,-1.4664701132239208,-5.403394313278798,-11.181585410871046,-10.138918739939523,-12.320644651531635,-2.7141828391798204,-3.967540150762474,-10.4646542220418,-2.796014351161822
-1.4424084312703198,2.4027970223919515,0.9042396279448716,1.8010006378823298,-2.506800833626099,-2.2013203315131005,-4.969210879160492,-9.36351214281385,-9.693228610928491,-12.31169271640598,-0.581122578877451,-3.8174160682211618,-9.8638510210903,-4.066568650903784
0.0726876894606632,1.816182481608685,1.8495499256574188,-0.2385715929894489,-2.2759473571768667,-1.818175365819146,-2.4323287754837155,-4.679861384333806,-6.255174179120858,-8.844392931086492,4.765827466808036,-1.3807411357204806,-5.605608067074295,-2.4202098901330418
4.457766427911597,5.203922734859808,1.682897443006344,-0.9896958159955488,-1.5774490451852303,0.1611512875788161,0.4229770780666815,0.1955760248870701,-2.672086726434274,-4.511488488215173,9.724137453941967,1.0138478840797245,0.1261826426460111,0.1114013074967288
8.077525257454404,8.011766579587745,0.7328811887859139,-0.3641336120434104,-0.5828227944996378,0.1193553056249663,1.5406082161060963,2.446080648705995,-1.8950133906885285,-2.6132259240448112,11.277451626616172,1.3491414308804268,4.098886060159566,1.5378760731595005
11.638595457865335,11.80270941938612,0.0957194712290085,0.8718443055863956,0.4360238200645296,-1.6319539127482112,0.49233513880705,1.385306482241505,-4.469420441713065,-4.188899582870312,9.620257879659224,-0.2013628094841841,4.725364527614902,1.8511567537984592
14.69297681408337,13.61095570101529,0.6735316082899834,2.2958180248716875,1.2921567918785175,-2.3975074450825846,-1.3278474146993728,-1.177987430782645,-8.094958808945979,-7.061314207261151,7.885824232004237,-1.473141034163195,3.246959688638668,2.9339116057918275
16.61536270187295,12.760417129216536,2.432247522269952,4.200264492621478,1.9558270551877053,-2.715665039477507,-2.284877778377078,-2.6642854588398297,-9.611715695943596,-7.86867942067364,9.238801660892,-0.2392792343385714,2.365572106438174,6.5902897436433605
19.619811349674134,13.077277052620568,4.535390770735676,6.901573290940702,2.5069646641900603,-1.3546811737197466,-2.106677727335848,-1.818940867961276,-7.610506719994588,-5.1496529864308895,14.013260948839294,3.941722072090453,3.699042151166312,12.536388056223467
23.484321642262252,13.809068776587209,6.137890935018119,10.000216681581737,3.049860332088331,2.276176803894161,-1.8290651930321031,0.6762194200868183,-3.363301121518356,-0.5094603028265539,19.486549840848784,9.4612880594546,6.471888156935382,18.23856856574973
25.167655788292542,14.432818610477542,7.01692803869509,12.54722111098048,3.639656679734826,3.883989980452996,-2.2534267992050534,3.3088865293936074,0.6043231053792777,3.16737299094315,22.369661934206235,13.941857234652128,8.538474110790034,20.854027854261854
24.822960554190416,15.508584668535455,7.467273143624851,13.911416559897058,4.219824786705505,3.684826166701975,-2.7245550523578794,5.1633063738715865,2.7781489194785536,4.533700446554592,21.58313995252031,15.797121868113694,8.553992238251233,19.62043118794188
23.051780510351545,15.366482806011293,7.692178163707382,14.297550544501782,4.597226972278175,3.115523314255823,-1.6932142810361377,6.257018059766398,3.585632235566507,4.761237164513551,18.77472283585948,14.877604527841688,7.135741794828684,16.557541894976044
19.1393828787839,13.97261818705202,7.427230721995551,14.300431143034418,4.523445150820078,1.2692071609356963,1.434409123535211,6.7903357631957455,4.296849310154181,5.82862253556134,16.32914666515998,12.0314315743267,6.0355662864934425,14.76925689273088
17.7704933567273,13.621421121747913,6.242121925126847,14.043398916095402,3.8825132302293888,0.9100143944628488,5.140906455863525,6.4987807820924495,5.269446737444188,8.066125114939915,14.999932796238298,8.296036519370084,6.3429412971672985,15.760307033823844
19.19560169496411,14.086696454251054,4.208483761796798,12.960146518140196,2.8419952841864475,2.218551890618236,6.7290058043056,4.984920781294108,5.470725850175755,9.603225921768264,13.46090612969565,4.462764559522988,7.538683482567014,18.116415314650503
19.6377935445128,14.33675670506782,2.1854218650708424,10.542099830212887,1.79698772715708,2.2364258134041477,4.645337143869551,2.575776082831527,3.758515132664568,8.306308639932718,10.02106888318051,1.1336962065549727,8.18703876114967,18.74924984625889
20.13345882211404,14.778970931891156,1.3044152841794814,7.222844887580153,1.1162905790150075,1.4964051745214308,0.0421775403411182,0.5107957971992461,0.5016297459875281,4.187981536600706,4.622716882093584,-1.1406969147124872,7.402167455853702,15.654816597980927
18.583607855355066,13.482505037625064,2.013870726738132,4.327855664954659,0.9169680738467524,1.0703479983714952,-3.9480380260984944,-0.0028738016185538,-2.2572391383199726,-0.2093745594337948,-0.8872069788870789,-2.007656802942609,5.615208820373739,9.776844802096443
14.3144847014328,10.18091516808646,3.544764275540352,3.0007629099507733,1.0809723904852024,0.5502198955296713,-4.652568935036098,1.0343475905897348,-2.404931509269014,-1.9003577518408024,-4.396439804599247,-1.633574204343458,4.039251084311237,4.343403941822135
10.879073110140205,7.181261849286975,4.378114412748491,3.1648956047013157,1.466500671898821,1.5073588541289862,-1.8953929472020248,2.326410405996085,0.3541185938802886,-0.0317912088153793,-5.389740946106199,-0.7644989546362471,3.5224142505236324,2.2653597557291114
7.717234991420427,4.045737987185557,3.4347463398640663,3.625333175789701,2.044184294581644,4.196205521862904,2.066238124832534,2.5235057216911843,4.116464649416837,3.456071764371705,-5.231902245932869,-0.2794250050366065,3.918955368660917,3.855513549590041
5.570647558164233,2.2323192100084226,1.0078556062344417,3.261836090658358,2.780004642507125,4.838691103767812,4.509815931093797,1.5996085162635438,6.283621426804578,5.6092905143339244,-5.674728651551214,-0.5246333380464501,4.4372087634228325,6.7819087303131615
5.162643145171374,2.276798503680175,-1.411528917391463,2.115181653809012,3.413994733992806,3.6134098985922622,4.336175542461195,0.9388464093657758,5.625304594445661,4.96586901918362,-7.083624502682929,-1.0315687461720309,4.476096693490253,8.178092053973934
3.7742153659060698,1.6355166075073049,-2.33302140842336,1.25690954411637,3.469027736636033,2.393530498238565,2.572296538463431,1.967126950496461,3.1485264367258656,2.5696763601609334,-8.074015630369736,-0.9395885039588316,4.149218893410271,7.008906371655542
1.720481809105143,0.7413975646919939,-1.4689275845409684,1.580811254740882,2.6225939456605114,0.4247856321084005,1.104784882621442,4.640354379009194,1.1377188968992875,0.8005290064530435,-6.877182275042708,0.2072457296367806,4.130399513731031,4.70339647603295
0.0166383367722939,-0.4227634508884925,0.1266297810802434,2.768221247155012,1.1534630766998584,0.2851411678391082,0.9644924451285312,7.273869021496422,1.284693053828215,1.2838406311059014,-3.159288547948826,2.005714639920248,5.060950292935604,3.667733794830372
-1.7831455798571256,-2.301275274584035,1.080541947648887,3.4939976797225603,-0.0178164139347232,2.343847631296763,1.6739367555693103,7.903631085328834,3.4739250171287948,3.734739319075241,1.3500270235559322,3.506466846785712,6.990894160590647,5.087605131144197
-2.59143603915626,-3.6399951768556553,0.903775284652327,2.6567778784512357,0.1032494793566924,2.9126558352667797,2.0243462242849763,5.9177260179879445,6.106937971809618,6.491889693021062,3.961679707424159,4.006062125216779,9.1736073740166,7.886902489821221
-2.251076808430824,-4.548151819868835,0.2532362639303831,0.3786003982461214,1.7518119299705337,2.511554579220398,1.3434041565982766,2.4965087485282846,7.532749028775511,7.952722734595442,2.8981501968690413,3.579825637232909,10.303914535351982,9.590122221448937
-4.116428397361124,-6.974863418100669,0.0835437539445846,-2.216128794484643,3.9676961181273738,2.1193988097448813,0.0360161496420028,-0.4252552782041356,7.311197039394264,7.57156315653101,-1.5997474810401453,2.8732072439195893,9.14479535057455,8.233874787678225
-8.158355746983702,-10.851408250673504,0.5943603223263253,-4.171706772649642,5.003051564143334,1.115073578268241,-0.9393628167262076,-1.620585683408737,6.307692986173419,5.811197500118491,-7.681347388859121,2.383442324509461,5.3243801178165135,3.750986076400926
-13.194727981230768,-15.170163407599532,1.0060086308861624,-5.610510974197858,3.407539917368227,1.3343899841040123,-0.9404659529985062,-1.1697237805669864,5.696064233683445,3.489588210559294,-13.254621271805044,1.9441560884866835,-0.1472331249249885,-2.1364543203709943
-20.0217086027798,-20.340429592633114,0.3171615435753133,-7.479161412214053,-0.9170516642325808,2.910787264738518,0.0452330795934758,0.1176320989965731,5.873825060491255,1.288075819089152,-17.127222874791933,0.91927692299415,-5.148514168360843,-7.221164951204816
-22.85842459108312,-21.241661251687937,-1.7338088749781413,-10.404277993296752,-6.448997584204462,3.337198543618519,1.7826205827373358,1.64979694261095,6.265404688864206,-0.3161722276242019,-19.20649172684745,-1.0760753264323315,-7.593362837654624,-10.198136411549331
-21.230714148240832,-17.294194043224536,-4.370559089298183,-13.785348611787482,-10.81946754679263,2.918478390153791,4.20730292952855,3.379247003118606,6.070596494756959,-1.0028089306952892,-19.99070324141693,-3.629836898880521,-6.808785706858037,-11.178455261383778
-18.358739949446257,-12.76331960123573,-6.313224760665418,-15.995273470934396,-12.17084108355898,2.5398417191800338,7.264348878072447,5.323983982097537,5.101986110294423,-0.7405492547449929,-20.043183131947064,-5.726504841483723,-4.0901080177325895,-11.18984349258548
-12.7172556756544,-6.338778299796527,-6.631634196954973,-15.54178188446106,-10.227872264726097,1.7685893235979395,10.33889927897455,6.975420543312711,3.8407193426402144,0.0385520765052473,-19.82688302517999,-6.555795116344859,-1.8563071296373064,-11.255407779599135
-9.22686007742715,-3.166453144458809,-5.302265650176604,-12.231892120207592,-6.388362109883563,1.021276372920343,12.058741362249366,7.339655148320869,2.718417980657516,0.562747939150489,-19.732618818853474,-6.209337847704889,-1.9468462897491352,-11.77298776276274
-8.406341723064338,-4.199487159041886,-3.1980405264452765,-7.432791126341556,-2.7998186280714865,0.3565314224836244,10.966881974527098,5.626955952225247,1.4806669270031614,0.1771085096503803,-20.00041612309784,-5.590900619963819,-4.389166235673673,-12.508465594954943
-7.113639620768101,-3.865512017761429,-1.582985690872128,-3.2486275489882126,-1.067627547639432,-1.0593539659790563,6.655523303469545,1.9215710873132164,-0.598082151734701,-1.2353201709394,-20.53360749337737,-5.572972180302178,-7.61562642338874,-12.99530670871589
-6.632443973728471,-3.518924131606504,-1.3620556521726557,-1.2047238957777076,-1.4465340863129328,-3.181719248644901,0.3657356658877733,-2.782440348179021,-3.808728362840713,-3.2202523348012853,-20.855929510772494,-6.162707347722815,-9.855115525721088,-12.90691017636729
-5.688995568328799,-3.7636489188190567,-2.471072389880858,-1.3343498450271087,-2.972586021872932,-4.645306100226207,-5.583588217739027,-7.14358352774149,-7.3575158945341,-5.0611982866024,-20.343620682639845,-6.475626170949028,-10.423366355054558,-12.137106009915335
-4.026091776263494,-3.913789647987242,-3.8512335486054536,-2.2785278629406083,-4.310474602352661,-5.51546965875496,-9.191199667918282,-10.09711571031336,-9.723511905154638,-6.112222447331396,-18.577786616458305,-5.580598061340029,-9.84466033184576,-10.675699766782309
-1.9951475267165988,-4.853095265654121,-4.183239321022903,-2.353178438247898,-4.645732231484142,-6.492078196117422,-9.940238567175928,-11.128765073576991,-9.795052945099272,-5.97857910046301,-15.588681191800156,-3.4441686060502645,-8.934125353806799,-8.571928568562655
0.8128961405380492,-6.513187474987269,-2.9429549178871417,-0.8689304953549799,-4.0339313236422925,-7.299113596378587,-8.872349156345388,-10.263757821146978,-7.788765220498088,-4.6448807393371405,-11.919238948575044,-1.0839748442600028,-7.942458020664485,-6.135731625653284
1.0667742487917142,-6.877962698662662,-0.9093552155836728,1.2629637893648589,-3.0984200620140543,-7.40342382460325,-7.592975223921876,-8.041549738680743,-5.134692364301358,-2.6273558751239854,-8.54003907391444,0.2165699276823618,-6.646358648688544,-4.156905714497409
-1.429928720793609,-5.917450336360154,0.4188941237711576,2.171450100891756,-2.4337941827435747,-6.792192686828047,-7.054807627065696,-5.490845267902081,-3.42442042303305,-0.9413601860522408,-6.5649239983028815,-0.0916631687036027,-5.1370485869978255,-3.717170221034569
-4.640801353064568,-6.007504985119772,0.0817433723353815,0.5190525395872378,-2.1951883693425223,-5.590680935768661,-7.068559674943202,-3.837163432582576,-3.289587021141692,-0.6254820974582085,-6.690446187765492,-1.491109835770473,-4.249990662045049,-5.459717987886633
-9.38464243321296,-6.8064465318269,-1.5190325014720178,-3.293117063003187,-2.1157947637803347,-3.642100816973743,-6.827261661238942,-3.847073903121081,-4.074270784697638,-1.9890258492414388,-8.565297737288109,-2.947735019954113,-4.964278240080134,-8.805887598716867
-10.911293290002714,-6.154105606978892,-3.005269775223009,-7.2257979834277295,-1.837939111393442,-2.359888647249652,-5.870285441083288,-5.224564807185039,-4.491422677996082,-4.226835654763204,-10.645585247167569,-3.7665620412014302,-7.278086267918176,-11.938253648169797
-8.636143257596897,-4.2988692695557145,-3.267240432584776,-9.008972712750278,-1.2414682510558857,-1.834685886700733,-4.575459462793058,-6.68660910855834,-3.7058246115383984,-5.915520836278269,-10.967834081562517,-4.0141468951486985,-9.762306433302498,-12.876810840803808
-8.134378048373751,-2.114035557484818,-2.396396040599913,-7.753343763645258,-0.5089032276996255,-0.8030036496506262,-3.736769055376453,-6.863377340412232,-2.0053758054382538,-6.119225471086362,-8.518566896456747,-4.273181490365044,-10.434022806265316,-10.93912364424163
-8.350564004741432,0.7909957530873934,-1.4425278197548934,-4.452251449882491,0.100660362273858,0.4239256227094203,-3.653157873364832,-5.3691134289066325,-0.5507175365830186,-5.147002715337179,-4.131340291038267,-5.062831579069709,-8.297099124700392,-7.292595949802793
-7.480433138169629,1.884088550538088,-1.27049270393004,-0.9971093238105846,0.560597710131153,1.7239733089847993,-3.6431276522613,-3.102157469580378,-0.3840568774025414,-4.206957274436721,0.0257166302725533,-6.386821324478995,-4.178645640832542,-3.945581164528755
-6.274580917196612,0.8707869520209104,-1.6506882054227678,1.379367244932277,1.1821327605283418,3.2575989978772317,-2.5249044886625684,-1.452279293468688,-1.4711875536835564,-4.212188158300849,2.168588367032192,-7.6263144211641,-0.0871463179451312,-1.97535146611561
-2.208318411410493,1.7979610162810415,-1.4690711523435445,2.8400864361125246,2.36996005572744,4.930518284822012,0.3098754624719082,-1.092640836659136,-2.6024873870600294,-4.848854232257249,2.42831778622387,-7.76782011381596,2.3433913855199617,-0.6592569454043673
5.105207034927313,4.221330491647663,0.1458457527713763,4.260382503528206,4.165925495026372,6.775939175814323,4.202180391825374,-1.447019059974724,-2.3482843705979164,-4.832671017458542,2.770038571944804,-5.902117364324276,2.9637363112094888,1.5677443971555367
8.161536586466962,5.022380126546523,2.856070979944077,5.88376820501429,5.9479031857953775,7.288926853372697,7.576698604037986,-1.309858192339246,-0.354717531887146,-3.1767414831684397,5.222972958615904,-1.860897660846394,2.887987208761226,5.194308843694581
7.083102167254537,4.749283685936076,5.237301222286996,6.735270327601099,6.624220261274215,6.314427944308873,9.061863225958753,-0.0233577656569123,2.150110403757653,-0.2970871136270129,9.91872887438334,3.3533699801784578,3.289000625774426,8.69977051485986
4.534338948039476,1.6471790666918478,5.911455868484369,5.498383497691526,5.335728978706267,4.316028729019632,8.423111920495243,1.89604011499146,3.2196654481852542,2.139502204487605,14.740230798323784,7.805087529530843,4.372058748013455,9.710041838104903
-1.2296441376299123,-5.047837409360821,4.685568128082071,2.1016117467888744,2.2415439372085912,0.8320538121812767,6.565022183163534,3.2496253928354863,1.8253996510398636,2.6017964743873674,17.01065327120707,9.658352868081128,5.385845895670533,7.280981393583293
-3.3659853160513102,-6.285616666788698,2.700262794713586,-1.5848278906871356,-1.2332391768329218,-0.2934716461068238,4.724797719213525,3.2774386205544466,-1.104852189487588,1.1336951722307922,15.793792350779125,8.447988096615786,5.511172107470915,3.106464163242914
-1.4118743091578048,-2.037728812483097,1.492463115777722,-2.869321044810324,-3.0392975471882164,1.1948275019359422,3.644336937637907,2.357011167453155,-3.221723688744639,-0.4681500888846845,12.763746965558529,5.6008284875041525,4.727885953494324,0.3612807701941368
1.3129244193485508,4.014701456629792,1.818940950429228,-0.4214154352915619,-1.7584149960075155,2.990980540650276,3.372825339919907,1.667890132828294,-2.52468498366116,-0.0103416515778276,10.856929857731108,3.6071486882787127,3.904307223913116,1.1367387442279129
6.571427203255773,14.014542960183087,3.221880745062917,4.388294805929835,2.343132796931348,6.061196331648871,3.643794929356909,2.179371375297684,1.0549887263163589,3.2665103643242945,11.905632359165796,4.2912099332162885,4.111378200264882,4.802334662848365
9.133258385880117,17.194816647734875,4.582582741614504,8.346282458930528,7.27263312825081,6.563633568152792,4.247742247615177,3.87984677707563,5.554363395126211,7.902881711253229,15.324809560610683,7.467561799451922,5.783955493291497,8.752307948215861
8.554867758778771,12.637295731437456,5.047986572140167,8.906671000657896,10.44664097486099,4.018286167382652,4.985428512529188,5.8470295097064025,8.415361413684792,11.182876907456563,18.889843470487666,11.073851529853544,8.359855317768389,10.737238364625163
7.201477489209108,7.864476045014225,4.515202200067163,6.247242495755463,10.30945333462565,1.2938603440253744,5.380552808206565,6.963798047522994,8.255582461020953,11.122750078155455,20.73108548922556,12.702566305054944,10.575772627303806,10.56608631326487
3.6763192046180966,0.2028638067517805,3.409153257636776,3.0421377723907685,7.319820188904991,-2.622222318681878,4.674827812648265,6.612341142743496,5.5912710162903085,7.925885125282064,20.690112877483344,11.300202963884674,11.155734134514889,9.71857084610741
2.056042965990149,-2.251083949307477,2.155325254867696,2.102293757020829,3.5817025077687603,-4.57177588178167,2.3296218406615727,4.885521478133351,2.113577899255432,3.778032169307617,19.972301774009853,7.699688020651635,9.479163681573482,9.48546310703459
2.6072396941598304,1.880824128482385,0.9002848252329976,3.952384263345799,1.3567336692398604,-4.023963258009951,-1.3589086801641344,2.3822014697093667,-0.6749829319624647,1.1845578062176911,19.691322584091104,3.6991707792934982,5.911368459772914,9.570752980056737
2.5933300833502457,4.817852958251268,-0.3615991877197113,6.487983500196741,1.5227961689380467,-3.826265409987723,-5.182999432926017,-0.0890655366480919,-2.2871129483857784,1.174344554586658,19.810221269234937,0.6363232529186762,1.650350474466319,8.460911363304412
2.964888224787159,8.695129354907317,-1.5299087089715502,6.970194879625065,3.0903042771806595,-3.1289878713934245,-7.705299741327947,-1.7390390213540976,-3.0455109267044937,2.739056625795654,19.38537805594421,-1.298829652819875,-1.8565355793287823,5.065949505928847
1.6272370050308482,9.13845488972653,-2.3406931209770505,4.499921229056984,4.096570984896858,-2.8005829957820314,-8.201141407887967,-2.041101197471468,-3.339179693678676,3.8519424243138576,17.675036579829676,-2.6240505765424564,-3.647055143097479,-0.0177098294712698
-1.8490796432193888,4.794388890964078,-2.5654866173330584,0.7278736990234049,3.160529848953812,-3.220803366876724,-7.078556675329004,-1.0203617916145833,-3.1915378540994714,3.1770274733468318,14.943365082895804,-3.700371279692496,-3.7013469193581727,-4.78441784486776
-4.123429055949906,1.7857968507027746,-2.264386406371285,-1.760976401289608,0.4984484924190195,-2.6915350540043947,-5.448224653534453,0.6271102362357521,-2.4844944032594363,1.096885285557362,12.256852313779806,-4.399417201214344,-2.8131380274145545,-7.314985425679199
-5.641211509118053,-1.158773918804063,-1.8646050256739453,-1.8087763171136797,-2.3477511148718118,-1.4592934149195156,-4.26913795618914,1.8429461270581489,-1.421702164842718,-0.7153950305841139,10.603030386726864,-4.517573446991629,-1.96585233002958,-7.151665550824964
-5.087383592859182,-2.276507115573031,-1.9756054193109789,-0.6073413956562739,-3.785958053564501,-0.8519733133602354,-3.812917733991698,1.8641541056495377,-0.5922740010013596,-0.7793472830876768,10.21555592677823,-4.2954022191089845,-1.6869970514137904,-5.471155810519585
-1.6625334365365294,-0.4544578917472244,-3.0048090777161884,-0.4211770371234355,-3.387178971032427,-0.687600670791527,-3.793529783219775,0.7557213133258625,-0.4970159270242416,0.8850195772882619,10.632426207110116,-4.344045532721696,-1.8556665709034303,-4.071732329142931
-0.0109037391937044,-0.4031109512498319,-4.763977479386669,-2.39167301562392,-2.072904465852571,-1.505997835063289,-3.85204862131784,-0.6498871200943093,-1.0369411948850544,2.700564506705038,11.248359319269342,-5.015079449563173,-2.027851819145893,-4.0740366078071375
0.194088484542606,-1.536176271527507,-6.344705858976343,-5.4506338327680925,-1.2031250203781862,-3.643070585358782,-3.845388427235711,-1.3980824507609473,-1.546392141623822,2.7815577521129176,11.73147309712081,-5.915173188374113,-1.9071064037789185,-5.278063061395297
0.2478123459076391,-2.2377544287014355,-6.493465555730553,-7.249614751787449,-1.4144389506814408,-4.9769526178483,-3.7453867716034455,-1.1261554062743158,-1.396917802183169,0.4669675147489398,11.96555821651781,-6.138133819517938,-1.5342628758997898,-6.499438444842769
-0.7971673404809666,-3.27834239046324,-4.422506428882224,-6.185195764563613,-2.2244678027463323,-5.623991663467297,-3.4417356618106143,-0.2761350182361717,-0.5915346415348877,-3.125399974340716,11.755449995736443,-5.047496118289935,-1.1194184005447938,-6.51901115951892
1.014496804941335,-2.506896806448807,-0.5709726421643784,-2.7497845968405823,-2.6958165346640404,-4.7666427300887,-2.8007262230575125,0.3244700797975982,0.2408729461775252,-5.975064104445673,10.77484753888104,-2.896277220661348,-0.799086690964273,-4.9569922028691416
5.928259903832695,0.3391622182674922,3.3359680276471915,0.8302831161477964,-2.4872640719172785,-1.8068802704360636,-1.933914924265236,0.1388294524851068,0.4515050672253755,-6.712892728136797,8.917741401465067,-0.7382741791685206,-0.6054284885788783,-2.5199938910536286
7.047339964071842,1.2189694266682782,5.2029455794127255,2.232272024273759,-2.27176699133786,-0.1212566782999007,-1.2826279544229129,-0.6726967196573215,-0.0047380298057051,-5.549967846450011,6.685450584188215,0.2819125998428391,-0.6176326831390755,-0.4966976005791856
4.8686561982589005,0.4347816950197394,3.9676767905387953,0.6181616536848371,-3.0877089566681706,0.507910028564664,-1.270262216094059,-1.3801278631905989,-0.5140732297774373,-3.86805931358204,5.084653538374456,-0.2908543571221234,-1.0193740038507244,0.1355018969809247
0.6258255301438238,-0.927328170255818,0.478162085955967,-2.9154515857562275,-5.195337041497753,-0.3383178642720967,-1.7837281022195834,-1.2090278532105634,-0.3452982779138196,-2.9508725288539166,4.93653355319551,-1.8911935745782875,-1.8931076226646997,-0.6270373951022465
-7.19564477878956,-3.70551740709978,-2.9334133018009023,-6.14600272798823,-7.524791841410577,-3.499319717635262,-2.0374266541577453,0.1107867968241151,0.7194591684131999,-3.027301848975551,6.1150592494099865,-3.223054119071638,-2.9271305187597534,-1.8525656341728909
-9.041240182318502,-4.775571910890408,-4.015681996855802,-7.120655409811688,-8.336927534824413,-4.142805040462627,-1.084926885193056,2.125590576031301,2.197784515028744,-3.390241364001414,7.407024215767931,-3.0060194113974297,-3.4073767104343147,-2.3828626445069343
-4.422087129360491,-3.9751374197223854,-2.201370543764454,-5.266796177681502,-6.639354689118707,-2.357701993122121,1.3824008251184543,3.905664084711757,3.257169349100961,-3.297046624127702,7.197939700514546,-0.8050414698670321,-2.665145028819049,-1.6818432160709835
0.1045045325956192,-3.7376895150397553,0.9861177644942304,-1.643013898765814,-3.1597845133278533,0.1768462323618957,4.646392547303526,4.611793026221393,3.2634374006806204,-2.702755723810712,4.4763956248472345,2.535595925987957,-0.7129579092525249,-0.1875136420926095
6.7550259070708965,-3.382591154627306,3.097568085963254,1.7384347583982431,0.0310014872277868,4.55526794002238,7.367109545698657,4.021681279957649,2.126067760384433,-2.1894571547302712,-0.5994461986289363,5.246828436640554,1.4673293766898086,1.074711908751099
7.885450155698984,-3.705379411473416,2.629844396109184,3.10764816965177,1.0268778884623933,5.567281475905881,8.477642113835191,2.6601282881673214,0.2939314378071234,-2.315877673897485,-6.907482913814762,5.7424701593756415,2.340910171271698,1.2820981335595645
2.154723164534003,-5.075444877422204,0.1394791267310915,1.9515385402556311,-0.4892120804997836,2.8252876508925397,7.843323756709903,1.429741014789735,-1.4994034822805622,-3.09964235510312,-13.03549561364695,3.8113807838978966,0.7783524972909583,0.3859933780666263
-2.0344655236110327,-5.207519251791039,-2.296021403081739,-0.7790986849213168,-3.076124015055624,0.6127815619720405,6.187771903423455,0.9930972094231318,-2.587470388025909,-4.0676764709163535,-17.880467509697475,0.9268296806847648,-3.066963640032064,-0.9368537817899198
-6.626052412622738,-4.269078189430799,-2.824105186428256,-3.4041175211878256,-4.728654836393908,-2.262757784740243,4.435227908292236,1.3430900304761295,-2.708101298615803,-4.68300951525428,-20.91167460255282,-0.7829067182419761,-7.617359850469092,-1.8459830460736368
-8.758740461507394,-3.7111220359340105,-1.3292356804709622,-4.679442162306797,-4.392962079709125,-2.302874847152208,3.0840022066283628,1.8644015906776272,-2.198017770587452,-4.684970711008495,-22.19869222382298,-0.2554834166386636,-10.661861407855206,-1.936715816215
-6.949459070768979,-3.153957500297082,0.5285079799997344,-4.561866338313177,-2.565571057850037,1.3570968392251292,2.1102645969654086,1.8311683757591823,-1.8699701413655083,-4.131340445571516,-22.34510231391373,1.502539212650626,-10.6330970138104,-1.440420755758968
-7.331969104792582,-3.8252811332584105,0.7416079154293072,-4.040055474157597,-0.623447832502456,3.409971205820129,1.3624737321980351,0.9746641385371206,-2.503032589081001,-3.285483700561177,-22.26544256867885,2.1254064195706137,-7.553225719630817,-0.9443622733830512
-8.977937395655017,-6.049961078635428,-1.3679209519173812,-4.210000016679459,0.3694582979781136,4.72990388097457,0.9619276428463256,-0.2878059951108271,-4.183504202047058,-2.521651708617346,-22.713948148732516,-0.1125529091153028,-3.0162127514669583,-0.9042215394496552
-8.011908255474435,-5.771800355421078,-4.590872043147041,-5.33280883667316,0.3302553956622169,4.786371745545229,1.2659423018937943,-1.1356302615956926,-5.997240154009949,-2.211314169768204,-23.75537558750892,-4.643709768769981,0.7928939481066979,-1.3121939730688077
-5.159258923432993,-3.085763601179396,-6.774275529186488,-6.580822937777037,-0.0910198778036246,2.573186567401087,2.4098219849024503,-0.9577710955672654,-6.465532836249562,-2.494316048507832,-24.62273036130945,-8.778582622176481,2.395528492084977,-1.7105876214338511
-1.112103940761151,0.4189770391072364,-6.423726507671079,-6.616018944910529,-0.2041507919082525,2.014138292476492,3.8892951361307606,0.1371244019280584,-4.579604342719969,-3.0491075100594074,-24.21761479013393,-9.67365587318042,1.7896674050895047,-1.4892717468571868
4.775290932477265,5.648458533146542,-3.688539458499558,-4.52947525563928,0.2845337202460798,2.8305207230845744,4.674855745572636,1.316719807474786,-0.7075757103991411,-3.145649546644249,-21.949841504841224,-6.508567874896148,0.2447161289345283,-0.2558622981035183
8.077187405596133,7.420523065006725,-0.0622389906062257,-0.4688332407644173,1.317389138817184,3.332454599506661,3.9143503698573854,1.5975644984603905,3.428335721728698,-2.0744256840028634,-18.23571804768704,-1.0792888599703565,-0.6384227918680945,1.9332476139660013
8.478652686805578,5.268000865532039,2.820517940738337,4.422596454308817,2.7017584364618075,4.24230494807773,1.7242764238507613,0.6162536968905903,5.874328373325955,0.3584072341952706,-14.212004310951434,3.647362781516244,0.1037792699197894,4.605673636758247
11.107930504275217,3.5006560523883765,4.289388799966327,8.62987910607761,4.16118363681289,4.161752804561585,-0.635668411806793,-1.0031019245977473,5.912501402421706,3.7078519043764366,-10.901758357305305,5.776180318550474,2.4049303831222635,7.162404110402606
15.100504295096195,0.8825191536084229,4.8484094266558335,11.004838175154475,5.2702004715666,2.871626204134354,-1.5243012201710462,-2.0470568270120326,4.6835424632428175,7.231774974921885,-8.551237136989577,5.694131669059283,5.439009999498865,9.254271068373155
16.411920676757962,0.25372544426234,5.460835126681079,11.20531161139295,5.554279795178157,2.115916012621244,-0.1806645216503541,-1.6494154119849616,4.3246462651540645,10.324191315495783,-6.692752652695632,5.371470015428546,8.175528096669838,10.960766602996738
15.558008574791709,2.3901137964893326,6.585807995322092,9.693875899243125,4.829178928646893,1.5898039723978838,2.4857425099180057,-0.0511182503346843,6.18999419572595,12.619334763200325,-4.834298459731464,6.463672934626583,9.801988314808092,12.570401990788664
12.63217715739315,4.2067729777657625,7.778576553332983,7.414228359922388,3.475189482271296,0.9741791427010982,4.330054440400278,1.4674159542997065,9.585329745979951,13.783226693065457,-3.122361234986313,8.818915446989045,9.904969071382563,14.086003414561102
6.763046165352653,6.569126897422219,8.1542563183426,5.356067801542606,2.286346476919808,0.5418651694324035,3.4667476072948413,1.5108620230147287,12.13971891620374,13.414994029269373,-2.351228211277168,10.572532921875355,8.548922866314191,14.90777008133824
4.384860968263327,7.904515849783922,7.267914825215959,4.175162815287745,1.9139361395771624,0.0691248174765553,-0.2666838818114234,-0.330091470544529,11.606166491651782,11.344012717984524,-3.2611099100359127,9.715012042050024,6.316947151838803,14.110740208551547
5.712882550424274,7.71428817644702,5.5939078639095925,3.972653575426943,2.3526502680351182,-0.4150786174587841,-5.059207197082395,-3.085165218858977,7.652852611912808,8.058064810985874,-5.7028252853013885,5.883574220711036,4.158757423209723,11.234275330583
5.326535909549929,6.382460525297485,4.142852476970216,4.31393365877251,2.93912440779208,-0.6757413925259446,-8.346977790968804,-5.082496585633078,2.1810925877932625,4.687616063478234,-8.415653451324483,0.9458023054687824,2.917982669039956,6.939964866397736
4.5568807793600685,3.2624710839624567,3.5572634298917603,4.514805767641878,2.9005288379528644,-0.7224165578291886,-8.566583107684394,-5.2020312122694,-2.057661908047286,2.344411282274034,-9.716909382389405,-2.1653021072177263,2.7698979520304343,2.860006734859236
3.4569859162941525,1.3217039537852084,3.5388971668683498,4.089250646172699,2.0025035837386698,-0.5348478652925568,-6.083247041431092,-3.7008854422247577,-3.382423617914781,1.328358026268258,-8.66021768202775,-1.5695109008534065,3.082201263862466,0.6001102825620857
1.279615537804781,0.5817099250024204,3.169237633685103,3.103526630472134,0.7528576778919049,-0.0490925348937549,-2.674196614901828,-1.9236897463157203,-2.1462202206981797,0.9783276119616802,-5.775825987275314,2.089986013507388,2.962696081856552,0.6364726140444756
0.9242724429199406,0.7679095009579332,1.8279607852588096,2.168917527237101,-0.0080951049009743,0.7419428429704863,-0.1522129535679193,-1.1487932875821238,-0.173751973895289,0.3743614776865991,-2.763950556062783,6.00538763641281,2.0967966389812576,1.997832986767912
2.339360713016309,2.667638910641533,-0.1691437965736546,2.009485535802185,0.2157039226594865,1.8807042850205429,0.6929290856753196,-1.5857992486258528,0.6553484279609649,-0.7723546212640433,-1.3164670383960575,7.161615394089794,1.0731766829474578,2.97444927920957
1.6745489304928474,3.3052444122326388,-1.8213691450006235,2.855064863189022,1.189455029334736,1.8916367449638365,0.1386847538526523,-2.406051615321388,-0.4690873288313574,-1.942050620045256,-1.9560876291484464,4.368737951129406,0.7881764461452736,2.2542039535483687
-0.7162898137428307,2.747388501737309,-2.3314592195101773,4.095692792999367,2.1510570850283752,0.6520002580618534,-1.158700072550259,-2.7121861909093905,-3.0848541737545805,-2.517770186173184,-3.782698849842202,-1.1774262512707605,1.4303420156689322,-0.3718815644941244
-3.972723084641056,2.287891665782241,-1.7887893004974322,4.529676065921127,2.41330694679798,-1.0506510306139771,-2.77499207695342,-2.4461100695419464,-5.990199439565716,-2.593298734816961,-5.26527350340714,-7.054584827063778,2.065518236441026,-4.101986349646703
-8.887657706019066,1.2987946666315902,-1.038405690179813,3.158169066545807,1.8652130154280744,-3.617543727895853,-4.554066876878824,-2.312289972518449,-7.954234412435294,-2.9208562992728453,-5.360154721262695,-11.307553332742694,1.363957789110998,-7.705430965831527
-9.89226292435335,1.1945290536170607,-0.910224445557664,0.0441221032752299,0.9906581229539132,-4.303233149869116,-6.266501279314996,-2.832032722459126,-8.225368931689456,-3.9466019559823433,-4.025524989879493,-13.2550296445373,-1.0925727646669907,-10.068839273237227
-6.607719548712235,2.128826253046835,-1.532551776582583,-3.4306935365481395,0.4355864142830818,-2.8385110507385702,-7.433817309753145,-3.585269833387748,-6.759024399138772,-4.955215577372599,-1.822504880764204,-13.073765526237224,-4.138154896603138,-10.484721946781706
-2.678352410674609,2.491407165932517,-2.2983536007895933,-5.274295461175624,0.5051331726046677,-1.093802744707215,-7.588682759326629,-3.52578863281005,-4.18069662218881,-4.40958745741969,0.8539171039722411,-11.033313779677483,-5.72402888453289,-8.816010214651541
3.2636701632346767,2.572396352773932,-2.430200395619403,-4.222638157863262,0.9830902764883352,1.6441916127701968,-6.713423254009429,-2.100742043229336,-1.4813301595929795,-1.4213561913076371,4.090883690753085,-7.35037897729104,-4.510396725978435,-5.649125652339885
5.760796236231766,2.4939731643350767,-1.6140513057819903,-0.7578035874853971,1.374831881457771,2.2785012876606103,-5.3733092041785575,0.0139344048152647,0.4672684462935346,2.988492728086513,8.03497414873457,-2.662325953219524,-1.0163014357271725,-2.2574677645073846
4.025725968239826,1.9891905542455013,-0.2090307487329952,3.0798944061398204,1.339524770584548,0.3844578338371575,-4.333234700405849,1.4173904419747003,1.3190923555833045,6.227563629745609,12.242772156503502,1.7210034168850656,2.685228177107362,-0.1069504056471515
3.0115744783721845,1.5302134724596268,1.0512337121566393,5.093808313408234,0.9505506778938088,-1.3357880483053777,-3.945438346878288,1.3024922134350057,1.3155124237365698,6.060833023564743,15.575913656690492,4.38945732550175,4.51426958170109,0.0091865773605963
1.309942344424456,1.0610396873138583,1.5744960520622315,4.502956079818597,0.5873037987567371,-3.682919973688974,-3.846683482215961,0.2771237137857616,0.9871772869732772,2.5487754468387784,16.875478064832887,4.833716717977744,3.900098621173554,-1.3775778552999018
1.4266091919676955,0.8534780327790589,1.2680284829754993,2.394225409745317,0.5656349999750718,-3.607460148635381,-3.264546645357316,-0.1650631343307236,0.7692937917799438,-1.791355012113336,15.865045321051346,3.890004278192943,2.032321055401552,-2.617448161868251
4.170541095442209,1.0238401219543316,0.5525381356307131,0.6836146839489956,0.8366349518144676,-0.5131228829572398,-1.688076471361606,0.962212792273084,0.8256391735963517,-3.8898600197633577,13.470330275636364,3.1263361975764186,0.7180548488582632,-2.0448820885687686
6.420387730807265,2.045558081268916,0.0934220430566763,0.5290865238034352,1.034818083099641,1.9572608113769503,0.7011411826565654,3.225218832056701,1.132172426575977,-2.5168879833066686,11.25632998063103,3.686803464596117,0.9084717642144288,0.7988564440008621
8.95491853825898,4.107429596166237,0.4379733436935344,1.5941697910526116,0.8499265137385825,4.588075287190792,3.241714758604336,5.199330277666748,1.6339775327003414,0.892133051945804,10.44684275788212,5.586702870227092,2.17161596077416,4.82604249598794
8.195896143359157,3.815270981599127,1.719575601815606,2.680656886176543,0.3735502557485047,5.0295347075114725,5.427073385111436,5.791942857346935,2.2965898212146576,3.632428324754417,11.28266773822207,7.943898125991197,3.4354458475529928,8.245565078958482
3.380104007137613,1.0656509357984076,3.5131181813339776,2.9148209487784644,0.0470509760937731,2.4918898159773977,7.288610884913997,5.177026638211215,3.04852841262102,4.0109869143137,13.082430870148062,9.73566761380987,4.106501575050936,9.833439340757632
-1.5051122180027414,-1.99375926789294,4.9021569507122,2.2507515460180847,0.1914486680705915,1.3338322282751396,9.09810043181249,4.485819960200428,3.728180987125848,2.462714018885276,14.758274949143726,10.315688874200228,4.37341520640225,9.491643028365958
-7.453331257100056,-6.145069858270046,4.8219267591565895,0.9450895492506786,0.5467739427207738,0.930002098129152,10.716594033355753,4.61470700895116,4.091828006118558,0.6522248901169743,15.31234375152435,9.385809044974128,4.446032426325618,7.703970244393149
-10.68861259661718,-8.320726249461439,2.632485251316335,-1.1560405429534737,0.3278835155738173,-0.3316957876562927,11.389063078943908,5.329503063157244,3.842860308878012,-0.3683684451060856,14.101193081397128,6.79295254406224,3.708647477487007,4.6574692043778265
-10.304682574916226,-8.052874152272341,-1.3582267632891305,-4.518071638586201,-1.136675756298442,-1.7865494563487625,10.363949456738592,5.503413857197891,2.658682092380556,-1.0956215477711906,10.985254296628383,2.642863890291084,0.9619947459799896,0.1311284787920787
-12.197370470157496,-9.790578898231992,-5.843469074642818,-9.035205915780288,-3.705805384136209,-4.9748643695233525,7.760624211714835,4.20039981771481,0.2752441186388331,-2.8053927899966213,6.471601151599819,-2.323678831611079,-4.2228110598222806,-5.666290756386198
-15.442329388087993,-12.899762520305964,-9.136026346272056,-13.427031272427548,-6.34020976970889,-10.157418173675616,4.6850294211079495,1.5244595296592696,-3.3111974022048107,-6.019296929138844,1.7048664850312258,-6.680305773180763,-10.367477109995937,-11.33965848291377
-16.415025035556106,-13.479225493235964,-10.13291982730793,-15.808534681499218,-7.803953837489797,-11.373735523081988,2.3046223309869123,-1.5435561492831806,-7.607014158784856,-9.813559978566673,-1.9136656132476837,-8.998380153676951,-14.5683602519987,-14.76656073192247
-15.828672753419124,-11.993264954659882,-8.937079016984445,-15.094879654196095,-7.600655349116201,-8.560867443132842,0.778475141594863,-4.047069471393113,-11.568818375090007,-12.58429844852844,-3.39852261936143,-8.861427111429297,-14.534159866634203,-14.649664510260603
-12.925957475602049,-8.743954669580038,-6.658291143299941,-11.936430610130069,-6.335782904609477,-6.219999694854822,-0.7528255043266374,-5.708622682847111,-13.90403669334053,-13.372143239430438,-2.7054210772413025,-7.244665327109336,-10.509942729606596,-11.724667135235798
-6.975642584805145,-2.902818890410505,-4.578981486760242,-8.255556728888633,-5.1837484008441175,-3.1172232627536904,-2.986532717580481,-6.716074896838569,-13.659011186225126,-12.410442765460662,-0.7098724522848872,-5.730471005993756,-5.313559456253742,-8.318575462187036
-4.95917275847369,-1.0889703893250184,-3.379393336141902,-5.800086048529364,-4.934977094599248,-1.938905517055297,-5.344305993262436,-7.043097537602518,-10.786586670363365,-10.539245310052218,1.3167321807299572,-5.176246267449207,-2.3248081446243445,-6.524970794349276
-6.998312910244999,-3.617377765214981,-2.984046476189627,-5.041036983621678,-5.458755037118488,-3.518565952527972,-6.289962704966667,-6.244609916021744,-6.327995961607755,-8.341977078867714,2.310661606878372,-5.120798813646682,-3.078452982023184,-6.664655620208368
-8.575995696535307,-4.656566886172825,-2.9758292895416174,-5.306098748293352,-6.005858852413796,-2.3367349257381838,-4.957602288969866,-4.09780371955723,-2.0216515605552225,-5.973683374820425,1.7585982655140984,-4.567896612603686,-6.4067331356122486,-7.428002211360664
-11.223021204763326,-5.606042012039404,-3.0562129243444387,-5.772489727094623,-5.989311735756344,1.0019325267802717,-2.4090169546589197,-1.384445729486365,0.5316150814987477,-3.664016734608709,-0.2006769973162656,-3.351422983832017,-9.639239262678249,-7.409089619299711
-11.21182753545741,-4.945707795715716,-3.138394762099676,-6.180950755107412,-5.4700577327926965,2.3747413009914724,-1.0014257335193393,0.2335078825663399,0.7158688747842819,-2.0354186374102827,-2.7571131033604126,-2.575701795005622,-10.639765941210593,-6.417235110056085
-7.7692972783464,-1.6946691178799558,-3.1399672934833207,-6.614932609986491,-4.922812062557012,2.523650324632848,-2.2490785946104737,-0.5698327174805664,-0.7706782259956722,-1.6670291177384715,-4.570048989733655,-3.510152569907929,-9.008468964248896,-5.34020886325299
-4.2799370074982885,0.2637290337756719,-2.8460938867815773,-6.807891502318043,-4.600239688766677,1.6688003677064156,-5.256591178731735,-3.502596717574832,-2.3881008369378374,-2.355833081155491,-4.3153773487789095,-5.990590698808301,-5.797715217453795,-4.928404724283349
0.3248571211556644,1.45157232805835,-2.0556130165516597,-5.963405479631392,-4.207200845361801,-0.9291863285439044,-7.39261508757914,-6.5871285006387,-2.7744331117427903,-3.0035637643447357,-1.5490028649818273,-8.06656579579218,-2.4005721619372618,-4.925637095921875
2.7899910732871787,2.6864724512276905,-0.8365716013639934,-3.454240790969199,-3.2504455201500573,-1.183841346993657,-6.648420206354533,-7.5287008263393504,-1.588234859463753,-2.3918964437729744,2.7789548543067486,-7.491937642409378,0.3280217415665413,-4.428410500577769
2.4752857242324486,3.3052787651832625,0.4401508909008658,0.2970059000911219,-1.6941426352162052,0.9997015596543748,-3.382059987439604,-5.400727495439468,0.4916664344962194,-0.0883909738136994,6.840851814692197,-3.770320993370858,2.247619439904092,-2.935738311622451
1.607464946983272,2.928362677669746,1.3893484643951104,3.786394018534836,-0.1898883561060067,1.7413726714715188,0.2394034036703999,-1.2244779393782117,2.5877776530829006,3.409252430014376,9.293555136218435,1.2152378857728623,3.655864033259367,-0.8547515471649342
-0.8140509057485258,1.3919803454370014,1.9527775464535253,5.480108465582676,0.4502370641030095,1.8091010608234817,2.4270771539429488,2.9639983407399058,4.482931751198049,7.274792489652207,10.31885106674318,4.67139169992748,4.953256568753337,1.0444132035522342
-1.3099177774095678,-0.1899553332863649,2.4175723503235598,5.05157495538463,0.0817591611861563,1.7058666211306914,3.289513977046176,5.643470877231206,6.648956094517402,10.843145522657396,11.247640478156075,5.139035585710635,6.357486953868348,2.489617591554212
0.5030068240890101,-1.933256356254304,3.029626718488938,3.626117659715979,-0.4692692021461509,0.8365078659362766,4.20356276547337,6.620659609121273,9.383979359628608,13.418469729229882,12.996775605271669,3.468435295891632,7.634347100483196,3.81658714857684
2.120907125719781,-2.015957652333914,3.5605326400028616,2.7649309933806405,-0.009649792700074,1.3291211993459957,5.897557765625464,6.615261958173804,11.969161460959892,13.907954018075811,14.859681876102687,1.732517708350117,8.01378851859846,5.199554167684257
4.435328874731432,-0.0113904549029004,3.330968696094007,3.14168096707597,1.9930519053889677,3.2398436185482344,7.441248775115105,6.249421123798377,12.870335818246756,11.25752681298628,15.011775076309869,1.24503302364714,6.586618352211511,5.988702015611771
4.064568887661031,1.0048343811205815,1.8225530616155297,4.156447197795382,4.885752861091273,3.4571036382022733,7.259073650388615,5.489677669577384,11.021089699617349,5.742267785070787,12.397386242662206,1.5790633209490594,3.125479820683329,5.118898999150073
0.4837361370453777,1.465645732686762,-0.6113189694630834,4.780611007087351,7.318097551758909,2.2626939591055533,5.013178426497521,3.988956461012185,7.04231707260393,-0.2137308622019433,8.125745079802398,1.3564548099909834,-1.3076948399000006,2.3428710536584325
-3.000640438986224,1.0956760037273658,-2.692069068653372,4.688502487380021,8.336012394288947,0.9273722938295816,2.235694817582816,1.831048901130868,3.113015536886115,-3.105375198787313,4.818087181772393,-0.1833510301322838,-4.706320150663677,-1.0419201331258092
-7.255930309351957,-0.7303113518531483,-3.0962891372627013,4.482870600851028,8.107107884736404,-1.1282907943728644,0.9559640380644148,-0.1833686685734668,1.3825368871709802,-1.0088608752578292,4.348424443462886,-2.455558502661833,-5.422495526345808,-2.98095974916028
-6.487701025074296,-0.0462503098590734,-1.6304944486752675,4.8297219586654805,7.624364201416233,-1.1205302041313905,1.756801514306968,-1.0529119536122689,2.242035295078429,4.394633731482869,6.121229710848525,-4.222126913182897,-3.4519782504347023,-2.4293054608137568
0.3099023663152696,3.1421085052808038,0.4217992936195179,5.5181550295537845,7.663429168953075,1.2764326460616031,3.3124962910328763,-0.4012570734862213,4.029873608169457,8.646925196291262,7.629668582296937,-4.761410261963915,-0.510038684633477,-0.3787556302413035
6.537529521939974,5.005834584096182,1.3158613113871176,5.564136694740062,7.976619003480559,2.732373552804844,3.858935000033832,1.2025788285370829,4.504263248753373,8.003480320487181,6.846891605578337,-4.18954960797797,1.3399829193770976,1.039396287765873
13.676375223248169,6.23218500196674,0.479805698745632,4.337016978439928,7.518016136250353,3.845157571699486,2.987614112330348,2.7447576785944885,2.808484094394064,2.732406442521345,4.176988911357934,-2.7234326957865136,1.3996981392493748,0.6775494926712615
15.655983318049913,5.091091238369308,-0.7553641413694785,2.4984079294155928,5.543891558280029,4.12082335442767,1.873532770809156,3.5977305000379736,0.1921339326108695,-2.856773579390831,2.062485832849873,0.0009300908917417,0.8491741884711168,-0.3459454851461958
10.88988485921167,0.7212591184766326,-0.2164430750334687,1.6114287516321,2.5614253676098486,2.9295827678155484,1.8003059534705337,3.8889769176865534,-1.1259353987708076,-3.982097832591823,2.5645255779267844,4.452915942458432,1.5292527085982692,0.3730278943404626
8.236727749926267,-0.6155734606643934,3.0082318433541677,2.6188139084973816,0.1458232626824263,2.684768046503456,2.678514118430484,4.108094686465932,0.0818974177956013,0.4313063960204304,5.158151450052678,9.90324418152941,4.059504031900653,4.03590124619369
6.067473143992201,0.7798213596974058,7.315599655633392,4.649650421126778,-0.3510956282675039,3.164427516592691,3.173712063406208,4.424650768039815,2.973554524917946,6.682535368029313,6.807945769084716,13.895861319059245,7.041716287667923,9.001175919630558
4.623424243164756,1.329816582040624,9.523430574354956,5.458764207999701,0.91197729139205,2.860014390657647,2.218404480512484,4.452492191597474,5.304268762976584,9.377497939286975,4.342390045871909,13.640317775585247,8.152614782956263,11.726150712776642
5.414282871684289,2.2128936077755506,7.42472494402427,3.294081043039937,2.2241915596626725,2.1382029216639364,0.1713778788190572,3.69899615282279,5.190242572350867,6.006387560301961,-2.857275717410752,8.491202983848654,6.193418930261295,9.66101447174879
3.523500608981108,0.2496925624813191,1.8258744152859312,-1.4223879635155825,1.7214469938023549,1.5293809007492265,-1.6288111270627432,2.2135210263551346,2.495647859932584,-0.9599076188836708,-12.063769182138314,1.1884140820564686,2.25343642442278,3.5899830576640865
-0.7011510290568123,-5.233118225529988,-3.786494722126599,-6.144864493180176,-0.9164994331161213,0.8635560030170695,-2.310228437300053,0.7449197890890549,-1.1684490487823442,-6.19161809892379,-18.9163399426656,-3.713852426196657,-1.0639266830096394,-2.684611664090752
-1.5977773468767564,-6.159629319731613,-5.819508829879735,-8.021501080892172,-3.991042689742837,1.2715733642157827,-2.224988260309717,0.2125246747155265,-3.66159937237645,-5.881139959462155,-20.30168005887861,-3.264624784430979,-1.6612763843517389,-5.1154594456408
0.3039514941328775,-2.920947356176249,-3.306445754395539,-5.979621706581562,-5.056795905425198,2.938646027557535,-2.228016190813516,0.966755482920998,-3.735973217579895,-0.6191230451352112,-16.31546676882483,1.4967309800132007,0.5379458211808963,-2.3645426144106354
2.7102560100407205,1.2678847386466388,1.4576154698663828,-1.4067940306301905,-2.939560283185053,3.712233029168102,-2.4655100787546917,2.492347693058688,-1.7160351904398112,5.441765729266183,-10.05869007587824,6.354480791760946,3.767804156630661,3.3771982887873517
6.68843773884848,8.089097482690041,4.852913979213634,2.991173747424659,1.1943933590989648,3.786051879923477,-2.2166139996394585,3.76625962741594,0.8298060624374939,8.057443452701921,-5.599626201807935,7.300264294683084,5.921262306009567,8.157589600491214
7.4718046530608415,9.766070392191232,4.772028945476712,5.098365567037942,4.637016348483182,3.285622799768487,-1.013007957576638,3.9097276576392415,2.0521465627256648,5.913501686254357,-5.549440420790633,3.579600453287366,5.961687998851504,9.061009944081489
4.510121248378825,5.5372084665600605,2.027221513924175,4.577055161494367,5.164847435203308,1.738574537083372,0.3541943421202065,2.621584169435494,0.8287256779688059,0.9431659715421974,-9.7348319757972,-2.1091098593124613,4.18208480142339,5.953310275644084
3.0265588571432533,2.416887801360613,-0.6662705488662146,2.653573302713869,2.653485780883279,0.5041454017232132,0.297178604629158,0.1896395732613394,-2.6550926740870286,-3.7595707035938073,-15.609432501675206,-6.150961142737517,1.4601025253886473,1.1792290157350838
1.9558453984740187,-1.4130444069479149,-1.0648145581349937,0.9764970124029158,-0.9710658708902096,-0.5030160905909883,-1.968112245254097,-2.743471626253309,-7.002694453837391,-6.305986598887337,-19.9873853267756,-6.852539488574619,-1.535869612471604,-2.23659100349064
1.815263075311487,-2.1756820767806557,0.9221306664757504,0.5420373397956868,-3.306516277371646,-2.0341483291442466,-5.41585716236551,-5.417684156090548,-10.3570098389346,-6.824927061356487,-20.98790033294365,-5.210606751331733,-4.495034531227287,-2.5163287782542696
3.4915151381396763,1.4149353700910845,3.474861260125566,1.3357215212066054,-3.239893936382177,-3.8553989206661856,-7.980557594581467,-7.141381711101485,-11.438499696337736,-6.589983732234004,-19.02384284623289,-3.374719300045834,-7.111925361589197,-0.021442748286347
3.3489194852193718,3.411803309000581,4.540877472429335,2.656289805429208,-1.5283944193539205,-5.589791820317818,-8.36146488234267,-7.49631308739472,-10.238873702686108,-6.665328823058842,-16.24422842168111,-2.585270024720595,-8.845185359473001,3.26815068453624
1.6151828877197092,4.912889630328625,3.4030589449511086,3.692735609386505,0.1176948208121211,-7.279976009373964,-6.987681798382262,-6.531245978477495,-7.865583086020687,-7.224201420279632,-14.801427281848158,-2.4624643842122707,-9.113164140243772,5.243241881060534
1.3411183015675214,5.256450352980767,0.981135221183404,3.979721801574523,0.5347227654896196,-6.797119767973997,-5.206443549440588,-4.768091834102341,-5.627765761980333,-7.747393768896562,-15.153128112519072,-1.928738268074857,-7.697667003941765,5.136355191369214
1.990742735137509,3.390197825636823,-1.061575956285641,3.584256392161598,-0.0945115589760563,-3.829835635519823,-3.700554996636921,-2.916619384555966,-4.098091180052364,-7.589292924367653,-15.706666069382822,-0.5194319621471157,-4.946358859893955,3.959396485288464
4.908974943605629,2.527446909117942,-1.4764772617304107,3.0161684931243777,-0.6965205890922894,-1.0315595685617929,-1.924177488099468,-1.4644466489865735,-2.94347971752655,-6.425101098255451,-14.1982195068668,1.2320852978624357,-1.6407806096311752,3.5365802508972983
10.795506492308675,2.263526169879,-0.0416294706348558,2.9008506576584057,-0.4442313413297709,2.097857518904509,0.8583193156493842,-0.4731559126941549,-1.627795744592472,-4.460243442187125,-9.795179209481862,2.4789336627161567,1.2919403677764612,4.8280900312406985
12.459750450644757,2.1914766610411385,2.505450697582673,3.542734286155253,0.5190309487226807,3.131806421021879,4.1620567019903,0.2480579109798452,-0.2494129348053679,-2.420638281211475,-4.158544638474451,2.9018147445055096,3.0424460150634944,6.941034921205202
9.913537284829408,2.892298060981121,4.900147071125939,4.633215151453916,1.3625447906806696,1.3751745033096074,6.154274598541195,0.7749724148211641,0.3776388635041139,-1.2490453766338383,-0.4137027929695551,2.835092782015,3.150403255503738,7.786605210327291
4.910088537605181,3.2482206281099844,5.892470546111484,5.360105713013129,1.4570056114535035,0.40287692619015,5.088539943504945,0.8795224814865694,-0.4653747010935598,-1.5136480090028148,-0.737148564212551,2.693060134559584,1.726353129731514,5.926691999781016
-4.349853500888983,3.342691213076152,4.819358743967136,4.9252224579181885,0.9367301332204828,-0.4717889377343218,0.9271804054971486,0.2232664877676096,-2.5016819334561458,-2.892787151842522,-4.561217299338015,2.418006006081029,-0.4748810415237772,1.975941425481662
-8.71143562670421,2.789340957588273,2.0331184884632325,3.126499631909345,0.4149200602937022,-1.284947111077112,-4.417943724523711,-1.229558941394182,-4.433789942518965,-4.279322204247338,-8.970069327162957,1.54033327978836,-2.33695740855301,-1.7961303999057965
-7.765775575693089,1.3089212919112847,-1.1827427063369225,0.5328001263347952,0.2250575826229927,-1.460334910786769,-8.424778922639659,-2.962700329563681,-4.933722485685216,-4.6140113139845536,-10.98107882320181,-0.2536140039931318,-2.987089790840461,-3.385175590902602
-6.049509879841945,-0.8121401695516534,-3.390509288858937,-1.9304257222757504,0.0295879123598279,-1.9779447863986463,-9.62735854149816,-4.096364235611604,-3.76968026919519,-3.790143362746969,-9.751214158531358,-2.648934538311305,-2.332312787290805,-2.7482106689964
-1.3090765171425611,-3.808254543293846,-4.021762534016689,-3.654744569517488,-0.7771352832674028,-2.651716886815344,-8.23423160360159,-3.939193012984205,-2.0016005005974264,-2.7189138879342742,-6.855747701373046,-4.786855304175006,-1.0648695222597322,-1.6964465713488188
0.2351210868392171,-4.983688718397507,-3.7709643372276505,-4.68945101647946,-2.289823031347794,-2.212684588478593,-5.471483961568941,-2.509102956042952,-1.0266752852171948,-2.355048896529027,-4.547154636760833,-5.824135101476196,-0.0607760385271198,-2.112763536278804
-2.0266977340035126,-4.127094348712696,-3.88405512748456,-5.445013549199952,-3.764487774735784,-0.6727256759005166,-2.539230572771274,-0.5931385523198376,-1.3278533449712349,-2.5656015452671417,-3.674218420604889,-5.481073591510056,0.3684764380356675,-4.210782386452022
-3.4416949659827134,-2.480354017174216,-4.897636527259162,-6.074488401280649,-4.134093509238587,0.0526255370069416,-0.1098670697005452,0.7695903208772545,-2.050853253742619,-2.0348533126705624,-3.116650420193928,-4.150213491108948,0.7246866397467997,-6.453055598951444
-5.521348728224671,0.6952472776293027,-6.022992216011788,-6.199352242637979,-2.925366424745055,0.124228640896959,1.5373663193544391,1.024017815871309,-1.7669869914399134,0.5383475547802856,-1.1078919730879822,-2.5361075633137045,1.8107427758149883,-7.089108644762069
-6.11607001271733,1.9890904300842425,-5.8481163175279285,-5.317594975112138,-0.7326617100853873,0.1062976324976018,2.3030387994280908,0.4635541483806848,0.2854507330428655,5.022166300781956,2.88893270181814,-1.1633126257210673,3.866400203242757,-5.743167745555401
-4.588477680884884,1.1325104630645573,-3.751109590605892,-3.498394672696856,1.1902608212608028,-0.389653323780953,2.3512302091563937,-0.1001165588663193,3.5691090252365765,9.638984860970178,7.490164496829955,-0.1460459914212108,6.131381267131594,-3.5757939243190773
-4.975855670752468,0.2470721289885589,-0.6569549661940179,-1.5847191522415591,1.8616166482578,0.2568224427489211,2.2447103301787745,-0.0783872307922557,6.707907834890775,12.289806931849927,10.46894395205682,0.6510958415955219,7.310638047225975,-2.0585879554658737
-6.796310457225513,-1.5255779528361189,1.64447869354013,-0.5694872542264255,1.2368835517914585,2.15674805484961,2.691022216884152,0.4132847099569718,8.549614328429067,12.23018494028855,10.60061939257352,1.2863681057716023,6.634921716882966,-1.7153646502980484
-8.134757632845668,-2.124465959021133,2.0016074504791384,-0.6935415268232639,0.108827052333105,2.799510683613575,3.950698245515236,0.7677174431290394,8.884432433160626,10.515066013034996,8.656655145255048,1.6152837537599574,4.612704516015033,-1.9984823842653032
-9.623324038385924,-1.2437602283640463,0.8016700077780228,-1.1996089023537788,-0.5842326454208848,2.427055792821434,5.513563559078819,0.5527389904077937,8.295851271428663,8.813817336798753,6.735079927351288,1.5159630812908715,2.745046293867452,-2.1363297039699773
-8.379998778551169,-0.8458174927356708,-0.5510817422455081,-1.069720480738582,-0.438892341903065,1.5441852100246871,6.504464323555559,-0.0392043042690577,7.448128547985321,7.810348971855765,6.562705285225107,1.215933634732156,2.3533716271167924,-1.846021866449341
-3.9088557573508687,-0.4190961083950497,-1.0042628956533572,-0.0484505215125761,0.2274919384563654,-0.3588625115644927,6.503637141732543,-0.3872262883429684,6.558765483925432,6.791408242772763,8.23277604441757,1.2918179349442376,3.505814524844347,-1.2176619292951534
-0.4431100169463152,-0.3470981073802273,-0.7257658740178083,1.0984524895038337,0.7173204062511398,-1.1010647047185451,5.929470201430476,-0.0576366862090069,5.491227852829303,4.775709611527955,10.381018615975142,2.20128976430112,5.012597337541827,-0.2170582029256698
2.644355038421552,-0.9143836520884316,-0.7012754547835258,1.384182762037062,0.4991255856412131,-0.595813950162436,5.51961880484786,0.7703256056001824,4.216288323260976,1.9243694451893656,11.524105824478074,3.7459989593193352,5.533106696947211,1.3168131686734077
4.632542507879449,-0.6604658239064847,-1.570822189280291,0.648450981156889,-0.4055717919364299,-0.4825896636518851,5.416969696124012,1.437831448084924,3.039242237516804,-0.3136244860763029,11.322242033431449,5.072111864914285,4.807506573004115,3.0971894203924477
4.639303540271692,0.3185597746458264,-2.891794661700256,-0.237651968817647,-1.4050723847958453,-0.2919095459407883,4.859852572705447,1.321617312749673,2.313372942430112,-0.5245771574197295,10.697579121360429,5.368093242177992,3.873985906155346,4.133624724827627
4.547881335489633,0.2433362873334281,-3.5006353174795253,-0.2362935465106774,-1.712609756446262,-1.0829256326714758,2.8906256106525303,0.2647648864543648,1.974534760669865,1.2334003399369569,10.811802934854674,4.669282079020843,4.040485170477336,3.496666423050124
3.87544037605866,-0.7271739777407952,-2.560242560965457,0.7911457741844661,-0.9462644056622268,-3.1531728068102005,-0.5865905553875983,-1.3769983584226706,1.4636545468828697,3.362644738625604,11.886963007712009,3.9219911297629455,5.531347577637362,1.493711689239622
3.313379047196989,-1.9161136462168216,-0.318271426789404,1.8732623083985651,0.40112701958952,-4.610623274834806,-4.4876984398534105,-3.0160220286994965,0.2003691451320874,4.083310927378932,12.902944334510718,4.088299278264186,7.050491020315997,-0.2123599242433829
3.1456011718425314,-3.667100275427368,2.0101367617395054,1.754534836546048,1.0380516761713978,-5.7059670424824525,-7.333734351125123,-4.179824589890506,-1.8276555258598743,2.836930805896009,12.382659723860163,5.05745811363148,6.699083382869189,-0.1297217769459557
1.6651557140890758,-4.074760054285656,3.027031873629697,-0.0484079443164993,-0.3531164171317678,-5.31334454433187,-8.379158130414858,-4.694264879024836,-3.943697132798397,0.4284560841945446,9.574155251002692,5.465169131417523,3.4905928929289844,1.218568022167771
-0.9698470702809052,-2.941616314330256,1.9780348396964005,-2.889017131899841,-4.042749306870502,-2.942373535972292,-7.9874952862552675,-4.622842012876314,-5.2599091688181865,-1.9937505801760445,5.09232370784826,3.7542790977895897,-1.8047856772954185,1.2452995854373723
-4.801116380784549,-3.422720684450284,-0.8337226607652415,-5.521659196682274,-8.686471284612338,-1.323251732975286,-6.956661570685709,-4.05792896385272,-5.3208211231012985,-3.876922763680193,0.5780739296500945,-0.3843629700985012,-7.1623505935136045,-2.4067598783428155
-10.208911963030214,-5.211100344489494,-4.141723218754333,-6.946513812748565,-11.876949990077174,-0.152784360945076,-5.580528584049726,-2.9780048615592705,-4.374378775499049,-5.216406834319651,-2.3300227459082303,-5.498490268708747,-10.695441666033886,-9.211183794591165
-11.839209006526112,-6.572057739734277,-6.2541094660346905,-6.9046652205958425,-11.624693338778666,0.3033574655522117,-3.470630614655001,-1.3437991117090449,-3.12589330139128,-5.917403979053436,-2.9739637109310157,-9.309901289294368,-11.806167419989636,-15.51119628595211
-9.362220618133367,-8.028612015903999,-5.9176472132608975,-5.831905277734277,-7.768802636546276,-0.5531558269562666,-0.3173258038582958,0.635566167282407,-2.261087216705361,-5.626606553472747,-1.947562863464296,-10.331588727497577,-11.270213132342732,-17.340437931811522
-6.360827097561259,-7.3633296901068,-3.1712649115644904,-4.51425583151602,-2.230313977647205,-0.5198179359584081,3.257408876760433,2.3775684385540337,-2.095226322250717,-4.363400081086516,-0.5079132919922968,-8.836101842395422,-10.372066586442568,-13.898090183278764
-1.5301587661757514,-4.145150242507625,0.4197226015907862,-3.7303436168805777,2.170543522703457,0.2281949900798643,5.74953731487367,3.18422792059386,-2.483007812094249,-3.092837037757966,0.4176574024174799,-6.482961267163481,-9.92866831256504,-8.377893538988165
-0.8423109417248912,-3.112580093746295,2.5983682927174803,-3.979641391213776,3.5132055577150845,0.2161076825149959,5.832969341826697,2.7334411057993435,-2.944014818886851,-3.251755954680551,0.86068515024885,-5.063565514545129,-9.95931362407956,-5.230656438110877
-5.158461313613839,-3.909059485917619,1.9728015451824463,-5.300031001282909,1.8919790890418628,-0.2169910426896477,3.5073786170198966,1.3445033709833891,-2.9472809864434177,-5.419876039040629,1.5808420765452476,-5.40354629818658,-10.0590911208339,-6.334466069794527
-9.162702988025508,-5.622563985283587,-0.8684540617924288,-7.230339282872638,-0.91011485805509,-0.4435634940975278,0.26191334844534,-0.2689974670939534,-2.2829694556182742,-8.474166751724793,3.200662816097085,-7.085288124271981,-9.92860672583518,-9.595282587924224
-14.415574485276696,-9.26629763794067,-3.7427168773789914,-8.986187803349695,-2.8288059350602337,-0.627702556467727,-1.9455949436729147,-1.5235465863585196,-1.3012086160098697,-10.277427642716985,5.514038504538205,-8.897320753144816,-9.538360758343194,-11.152910074937957
-15.01241495531954,-9.768392670188003,-4.612134590175702,-9.795103907276388,-2.883979005711649,-0.2886445888660798,-2.0465449389261403,-2.245171773298056,-0.7316356781458042,-9.42804619761609,7.639069083719317,-9.538161533662995,-8.929854173446664,-8.959572887815979
-9.782726253085626,-6.912218509955125,-3.231995523589304,-9.209793657541642,-1.550217105555113,0.7212787303231055,-0.4574182023673567,-2.478875828187067,-1.064266099150947,-6.451986049874833,8.888666653545092,-8.237460729634531,-8.055638931763554,-4.361797271403105
-4.866879974052794,-4.134662102063295,-1.2156297760166477,-7.244471497258468,-0.0628824450872993,0.6494175647433076,1.4689515324001208,-2.1506062389457417,-1.9554868751451215,-3.303732116479047,9.51850722107774,-5.165829149298327,-6.912829276119435,-0.4375452053401547
1.356522644787603,-0.2886902157423503,-0.4257847046856531,-4.322251251977969,0.614571048534923,-0.4729917199368809,2.551564436011442,-1.0544350643207911,-2.2855713908058046,-1.672538445122982,10.608075636798617,-1.4641963556344333,-5.747644406932588,1.015675880794428
4.485345317959835,1.2559200684762362,-1.1809394671046625,-1.1207262163293872,0.3551620715900134,-1.1043893171918002,2.5234190904200435,0.7918889406574294,-1.0043333712303055,-1.6906474617207343,13.157024355488453,1.3183656869340123,-4.922265670484023,0.868649654269332
3.3212298990276548,-0.1483874799753817,-1.9658371665978067,1.6247736860199835,-0.2861648470156996,-1.553523223887727,1.9544896753527707,2.869348100153408,1.880907774784966,-2.1405363926017604,17.205350169768145,2.252682771190579,-4.425643170688479,1.3080711724562444
4.929478986901867,-0.2028451429925861,-0.9128339597461156,3.359911628776333,-0.6113910687224475,-1.7302983738917113,1.6279509816391151,4.368802978910176,5.101144467546356,-1.767980520117629,21.71412434569166,1.824719799295475,-3.5638123970558264,3.3850211445821152
8.192620336918564,0.2724507409054311,2.3488624643627416,3.9600572603559394,-0.2371167336400832,-1.3673229640678295,1.9521654571722795,4.768429331894367,7.012352400769201,-0.3548362446096096,25.215120117686705,1.688496830795212,-1.3669677150286876,6.014819563445917
10.372789453151134,1.925674782474441,6.206312793548843,3.854180885132151,0.7448384496308513,-0.2863156885093563,2.766200037671048,4.235947529480314,6.881833827438494,1.365967544111835,26.631340696581063,3.334553947577928,2.4553233110111687,7.316195322217334
12.479198854083592,5.532845373820586,8.380873140177636,3.86654327114875,1.875620571159411,1.694667015630372,3.525233524723801,3.4683161758000267,5.466434195393264,2.650274033255378,25.706501341177106,6.721621220951226,6.915697346079211,6.773340678695069
10.922951667743408,7.515866273883487,7.851113335151223,4.779371032640259,2.63646067090115,4.374405326871401,3.688744109154034,3.1352778755100537,4.377734141585632,3.4936945512540154,22.95079993612988,10.187058434037024,10.29005197407691,5.955854098543515
5.090205157206903,8.093268673148449,5.6901601101080646,6.864488990931075,2.8623736808955407,7.898305733630199,3.1372157098917084,3.4462544984917605,4.7900310875577965,4.503738055098226,19.324694328592305,11.884177633076364,11.52451211081052,7.050748018009937
3.450901184267426,8.58271505445992,4.13857781178548,9.717026915867851,3.006722059035177,8.851352497685616,2.399155288910219,4.175542782334731,6.570935913330195,6.140056910619286,15.821574940332276,11.4834593301106,11.21642875225364,10.63835444913196
5.5656620223977225,8.275668414352673,4.7511236432709945,12.51566179986685,3.911632658944941,6.916842976474727,2.420630547705217,4.997745525281667,8.463740413374278,8.116624581313605,12.97936137392886,10.458605099893813,11.054618175852765,14.86168196373919
9.879026503497297,10.486292993124112,7.160084192277324,14.482995183211315,6.050774025716906,5.443417289727782,3.82113795443868,5.721773329399303,9.029204809575235,9.50109016096632,10.483050636977538,10.555106890224309,12.032053229805957,16.807666222475163
18.32987313054298,15.531585636731505,9.397517296019728,15.172133764202336,8.80566326223029,3.643102743035226,6.091411125209451,6.207844930959487,7.538710495888847,9.372158082163727,7.245926933156886,11.862182055882744,13.12391236763374,14.881283933449204
20.344732395402907,17.15701466919277,9.432607138782789,14.438458852638504,10.567318292169814,2.6934725478899093,7.509888584375789,6.1588602749507535,4.255466811195907,7.471932751220313,2.206193199056628,12.435057023292844,11.952710109229898,10.09757820478729
15.484183222867962,15.797396195140298,6.679007556803563,12.320891652702397,9.858017615893004,3.191842861331468,6.158655221973667,5.146103193420446,0.1400688759031414,4.388669277000419,-4.564282803555105,9.994100924979731,7.146264162735745,5.2361900286327145
9.717412426772894,10.602591751647184,2.360088670375428,9.121907438706428,6.650729194489984,1.43925802577234,1.448042782866061,2.967062816276445,-3.645048430041469,1.2065664414019517,-11.382514346344667,4.188111452652866,0.2663876550399324,2.6861585986912777
0.5290619193892,-0.0082015362317593,-1.4306441412767723,5.611702739708305,2.661973958569232,-2.310012144764749,-5.092140390662412,0.0182931336056175,-6.1587388778312055,-1.099302471248384,-15.775620518756078,-2.7174971933601304,-4.745785186986165,2.8607896196869627
-3.1719104436317105,-4.296238622288985,-3.169151994760967,2.931876683412568,0.1790145953818931,-3.629648868383234,-10.564094696073637,-2.74862496942903,-6.974581617085896,-2.136410912780015,-16.187972686296312,-7.429134996849709,-4.5053723317845655,4.410960906445194
-0.24753517634005,-2.173479458601627,-2.7745356068402938,1.9592413123074277,0.3222851588165836,-2.929977462998352,-12.544441847136625,-4.366971230572333,-6.316218128441728,-2.1596974783217817,-13.229375361166564,-8.090825223055209,0.9201689086235184,5.782739838215959
0.4694367507024767,1.6031530722360945,-1.4002280672693663,2.5419141834374264,2.2329300309421907,-1.0219250547580816,-10.617279145790288,-4.482895005838176,-4.928794735247589,-1.719212298511522,-9.346222681887577,-5.496796071036796,7.772412675491441,6.513273478958822
1.104212176063772,9.81699865436458,-0.4688783967140484,3.4066514734529543,3.8888672290249127,3.031337354136073,-6.4639553422980764,-3.545326421947384,-3.665080350538141,-1.1922823487047598,-7.126742422268295,-2.178185497696078,11.368519899178011,7.081322945155576
0.1740192410202558,11.258581926514855,-0.7349964013163701,3.053459341357106,3.80567333657022,3.902010113189737,-2.583417754017665,-2.4193449335813613,-3.0224503230543984,-0.6234269365985163,-7.665879180885778,-0.3952333044100671,9.5512266947355,7.680380041107478
-3.689009956411799,5.030138347106591,-1.9776309950938649,0.9606214801593702,2.142024135682993,1.3294683696436909,-0.7286827058224024,-1.7872929058333409,-2.9791640349658106,-0.0278724957249645,-10.30210430528131,-0.7953151599221089,3.9464547633995792,7.4216180748521055
-4.931800012824965,-0.7692893263655541,-3.3699639716645624,-2.016074361354069,0.3481851711395256,-0.4631073390424869,-1.1291173937840862,-1.8190732605279352,-3.22541713758468,0.2057548709346246,-13.681272140092675,-2.5707096594877115,-1.793805129746776,5.0294572131043385
-4.08141168811165,-8.836942425297343,-4.1302598184353165,-4.454070620717728,-0.1823027446809937,-2.6422696728265604,-2.751831156354016,-2.251965847172031,-3.497511234223968,-0.5866134882529916,-16.888389116730302,-4.509817228835098,-4.935854019044237,0.4516084863371774
-3.903582467972512,-11.492987389625917,-3.99179632423726,-5.580950898282165,0.7848758798732245,-2.946485823825646,-4.125678175563124,-2.653229539082706,-3.654925660664995,-2.5962609308620905,-19.56052327732304,-5.804477557910339,-5.208017133854444,-4.355536418242279
-3.4875709368635763,-7.252862131364476,-3.257547468524277,-5.6973699018596005,2.3242314042602503,-0.6346886279356858,-4.142062239706795,-2.619348158631009,-3.5049085703498744,-4.824250473316646,-21.21349914226374,-6.117130233315741,-4.012216709574462,-6.594752426506629
-3.223899432557073,-4.564931305205925,-2.4983941292502365,-5.495650061376376,3.244525997046039,0.4221934813530204,-2.551697340735077,-1.912858864950623,-2.7470277771200733,-5.374258335958636,-20.982561719269,-5.307321032655208,-2.6289305767440108,-4.960214386562146
-3.4340245165625958,-1.4201748258387763,-2.1455689665130464,-5.176691431349395,2.959657155656508,0.8296060045507497,-0.0895732419833619,-0.6401745196395181,-1.2965937762655797,-2.93751806481988,-18.467677725522226,-3.417014187110421,-1.3738849643296596,-1.0178352210557051
-3.851814880534515,-0.6975273343205044,-2.255698932049329,-4.431565263043099,1.633707537840555,0.8072871883573709,1.8364582022319824,0.6188332159155552,0.2817419779940424,1.659499404747998,-14.911467136927516,-0.9722742108960448,-0.2721196268119414,1.7931583043370551
-4.700953778033444,-3.8509768237785744,-2.5866426271808534,-3.268245703419602,-0.2965802460460558,-0.3294570883141289,1.8957994507067144,1.002125051975007,0.8269854333742019,5.436313205051586,-13.174837866307668,0.886858208726737,-0.0437551555466326,0.8126757989279589
-6.669784831819514,-5.023261212010524,-2.877442735174294,-2.573357511885855,-2.5590329631417843,-0.8068909573134726,-0.2688305661108874,-0.0451715567823369,-0.6305940251738731,5.239709764065318,-15.912768624559195,0.8792937495695385,-1.924903080324984,-3.805948513233476
-9.89680875226414,-5.156544976345512,-3.0562005589279733,-3.503443748064884,-4.976762222973268,-0.7434059205921598,-3.5777247658899025,-2.169636725762059,-3.871955732983981,0.3351173535424703,-23.195308726542088,-1.5065381472805297,-6.278259864511659,-9.390269725817523
-10.575513127511792,-5.106958457764768,-3.178468469106358,-6.151879752384843,-7.101657351727097,-0.9893449227941444,-5.943971989569004,-4.090744722556879,-7.217554542444843,-6.610028956182179,-31.720957355712443,-5.365827743506598,-11.48846816613606,-12.96198329164768
-8.59661140340701,-3.922514429622553,-3.1924114847127343,-8.939222849807198,-8.155837702766096,-1.2333030791742876,-5.491400086639963,-4.372736089048775,-8.452714686716998,-11.20482561378502,-36.68327379623931,-8.655765477579969,-14.60588968469822,-13.34044881237584
-5.45374285141903,-3.0864172494401823,-2.841614812429535,-9.627276292713798,-7.554378182209654,-0.7040478945302053,-1.8327847667560395,-2.497569236495826,-6.405444477877778,-10.491578049819092,-35.11340817116639,-9.40750286917444,-13.534421303034495,-11.45040045810775
-0.1760683607939485,-2.492071423719103,-1.8889162973601716,-7.225556591208969,-5.5651480221179135,0.611241790280594,3.483355582583895,0.6047565112818243,-1.9622400627277043,-5.083801384138062,-28.09963202960207,-7.097035936013667,-8.894569723372188,-8.959570722363681
1.4867876447519448,-2.0246964912807903,-0.4661003574832838,-3.0215730252634945,-3.354297750635384,1.242381462133659,7.771395563557897,3.055312925407719,2.376324566843932,1.4012614131016332,-20.01577438495621,-3.1166141976330803,-3.7484437183077417,-6.803220621076493
-0.9175809479058852,-1.9842795282385712,0.8622345458174454,0.3357356134977314,-2.1885031134406603,1.2761921241131535,8.833513062637975,3.256649181346921,4.188180870024011,5.087214228833881,-15.25191043326328,0.147980635540688,-1.2314073648944714,-4.9207991171646
-2.8201085235001684,-2.410504316536008,1.4909134066903698,0.9658407154776718,-2.438592244928832,-0.8618650920196955,6.3607646036366265,0.9863278341427896,2.837261340129068,4.54174159391637,-15.00231963776876,1.031025446683448,-2.098789321638769,-3.1027184680035
-5.577981149221864,-3.4414217422588043,1.295041223602591,-0.7816267881138748,-3.3321711928118587,-5.6964860535167805,2.1206989303006374,-2.4260519943060617,-0.1238970253153084,1.4138245004263357,-16.677310622126292,-0.2639387569282232,-4.360155930091933,-1.7730295981931563
-6.315153201217077,-3.850592731483556,0.7375826669161563,-2.797594502645154,-3.738568384096654,-7.443624454527852,-1.2599804718317662,-4.963329104337017,-2.1986790110453978,-1.244096825648485,-16.376067924225474,-2.072653031762129,-5.2889821348219845,-1.812383148266142
-4.247749073388364,-3.6154531394152873,0.3867699953620744,-3.1091785614379965,-3.2505651086843117,-6.245206259175872,-2.073123694274184,-5.22321659479957,-1.8715259448921584,-1.4273159413334549,-12.309865168730663,-2.8892360908321675,-3.896799163048785,-3.665742228079529
-4.251653215871197,-3.564870887041096,0.2966176976358552,-1.4589449699549275,-2.4971057513948827,-3.423793212953104,-0.5513870192009938,-3.258398216977548,0.3311499235160386,0.5437682181857122,-6.257036114435811,-2.688877150353122,-1.5582656020099304,-6.700751518710675
-5.636700306858997,-3.433338945028851,-0.0707821117900209,0.7515380953825312,-2.366027299247444,2.403187110824813,1.625089837197791,-0.3946439702447826,2.4931339850424585,2.725898342813409,-1.8290521862904905,-2.6556581939301065,-0.2913717579325529,-9.428282491984804
-5.646143457451293,-3.1833359577573748,-1.1938027567159557,1.9065408200570104,-2.920567259074168,4.150029277148262,2.875220535614249,1.7979020265087868,3.0727368518428677,3.4098116944323005,-1.1225576015267542,-3.5627603121678586,-0.4899037472560317,-10.316986031671384
-4.935377789877018,-2.891227030646134,-2.7135009200677174,1.565562700812252,-3.143192892615959,1.498099181083435,2.9731016833101886,2.5965239079214406,2.205271722064614,2.501899719453601,-2.768903147979615,-4.50061606913199,-0.4223917337530052,-8.524818960533942
-1.8640262711160949,-1.509036987369328,-3.4029713685275205,0.5896954090078448,-1.8548681949310957,0.1327161639411517,2.94255849362699,2.477198089306748,1.39036855037617,1.3671515998298052,-3.1418014717092504,-3.4580479705612976,1.9666062468361227,-4.210814364708742
4.168628319109224,1.0502971996988095,-2.133342681508223,0.0946653826531305,1.015561637830479,-1.4682591187788128,3.757207370055272,2.5154698540902265,1.907711248078634,1.4352991487794815,0.3647367429623527,0.5617894310022473,6.737274641256606,1.4526072589191128
6.953704908857548,2.1912419461331885,0.9233264192610816,0.3715167488142414,4.048550610171855,-1.3760244768556968,5.118531341882351,3.37885448118657,3.503851572025564,2.87107752226531,6.937061040066059,5.935250099549533,11.46018257329652,6.492440731129102
6.625086714587925,1.9869810102600167,4.029622131844994,0.7788152392753682,5.3007648517172,1.3212417356342117,5.529798947338263,4.748529768513032,4.631819996180779,4.459570631656192,12.95424994636986,9.159526453524558,13.139924788509791,8.811628974968434
5.048657227384356,0.5800377826286056,5.035545777116152,0.5628046541362028,3.841388524621121,0.0282794616712369,3.678521703596368,5.618593958486186,4.007951030876463,4.752934164423111,15.026159942467295,7.640684239057529,10.817854311279405,7.398678127806551
0.7774127051092924,-2.697831839521035,3.1414339010489467,-0.305435465631656,0.5252209627359443,-4.942264687066136,-0.1291193682308158,5.177634235598846,1.945706010247676,3.4292103116487045,12.755822018315598,2.1431915839574858,6.458596080770912,3.36992213522203
-0.2482998633906951,-4.121008068909364,-0.2438155589654469,-1.0850557446407745,-2.672562947261633,-7.361710283618493,-3.883231488258192,3.508377160669366,0.1219835008956917,1.6465637775244697,8.878712281299007,-3.423919407085057,3.3207209916627587,-0.3112977282550613
2.2876725789490617,-3.643751146141081,-2.44422595423394,-0.9804484439599532,-4.170889417027296,-8.220196680924435,-5.365755225780948,1.5254538968037965,-0.0385458336077042,1.04489093511194,6.8180422602951385,-4.930263623278463,3.2812681982911034,-0.7981908617434588
5.066960407778746,-2.800564408809212,-1.6356713018371165,0.1105892286046241,-3.8403760997438168,-5.270113433391604,-3.999708654254949,0.2323479376472503,1.1922817233830454,2.2104667111283307,7.891512454439342,-1.2788133320652113,5.425986264030355,2.274966775091212
9.529415040150658,-0.7081354519071253,1.589750266328072,1.4795197523375805,-2.7688160004996565,2.9181733390454587,-1.421797326669337,-0.0571676725735548,1.9881302279180293,3.919838675543386,10.527918414169909,4.718852471740332,6.984869784698222,6.143276211312663
10.65243720789356,0.7453786926521234,4.599852636493825,2.1587481125664105,-2.0918615219304604,5.679065062697724,-0.2211820595011118,0.1089640346357727,0.6080620832517587,3.8991081932042624,11.955057481575832,8.52426175233316,5.65453099856032,6.927026945184823
7.823197160676831,1.4407239709411568,4.827332343431433,1.6404655493230966,-2.037854863596298,3.3155405778639047,-1.895113376358727,-0.1521730588259764,-2.968335932794436,0.6158794941391812,10.70329829548486,7.267068958615892,1.3296138882421806,2.8790885753165045
5.238408854397767,2.686877983739151,1.89069782498958,0.2292270092214994,-2.0061188660604694,-0.3466171678907375,-5.744010519173091,-1.334830502409611,-6.905679359514496,-5.281381489522564,7.74585804845667,1.684292679955448,-4.004179800369473,-3.9124292209719824
1.6367409611988304,4.061121080262907,-2.056269846537292,-1.1577292480963228,-1.4217448984216627,-7.66926404972822,-9.542917355573874,-3.2334278913104946,-8.983155624065459,-11.087305908212691,5.474484775243185,-4.671515080141915,-7.832922607822095,-8.972935002962549
0.9938613249738004,5.251581405780634,-4.055625700102052,-1.5693126467919551,-0.3815711119997163,-8.75205216005831,-11.246802704787465,-5.202697799567453,-8.329213566529088,-13.748678300517104,5.637526866936899,-8.026202960566973,-8.701246196821318,-8.89978959380006
4.14958860933022,6.34705727642626,-2.7049890234190084,-0.6313734631387904,0.5647118521284407,-2.834998349613054,-10.215777705017471,-6.6215790550739975,-5.899780013859759,-11.899674887697907,8.128605853828809,-6.709907162491016,-6.690219587273354,-3.908778412155829
6.102873787408339,7.140833466250962,0.8160734937635699,1.1692781708108797,1.1575657516019398,2.2868115723384164,-7.134947208137188,-7.117683316454205,-3.385484753003381,-6.670692219080504,11.544068705863085,-1.746973908907277,-2.807988809990172,2.596977017494729
7.876017231861142,7.555278450141157,3.8359674281010103,2.763052087592444,1.7806457512482696,8.91519422905817,-3.1235624744670947,-6.511428667467037,-1.6695963858235865,-0.7179669613882318,14.724919434824372,4.25060129805461,1.8250025931402292,6.8552830903342485
7.736319571417791,7.280533034488943,4.377243358532508,3.2579648663012275,2.97689141389404,10.66751310192546,0.9108696230918945,-4.797340872036164,-0.2938785620974604,3.6281684924884376,17.685937551501265,8.773814108611655,6.258827239120147,7.435300638658719
4.723143135157957,6.186479574388355,2.575872256269076,2.6909255868459057,4.663388130922305,6.046198301745014,4.253737779621035,-2.338448488961585,1.6588582808286176,5.583879888118326,21.11284414255889,10.585508731448725,9.54276435762988,5.676080319112955
2.87135016989578,5.027053632347735,0.265557844905615,2.116290247851554,5.981356962145315,3.4156191749443474,6.206552183948675,0.0040886920785627,4.262211552264539,5.729438121299981,25.12982141514557,9.954829749684391,10.714533165304983,3.937089491263364
1.6089674943356846,3.7150890173152056,-0.7152300531525375,2.791497096496359,6.055809831795887,1.096670704907357,6.350082999233358,1.2167289548847524,6.4165521534692616,4.979260271829249,28.76767686698035,8.173130246628844,9.266066414583143,3.5233437224973088
1.1902705562126823,3.434496059638968,0.0517657961916899,5.017654606585233,4.923908083010249,0.4736117181623147,5.068558746713133,0.8789062440083946,6.8735966951688,3.8645376566207617,30.781897873317085,6.762313194438066,5.6812719535103575,4.037163215013995
2.4037565446640263,4.46309366390468,1.520157724127131,7.660656284535141,3.638995589273172,3.0105636283494746,3.569249333571877,-0.3647341935022474,5.579250785168341,2.6602119487370324,31.00937417493322,6.717664986826952,1.3793885951800586,4.313579219501797
3.052349038002067,5.019135748265274,2.322782130269374,8.92200365431017,3.3647964994841484,3.881971669182684,3.0554213868066107,-1.212115652024302,3.919777577933843,1.8263648697599135,30.808952423491597,8.065807464744841,-2.0620049823535727,3.707951075750035
3.40467895220698,5.40602975926653,1.9576314265112809,7.813708825360062,4.300264902037229,3.737542560053943,3.703099449289113,-0.7713870061799586,3.5365292679366327,1.94243970217342,31.97985172409961,9.944082922298552,-3.784528452764509,2.5293290508316417
2.9719523023810672,4.761394246137323,1.0174729394851063,5.044340094363745,5.451489062444409,3.6545746964222414,4.472192192925244,0.6784881360374424,4.837439723204845,3.07282126347368,35.05829014594409,11.167339347219205,-3.90402269987006,1.512761203379526
1.2765395962201531,2.682086701240724,0.4258512385479776,2.451677630964493,5.447953632297964,2.827150651332535,4.029294880879837,1.993036357922996,6.676526397974055,4.369908969531355,38.57119668565278,10.912161207942232,-3.064737764066954,1.1121192628795775
-0.6441510400264925,0.5418661368860866,0.4871181407427691,1.4246219696932645,3.650078542012767,1.6430812448403171,1.9531803562564785,2.2535618266722643,7.520708510899166,4.61933829558486,40.00308143832991,9.048650851006288,-1.8615403031048936,1.2820657182322677
-3.0806102429953395,-1.975934121670664,0.6103888652352794,1.7236375679315294,0.6210253480755021,0.0149655486803852,-0.8915176833348433,1.565621061429347,6.941742515822508,3.388514238839461,37.68336390589906,5.976858629780731,-0.651813661954634,1.710259084140608
-5.175759648924769,-3.8621368215398384,-0.1036956052564672,1.7675027003782997,-2.3226491068413857,-1.2752637805831688,-3.1073650540203843,0.7991190991718486,5.9611924034643415,1.60272428861194,31.969695701619383,2.277182486886595,0.2959472311984896,2.0683905268838068
-6.737789072844093,-4.826353047947926,-1.977819071599136,0.102923220471645,-4.020763856168236,-2.12516892261846,-3.892466172490993,0.6032218625177741,5.918774692185728,0.7686601427205488,24.745083483493985,-1.4437444053374886,0.7160653083771731,2.0893401199065758
-8.068715829118302,-5.293314281504692,-4.353129558370036,-3.294068501530493,-4.161448104881993,-2.075761350158321,-3.5399290180559166,0.7481218230106741,6.9707075969482055,1.415208581924336,17.759973339683718,-4.518208868557714,0.4723099333062759,1.6338084522447698
-8.862981660085136,-4.872375267246208,-5.997816270346661,-7.011858222581873,-3.377863950910358,-0.8058772671784189,-2.9800766467396915,0.4457534423987788,7.663304221830152,2.2736307760514425,11.359273323982666,-6.336905716990415,-0.3549198440118353,0.8439586285027314
-8.753187001087605,-4.294253807044133,-5.972496988015099,-9.374583977354332,-2.7808011475520527,-0.5303968098538125,-2.8927487271072927,-0.7416186678163985,6.029387321188189,1.201530690494326,4.728968707392152,-6.763956058730049,-1.62555879531393,0.1602837636942702
-7.603208595409367,-3.517245160379268,-4.255439783068644,-9.652902203501132,-3.2131390294312325,-1.16056408164572,-3.182165773320701,-2.3668064731567187,1.3156007161986922,-2.771609766979624,-2.652593984203856,-6.446868312565767,-3.320459790902067,-0.0068485234623913
-6.665760185570283,-3.775087242757608,-1.7003043036558465,-8.313851028986532,-4.631941700327632,-2.1075299066309894,-3.176877578466968,-3.446587025442815,-5.069072483699175,-8.108382652595903,-9.83385841999157,-6.479668506399061,-5.376212332041251,0.2942876952626587
-5.874952087954742,-5.3581536068818485,0.5227683768654039,-6.338384713719654,-6.030718236356112,-3.8670845356331456,-2.2769454416978663,-3.2886792115092742,-10.17064591685913,-11.528923505845238,-14.73597362097532,-7.485401610274338,-7.247578118301452,0.5658049510208034
-5.2294407515747565,-6.005020564438138,1.5138985462812975,-4.446191734717828,-6.077813559412181,-3.98432621873034,-0.4605952964549979,-1.9835549715819532,-11.29864267708733,-10.463915469340058,-15.851062426318556,-8.93959518672661,-7.797675225622452,0.4369941941753499
-5.036928285343152,-5.9929615632766975,0.9283987514534306,-2.912430980967094,-4.1399369549874105,-2.3199401875126444,1.741354303068067,-0.1963311288900664,-7.820794705572003,-5.2143944328854985,-13.79546225866151,-9.525516984173716,-5.973500953092307,0.1989156323079601
-3.817200543322341,-4.054997562057344,-0.99485387875656,-1.87164913168969,-0.9347443599266868,-0.2297134603114564,3.703226074077636,1.3821331100090006,-1.7356904111908262,1.0355318572852212,-11.263398866867792,-8.354182775018547,-1.9041411957453107,0.5618212612451519
-1.5899814294062684,0.4026498486386509,-3.490380443721678,-1.513966254817059,1.8059846258304937,2.892628122835068,5.130103745193307,2.348935069258853,3.4123923877111726,4.440270726662583,-11.310005141791835,-5.947367636970861,2.598474646628468,1.7183583952179688
-0.9400213347759367,2.2718022672264837,-5.439934624327854,-1.8727514727562775,2.530033042944454,4.032629871303939,6.059625957919876,2.52071729872281,4.6422244714570695,3.184565972146763,-15.331553119325822,-3.9964176627583976,4.857193156499324,2.7141428082523347
-1.743227406320884,1.708250022704511,-5.833566455866543,-2.529255086578906,1.0200538007808069,2.851578657108035,6.513259640105563,1.8360692539978904,1.3428255272614709,-1.4381587321512803,-22.296415557555587,-4.029289871313466,3.0880509095599504,2.0127017778982537
-3.0536624354758857,0.3170868102839531,-4.427686942464547,-2.728477229168876,-1.428285886257394,1.3480000186086618,6.274030637145972,0.5358523385627096,-4.384783185323244,-6.220964768951062,-29.63469760112679,-6.134951943096872,-2.1842229757380296,-1.0574343267173394
-5.429723796150024,-3.054353181031857,-2.0859095615952743,-1.911751851935624,-2.958507064229745,-1.2839497041576928,5.154559072154511,-0.5895122074726047,-9.063933737989512,-8.346371365658982,-34.880261311504874,-8.823340921675456,-8.213267816814085,-5.33932296381146
-5.662720872733461,-3.528465117739126,-0.3029972554893321,-0.1366941546552739,-2.4563460225193205,-1.985736988018446,3.526104769298011,-0.4139301008632752,-9.97426081279109,-6.983275599590609,-36.82578906072551,-10.082196262151168,-11.69053137840592,-8.445304618610283
-3.469584425935433,-0.8028201527067296,-0.0751412200000223,2.0542191742825784,-0.1784796813084521,-0.3566655341383282,2.427941784567248,1.70556263506825,-6.719441262654884,-3.2636603807401032,-35.66740246615054,-8.735851176454979,-10.86570260180524,-8.547608688870017
-0.8715669396928972,1.852673962347806,-1.0123678894881205,4.127602996704261,2.6707456451365568,1.651835484480166,2.8613331653829936,5.123985134646966,-1.3044990138719452,0.8621485125281159,-32.48627117505724,-5.122025452936525,-6.6474225431828495,-5.827304014687045
2.9598316279155306,5.590219713276581,-1.569341385570313,5.817288403891166,4.893184678863078,4.889002747072413,4.735577895550406,8.003238519213664,3.214125616843832,3.767570662299931,-28.64782849006887,-0.7739642481055613,-1.917406430773318,-2.3257092293588952
4.609463580318374,6.256511804814731,-0.3458248875502434,6.873817741226356,5.927875609998974,5.436754397808956,6.498708160330511,8.492009202842517,4.576808239094328,4.634039450884931,-25.371123991030228,2.4937809050028843,0.4452706433668627,-0.370631280146628
3.6439075903191465,3.177116186099936,2.606138019366745,6.731674754135543,5.78366093717375,2.846740871429585,6.0532003990943135,6.095417975837714,2.506746537330807,3.4257453839268006,-23.4137719890792,3.4717162831123787,-0.5684167888143223,-0.9412464129448814
1.5094415476231673,-0.0387488823698232,5.64651442759658,4.726265406500305,4.631414615808929,-0.4304391607209291,2.402691012741608,2.0179584517376696,-1.4320517282921994,0.7729930176351836,-22.853138627640107,2.021475446629525,-3.6082085718575065,-3.224256161424673
-2.812903403454982,-4.517211749260848,6.793061792699049,0.8762327696864194,2.649520636611385,-5.459129946141873,-3.315131189182157,-1.835581356518615,-5.064518337117246,-2.1511428151461462,-23.089165146728924,-0.9414391600314298,-6.077330240769405,-5.472615691757339
-3.9655871102721423,-6.194246430726888,5.354260568132993,-3.5439250129422923,0.2586442054551874,-6.701934500237643,-8.363094476459569,-4.246847786674875,-6.9559142163902346,-3.991799058208187,-23.137241273089664,-3.8442205268985727,-5.9241911836188805,-6.257615073024876
-1.5922175063933224,-4.311593377996196,2.5886829891729644,-6.439753659343005,-1.7081132368043122,-3.52856517070994,-10.181184982641591,-5.1904462365066,-6.923542524239005,-3.866034519454381,-22.07199819035342,-5.099817187720143,-2.8312260915057528,-5.1600298400106
2.321719025698049,-2.7143735859759706,0.8218146631505174,-6.241658944368287,-2.362625320828233,-0.051697284542287,-8.060274640574576,-5.189645127489737,-5.531235203330796,-1.9241789713349684,-19.407202555912846,-3.825436894525822,1.8556756046839311,-2.668933181539529
9.232294301694363,-0.2767965332972715,1.707816302384419,-3.106555203524591,-1.4840699962838553,5.17040285447495,-3.4897418115278427,-4.459771777759115,-3.2989097140934565,0.6832384459581728,-15.312816459836874,-0.3568829485839302,6.136516472750415,0.3021773025673706
11.455069178800985,0.65602556642124,4.996365285047959,1.0884591120015958,0.1230863631545684,6.792517266909167,0.9546223112513968,-2.8577527073538533,-0.5116662122953528,2.5074085965209854,-10.65748393423044,3.785019164870187,8.471857791086476,2.850228685304097
8.488516364660237,-0.5597994383957223,8.727919287219137,4.030175472293156,1.1543687261560205,3.9611425651449337,3.2472837081465205,-0.5598419810485744,2.2917896736862886,2.678526176915032,-6.798862001454108,6.630094539700428,8.376904394305589,4.382858670863119
4.193723734829312,-1.4348247153766829,10.639935711226716,4.516763640780935,0.8628427767530376,1.1923498934093513,2.926690703206108,1.5540603078068962,3.975852262595396,1.3302931132433784,-5.027752612420176,6.890179067078183,6.393358271285901,4.83776153427752
-3.408233718819886,-2.686610368454805,9.66095574119519,3.070393995343613,-0.3290228396537351,-2.9700681992195648,0.9793064250537072,2.471867352790017,3.3643782096265618,-0.6532435490926716,-5.828094245538978,4.756309625494644,3.6635996150465218,4.678553696534372
-6.701142643097854,-3.314280799773209,6.403289315573904,1.2383352467372577,-1.2897897052280634,-5.732016170263917,-1.088968178428999,1.9995172809941444,0.3683564446767526,-2.2719297868061474,-8.457321668432996,1.7094597203857944,1.352922571588568,4.45370396927904
-4.968827166949264,-2.954805733573396,2.445938803263033,0.2558641023152894,-1.2929482289273118,-6.407856757518129,-2.287026764863132,0.92075364827911,-3.5384217875858965,-2.949750672629687,-11.297946414535344,-0.6110935919773475,0.1163551185716329,4.110767180559412
-3.1584976919573613,-2.6125243584584887,-0.8506180856902681,0.1532868212226539,-0.7040624255561774,-7.19968010726143,-2.691639576418837,0.0540810477031854,-6.272290913973244,-2.7206007149613534,-12.839145273633598,-1.6206775109758451,-0.1656542294982337,2.7706081822303688
0.676191052534827,-1.9357932439155248,-3.021429671456122,-0.0723516759228743,-0.5878714326850272,-7.225693129723913,-3.2748876308459813,-0.7433163335039374,-6.818007939502543,-2.088827766968219,-12.524640729073734,-2.0602202498160693,-0.1870882466107026,-0.4989412505909918
1.1697170543873645,-1.6699612147379683,-4.296142949145445,-1.463508681891696,-1.6572776276860282,-6.643207049022438,-5.09906536463939,-2.360993683636448,-6.007251512763496,-1.6966721329581738,-10.76038857308037,-3.068114651822817,-0.6058740086672216,-5.3637239191169925
-2.476049083093324,-1.956448465811199,-4.97175941891561,-4.113331994810686,-3.594286815361105,-5.552163833813367,-8.303843552869036,-5.076561932605955,-5.539338348087288,-1.9127642248866576,-8.152876175331901,-4.881867181592469,-1.4223877064025672,-9.686626785136966
-5.66830153988828,-1.96075058276548,-5.083813913686292,-6.9432287704278615,-5.336816920421651,-4.893705909092121,-11.57598390151069,-7.564697037688397,-6.165038146044381,-2.4989414736214144,-4.796893620132568,-6.393563269710157,-1.858791680697664,-10.704285970761504
-9.80625561983587,-1.87069758601162,-4.632238732721081,-8.410531297865582,-5.97376993025393,-4.825306931572669,-12.694098585529066,-7.637119364224098,-6.875850108580686,-2.6125982374479264,-0.3525951547658152,-6.051982493953148,-0.9286072729577696,-7.242364393250888
-9.200394637696348,-1.168037840111528,-3.9477447288601297,-7.620343577859543,-5.402586848306761,-3.87016598033086,-10.055878341710264,-4.311221111115465,-5.96311680834059,-1.313918358236613,5.197575516785193,-3.361517002241488,1.6775403090264795,-1.010614022278265
-2.810457478068165,0.3212170333843867,-3.628489015713981,-5.011816929497094,-4.253159254480906,-2.2348955355943976,-4.164880106545695,0.782177980704784,-2.8953484545555987,1.6405725557249724,10.968492515405812,0.3983942717255857,5.101178509109204,4.436904290365828
2.633378521510505,1.378199561261034,-3.982638429758904,-2.0802578423287628,-3.278556031540422,0.3273840325892619,2.243045455931025,4.285425453787873,0.9133448484426124,5.338346237061636,15.483964992023708,3.000808940787074,7.714678285419964,6.3915931159682415
8.564546361580645,2.1135326154035976,-4.546109190667053,-0.3082669758289817,-2.7726170647350514,4.131593054962292,5.8551895852190725,3.815581382780536,3.2797065211232628,8.128756544154985,17.707613708075456,3.0580289481455907,8.2173457498035,4.996463452334336
9.991170972402529,2.111009605033084,-4.297959947353,-0.093277101958936,-2.4247299517952783,4.925184721589711,5.105778155325183,0.1450389105901806,3.2605504735107047,8.78696930381943,17.876739235775382,1.2573198729368684,6.611123142075215,2.774044598698783
5.375418154394103,1.056705823746321,-2.5559026150800506,-0.5085987792476807,-1.653430288233558,2.5098511878460106,1.2858114368181577,-3.2122060459733,2.0303839856567194,7.534374713813008,17.3593809239827,-0.1010694243601371,4.235974016904528,2.175832334401054
3.8469611085281135,0.7050546446478403,0.2069995688220096,-0.123810947036457,-0.1662862943774783,0.7020529366326724,-2.5447013338385176,-2.837852882906617,1.7525504432412369,5.958726605580047,17.6221192978905,1.0023927242210604,2.76894373920392,3.46788875501996
4.132994914815507,0.9458456115987292,2.4606564808715348,1.7275524378112124,1.6556102166871582,-1.3978318255051947,-3.938262819763168,1.6907029164903022,3.5096728375472743,5.725649661862846,19.15606426858831,4.534538534065433,2.9739064211570714,4.830465207718664
4.30307307664104,1.1584336777308657,2.7153487474529108,4.252699088680785,2.904540631646878,-1.7166718266228596,-2.7093089942006543,7.3304500765181135,6.258502061293477,7.074662017544831,21.183441361120664,8.30733970514772,4.222437025118499,4.362200979388005
5.924851559851632,1.694169328527568,0.7609063800218685,5.692742514300324,2.835895635527933,0.5081329773786084,-0.5662132270102695,9.961142346997338,7.78507973282251,8.427613090519419,22.2665806846656,9.701048555958124,5.124340910483525,1.9320101662708105
4.909756778226408,1.4271261536973936,-2.051354488380838,4.66854470440359,1.5868914360120812,1.3025780194591228,0.686028338237815,7.636776383429144,6.740247653646616,7.587505665986072,21.26010804167335,7.757774131345668,4.626615295238651,-0.8424251851640019
1.1305377714675116,0.2624908902693207,-3.819659833985957,1.3135316486143545,0.20402586089976,1.2331677895790356,0.6059563794415244,2.035476015377613,3.853239534782789,3.639680782268375,17.951373817177974,3.841068032588616,2.618318100873463,-2.2752061352779656
-0.3900225892961301,-0.055684584475979,-3.591372663901838,-2.732454571869516,-0.2154603967629071,1.508219201703923,0.0505634740053899,-2.9570289963772804,1.2555336714360248,-2.0146331700014386,13.138964484072837,0.3570810043369494,-0.28944652860846,-2.180588079339508
-0.2831924012541401,0.2981171592140542,-2.068198283947413,-5.453184808586581,0.4506684362902025,1.494638054151534,-0.0084606929563229,-4.204781209976763,0.645341018449006,-6.41336286260997,8.29339860287422,-1.203690448165191,-3.291119856363077,-1.8219381886020705
-1.700787311668917,0.5904718348733374,-0.9012731137550568,-5.774122959106661,1.2186411201317462,1.1669980735675365,0.5665108985458884,-1.3932606130152134,2.032841015500461,-7.054001799627714,4.992175272341357,-1.113705221487737,-5.5856251838826445,-2.425714787329686
-3.923041792741396,1.131629581035354,-1.2108727950305127,-4.052472320603481,1.0355384514159205,0.5268842390003072,1.1999726609660537,3.2149344354097007,4.095631948859213,-3.6418946364979736,4.213639097206412,-0.5647701566392973,-6.294027510386561,-3.84417472044759
-6.095223763103924,1.1235627247639297,-2.662514090514374,-1.52479963811762,0.0081740416306126,-0.1851121053194562,1.3977690435210386,6.745074452053417,5.551911812266306,1.7127503970959204,5.667372896036126,-0.2562846587573522,-4.701136538263731,-4.737560325367667
-8.632713113667112,0.4471505710762686,-3.908868904166377,0.6210011622195517,-0.5141449388357122,-0.9795830198579218,1.2283835906274052,7.586149017367727,6.087718843476802,5.889838308817732,7.618108762079429,0.0296441984345845,-1.0448327275789473,-4.097772485434853
-8.563185488527298,0.5940182343949149,-3.9347160444764,1.757973082969058,0.7409226923212895,-0.1807724969829822,1.050978082485564,5.864644925894941,6.0628401113362855,6.642384302739842,7.644845884867894,0.5670974022665787,2.8803460854965324,-2.559072399215452
-5.544537102726767,1.4399993293617088,-3.005119508389745,1.7589037742969469,3.498463770347213,2.4453819440120963,0.9744578609306274,2.6699269851911254,5.6144030222741765,3.702187199877253,4.162713078700389,0.7786206442901857,4.347342922832088,-2.061494722561383
-2.56638121186108,2.054364255244076,-2.305846651649979,0.8118556916918926,5.8843287126239545,4.161858288792022,0.7811087877693037,-0.8608844394278137,4.345070812395928,-1.3898219915413428,-2.27507556626154,-0.3953696206656865,1.5918028089071452,-3.972190921027295
1.073999193007678,2.6837679180550533,-2.627437468576556,-0.5238064669017319,6.03376482070361,5.290381211915195,0.4213397258603137,-3.8093289994005417,1.9721900660665668,-6.315165032525165,-9.01743722894976,-3.039015240615665,-4.43515664514978,-7.3356822281642415
4.609739276610737,2.624756462567576,-3.389879599055302,-1.234118182570178,3.901738598561522,5.60338675261759,0.442663872066543,-5.301431355887683,-0.8857822158041415,-9.114381047478837,-12.903697159590635,-5.354863426036587,-10.187158729148068,-9.030062750219358
7.539133596558068,1.6785973141253938,-3.02431630657707,-0.2207279003357172,1.4880995587977353,4.503329419947549,1.704364162385712,-4.609781357967467,-2.8310605630478243,-8.92889959210893,-12.32769097696777,-4.652803420183975,-11.82306042617543,-6.045218847320903
8.731063502381375,1.5840637343178192,-0.4532354720266802,2.863496473761977,1.130442151921983,4.081785377938571,4.492165599295145,-1.7607744402854522,-2.7730213702018816,-6.229751146746988,-8.238937447091807,0.3112845249395342,-8.022679271783769,1.8291211096918225
7.600001025606748,2.220648219085612,3.6780807736041368,7.007373905236953,3.362190383040716,4.164157868101432,7.883571612196558,1.979412001755371,-0.9538912129338648,-2.560082841564657,-3.378327037730777,7.763845585219659,-1.0287638380602535,11.19188129621784
6.4673183204983244,3.179165038399769,7.234228026670941,10.2153841542509,6.302904103115044,3.850410680670325,10.123571729009164,4.543205407899048,1.113854966452621,0.1672100590791352,-0.4398658396410688,13.770731311281311,4.958741410353412,16.9948228652878
4.8973881709862885,4.827760254368157,8.21598854888699,10.802095881022254,7.183722574672402,3.50801586863647,9.859902410199744,4.406923349911757,1.776944891291265,0.6165018897299106,-0.5589566353936419,15.024992452593397,6.712093347793218,15.942241417466136
3.88120115949663,5.277813944373816,6.419679486095937,8.622400129520486,4.691563833435318,2.222999321057456,7.208871243412336,1.7918046623401338,0.4394923215602304,-1.2520008486881196,-3.0383461412203303,11.261872561564097,3.912607913438759,8.770319586903646
3.897065944644341,4.424477199557066,3.658911136094396,5.183065443666756,0.0990353611928185,-0.1498377758615794,3.679716561241385,-1.4396111554021829,-2.13135845191902,-4.191662233925754,-6.154863856194574,5.288449190125235,-1.1964234824403874,-0.2999923206765942
3.104351332768386,3.4738528851726023,2.295417866374692,2.5089938460617844,-3.756534763457438,-1.9125338297752408,0.9939687366423868,-3.263888695637277,-4.4748133435905615,-6.468304961250638,-8.238557227164222,0.709641582739593,-5.761930045428166,-6.44919721514043
1.8445609049341765,1.9770203786828784,3.3089133338786283,1.7050272787129828,-4.708851998755279,-3.212807977686508,-0.1494984356878319,-3.100072212681056,-5.393656054955002,-6.905312505784565,-8.358453274213574,-0.6473769340614979,-8.098952250777387,-7.285025718157634
1.908780291379114,1.1799797708643769,5.557186416256457,2.3728860045335978,-2.809629132184952,-2.9471578043848097,-0.2933825473212437,-2.0685654522729706,-4.503954282471284,-5.4374722970128815,-6.476242806305173,0.4338570270450645,-8.089350797773676,-3.902330149947744
3.181411185812769,1.288722227564124,6.848568061550168,3.241548395573673,-0.0105198392540444,-0.6162484247400102,-0.3629534833141008,-1.6741444301798367,-2.2165240935756003,-2.8719041116034845,-3.2582451421164507,1.823233583363297,-6.441882131747931,0.4682017209513702
3.969413494935578,1.3960823280234975,5.870033894187088,3.333595828658602,1.5430325886044614,0.8012490928291096,-0.6789090860175548,-2.22176569962128,0.5891345924413258,-0.2080675423989291,0.2667817411379545,2.012515480117841,-3.895534802613092,2.917771803395567
4.551120972538777,1.8553137350137576,3.2859666618071657,2.6444671691014108,1.069115924082929,1.5865200030824724,-0.7910483305748244,-2.5563323120613006,2.9419186259998256,1.8838633606740127,3.1133582087293377,1.0978683065534085,-1.0530020704192964,2.6050479423503106
4.208455898125591,2.228880968802452,1.0829863782358586,1.8773040775972447,-0.6003042963112222,1.6500358461209388,-0.1319342036423734,-1.378396982404979,4.148149478910369,3.153347915712999,4.708386039791279,0.236520378856909,1.4209546587099169,0.8257105907779305
2.545634492528432,2.428022194291195,0.7934348599739991,1.645616346268696,-1.9642020659577497,0.3297014648472662,1.3379688921439623,1.2392947923213598,4.11093175509528,3.6314855901684098,5.073407013435059,0.384774773297309,2.8803140508244667,-0.2625410953200173
2.420917016288664,2.372107342287397,2.186520033562644,1.9253027921032384,-1.9929903251295544,0.0926032430213387,3.1567870778631857,3.7267943143088047,3.410479795318338,3.5710800527349704,4.726326768211834,1.499084514651571,3.177512678946073,0.8067602011367399
3.7139934184261074,1.8956312253226653,3.546480130923229,2.1709129593008925,-0.6365717688721304,0.8028680837853617,4.851367640311906,4.423291911989338,2.9470033855683084,3.4674732620696886,4.360893197002554,2.710757164369511,2.959209478345315,3.932357719142061
3.4338122428838407,1.9195595800520904,3.217180305899973,1.8559614604710648,1.3609073472527626,0.73916929260483,6.172360618452274,3.057521874906598,3.2610650347736225,3.899775753179668,4.4850290227055325,3.0890968813805277,3.2313668321152136,7.609257375152595
1.9880921922082968,2.417576940961985,0.9974858603717252,0.8885232379384007,2.9329389451543904,0.3089773899900493,6.796028689773067,0.8059795695976533,4.024580088975,5.08389544542527,5.200180514792351,2.271912118894548,4.437818731844899,9.90307174358682
-1.127181438674303,3.066354396003261,-1.81808259192286,-0.4054016266435809,3.166848586055437,-0.6229724966888583,6.025802877250797,-1.027052184471586,4.195817140990798,6.455964177730294,6.215324405120612,0.5525578761709937,5.946605345430172,9.620297837538756
-6.576580634910785,4.068537109638971,-3.6854267973164663,-1.594224166775163,1.7399045707567211,-2.3276970915377966,3.158171905241275,-2.231342167934457,2.821978690250674,6.786656573627766,7.060004016856084,-1.482539495820589,6.542878398609389,6.971567213129944
-8.878047147281515,2.6375717712004,-4.139306740310573,-2.417119525955058,-0.8182957038904703,-2.8564859995660843,-1.6175271703864809,-3.552594730305003,-0.1351315397330523,4.960982840384162,7.353218144909519,-3.4017533693426856,5.5237026697598,3.310793585298711
-7.969071583460898,-1.4897708708889843,-4.012764011999053,-2.8596568341164925,-3.351186181869096,-2.182555299335996,-6.744241211338874,-5.495240229114472,-3.680487668324176,0.9162336523087048,6.96231584837372,-5.144641776199961,3.341322727082442,0.1445183316182294
-6.836166545848806,-5.4431245742049645,-4.444649116083397,-3.1016866803810927,-4.856831495562844,-1.5418695995104752,-10.024601642598554,-7.504060805178895,-6.516585692561492,-4.046672479938678,5.988168106810491,-6.901934554588209,1.1778635575333851,-1.834806047989744
-4.242649381832302,-9.85012917433782,-5.676142776229511,-3.4351794440708616,-5.273813688399159,-0.5117675435264548,-10.171772988277326,-8.445067638761898,-7.981236978277238,-7.930172690443598,4.68347912611587,-8.775962632385486,-0.0842062496673463,-2.946709715168083
-3.445128498007749,-11.187650797829784,-6.761529052506276,-4.122421243483494,-5.470568409424999,-0.1997307745007832,-7.8406995700706545,-7.792406557851365,-8.338504396645192,-9.227573059115857,3.45720806657458,-10.488091704384445,-0.452919430223929,-3.868888996710872
-4.909035033215209,-8.657306773773172,-6.417891746134401,-5.154944709298874,-6.279554876704459,-0.8244433206676764,-5.105160942784622,-6.159394552906818,-8.182972944308972,-7.726100376206446,2.958090481359946,-11.39507958661484,-0.4686095784440454,-4.808570360727174
-4.871368465813094,-7.111933473970476,-4.204288016172875,-6.06919756016584,-7.435984802038234,-1.0372133471840836,-3.743206292209109,-4.607437302604247,-7.607311860054345,-4.371960699709483,4.015413410787168,-10.86958094062777,-0.414569612864021,-5.294907582493799
-4.0676061626384605,-5.635499543581594,-0.9817160893829566,-6.100719489080845,-7.557744388693422,-1.1154075962566976,-3.845905711850378,-3.560476894652787,-6.04360877171375,-0.4633610092530631,7.240107942154587,-8.791553690183854,-0.0154606654877085,-4.742278249831742
-3.0396771585602567,-4.262833982247709,1.6999220742660557,-4.735331351659752,-5.368468951344163,-0.6713389946042472,-4.001403984684373,-2.5431188205579645,-3.0099323667386955,3.0642342759434413,12.41914987725886,-5.752207407806736,1.085820724367764,-3.164703407135072
-1.2278322763410745,-3.800716380583849,2.7181450226895976,-2.269531260845831,-1.0818386153129396,0.5452723752571911,-2.837098951494845,-0.9583843171549304,0.9807669315970527,5.760789894488013,18.174841548650647,-2.769068953685533,2.679980501973056,-1.2996412443595349
-0.8858110363435828,-2.3179036516184297,2.086865293736196,0.1822183410616773,3.430425222807898,0.930919026107348,-0.4246692392440678,1.0684394773273311,4.362310313461073,7.3804611443524095,22.31686963739277,-0.7191770866258693,3.947619261169677,-0.0240021586029826
-2.1123214988983823,-0.0433832831177072,0.7906802485346134,1.3925264741782115,5.982121590997622,0.5593710443458961,1.7837528343639093,2.773013622549051,5.550366920861297,7.732119903038722,22.849923703256124,0.0723939712140691,4.094775241444019,0.3494129981624354
-2.8863733595580827,0.0401279101004809,0.0090487776797161,0.9249157052542288,5.785889874386893,0.6717809624748976,2.371891597705197,3.624253457161224,4.222396126175688,6.873766445467119,19.07158204535184,-0.1643710723766389,3.011669735134188,0.2321611440549773
-3.663195586940184,-1.999928220661819,0.3668806624042631,-0.5417314121096979,4.003446458586531,0.9993274866202267,1.3069858268251655,3.909490658938509,1.6657111740532535,5.312616697660538,12.053544127721302,-0.9157825283270392,1.3214216856596614,0.2805365956906378
-2.647807340255546,-3.129231789125786,1.665800203386155,-1.779046052027503,2.6370694411335123,2.9079835693835965,-0.0874934328860526,4.297242373987945,-0.1936211328870136,3.7837694142943263,4.152096654187162,-1.631532968008461,-0.1506653075000485,0.7718626914091793
0.6477423570980682,-3.844879196291644,3.1117753831471315,-1.9870471537196897,2.7558284895115417,6.736862122557282,-0.4542384422386476,4.865461338151315,-0.2896757402790157,2.677247758765104,-2.2111338260662112,-1.857254599810073,-0.9430500715070133,1.3718709276930363
1.4545226529214736,-3.4908517668409966,3.789424411986751,-1.3515153210464348,3.623376549157855,7.271666874803971,0.3202212950554948,4.774847719991711,0.814228153787119,1.675166686062992,-5.80072069495099,-1.4070588677616716,-1.1340082207878162,1.3900356433428709
0.0429291026259394,-1.4281915303459405,3.139567410635128,-0.7528542307155242,3.4735882042130024,4.540201053202764,1.100366707351081,3.1013088230078614,1.5026136545000115,0.0515294642176389,-7.096748953146912,-0.6170645794106858,-1.158174825639727,0.2287928300847537
-3.6963100484798126,-0.6700418978627887,1.2879343259991796,-0.9490318101108262,1.2334511760190825,0.3298090542228026,0.6976727655376092,0.0222982414932619,0.5159333965541038,-2.5524508140822952,-7.7530935685675635,-0.3626138576372977,-1.514485801666808,-2.2587940497924617
-10.936588916351326,-1.0008301874633574,-0.9207927222884535,-1.9506856571454136,-2.323122421248307,-6.6079165469775685,-0.9480134175504666,-2.9521934062809443,-1.9627124091193409,-5.564014829221534,-9.316007267201623,-1.4847629284225905,-2.488344908040609,-5.566288777410641
-12.117274759968188,-0.302116941493235,-2.309848640652781,-3.052569435983973,-5.011537694453857,-8.990657897896664,-2.70185253341176,-4.092072819926326,-4.375949822063408,-7.665900722230731,-12.086958327211718,-3.848723412501052,-3.909245252479966,-8.49797817643016
-6.941741036463903,0.9505961546112158,-2.0852736065712776,-3.400378050251817,-4.926659191117331,-6.277793255038895,-3.2462082168967044,-2.8917773185156435,-4.927384830837724,-7.646867722531141,-14.98307345477236,-5.9231742621592005,-5.097240869047653,-9.473434011351898
-0.1635943043505551,2.1799211762793083,-0.4405526761404132,-2.5887238353162445,-1.9811072324101249,-4.04494265153382,-2.17630866894028,-0.4493465034621167,-2.9234311209590587,-5.302474088073524,-16.530597354294855,-5.625048552756596,-5.225251960917831,-7.325024305453667
10.527077754973815,3.659869834910012,1.4828013156408204,-0.8601304598883175,1.9910213916221269,-0.570700682702936,-0.2630244446092007,1.56029244130616,0.6480185235311282,-1.7457209388969943,-16.205667833085137,-2.0474403678549464,-4.003159432481446,-2.2846972350630423
14.573909420655331,4.251071588348707,2.3891588903527463,1.1548470577901782,4.633106020650942,0.0278594393060667,1.178811753701666,2.2665135228393183,3.7130150721161215,1.1128324153658156,-14.994933231180582,3.4056236378192466,-2.1131699394394587,3.653916220381717
10.88687646721841,3.8085608712532606,1.8017484678222504,2.8734423550753974,4.7817083393532585,-3.2316699773993496,1.1820066839473071,2.023088674033815,4.476922333678573,1.6481925717902186,-14.65659330473575,7.735647274320556,-0.832423831330459,7.644315131313348
7.425237239552252,4.661440682649876,0.3665616184061804,4.016594766002413,3.099342731949605,-5.336779799405982,-0.3481188149295207,1.6412923889005242,2.615927728398958,-0.4537039710904764,-16.25728034038866,8.579312165114644,-0.9850215188409948,7.799416592568761
1.5292834694391155,6.659513286266684,-0.8265828042395782,4.538849755943971,1.224537728792626,-7.40844806462939,-2.6535763344794674,1.444421770715536,-0.5349890820372423,-3.8883841578735456,-19.184007442060704,6.0921844414649655,-2.120935676628505,4.538576356427484
-1.3854153458012792,6.80519101729768,-1.293434385227087,4.398102408870741,0.323264513294049,-7.707015979415404,-4.531305424965566,1.196349113211383,-2.912203196874117,-6.440624589995423,-21.44485733195569,2.7702083293216333,-2.755267930634119,0.2485041411048172
-0.0940412417024231,5.3514583291218445,-1.556742986404828,3.4755775113291065,0.335937349145297,-5.330750506735026,-4.922390989122178,0.8333395331544438,-3.0775217928704706,-6.348524774109606,-21.029638787353875,1.3103878131561686,-1.5619495317649523,-2.554522540011874
0.3576455669734496,2.4740117490336027,-2.484698263694028,1.77381876420948,0.4273978330975865,-2.7489068896576687,-3.484436905304648,0.9539766925098404,-1.0332068130372534,-3.432735127789556,-17.306842959777356,2.4017992921326368,1.4877269754831983,-2.9867673999314803
1.5468270115549403,-2.513216847723672,-4.221770857284952,-0.3351568692667683,-0.0085922541900913,0.7354576274119475,-0.8614564038678054,2.3120071968476736,1.9831457559362209,0.8224674001953929,-11.488330687025638,4.365947772703692,5.00519673998059,-1.98701113289394
0.8172564531554435,-4.946641412120778,-5.827066271493123,-2.1796257733848847,-0.8415121912121037,2.4102126913466027,1.620381096626886,4.781723992470603,4.410624004508321,4.2992892464455394,-5.929279604577744,4.828142290045747,7.125495307981964,-0.9816995841771644
-2.565140630758933,-4.676557826684012,-6.061004033547192,-3.248273711456079,-1.5808004682539265,1.7419564786567634,2.7700159265048683,7.008527843440731,5.249625750893614,5.600278503222512,-2.8008690647808407,2.7986648067454496,6.689023546082751,-0.5227634556441103
-6.471313771706497,-5.40177159818702,-4.5952779621788125,-3.6416940666368873,-2.062618537966955,0.6123229741329956,2.3319174842771986,7.328625967692432,4.406320371963147,4.726037027251266,-2.965197487551165,-0.6552965427920299,3.8098644732444313,-0.2427247906925913
-11.773935598259389,-6.139950392521073,-2.444538786007513,-4.013946546023817,-2.61985625840731,-1.818556766158996,1.1201274982476548,5.189818850913923,2.4972304570207484,2.695042777490471,-5.648718280938681,-3.523808153178152,-0.3786158709723111,0.0810725555140265
-12.96763709999729,-6.718840245849692,-1.1365682911414865,-4.963205673014045,-3.574562560304116,-2.86588129396428,0.3169924201529568,1.7011200932146835,0.4110263978082003,0.602642716044187,-9.01290165974234,-4.536685673413103,-4.4097653126425485,-0.2070450072830567
-9.419524019073496,-7.591953669448112,-1.3616220617028605,-6.41873028228494,-4.690743241998433,-2.2286001504326687,0.4878396976284875,-1.2479100799866671,-1.1205416531423964,-1.0283969399770283,-11.238597750774773,-3.90292563057028,-7.115126353379566,-2.0416556450208247
-6.863889174420629,-6.312693035329497,-2.3606912852819733,-7.628081599059556,-5.273709988671072,-1.687606559573482,1.1495508204977227,-2.4744491991386326,-1.8119510594958967,-2.17182998661454,-11.47646738525998,-2.679040234883928,-7.967533482922505,-5.298772152253434
-4.024602208994752,-2.7943343793649125,-2.62571647910022,-7.770328163099208,-4.861273610539882,-0.5394266372464853,1.2707566242734742,-2.246711096440549,-1.8595352140972068,-2.8000455202559635,-10.100454345537258,-1.6189837861369083,-7.117923890529852,-8.281799419238894
-2.6389948881998464,-0.7170987468085277,-1.266243481060826,-6.606149241092624,-3.752876543506119,0.190799468797013,0.2601813897819909,-1.738163707502565,-1.663427545587837,-2.619224961007319,-8.150669385286363,-0.6636046219933576,-5.183766846931832,-8.838546999320528
-3.738780153872282,0.2556498230696415,1.191269010311487,-4.578757762447907,-2.7496711732158303,0.3126554195441403,-1.4371783596102148,-1.8700541524377168,-1.4132489298313544,-1.368634943271104,-6.4171996919072285,0.5722429373699356,-2.904952566749273,-6.219993753751453
-0.5345433592400629,0.6788772246350346,3.245461955926828,-2.3679310861350302,-2.318955456731345,1.1084591549635407,-2.6692112077313936,-2.6448189614471858,-0.9330713527456852,0.6374997667702473,-4.883162422186103,1.9820321951105768,-0.8610823633227653,-1.929122836077909
6.655111641665171,-0.2274776561426432,3.649230678699638,-0.4126416076045416,-2.0527633466592192,2.3461675441034013,-2.540022006379189,-3.4133311653065164,-0.009497491577548,2.38646219070219,-2.944264872562087,2.7671121153548484,0.5984167818084529,1.3269453382081338
9.592361118198223,-0.7770277903287541,2.33768621710729,1.1694916666370432,-1.0415523663954789,2.910040535224772,-1.1601790754789931,-3.601003993372359,1.1043136098853097,2.778647406188412,-0.1659179907461521,2.128269797902931,1.2716783056031602,1.7271991539940643
9.106133769169508,-1.0698015500042817,0.3382182765485595,2.344900348400444,1.1419539582040272,2.904124419886126,0.4597307036399627,-3.1503916530619733,1.6355286660672448,1.5439515416972256,3.1191230701182637,0.181157465791415,1.0847576846446143,-0.3247194281785255
6.03757347980731,-1.4422542685263415,-1.113595344731607,2.995275789603795,3.815470526467237,1.7495247697526082,1.2461499881686393,-2.4187393998709013,0.933472302063592,-0.4021880202364229,5.911653528209087,-1.8754959917260976,0.2217684211789503,-2.7170107681047284
-1.3812790746274093,-1.5485215530992191,-1.4259044446796167,3.012007037649255,5.585648134648437,-0.8779056297685719,0.8740468752140202,-1.830394689441249,-0.7489975038689352,-1.6358377026679705,7.252636432416267,-2.646534211064619,-0.7978557534231072,-3.477454537135685
-3.4940378391872327,-1.8750772349137363,-0.8477362373633639,2.4678993072462845,5.4655073564285885,-1.480655785635831,-0.1201962755204704,-1.6644313729014186,-2.2222188253895467,-1.4525859907200245,6.917518389602748,-1.7512848716847316,-1.3620620208521643,-2.3387452095953734
-0.0408124524294226,-2.373793171012034,-0.0559321564842321,1.6014029310520073,3.706100267388564,-0.0413235833283087,-0.9134043439484572,-2.034783925378264,-2.3192326334336144,-0.5371248301122193,5.529665969351612,-0.208013637642324,-1.2577654132649343,-0.7405298107548788
2.0704099093475503,-3.207305827263829,0.3844776513237775,0.63045502929468,1.6033262191307216,2.44614429137102,-1.028509963234555,-2.8725132746344144,-1.0358220589944125,-0.372451590544486,4.067013280222227,0.4798512212951493,-0.9439763843688808,-0.3637356357940859
4.906367402504065,-4.485567199637996,0.3064052139686168,-0.3360628532615379,0.4836521821162876,6.856328916799896,-0.4431730569712755,-3.8204429261544983,0.3124621426503182,-1.84092045457966,3.2420794761796685,-0.2139516127412406,-1.1974995036741092,-1.5077758848908331
5.335507634492159,-3.90823622506837,-0.0585721470379212,-1.1470004908213838,0.7707828348762575,8.775877081479775,0.7742958658010508,-4.20312347090001,0.2274476366802673,-4.28622874617156,3.2520636973807626,-1.1975076380579424,-2.306377627461842,-2.697538548904973
2.286862343299786,-1.3446885498213226,-0.2338398235443008,-1.4308807245080288,1.8618092072597108,7.971082648813535,2.723931095116044,-3.2812084158425847,-1.5164372938452146,-5.936874205536384,3.974434040432186,-0.6543613361870086,-3.5492130402931537,-1.8572588816862063
1.62461245168073,1.6714304668346749,0.2438277154652013,-0.7318274159494251,2.7576477758694797,7.042138769049035,5.413188327712348,-0.7415639398585867,-3.502277120164429,-5.340439231789908,5.2760577848753485,2.236062352333292,-3.5816109330534545,1.9021547865046315
2.557490712966432,5.697489266099906,1.4915063505471338,1.0305969593842477,2.8050426579601506,4.924643024490827,8.255814160070877,2.9314737153730874,-3.847741029599561,-2.525248407179028,7.091461173796425,6.325494933452582,-1.5399529496398685,7.328333770123223
3.2671432213442206,7.031754870738775,3.0781658635237754,3.226589265721925,2.001557451597108,3.531321745805694,10.047594224479573,6.576124514604228,-1.9259176805792373,1.1012752841687077,9.247265963232348,9.27263712695854,2.0818148733660173,11.692801997056153
4.712137077449347,5.186548133715727,4.242600953607514,4.787582655069054,0.8261270190520209,3.1712067634297574,9.733840737791065,8.977866473090446,0.945331266947083,3.90975567519762,11.287210469523782,9.48164785016143,5.625569481993105,12.595222421484896
4.869978937239707,3.575775452358436,4.506181606130738,4.999425128553984,-0.117067130226026,2.044133144736851,7.371340774939298,9.559655284261147,2.515876029910228,5.136278472574205,12.515046360421865,7.461070118039554,7.414918444524016,9.544437302835275
3.532318227078802,1.2591271478486497,4.149551106297061,4.104988323210492,-0.43285750784176,0.6290657374338513,4.265627446731237,8.577870389412588,1.4275401727120354,4.99534277900603,12.232912484110024,5.287165137119395,6.828450284293233,4.142065556860729
2.400136706837982,0.2015638045492298,3.9651522581199714,3.0463693394933387,-0.1973219428124224,-0.3716746891292311,1.9358976491704996,6.664713077039593,-1.7732043558089572,3.9577304706836154,10.007060677682787,4.57410176940067,4.369807630685045,-1.1979728245657952
1.00599837251725,1.0050233474518484,4.364571666637943,2.506575107957005,-0.0246502359211575,-1.1037823696984823,0.7800280739191976,4.179240766808775,-5.2677198104121885,2.112605028429172,5.861956715433578,4.825038359536549,0.8548975401615735,-4.900217349659556
-1.504677818428661,0.4466471141909492,4.716383069064534,2.228266048702324,-0.7045988120187303,-2.013804382034336,-0.2048696726663195,1.0585013975731383,-7.526022158423217,-0.6876769826104123,0.411882353441257,3.82378533711352,-3.246395087829683,-6.90046145132041
-5.018507611820517,-0.9536137381177188,3.763448141237348,1.4246191731974704,-2.4477464034905267,-3.0115999464024155,-2.225895676083724,-2.619194076191377,-8.283672561724956,-4.1157251173368365,-5.116879049756363,-0.1152692644529622,-7.534007902209453,-7.898963356986002
-6.080337942166499,-0.8490230505599831,0.9374021727576292,-0.0566353929650063,-4.3442019835367205,-3.2856499100783867,-5.147067284576764,-5.951873755002168,-8.133607578315377,-6.95769515855892,-9.152508763147608,-6.059672446486388,-10.897416437530012,-8.075122331435978
-4.5312712789941285,0.4214360624399085,-2.671895197670949,-1.1278856729745712,-4.795537716240972,-2.833076681486688,-7.261006670365475,-7.303125102785685,-7.393410779285261,-7.613291931844401,-10.424885463649332,-10.618338117075496,-11.472036733172844,-6.667365225564822
-0.3685648168411548,3.5394519314820787,-4.819650527176464,-0.3218051779028315,-2.897178422728928,-1.5433076093113784,-6.83787163680779,-5.398942704649585,-5.600321464907836,-5.224157399648902,-8.714312485245387,-10.487925223147728,-7.911871770882669,-2.949543865647854
7.473887873131823,9.064588315103594,-3.857461857241901,2.552305368136785,0.3931284743943593,0.828648570970332,-4.027022438102108,-0.5981422692314595,-2.20874426418726,-0.4847717046630464,-5.108938434372021,-5.274119726288916,-0.9811043605423038,2.38261859265657
10.563359901365558,11.458489533759115,-0.2124790569396282,5.733908922422984,2.663822289023301,1.6862845410194498,-1.093922825072184,4.898204925425034,2.3291324122378683,4.614217216499696,-1.3908385268111942,1.948060535321133,6.287903839115813,7.032188394406035
8.647973116373933,10.6460028899311,3.8038807894257047,6.848233566370027,2.0670162019891904,0.9332385731110392,-0.4851041216546718,8.326850381077634,6.40677980424698,7.981208155854802,1.1160019505153969,6.93797966031434,10.486813101820983,8.680033529044636
5.426014445892506,9.353308368065314,5.745739480193947,5.199464779084394,-0.7760193422662383,0.0767753613724362,-2.4494261571590528,8.222543248235127,8.378967488997375,8.654222169495256,2.3243961243446165,7.48500759861929,10.33313498903317,7.018186628443857
-1.1838246604536042,6.2890809259427805,4.799607129095307,2.7022641108810603,-2.97599300698937,-1.5005803758223624,-4.607735662810399,5.348278035382577,7.912210335666828,7.165663534206601,3.0887024345158807,4.73308387299835,7.506833366404408,4.200299503896417
-4.308517642002815,4.42152091670714,2.0729842181493723,2.23073885409508,-1.8519089859755693,-2.073784043570822,-4.103603055130293,1.9418422389576333,6.219640545529728,4.883747016731377,4.085824822355562,1.6394653229565392,4.984051876792364,3.0109580411813117
-3.400998770012012,4.081542667468081,-0.6522839661749913,4.745298695532256,2.4601848302296503,-1.3987307837733798,-0.4118151376870855,-0.0432971655097844,4.930278969511733,2.975913887848833,4.942664178582845,0.2003760687961175,4.413826179535818,4.310174099825304
-3.937285680532188,1.7082850935589593,-2.3844193466753723,8.012247304232915,6.806238564352839,-0.839628347053755,3.908157948534608,-0.2327475143848687,4.701524376670363,1.825068583425264,4.517590498808886,0.0442568096337936,4.995440201791212,6.203935172900401
-4.335261632861487,-2.10216721646072,-3.292633926875624,8.396690369587418,7.617949586961799,0.058201618239086,5.35618605749994,0.2898002473220913,4.889097881078669,1.2008024509178767,2.149830921902094,-0.5475406288095428,4.78839489127779,5.863972025674684
-4.1927766755389575,-4.057676375027112,-3.9228652592473736,4.239080818308025,4.017201593123673,0.1944970206522727,2.6111558130971844,0.1986313668114689,4.478878793289709,0.8050813800449532,-1.3093627495888995,-2.5292027302976976,2.975601466453554,2.3593854836595938
-4.078250716862594,-4.46384885631295,-4.331331576654179,-2.354739972018365,-1.434692241636526,-0.6564283116023206,-2.2509458269177003,-0.9303926237246288,3.245388138989142,0.5955036623629439,-3.7667502222157054,-5.080716727779304,0.7598138542855395,-2.2004057718098693
-1.2081430902429915,-2.9294981817513115,-4.104544509733159,-7.103479135476732,-4.992255042484089,-1.4921776421604542,-5.532466497208702,-2.460968896413988,1.97716494670874,0.6632130693276395,-3.362193265804762,-6.519784873930121,0.090164550695249,-4.356661155086272
4.56554683076729,1.3629833349732343,-3.1194912018122523,-7.138688614204284,-4.831018319047189,-2.626256366718945,-5.003692626303746,-3.4459553053675336,1.6275233105596951,0.9534293771057492,0.0901028579993408,-5.9611158222904805,1.6402907047479405,-2.2873770320632048
7.149012563197142,3.394293890273922,-2.0353944808172173,-3.3196261567122747,-2.194100935947745,-2.8899205035608744,-1.5333428402532263,-3.452836196998988,2.3084245758476527,1.223420805083833,4.934706196407205,-4.007606947257386,4.112738285227351,2.644335087023137
6.754710334796052,3.209859897730879,-1.8205187174421555,0.7686899549155441,0.2036103420689414,-2.0706452593740954,2.000207161312346,-2.742038669011208,3.122423589518121,1.2811554222701034,8.887471619380676,-2.0116956488921005,5.480058236844798,7.095511236119592
5.103090117894983,3.2433099941774803,-2.7384799040951293,2.055548662795559,0.717906756481284,-1.5127497127490293,3.261262587629972,-1.8122014868743008,2.9535392166400243,1.1844633026877318,10.55507073540616,-0.9315009165038646,4.825297252767541,8.45293945475305
0.788471769750794,2.399563500303989,-3.902552481822283,0.4053610779481005,-0.1469757935476536,-0.919710147518264,2.1089202397329814,-0.9126640543825032,1.4440076545708962,1.1341525587285446,10.062098975983872,-0.9388668363092734,2.9873075482179274,6.576973618720558
-0.6264382408803603,2.4741207151638003,-3.989843406487182,-1.843321432859568,-0.8045660379287938,-1.054317458535415,0.1380429649494203,-0.0143503724575566,-0.7101537849218857,1.194787307395245,8.518055891235633,-1.81793305058892,1.5546139900191631,3.283512018324018
1.121996277769038,3.71252995761812,-2.5032593918321027,-2.4387168519716624,-0.3645039889967165,-2.1935914407582304,-1.056760549943192,0.8633422053734421,-2.331083066426345,1.2238662134350309,7.054868183757662,-3.304246328099225,1.3753385352306395,0.4814358316195921
2.2881463322370754,3.657039498222639,-0.343986586245137,-1.2442811057121617,0.7019562547063742,-2.9369701701150004,-1.1262327525594171,1.461038873752159,-2.6411971902271034,1.151914841566395,6.300654537373475,-4.864337830430031,2.0431151383418182,-1.0931305363212689
4.133816609429791,2.648400353841683,0.9179331423779332,0.0700111276574944,1.3767212329595395,-3.498787569378647,-0.7912552901094614,1.4881107735498065,-1.7329701680301923,1.278694861873646,6.47057358625284,-5.414112327563771,2.663137288557664,-1.60012131835515
4.862822464353449,1.984368574929536,0.4297669506008787,0.0204517681543165,1.2069173726079043,-3.537484658371201,-0.8123402814297833,0.963475905786254,-0.3532719639889592,2.125934441348249,7.601497281910611,-3.754682528804665,2.912552044989866,-1.0706042493078485
3.9705252479448863,1.3141828923513836,-1.1786000291047003,-1.1909186017625188,0.4912544858148067,-2.759701535834002,-1.2847491090429912,0.2393466054654709,0.699046954500318,3.842694483950254,9.50050889252509,0.3652261327343922,3.2709680740199474,0.95418780367811
3.84533741530885,1.8301913303279536,-2.3166788463861394,-2.0562456086973957,-0.4022521258351617,-2.5243503269311907,-1.7901369213510634,-0.3441516334466996,1.055136260299946,5.747744652693882,11.5358265366325,5.628954987839279,4.291969619646693,4.706922606957619
3.999080196343684,3.835074021154805,-1.7124878114905189,-1.358961210108646,-1.5183780397660485,-2.717964720611705,-1.9548608037897568,-0.7486198266134352,0.8616311745452094,6.616539888240254,12.737241805567692,9.857631249088968,5.793125623746846,9.3376599869664
4.2506686813554815,4.508710548432763,0.6984071319525356,0.7629684491029138,-2.9152301817879334,-2.3678724930106845,-1.7096629634731926,-1.103706309379163,0.5508525918950227,5.63542603326141,12.375674499377055,11.619483668961152,6.8555289245265385,13.032693995089971
4.950337677815528,4.052049484111629,3.9242571955682015,3.202831399691036,-3.93549009675894,-1.6772416788666618,-1.1069247046860935,-1.3413743486485146,0.5413967118578284,3.199016374348957,10.58774982723969,11.265760598511974,6.633291848962813,14.127645141025027
6.369272482493309,3.633695069011906,6.757676043794618,5.011578367775087,-3.272724637015017,0.0834989955799302,-0.119879182641057,-1.150364051968381,1.0282934722858954,0.7304853003632843,8.3948840132839,10.33726791703782,5.137587471168104,12.158676615362651
8.661843838154876,2.7107566376909107,8.455705462675837,5.958895538026809,-0.1307790670999793,3.151854982738739,1.2310369823443352,-0.4497639840938063,1.8825190928675968,-0.4485393754415554,6.942405927859909,9.864688904573882,3.2106497844353044,7.9180219983090865
8.984096901928643,1.835195851418832,8.794584551410253,6.133237314828307,4.573828914620776,4.7709302306142325,2.607435547257808,0.1356617843935055,2.654406231834116,-0.2538628209996432,6.52709544746358,9.239456220040552,1.7329995689365203,2.675619518843405
7.223584060381951,1.0915107759885605,7.769330575249512,5.371469067995122,8.350468828685962,4.987881287761734,3.381653029843392,-0.4886049087847368,2.731038163442804,0.056049864405395,6.278105184092283,6.839767166800868,0.8592928039230401,-2.5001652452217518
3.278642834107948,-1.613374963035184,5.4874525596881085,3.3916562370795877,8.834367674667192,4.582246566406891,3.07313311977282,-2.913423705217383,1.666279691396937,-1.0250270363276854,4.864684592387789,1.8778590652799492,0.0198845540776346,-6.753330870942307
-3.716621476883768,-6.316730616422909,2.406941662406382,0.4920632205878519,5.710346099617027,2.898126893112244,1.7890344876105928,-6.380975566024517,-0.4546909579717635,-3.850267306723538,1.709702190492692,-4.321817867341451,-1.350630963421963,-9.166752388754674
-5.682328846458587,-7.855623158172891,-0.4838651613495131,-2.141025435390816,1.154501171760444,2.853617151486286,0.2086882060293646,-9.018044674939064,-2.8860249359459544,-7.116027725575236,-2.314877040385681,-8.937421534480336,-3.105583172683737,-8.936940437260375
-2.314366381499224,-6.303593903230357,-1.99846330273914,-3.1072652822286955,-1.6758031595891794,4.596013521897878,-0.8746732939384856,-9.151819587703244,-4.506253109510453,-8.734935289477448,-5.357634033793829,-9.709203825846146,-4.40331696070956,-6.067300514796159
1.8161714404209155,-3.1813766031389696,-1.504948130936441,-1.9149297823349516,-0.8942980338218547,6.639316919340569,-0.9915654058046924,-6.640108559768237,-4.408365336935901,-7.421379143093333,-5.886313537790102,-6.625872262226096,-4.431007010998712,-1.808810060491453
8.640698126526466,2.760258211381048,0.5474521433249038,0.563859764996181,2.899114207063974,9.703620347392896,-0.0469984313671147,-3.032183531380298,-2.431642414135069,-3.721520640551489,-3.7468378869161834,-1.7809406204098934,-3.143786088162045,1.86641017767451
9.850472254830557,4.34556157952122,2.8983298501178183,2.788570330284955,7.2488002363065505,10.251882554272576,1.8790684704688945,-0.3848493802089194,0.7158312260205264,0.3385951686218789,-0.121975435397104,2.3499131150995254,-1.3454016533454478,3.506813830615215
4.422532537385689,1.1180929917040343,4.397068083710536,3.725916016367819,9.617664507920807,7.920326444345648,4.568031138125775,0.2607370403279674,3.823385543516793,2.697005134156285,3.481573992088755,4.582727087229415,-0.0845896798786043,3.0741139106039554
1.0057216347383493,-1.5902940030718171,4.768789150538112,3.408079451325378,8.89260956846897,5.097241807246541,7.423148344095878,-0.5257825173715389,5.802301794579606,2.637388740175936,6.233590776477115,5.276368386352402,0.0558217775223965,1.6984238565472791
-2.3368637616472165,-5.448129243292548,4.535907415786937,2.49772189367809,5.722611484318932,0.8611362983976583,9.356711850540409,-1.3010516999255657,6.2111470040773895,1.065661365278288,8.093842361784596,5.301213821851164,-0.796074039511339,0.596202794236163
-3.723045226193864,-6.792423290314634,4.243903292313924,1.5129995330917438,1.821329783055376,-0.5515523472428914,9.253388198991054,-1.064358292340387,5.415609976854768,-0.4002154587824265,9.129750441107774,5.037067757719719,-2.073728666174404,0.1956462290329099
-1.682786825104901,-4.72191283721277,3.8565770386439615,0.5803563271368226,-1.0504532017077608,1.4234250354071394,6.855839649821725,0.012473886211481,4.32124147525164,-0.6658267861941631,8.946373346974891,4.39194857452042,-3.168740481226098,0.1578393156608335
-2.792642450190914,-3.2337028016333105,2.976549274285865,-0.1965734851759988,-1.8485087983326436,2.9317404869698724,3.2816189104553173,0.9752302746251972,3.816691287794767,0.2457751032212654,6.937505873447405,3.5109489647375702,-3.625036776141215,0.0019774685412539
-6.451840146084264,-1.27362252681791,1.5819961058710046,-0.4742243710730456,-0.5964029725292068,5.045401687818804,0.4803999608583496,1.0970589605447785,4.206265895095894,1.4924439047578364,3.064512475907696,3.0415524801320637,-3.197350776048061,-0.474495310441938
-9.866224080407235,-2.047433030125614,0.3084490629588146,-0.0900450240206396,1.6413523456926171,4.660000709850313,-0.1554355456719918,0.518593010088992,4.958154063687879,2.092228857415961,-1.8170761874028043,3.419656400164527,-2.028939949998872,-1.3543686821812957
-14.184197546011577,-6.364550580621446,-0.2287616914463299,0.2205903685167527,3.183408960919323,1.0113066199263614,1.0736910151736438,-0.0245838396216839,4.98623113615681,1.3806722902860145,-6.609734093514248,3.930152188404975,-0.9254972532574256,-2.9390310507004718
-18.12792667607088,-12.779712584776748,-0.3999527241857805,-1.160577820613824,2.534862270009341,-2.161786464065962,2.337753799193834,-0.0267870005318116,3.3885947376788152,-0.8672379681614046,-10.989714591707354,2.791758541797975,-1.31530717734789,-5.681271202011388
-21.40880026153134,-22.457271586456574,-1.585498390073198,-5.539338830916549,-0.7306813538054371,-5.73249958910005,1.7178225350106118,0.268413431640198,0.2067498024073728,-4.388842993311897,-15.62470135477841,-1.4275254724391004,-4.538961731944184,-9.694109365419337
-23.72674516853952,-26.325819608095085,-4.885311231181575,-12.406566580741895,-5.561820348675553,-7.072327906765024,-1.235345879679869,0.1618755098681532,-3.376282432306013,-8.357661151758876,-21.201063367492324,-8.214514110282096,-10.7260060237343,-14.399906665396088
-24.580363342629457,-23.747188594866284,-9.636718964359758,-19.138482897927812,-9.894843576328327,-5.394256873956881,-5.125141523766672,-0.7065604362906583,-5.678658990752055,-11.53339304021334,-27.203238157178816,-14.92991940285654,-18.13175370732482,-18.767498907625267
-23.66328435405976,-18.298528288160675,-13.364502055295048,-22.50792443246506,-11.823387080915552,-3.838582298796799,-7.79152093050746,-1.8631186538076177,-5.650294225549132,-12.834469944964184,-31.81662390023922,-18.50511035083161,-23.723855262360612,-21.9183958290471
-20.56049188748668,-7.490966350756968,-13.56566984631013,-20.93022187393288,-10.736983529735369,-1.5819329333173726,-7.880300054530295,-2.3088231561359294,-3.6556479456340014,-12.020814335858203,-33.25981982206977,-17.75753290402244,-24.91456704906369,-23.47930147930782
-17.343635195998317,-2.361760751081854,-9.884703672353568,-15.577252250411163,-7.6398717800692,-0.3566357378521474,-5.6019803276279845,-1.3755504253779236,-1.2360727866443997,-9.860808280441944,-31.343108773485824,-14.36440284319869,-21.31086727403286,-23.40974945177274
-13.880181328194569,-3.6023838020462264,-4.6629561136013535,-9.441432362052922,-4.414553861232633,-0.7167955093774229,-2.2319830987250957,0.6261571342988645,0.026149215604903,-7.541047241283081,-27.71013998583152,-11.565680204383938,-15.132470763243816,-21.700307349254928
-11.738911027024956,-5.372388355723989,-1.2336251651476573,-5.217211718219062,-2.5556843891384347,-0.7021066260462355,0.945282493738148,2.5288022671923045,-0.3679047469347836,-5.825410841069527,-24.479823281853328,-11.588854161659413,-9.833677181640894,-18.48130398497065
-11.568207888618542,-10.44903908560799,-1.3932634547981309,-3.76933728955089,-2.2783890931818007,-0.8752665712566379,3.2155521725399296,3.106563522686656,-1.6566189225897858,-4.732770212299982,-22.576337299680038,-13.92148722732287,-7.8244121590412306,-14.477758351236446
-11.487288531446476,-10.901095869574863,-4.215972365343959,-4.204640844940002,-2.610325352725141,-1.6099546528054494,4.231547909620787,1.936511217383753,-2.684572407922218,-3.928392086985241,-21.283953021778444,-15.876143939605017,-8.919178122079899,-11.112358663295453
-12.106671498622967,-5.888337291508552,-7.107177370086333,-5.059907540781012,-2.331634552552572,-2.7407207785540137,3.642746397436781,-0.2891340202791639,-2.950778212776129,-3.246333441604179,-19.261573762269904,-14.938121780105234,-10.636273488581026,-9.743449027149836
-9.795085590089492,-0.6801262854221085,-7.996897081607784,-5.369776542981299,-0.9993412708158188,-3.618886617342476,1.264990089482069,-2.1820344268433587,-2.8376278353537714,-2.683176699531998,-15.822164408679868,-10.85661717641392,-10.099730507865472,-10.474999016201537
-4.028780679685649,6.759185522167441,-6.735837997792743,-4.904508267144792,0.7321493215120256,-4.214110265443872,-2.317961395879223,-2.5094903676263414,-2.8734041741726344,-1.9352927801931517,-11.229713721173937,-5.70944303198857,-6.126997302153455,-11.686127184278575
-1.156231074200532,8.678740322702977,-4.721274171444833,-3.849983414816762,1.6960225987854756,-4.349335926324011,-5.582247512283345,-0.9475211822822588,-2.895540883540804,-0.2348324198022737,-6.030187497748159,-2.016731503794716,-0.0028619921588983,-11.00999513880339
-0.5408400890751927,4.001081540014522,-3.4352743914942323,-2.5517199514150946,1.1820612717627623,-3.799316277831142,-6.910500877768556,1.7122348260894569,-2.106555063914385,2.9915990631209013,-0.5141377554404585,-0.7101765213893998,5.526970979502806,-7.189477692428284
-1.4182616414665166,0.1434012559525143,-3.343741962977589,-1.4983805143169209,-0.5063129611216368,-4.478208727050717,-5.922625697695196,4.029047074037891,-0.0824622884990731,7.107635503041507,4.923269855616184,-0.7721625657552806,8.188287227054019,-1.2868737304636682
-5.104897549442016,-4.827647405790826,-3.9470911854497785,-1.224165661866266,-2.324324095291331,-6.403472796777348,-3.9953858648451614,4.784769592081887,2.2760593453031674,10.034812159970045,9.07532344060138,-0.6699257140955979,7.583939412600159,3.880796315142135
-4.0546019434241005,-4.862771589029532,-4.568814768875029,-1.9201720575184424,-3.3098676576385917,-7.339651459306781,-3.24050002801755,3.723555119344127,2.953054272169453,9.437824056023317,10.11031735483175,0.0022959370248258,5.134800958736889,5.754480326119193
2.0024363606630247,1.590745513625481,-4.930936262842636,-3.05648103225829,-3.26463896725204,-7.593613968042564,-4.697471206822598,1.6708129317730709,0.2460345273584323,4.618396429604758,7.023249687103856,0.3210147228516007,2.792536891755645,3.93950371289057
6.266398931849914,5.218815073000243,-5.044808046765979,-3.5209849665944546,-2.7718859880214097,-6.472883895762552,-7.399605821018554,-0.0525527237565484,-5.719927529911587,-2.486997929371398,1.1427912008159635,-0.653639578843638,1.651838090085647,0.5313028695160256
10.249168548517831,7.557606438258285,-4.7652854137776615,-2.3394670395532278,-2.6047106057326914,-3.454432394630543,-9.250786995084807,-0.4947034534229715,-12.716133110326382,-8.263724207306439,-4.017020072413516,-2.51688941757061,1.5385554578898564,-1.351966360396574
13.239386224674954,9.613702588755851,-3.6444606327963527,0.5802546194852027,-3.0510551625580438,-1.800453928557974,-8.911513958558544,0.4252741774398032,-17.67854010885074,-9.76492785606854,-4.936922130283648,-3.545897460001612,1.7535063238151452,0.3052138798827286
14.12956864188414,9.823470931470483,-1.299237322527148,4.344876565103078,-3.692664517632736,-1.368143761708125,-6.878402840760387,2.119120504888116,-18.55279415641841,-6.6229538134012245,-0.6859384381543521,-2.079601409817556,2.16484080654773,5.160953558402753
18.232677899057467,12.786689087310991,2.0808526447419524,7.714355706325875,-3.779479132493762,-1.5251307250032284,-4.74019101440112,3.98255709018882,-15.353547367886677,-1.011805798085888,6.326043481143017,2.1043567601243325,3.574424789084617,10.93089522946019
25.333793898258783,18.438275226976707,5.609603691427964,9.911219035989047,-2.8776859935638868,-3.01663188818107,-3.448083921501535,5.875712514473349,-9.83638253698696,4.198799195790087,12.193006842780292,7.645650786132904,6.941209259262735,15.068800621330766
27.01190594893328,19.71391353139868,8.122698421926344,10.923621301992696,-1.2779263422499696,-3.381269982577826,-2.4387163044664675,8.007437628449765,-4.2934272819386194,7.447269386561359,14.40962633116888,12.64462802486284,12.097631180992323,16.474488193098097
23.718243307242133,17.068738511457326,8.831926371327427,11.16010908946727,0.1552693293357947,-2.606615627151521,-0.5290774912614467,10.391030818047682,-0.4604667532240114,9.0078724814081,13.354991167956824,15.820175387277304,17.160196709863385,16.02520481295676
19.05963624931961,13.927844986587669,7.755990413974132,10.918810754498937,0.5878518579315539,-1.7925370533243894,2.4058387477220293,12.460051881520826,0.90820879201938,9.883972224728112,11.245989484864324,16.879352290615827,19.398657460509867,15.588920772859185
11.2907296036816,8.91716368825985,5.681389935958634,10.21246148098284,-0.1809718704770375,-0.3884406710212162,4.849487705683714,13.274975181105717,-0.0459444382934179,10.399801256574946,9.772516449097424,16.15316204173321,17.153038444588972,16.32531959698975
7.87651900650744,6.634404359120312,3.729126871393362,9.02452753497699,-1.586969901028347,0.0901825678657715,4.923715427306533,12.177148167195469,-2.4775272735234424,9.919119779394514,8.712019159101914,14.179716309314491,11.383939385900952,17.690704029981575
9.6232756190497,7.751620815599108,2.8003991678575204,7.605931288738965,-2.746271477986717,-0.5068376315788705,2.3256319126328364,9.31940902476358,-5.039299481773611,7.829760323969396,6.695786384005693,11.659636764960972,5.483459493723551,18.05016761842176
8.284972782296318,6.536064897853251,3.1870232684720605,6.437473894579995,-3.11102381985954,-0.2763413120547639,-1.0629925621692706,5.632703768561335,-6.308194901117439,4.62824996927079,3.154264206416606,9.55305478440301,3.187019119347852,16.409324504735935
5.488080085722813,4.008483525597439,4.51909315845969,5.901346118338413,-2.790747483710682,0.4917948752674264,-2.6156056767394844,2.30118353227758,-5.475481818481569,1.9095725910865404,-0.5934917975769807,8.852149723433776,5.967105090016588,13.661087317280105
5.248245246954177,3.522379063296273,6.043916774819039,6.026704406029303,-2.294191656276673,1.823804126522468,-1.1447593760767845,0.1903480593098443,-2.8758430529261005,1.2351516496373414,-2.183147744358024,9.978222429334682,11.891239982514342,12.034937908832912
6.628570714402997,4.426627078424537,7.058115012648504,6.553490941992843,-1.9654333647034117,4.084437052230913,2.1969088784376094,-0.4154982972293659,0.1901623430256656,2.9479677205894,-0.156067071431071,12.29400398238172,16.940656420056154,13.07786436890738
9.794976590104238,6.645316500509078,7.249433462480853,7.192026796455084,-1.6436737987940075,5.013126357449036,5.054841108021535,0.2296984336961705,2.3672750542976635,5.969818253482778,4.774241177952048,14.281593947086051,17.869856829908766,16.016257936384342
15.43235009994309,10.78767737761613,6.797091572102571,7.792141622732591,-0.825978261851909,4.57924802667698,5.879153804119711,1.480806678463828,3.216207919257618,8.632433609293361,10.18616502092448,14.424626299965476,14.409661656570028,18.174993897518547
17.8037168119824,12.76100348590688,6.248749991299379,8.32580039342757,0.8716326260775009,4.403695370363935,4.959871017655352,2.4671663493303804,3.4421121731493693,9.740488766954272,13.635149739593794,12.227343746098708,9.134054822774676,17.253845008342516
16.712657468216932,12.440227764117031,6.2718705640449,8.833682673930557,3.392091219290087,4.0180006664180565,3.764204052180297,2.3695179730115257,4.2169282527795,9.087820624685545,14.177234231207231,8.627599336188137,5.248490409507845,13.429829111904098
18.760627988522213,13.6274303036506,7.335458001458061,9.45480678685454,6.27610797331138,4.478389695275837,3.4766339436255365,0.8296598088100744,6.225756025341045,7.289298830959769,12.723454969579084,5.467875865179096,4.23060878320026,9.30989110023527
22.936034490999525,15.521691942940269,9.362253365648863,10.420511487895736,8.921794862226708,6.080032246455291,4.172331001373834,-1.7429255342594452,9.232633232395584,5.294446157925048,11.207238270500874,4.354272129375602,5.204432069313608,7.727735543692461
22.96528571293068,14.774899164809309,11.521957724433529,11.83237039567253,10.808672364387595,6.393110814310498,5.165544173329273,-4.30242541230745,12.390215764054332,3.9388371604646366,11.247804890745169,5.660367067368064,6.272047781114729,9.370550264332728
19.46991356909877,11.64726059554692,12.457326214593564,13.314137091598532,11.613230422216397,5.610836186762398,5.873860671856825,-5.78757009887449,14.845265483178594,3.635136467131176,13.103183472313871,8.309449512613902,6.345694499976887,12.320412205001873
12.501184698245872,6.955145612335382,11.039769962541442,13.926514273109651,11.309809278332343,4.727051030457027,6.236148370890959,-5.840692488339535,16.08348038896171,4.209471433526659,15.470113080361864,10.41281407036081,5.820912400507858,13.762081564123186
0.6111033715575317,-0.0457865956908354,7.248877301743569,12.628905342270343,10.263623739923917,3.2856894813501074,6.41603757358579,-5.069692462633917,15.904546056901644,4.960640026505615,16.292804111160436,10.296061092798872,5.711529748278636,12.182614597097889
-4.612483099143908,-3.4243566884886367,2.431501385435517,9.069083384017937,9.148869981854666,2.9038572845814707,6.325391211982598,-4.613816763961509,14.336379849470042,5.002343446672654,14.186924699256842,7.305393720868651,6.299199496772225,8.174194246699528
-2.7596771948930505,-2.7534282344787173,-1.463222995529037,4.073469003233456,8.57885868197215,3.775790710077565,5.596326500809795,-5.311195942454084,11.7275215865267,3.753938851260173,9.556657978938944,2.063890411924824,6.635819526933126,3.466055610404183
-2.1205486482963862,-3.5407561639730223,-3.1943152985755674,-0.6464738465683126,8.651241072512775,4.031210505476373,4.0516888410178495,-7.074766117439609,8.855704611674824,1.28148276971924,4.495780862662045,-3.794820337004836,5.308966817093243,-0.5713351631986825
-0.1281171012183436,-4.4787993850936045,-3.010793934597956,-3.443885790607929,8.82646136652793,4.021385218807247,2.1521301653322524,-8.926163956454445,6.708215519498509,-1.7271465618277233,1.3814879432902814,-8.250995936111735,1.734376852569298,-3.525003452168818
-0.9152804043739832,-5.636743383286114,-2.222111645384089,-3.688042321271524,8.336767821986314,3.7627447450582783,0.8787753586581459,-9.666236253823122,5.8899869452074896,-4.318175137759816,1.1661532160320291,-9.735691229011609,-3.14705319841255,-5.423543536153957
-5.751871384107162,-7.802549413250325,-1.9851587169814024,-2.0677293889068835,6.82171832621745,2.9412014906398545,1.0217270966792,-8.728142419428806,6.098264190711589,-5.7423647117306444,2.729105218594242,-7.951574630911608,-7.349329518843916,-6.082875997120141
-8.57126772886627,-8.191271404424658,-2.4606983308186585,-0.0960994677654838,4.624979121835679,2.39058317283022,2.420567144859632,-6.633593920471867,6.208521900193318,-5.818351743033801,3.819636173528423,-4.240699061042008,-9.17156997380242,-5.252898078298742
-10.5154200801362,-6.924926807759927,-3.0670236702424774,0.7912997328072464,2.487609932340689,2.038353246647464,3.857781937342821,-4.708991437445675,5.055801909157594,-5.0392919972779,2.796115171051412,-1.0639965168268617,-8.432777007139762,-3.393885826742107
-12.435355484240713,-7.3480280069358175,-3.399361361103985,-0.0495675872682994,0.9478922759894176,2.0373183201425435,3.869207881281952,-4.18393940732706,2.3543882839149437,-4.343176131304944,-0.246065130713859,-0.6428932769375422,-6.690637784641311,-2.019846319931929
-13.425260070528816,-9.128834437793431,-3.729740900658896,-2.3223885626040044,0.0226755885182257,2.581473953099672,1.9665590036571243,-5.23986558882558,-0.9989016163061564,-4.585824178456491,-3.749587686482272,-3.536130678106744,-6.17482630684907,-2.876623493709942
-14.25204758523364,-10.664027728060368,-4.547035027218115,-5.170772109526737,-0.5844706384866782,3.162404039472296,-0.7322743819543405,-6.71218299047024,-3.5165272791811475,-5.957971732232906,-5.965686650025674,-8.198115526197611,-8.096298360004823,-6.475484862016913
-14.76948537276495,-12.543909325838944,-5.727096890984882,-7.73935802546751,-1.0631504592287513,3.87798016138266,-2.163890888786256,-6.794086888275729,-4.137744608369559,-7.742781411474866,-6.115090177756812,-11.970120474924784,-11.586423963525675,-11.36759866394594
-14.92780986845281,-13.293581840500416,-6.376902242378904,-9.536067077882862,-1.363554240193963,4.1392542051707455,-0.9307067876707578,-4.372353007301655,-2.8657871908342685,-8.681326892328855,-4.631405858818937,-12.865637916988716,-14.21180782654058,-15.040814455368404
-14.812129871751551,-12.63253188531616,-5.654508339156138,-10.450264234719183,-1.4703033706423412,3.807617651954548,2.42685023629636,-0.0326069862619675,-0.589097409575146,-7.792008368841351,-2.5371601783980537,-10.845868339192592,-13.840069997617796,-15.834278900679957
-15.275488925217836,-12.84896814861884,-3.7476669388170336,-10.575953850691008,-1.6818004358483307,3.976181819084855,5.687128006268907,4.13609266084498,1.6325489471708323,-5.089909507059986,-0.6277217887614768,-7.660675383542539,-10.440232837419783,-14.21965929955394
-16.433535310410978,-13.631531270430978,-1.9340809540533428,-10.090970634691608,-2.4489432069535653,4.517572763409564,6.657660144949098,5.946336107668422,3.1569466829328903,-1.6616652421133011,0.8875509103835526,-5.46073172191322,-6.273784233148611,-12.268395070435218
-16.779197331626314,-13.746920636187484,-1.5574150605212438,-9.287437103949747,-3.840104446448564,3.740322938579056,4.896642032678557,4.706046408857837,3.827054019798652,0.9831878782720906,2.152963920455136,-5.320485021577149,-4.170300862881021,-11.75470921202986
-16.46670245674146,-13.520089903014773,-2.8711258920704807,-8.610956591780258,-5.226641077254023,1.6981805991859351,1.885174991283371,1.7010445182682048,3.6793911686990697,1.813264094437152,3.2166443919654952,-6.772866449421329,-5.245740026249088,-12.618691275437236
-15.032932791978842,-12.046704634985018,-4.851729344827319,-8.523233557983403,-5.679764056790312,-1.107958186680845,-0.5079456926996926,-0.8840990991174849,2.726703191873895,0.7891295094494666,3.852866026483163,-8.533444193417417,-8.016027917773826,-13.201398521716584
-12.100411330187296,-9.058458378516088,-6.127029743627347,-9.207118355722905,-4.847387175366272,-5.076595141850117,-1.774965402196628,-1.7158905460300176,1.0264387707868536,-1.2998933660025855,3.824775568995776,-9.619966920960763,-9.719067726584456,-12.0247310963642
-10.126685693109213,-6.78403652060076,-6.106983622625499,-10.36064066652228,-3.4613739837713595,-6.485166442691364,-2.9936534986326397,-1.2146691515575585,-1.1329463025960322,-3.4227606206127064,3.3039801921774625,-9.878488978726288,-8.693180146139248,-9.43322208327846
-9.026508196421162,-5.060886114490529,-5.2965963364637645,-11.306847182845146,-2.840136882395932,-5.034690033759158,-5.303369052248385,-0.8368201693194237,-3.202316770249851,-4.806856401255153,2.9841255387790184,-9.618541672962571,-5.665326272249743,-7.514608773987604
-8.372769485710833,-3.817233764269087,-4.6321960678096445,-11.378846924008911,-3.707707063375274,-4.074771613779367,-8.233963726271327,-1.4661740129989482,-4.567391772134528,-5.065734114741623,3.681678600605736,-8.934246392534213,-2.791060844206804,-8.285056546562139
-8.745443731464128,-3.5663112738769795,-4.5845238787828535,-10.299194298109406,-5.421350777187342,-2.752947269978452,-9.745767871704423,-2.491952543762032,-4.822917585628566,-4.104638046369729,5.6819681891782,-7.509865237647354,-1.4346874561282164,-11.73425851749058
-7.9573788779563905,-2.6753429115173293,-4.848959617821755,-8.298080063661345,-6.43076452895366,-2.4348380298065178,-8.150117032340532,-2.4834586717194824,-3.97502071573129,-2.1311447621703863,8.341791093098848,-5.104047068598817,-0.9357111164976288,-15.507164188407376
-5.990400374292918,-1.241350879929586,-4.75557746525044,-5.952416138503853,-5.644500684270188,-3.701420843883062,-4.079305220990797,-0.7877889795873187,-2.517284368165804,0.1684054885705634,10.289590484101009,-2.130273169618995,0.3471742522464467,-16.595517673592028
-2.9375168725418805,1.1343055488130205,-3.872233117190028,-3.916337236883237,-3.453348156812225,-3.551089789771729,-0.4278813831757801,1.5759143789938044,-1.332161278332208,1.6175392531487738,10.135512365600214,0.3720712352097912,2.768760525474221,-13.663895633490291
1.78939588303501,4.872093397860115,-2.259392969605713,-2.6895111459134178,-1.4259827182241622,-2.35040022189337,-0.0711979618487141,2.691159611758291,-1.331773052846987,1.0517504176271473,7.264395881144111,1.4317438031630267,4.366141485677055,-8.083535029001354
4.014917891418219,6.361738217867509,-0.3227793052475149,-2.443257487456684,-0.9428546393378524,-1.9912386801591409,-3.3754295344384246,1.4979131477037058,-2.8868485138672817,-1.8112218398858888,2.237168738642712,0.8510149100165911,2.432328601612909,-2.847184653191629
3.619418831135661,5.5788848539615215,1.4276484543875083,-2.9015432513573,-2.0459462135346733,-2.061466297035843,-7.823291224758876,-1.1725469155374275,-5.394350814661863,-5.818241179756377,-3.44243152798412,-0.7277209310691113,-3.594756469692008,-0.3132695487454953
1.4315387022663753,3.740843647524847,2.5035703476897844,-3.3739390606359425,-3.5448077410228738,-2.604900449021501,-10.121311629819049,-3.3072798796624348,-7.450186925580061,-8.803168124738486,-8.083088099256003,-2.362558468824343,-10.786400541435103,-0.6375579484778946
-3.676793068611485,-0.0351668531149875,2.5483525786495704,-3.0704378191322874,-4.185723881673592,-3.938976120982626,-8.844049565454812,-3.4939556494875923,-7.723306971482195,-8.915306817510393,-10.64718800911672,-3.362248847427436,-14.527774242309263,-2.061219541226679
-4.654742839530888,-0.4613718850361017,1.5726077197859514,-1.6261036082743434,-3.702326224916815,-4.12215798813065,-5.271974700784472,-2.077358371807353,-5.98022256751136,-5.9526017690189175,-11.162055196577946,-3.405915744073095,-12.109179469161656,-2.602874898523323
-1.1928080652228306,2.843649508394918,0.1673992833269917,0.531342673448516,-2.7913512767349937,-3.128987236892575,-1.9087789913426665,-0.6440665140514454,-3.406724836677432,-1.6402196937664524,-10.466653491204283,-2.401079811146511,-4.960971550624824,-1.6035841699759104
3.382850988219622,5.475958117090586,-0.6552791550690995,2.3791615916762354,-2.1922356360679625,-2.510348466728908,-0.3077818438582596,-0.4369375123510455,-1.839658219989741,1.460782190996555,-9.55628756335415,-0.5107855818212981,2.4203888975584995,0.0970634246457753
10.83391474638604,8.643644631579477,-0.1005767694177728,3.069083762927229,-1.9006978545175524,-1.880900797359525,-0.2099719451945199,-1.2744644172746786,-2.43155063879015,1.6660366493892604,-9.077028054047616,1.6212617245649152,5.8277610967365145,1.2389356597666914
12.921419213900752,9.232608427125882,1.7105010480819118,2.7003403232934864,-1.2935506055995334,-1.742151843987517,-0.4386007326977137,-1.9319606177802564,-4.812498290960341,-0.7543386917197825,-9.295883565863752,2.908295351568406,4.090230745059644,1.3048366017356223
8.88252610286712,6.392528042889339,3.6316023825173063,2.353814072981787,0.0681669681494003,-2.360167083679832,-0.286156094679411,-1.4510530940656323,-7.438396108083468,-3.907087100915513,-10.33740366347148,2.437426275232008,-0.8010603588848557,0.751277107823503
4.636463799770253,5.178998115908509,4.222863139001154,3.1895820102863954,1.861843282564509,-2.4330457561324823,0.0346936781060218,-0.0141239527006851,-8.813279487066568,-5.7075984941586775,-12.218513897286098,0.2705815662369666,-5.714624987850782,0.336910268943563
-1.8744962737510356,4.808766021386325,2.8445006798789745,5.301202936999286,3.2483170388463094,-2.101592440655516,0.0417280094877803,1.387608413178345,-8.53831297289462,-5.284661860825517,-14.537336926010026,-2.383574388222113,-8.481566330130661,0.404869236832118
-3.589425420642729,4.662159580203248,0.2449142282953786,7.414100994868306,3.6485606433637,-1.9599179039757069,-0.2514488719404877,1.990295041371212,-7.338663913378829,-3.3263818042808087,-16.227231482667783,-3.9628232617439,-8.556674814348362,0.8149288667740109
0.6715243335619893,5.608849934057605,-1.8762042952435696,7.87732005788107,3.243657639743528,-1.7962296984829131,-0.327765837261623,1.8833783147223748,-6.1675888291014935,-1.2455329494786709,-15.900936305008228,-3.697165724266183,-6.400622398136903,1.3922182806746122
3.722277074047408,4.9980048920970335,-2.04163534408764,6.1787193813755295,2.7235875556821902,-1.765911677632378,0.2049201091497483,1.690152928863018,-5.29674960088807,0.0085628522728775,-12.770794596081902,-2.094857756065677,-2.732729524065787,2.2323346584656054
7.38366275354018,2.842778849339033,-0.0329086567529515,3.569140283658889,2.583713649652463,-1.9374304878265545,1.1260647006023063,1.798397663948787,-4.230173321816704,0.48915618006464,-7.459870236761237,-0.3626597307319343,1.6230026982585208,3.49846827436032
8.815275917163426,1.9919200529048624,2.973983029039452,2.08292591781618,2.676617714058473,-1.8723239120010429,1.7423809748496986,2.015331999730538,-2.423522997355008,0.8550211647226753,-1.9288541101619607,0.6648431070254972,5.573838200450823,5.021782289877407
6.800115707073583,2.0419791906732976,5.242290652207185,2.759190081997722,2.4206353751300824,-1.5983884503445684,1.4467990664630186,1.9535614049560517,-0.0033000014607331,1.639823219993911,1.6097073169562144,1.1428274761272803,7.933337803807095,6.259979026713353
5.628413295694223,1.6353210945721497,5.631667304393318,4.732157909804911,1.4159362582835016,-1.822271800010197,0.1840746350789324,1.6438165452047926,2.266481095936633,2.971753171516756,2.084233662028705,1.95756090607706,8.089754682629646,6.73448939026547
4.334028707657712,1.202451611655858,4.244217371717927,6.101499713005108,-0.1281571768961136,-2.5126211076026443,-1.4576338822951058,1.6768342556953328,3.715120104249,4.862616080084937,0.2528552673539153,3.9516700872066046,6.630315167462999,6.505952418936634
2.8742877737023824,-0.0007717500972838,2.1659005214166385,5.759000284586552,-1.5172726365841598,-2.62180110138044,-2.496507596679905,2.711869745469592,4.417851548400083,7.459549558704527,-1.8491038477812545,7.279442393063942,5.241472654222893,6.202800617757418
1.8422142734170288,-2.2051080173125976,0.6007557379756605,4.368360974714037,-2.096771656653289,-2.223755254650077,-2.040376302823137,4.826003527212595,5.089507814267993,10.732610468514633,-2.3442787534784983,11.243283431931076,5.728188904197058,6.582343092546548
1.6200759889784018,-2.3580059387427763,0.0939749554014142,3.525692293040468,-1.7175683987405996,-1.2693084944937996,0.1305378610039014,7.292313348419888,6.3229883387488925,13.89185107369197,-0.8171232750076243,14.56011651092729,8.711384857362766,8.005230170443177
2.5290186438392954,-0.4659752208365183,0.3691340150843061,3.975647928884335,-0.8001915686386809,0.4999790255695058,3.193050501744437,8.95183363640717,7.921123872529328,15.394716068646146,1.4615841137045995,15.87152567029531,12.926096347636538,10.156914860728996
2.966299492702284,0.1051171309314502,0.760242039686613,4.728281086114489,-0.0138759225628355,1.2434929593247148,5.544279977002958,8.86635832331477,8.951004482731648,13.920130145249756,2.5568913679815037,14.344337540705403,15.762047283144351,12.073042825641224
3.084701105457572,-0.1485508915300475,0.7820780557351945,4.001416748936471,0.1502947774302292,0.9295766828734022,5.776581878507397,6.8120388964689305,8.451978493560205,9.57447121062691,1.3671111953783637,10.15541940187017,14.883329125920556,12.43376810895688
1.5821461994240658,-2.2756487362105613,0.3874364213127137,1.0549412649431638,-0.3739737748048348,0.6513997266359253,3.7586901235361054,3.3859161572320104,6.184209001031739,4.111298125365014,-1.540618481372782,4.557095660808816,9.930178684734216,10.185089251303785
-2.0234269939869582,-7.046348442119842,-0.16787881297655,-2.907469896290792,-1.2639121162244322,-0.0014085840851199,0.8893908276405114,-0.2461930654043165,2.8636843028783723,-0.2199479777966644,-4.355523270603399,-0.6420502877051035,3.067191292703715,5.406072052080297
-1.9252106389564825,-7.813421949886876,-0.590589706869558,-5.641670707702595,-2.0403484051523577,0.0245611265506048,-0.8550838583047522,-2.8200308160403544,-0.2017584931315745,-2.2174188759522586,-5.300733787920084,-3.9298756706703415,-2.178281110814492,-0.1242355469000138
1.84105167272615,-4.603489153929584,-0.6736394197771851,-5.684804611964257,-2.332554772884137,0.9091251450768923,-0.3955141235823376,-3.5063919585869883,-1.7850114635623555,-2.250572987688898,-3.735965425890882,-4.709871957846254,-3.120660830997977,-3.441304188504226
6.046295746124384,-0.6145923013551116,-0.261131627358651,-3.4131195037952797,-2.0380904633854198,1.5295234412945156,1.685446421205679,-2.315444217745973,-1.3498767234694815,-1.383036134442328,-0.3279866493698051,-3.293637278476272,0.3582392215085974,-2.144311746307814
11.945765327310063,5.639591676254027,0.7622825812156293,-0.5043586744950659,-1.3162276270919833,2.149596069721173,3.741305144262995,-0.1329014380880409,0.6835729849082952,-0.1333369769021146,3.637234668482215,-0.4243282265773125,5.831535278833716,3.678770483549727
13.099425191484288,7.395835773431679,2.344246903114588,1.512871737905435,-0.4478938701556458,2.517856205975181,4.46143224389963,1.7490386548757897,3.1801485118051858,1.7968425096096825,7.118696949486797,3.1469222539756885,10.099397251783854,11.008389983100134
8.652142875934487,3.906661726055725,4.113177614190395,2.258426159984385,0.3324748149752388,2.4519676554427154,3.830558331827504,2.4290473611082,4.971829009175323,4.6370733103785895,9.741778838706225,6.713237773036681,11.38684283259937,15.668070342274095
6.30851102743408,1.9387308359850184,5.421821362300243,2.3328740566098034,0.9197349352889505,2.50988638969674,2.887338013031842,2.013729154149125,5.572101679543405,7.630019079834511,11.650374613206136,9.49258973896156,10.315496764044802,15.16907156625526
4.623659777632917,-0.0680724084183923,5.650083743031068,2.420629020488054,1.2994945168212304,2.5865867049823312,2.6589859587555047,1.5342911505390333,5.353080748637616,9.249911551741317,13.068555110179238,10.748099928462516,8.971181238908102,10.375020305997957
3.480276441565313,-0.8770514702291468,4.577218242906964,2.633076519308428,1.4618032009875002,2.9063299429123264,3.319216959622654,2.106349842208161,4.976306622185149,8.46409346072286,13.924455914129714,10.212103541750402,8.908588639893681,4.616034898160063
4.165844956565119,0.614560912035407,2.535740745781556,2.6142911863745404,1.378328053899807,3.5805505675047105,4.2398294506112535,3.928320881424339,4.58389318809269,5.756070482688475,13.767436069744754,8.383145344490735,9.767448623914271,1.0542112668578412
2.481555987297435,-0.5381508865379612,0.221508297993795,2.111124374022708,1.0702622142186673,4.066095139008268,4.680938769101294,5.966972192856824,3.6103700631004383,2.8053214725504017,12.0406245328753,6.253226439594874,9.630019136318786,0.5530900446005607
-1.3698835868856656,-3.9398107617522906,-1.700590417536274,1.3253937254747008,0.6748262669415119,4.428737730401925,4.358056099561022,6.693875024245951,1.5319362256784608,1.0710320211291506,8.565132107650733,4.571920161057021,6.765614139521107,1.678008958902275
-3.0758445191583954,-4.990274300837847,-2.9134572916419685,0.6893471179967836,0.4008401155899026,4.106419549502542,3.45402775529252,5.327676286904576,-1.1691362484330377,0.6266584950586829,3.881323389021137,3.2898921984563803,1.2445193602244835,2.4291770420819923
-3.196341259940685,-4.328031441875646,-3.492038062430943,0.3356674566115805,0.3834507747162847,2.9314437482071263,2.30350987206141,2.523422009338182,-2.9757559496546246,0.3147056895657005,-0.901905937876645,1.7235137336242126,-4.941468152099721,1.8844978095064049
-4.649876081978769,-2.499350027859743,-3.698597763439975,-0.145844962437402,0.574615404945785,2.2434383635350734,1.2085425413855375,-0.1263342241761718,-2.5704676324410114,-1.0231529463056177,-4.73589697459675,-0.6897459310478489,-9.303494671486668,0.3794982334180812
-6.836217059003733,1.3850008236148534,-3.727304794049384,-1.3505651190877366,0.7957041924151342,1.9298860481854971,0.4786194543287614,-1.3633553295402194,-0.2714403521016573,-3.465845231615918,-7.247412409244309,-3.748890152434724,-10.587473695847478,-1.4941195864689911
-9.1070204366538,2.567922414989068,-3.607127645712792,-3.385857812231964,0.9199606824475772,1.5071461550510237,0.3953859067693051,-1.1973715714403053,1.867474506138873,-6.025045418291949,-8.780518562362884,-6.551305685643935,-9.433345197444504,-3.707858955046509
-11.898306909929094,0.8841898616408814,-3.3216001537620103,-5.528758808625019,1.0086531562304084,1.229631476662216,0.922727661388742,-0.7188529793484424,1.6833498752559772,-7.567071448274416,-9.832492794532262,-8.18668697459545,-7.611802578413025,-6.559565494214057
-12.10655194151142,-0.4480990282253511,-3.004922529130631,-6.615646055616836,1.2546080710371903,-0.208218231231562,1.45504828283358,-1.0550631890480469,-1.1266674694170924,-7.694024769892096,-10.4852434955544,-8.434596854340153,-6.661594653850927,-9.845412457557115
-9.451358323336418,-2.4865153597450305,-2.988440816018329,-5.911017549505655,1.7674716199257132,-2.936637098575297,1.0604597092132333,-2.474997057921524,-4.638723128260304,-6.88680494634381,-10.467805868996138,-7.890317758183118,-7.052210387761539,-12.57017796165044
-7.846532482701254,-2.909465709913015,-3.5890736181988663,-3.731224367466673,2.401641700555765,-3.824053758825192,-0.7853306595053342,-4.393896152839147,-6.4545744359,-6.021182307170449,-9.789279501373008,-7.479846831426268,-8.317691593649908,-13.651765349950072
-6.68379622086605,-1.1853189472437788,-4.776546219149396,-1.26511656990014,2.812572738035867,-2.9772217549447912,-3.6021022200611617,-6.091650948884132,-5.963407014386783,-5.81290147218548,-9.1618644364308,-7.794131047304867,-9.73642690145929,-12.900995264399892
-5.981108097777402,0.0664171748557169,-6.0204535291448895,0.2938275671014883,2.732093315139973,-1.5487783294165107,-6.105394292384985,-7.315253929244089,-4.851710512427315,-6.516309535118094,-9.52162145010244,-8.715991325369123,-10.843680921827968,-11.203453960118958
-6.479241374013036,1.482424776504633,-6.522620182540534,0.6049455482981294,2.244187126941548,1.1549010739765049,-7.153413905107443,-8.189147604842294,-5.244280870564831,-7.808752010726339,-10.900821016654223,-9.524545987585489,-11.452603684063035,-9.67295157369206
-5.508038540333003,1.9938852021290407,-5.729712767795515,0.3391653826604415,1.7971891033789822,2.03077240209224,-6.632372072968119,-8.667404022388173,-7.272050841913918,-8.794887409532866,-11.795211018422316,-9.35978233173803,-11.411274028755956,-8.644251317815495
-3.1922044832108,1.1429705870304196,-3.759741265303365,0.5263257129120893,1.8782951696178396,0.8265348793818345,-5.46155203114062,-8.253604057153249,-8.584599481361993,-8.3232756437874,-9.98755230153052,-7.785466044265346,-10.518165115335,-7.53816057336449
-0.1786140554565995,1.1401929004533864,-1.398428175586779,1.624290804879604,2.574473359823947,0.4393473082613011,-4.68923787678578,-6.401756533086816,-6.5001292469338265,-5.741061323163073,-4.48787590435219,-5.157638805487479,-8.758369171826502,-5.701232003435068
4.1105578481977645,1.681201257961247,0.3657204189522085,3.0601049313972224,3.4009883655920543,0.184295452938197,-4.488693602682628,-3.2517886818603747,-0.829670900425918,-1.6663125123249012,3.035845925951413,-2.5479319645268523,-6.606109342396429,-3.30083014529521
6.1436937542916406,2.519671563928126,0.9580268602009908,3.630795546961744,3.604358479749094,0.3949481780270977,-3.9663559118981,0.070034278585811,5.407222144034701,2.0286536808159434,8.891218442877891,-1.1548561694502926,-4.964174891020628,-1.3180060980201542
5.699494606827994,4.056176893861279,0.5626708700729672,2.489626110536948,2.739249270527627,1.5167403419095815,-1.993463500174026,2.01789224532153,8.24489883929213,3.364094409053669,9.966526117932489,-1.4831076287250011,-4.581344334246539,-0.6343572373530417
4.666579055667156,4.2970054427952,-0.0368249025700979,-0.0419217174476322,1.036635845741369,1.7903054024222111,1.6061145962883936,1.708460056533447,6.051593837582949,1.7839291056166855,6.318349008788921,-2.8609056215601765,-5.331026785073068,-1.1385512313333148
2.1482610974136582,3.182249452736618,-0.0164334486014787,-2.5216528486052017,-0.7695496319284185,1.350733816627112,5.518136158806874,-0.3486593775808302,0.8712356916017416,-1.2807752849978993,1.4237534260240423,-3.763859958333926,-6.053237947319452,-1.7394903770899504
1.073167217806863,2.7787010188713945,0.9019185980801598,-3.3366120348125925,-1.99691697048366,1.340114250559309,7.605149262382918,-2.5212916904672253,-3.340249386116751,-3.4787787949230307,-0.4006032572225884,-2.856441230657663,-5.332141066300328,-1.2733157849508352
1.7513581071190774,2.72365159008277,2.247072413358868,-1.8532706321208376,-2.43686938921865,1.4796236345742588,6.414397044883487,-3.189389443286882,-3.9319302664235622,-3.4187358624817703,2.5919822378724757,-0.0438344608079148,-2.7394898031542194,0.5223037170520506
2.3577490304371924,3.6277590255015935,3.1500240856390285,1.139751242347355,-2.291464189429801,2.276003016548768,2.426980973200072,-1.91304129002118,-1.401989531398213,-1.7185272292571572,8.226558997237532,3.2881873246174163,0.5319325405405184,2.764815535864562
3.6622407453033823,5.924480626180011,3.0234142008303024,4.0273179307439655,-1.7983285147631722,3.949228953871307,-2.022298036834289,0.2457053976525252,1.5179974609706566,-0.3036382358761837,12.287997023315295,5.1027006756029865,2.379664422373285,4.020324899546784
4.295885415244008,5.644570800660012,2.044473183814837,5.454155513292486,-1.031961603510167,4.062549025747924,-4.310594509867969,1.4933140579674262,2.4101498297848103,-0.642275522191671,11.987243718985932,4.056566871708739,1.4443841700031257,3.23719802786888
4.058771849618957,2.781432869902196,1.0172011581326874,5.002376552385104,-0.111753256655815,2.6200388528185616,-3.5014331847885,0.6062755685427206,0.9985096884070545,-2.531350303792133,8.039382366764144,0.4336910455281515,-1.6220379052333485,0.4570748194351619
2.8384979387798377,-0.5303402712532805,0.6944611042214213,3.06628475136179,0.5079810066606321,0.0399434737490936,-1.114949070108514,-2.156359316446838,-1.094070269531061,-4.419291523385624,3.774595582129429,-3.9212314382251616,-4.382254373084839,-3.0037131465211004
0.1605813572704325,-5.169162941805195,1.1537372543538016,0.3331204450296887,0.1773028904660094,-4.306325889863095,0.1133978139221731,-5.14008130991282,-2.026271042060939,-4.779234314452139,2.3949087588976923,-6.552396176390925,-4.223817475607943,-5.0153550724089495
-0.2093614465234851,-6.011144287001941,1.8196513809724169,-2.4854351222363427,-1.3303358954433282,-6.091300851463872,-1.3927483130975862,-6.299686150579898,-1.1642994026326434,-3.205603983760975,4.882019923712237,-5.633270039165273,-0.1280827951415712,-3.703902292067511
1.804905916738878,-2.4309108308030978,2.1229291517231648,-4.556653270932827,-3.3094430705715467,-5.110449884493811,-4.554182553308216,-4.474047832454913,0.8161824446743697,-0.4116721461282839,10.007828708153347,-0.9015166006555102,6.673541666873684,1.259486435994022
5.256784551397688,0.7281422423206133,2.135880727554685,-4.946963399542725,-4.391646532407011,-3.3386091400777254,-6.440810443877823,-0.1610603629971052,2.833501807960147,2.5451545861514173,15.754815197706282,6.064056609013921,13.484930620699368,7.9852375744995
11.127635514777843,4.722198800190348,2.507771147996856,-3.1342840564281875,-3.567010196921736,0.3235582378902613,-4.818869907880787,4.668257859962377,4.248738449625478,4.911366328033685,20.46716734156153,12.37265792430502,17.679770131777023,13.088882583069513
11.78765780451706,5.771346065078164,3.724841427757485,0.3280648357562565,-1.1195047117642911,1.9972821808567207,-0.2392850351068354,7.651131191066983,4.995231373054727,6.303684034861769,22.96577230876453,15.099813743797178,17.973895793916263,13.689524554193603
6.748970262100132,2.8720096396876613,5.442584120348339,3.782666631207576,1.4403010790228272,1.3653051555150653,4.243894714792632,7.428345933539104,5.188590686960687,6.506230085211861,22.30823578314739,12.86092517175183,14.82269218644009,9.397144042252412
1.129354311592467,0.7484686864040274,6.613730078662152,5.407164336284428,2.5251630032823336,0.7032307966288556,5.559321568239694,4.507195452823851,4.814349052180171,5.498432206409147,18.1328269970907,6.780190635961771,9.941398818734896,2.726123750802296
-6.919476759361728,-1.688742194573958,6.356901278142039,4.49357140218009,1.770892000410436,-0.973990689348928,3.1476775991255384,0.9533616659963756,3.789116568663815,3.7111702544897742,11.443623934192232,0.0125680685684859,5.354047223393186,-2.530386596581545
-9.456648211185591,-2.8660303122311466,4.7609132813845605,1.9843760220374893,0.3355750960319721,-1.316469522435165,-0.6735274458732956,-1.0108540097651062,2.198722529217993,2.0377659906594783,4.733433657823734,-4.142019292963658,2.49401076910371,-3.801403962793394
-5.304632824861916,-1.962673402088834,2.861979371833238,-0.2409232187026306,-0.1109286010910262,-0.0198857236634428,-2.767161817301611,-0.586554063207239,0.3803290944777364,1.3250484420420996,0.762793947423722,-4.319161316620949,1.7576294944409805,-1.2464182760287024
-2.4748570485393917,-1.3070135443405575,1.812711033361725,-0.7550892420744706,1.147719164859856,1.2975035985588184,-1.777527390071862,1.0432960054518734,-1.2281196816063211,1.7205588480655551,0.7260770929612939,-1.791495338766424,2.617167537622485,2.7496338364903288
1.0238972969230984,-0.2789777533126054,1.9959855673038585,0.4747395620250794,3.2327367788661974,3.2570775124599045,0.9727495008451807,1.705390427706579,-2.286620112946493,2.565434817713616,3.388710580178719,0.7776618629926038,4.08269624270726,5.509114417460913
2.233767555569236,0.2358066302722024,2.838158210520554,2.268562525303404,4.40963491532301,3.624288064742291,2.9026342924759083,0.0660047813014284,-2.6279208924222752,3.0524376308282277,6.079439901363479,1.4842762361087305,5.187666919901454,5.857846957505069
-0.2089710513749723,-0.1160660972594659,3.4005890377106205,3.2498203365306724,3.551187936295418,2.083219513201097,2.479919327341201,-3.183816209687005,-2.2193667187209867,3.061715598845648,6.795371770015925,0.4532860805629264,5.328191715334272,4.555160934499719
-0.684123977513973,-0.4796782200608798,3.16318524061988,2.807878603922977,1.0578574050553646,0.8514401541807488,0.3769919914715069,-5.813445127687395,-1.1288754298240455,3.3193230441195167,5.671310726014888,-0.7011109434524236,4.485270957779588,3.291420122183633
-0.1297541066961604,-1.1886942786235946,2.33793960718486,1.3198081564811606,-1.5063893791477296,-0.6217028857537374,-1.359079134496067,-5.836458503711276,0.4589353087058487,4.646503993380096,4.6035275271039335,-0.5233251845033369,3.3154259940643778,3.1893054849275453
0.241075366403011,-2.175511845134124,1.5412596454508325,-0.3581522334527953,-2.6691622744107137,-1.437229134949402,-1.1937484366770867,-3.102548638115058,2.227661800233639,6.9885923752712,5.391406344586622,1.0803164261033755,2.901985859180124,3.942205232326722
1.283550170881364,-3.399723386315343,1.2009599775914683,-1.5769864827552595,-2.098187898821262,-1.2086428309312465,0.6274636172093899,0.6100739870082528,3.7615885311477983,9.182699718890804,7.983995412815702,3.003356043074966,4.0185436893853765,4.152624390883393
2.316707760800756,-5.012061706052021,1.214465770308724,-2.213026158122904,-0.6522958453436631,-1.9954745408431311,2.377353297033717,2.9878185439618687,4.610087035483032,9.740086354051243,10.295148981869618,4.042788519629118,6.251848323046847,2.552425090389176
3.3744954567402328,-7.001366410982783,1.0774869611580715,-2.498572973833367,0.4309734716825932,-3.5622379341090955,2.294364264621045,2.817078799936732,4.367650271442235,7.95433686719533,9.7433635502107,3.8177814749703263,7.806918413148946,-0.8377490747398237
3.555688907180831,-6.930008370153146,0.3060678165908972,-2.6593021070711726,0.4272783734629359,-4.286219354584467,-0.0508093786995331,0.5791188302841697,2.813778735739473,4.363805991180474,5.275233237676167,2.821935066466078,6.564186198832761,-4.512407251571608
2.6350533328603403,-4.581170944572173,-1.18408988887155,-2.71486476304486,-0.5610186950480114,-4.426489234301242,-3.454298776637578,-2.2184051608749966,0.1357586541242579,0.2577619343744919,-1.7408578601454132,1.8460260480779764,1.8977514362536143,-6.433552404297166
0.0703141922553033,-2.131269934974642,-2.9579372189424618,-2.537041879634131,-1.9130370776772596,-4.255457878750864,-5.933327934035272,-4.141665274499903,-2.900552060611333,-3.192458709589018,-8.435127643387586,1.4324431025843145,-4.219287314809338,-5.418333394590412
-4.574248496627588,1.004172893770562,-4.223697148893327,-1.9983691210651555,-2.998479330152124,-3.4825356679413235,-6.029484057628512,-4.440290264290821,-5.09240374276438,-5.374264492562885,-12.401214371583595,1.7174282156401857,-8.090166761304983,-1.901479576309807
-5.397384507778627,2.8548540187413605,-4.205869454156013,-1.0350736060714132,-3.485780084286352,-2.1906883237511448,-3.659721489695328,-2.992557765961271,-5.374143618998725,-6.049372580818337,-13.15046012722628,2.538964255776744,-6.886549581715724,2.460343773938789
-2.2027713655153454,2.9502909188253583,-2.6151276407545847,0.3610678201276176,-3.347979651163704,-0.3111152807183053,-0.0140953917521269,-0.0713465221707609,-3.542619149532093,-5.0508104533626845,-12.014344287276412,3.576680722241487,-1.0411944238451525,5.9217237680945365
2.5150132579474147,4.518582609352875,0.0030504347527293,2.098742392015402,-2.70075471356511,2.404422342006052,3.333370343293377,3.675697748582645,-0.5528830952570003,-2.39415774005658,-10.78041926563436,4.492016934598068,5.65753202812707,7.578330288278368
10.247814881429765,7.097422449056109,2.3565913741557907,3.8917416421174673,-1.643559544318511,6.010791104739194,5.431366828986414,7.199003311727393,2.0099122966984213,1.2941070898047893,-10.326652782864535,5.122829606362442,8.655956883096747,7.491655766533229
12.065832856404368,7.524523145921933,3.0880267144076177,5.283994812558623,-0.2141757723901158,7.002678161722869,6.376368925236017,9.380439662732064,3.0230296934581538,4.654547770049812,-10.339083158768222,5.60941007284403,6.005105660580222,6.198837047250723
7.209472718435709,6.095316606894706,1.7224837607321486,5.897535883432622,1.5131790331332964,5.12342294646114,6.913033066826042,9.71396587009998,2.6446951977492006,6.188570420247731,-10.128593456779676,6.21184961450024,-0.2321980948186921,4.24796738622037
2.240268809642102,3.9260442909631257,-0.8612965508814453,5.7081772474806245,3.2629298965427727,3.563574849951162,7.60155247589581,8.74457903754431,2.1182651146348777,5.226810008607425,-9.624660009113263,6.839951054259401,-5.760198163128311,2.133457537361349
-5.037898646894528,0.3910648807759811,-2.981833543308639,5.00521200038134,4.507186177921344,1.5236181963159938,8.270097746909872,7.690581189092551,2.6340520767484605,2.4429683186860216,-9.604359407960729,6.752899753147576,-7.551811469678547,0.4105067359355152
-8.837565258861595,-1.4248731211993677,-3.4309695728747887,3.97406147808484,4.673860195806517,0.0170611553398154,8.21214100305163,7.3936521664483426,4.185552983622356,-0.6052589645388706,-11.007465122478044,4.92365072749742,-6.114285103520567,-0.4627318629562669
-8.008424427037223,-1.234117407951001,-2.429893985285369,2.32343706773718,3.5336868802047263,-0.4238706465493274,6.933555665992307,7.47824067334924,5.443476361458311,-2.5872182163031656,-14.000094802477046,0.9617047050364148,-4.654321145736774,-0.615359958571176
-9.276512451947116,-3.154000272186181,-1.3912346957927648,-0.5131401943022251,1.4529928041939444,-2.8533245244651466,4.747788932288716,6.562122535101439,4.820711255926722,-3.276867697285752,-17.614313841471144,-4.2257757966873335,-6.015393813467081,-1.063187587923026
-11.15436781208132,-6.607048578189959,-1.669165906481226,-4.604800319601379,-0.7556282974067874,-7.0343727097629785,2.625136398938823,3.4774366903397,1.8423618087120344,-3.511439764989466,-20.273383454818067,-8.824952550489419,-10.16393688724117,-3.2235835522728817
-12.15484905366494,-8.163652077854723,-3.41811216502927,-8.8902698433589,-2.3135939134184187,-7.61374646760134,1.376478492066398,-1.4893808311317576,-2.3510091839828933,-4.312809499513477,-20.809541778804903,-11.403543913703562,-14.358024635537864,-7.722521491536278
-13.11185669284609,-8.284092983444788,-5.552193170183377,-11.490766325951276,-2.905184571474387,-4.73822313662648,0.9077828652593962,-6.45224845738514,-5.77359591252873,-5.9120611041982585,-19.22099652356904,-11.956947356755446,-15.625471297545385,-13.420027125681033
-12.57058613054472,-6.910719167619549,-6.735598486632443,-10.99427178615191,-2.722693773260036,-1.1381017349558291,0.2964417636611814,-9.107415908234486,-6.946271704584384,-7.462792934537626,-16.61214911919472,-11.67099073613437,-13.199056977932257,-17.7032096734385
-10.370976444534184,-3.3107335693080158,-6.436391191361363,-7.735255857708022,-2.1642056655605835,4.335623005928976,-1.28399863341102,-8.338385730357917,-5.733164748890065,-7.676640931023918,-14.362344546524994,-11.613228147482712,-8.857021267196458,-18.14698925220117
-9.116539702493366,-2.255867785670808,-5.179161057231472,-3.873708077823018,-1.5203311261979555,5.259298077527164,-3.611178102203159,-4.963214821780184,-3.152306193314928,-5.9066389208953645,-13.157898508836745,-11.715550960854046,-5.197311528873399,-14.359638579144544
-8.613915541801468,-3.824332942390081,-3.9854447902814174,-1.9822464907660875,-0.918848199604918,0.8537994546639358,-5.402106077378416,-1.0716857394941073,-0.5684167602402432,-2.856638378011944,-12.649739803679877,-11.145835354976107,-3.6279802760949806,-8.452198084444927
-7.510911925043698,-4.606898730369702,-3.6278409438389705,-3.1494814831944886,-0.4727716937100048,-1.852110914107166,-5.411811098430761,1.414203064799267,0.9720013931078776,-0.3359707435824539,-11.999066946420696,-9.6380397037833,-3.754748478377035,-3.6297344289295808
-6.281601216193663,-5.603139830842556,-4.229462451597595,-6.1307219046722565,-0.3635536794120568,-4.329804948256808,-3.7258293585990794,1.7581303461535072,0.9245474183093664,-0.1445495246778172,-10.788450778570628,-8.20125919452288,-4.297761125534247,-2.0121228936006723
-4.26738974125024,-4.84447789740385,-5.270714201270888,-8.290452852812777,-0.7107574625393305,-5.241600675797665,-2.000248295140306,0.3362105591742939,-0.8026828263197245,-2.813748894427864,-9.408736487693076,-8.229202686246367,-4.353149882974275,-3.430799647448765
-1.2823637535529413,-1.7448805835857757,-5.84842679407409,-7.61411081131893,-1.3649784346656162,-3.3515976247830537,-2.2478063634241394,-2.139485192329936,-3.797913735959952,-7.090617302589781,-8.504658624230142,-9.83922744540092,-3.8649595563648056,-5.997183473631825
2.199576235009365,0.8991978100780489,-5.121997325967953,-4.180870478308005,-1.8902008457961836,-3.7229640416377374,-5.100491752207633,-5.172208035633814,-7.060284576798203,-10.589297105564334,-8.022495384099518,-11.29322534804573,-3.201947467554053,-7.669229565573175
6.398766891776282,3.640816837452142,-2.8792692683876275,0.0432907154150985,-1.8311243283333096,-5.864133075560689,-9.069806770103758,-8.334031419154005,-9.23247730757064,-11.236317425001156,-6.905441718265188,-10.345473304300684,-2.5471100545885825,-7.406226173128097
8.54935112783702,5.135104907910542,0.1056334743666482,2.8188058649779606,-1.069167669605985,-5.801616570082821,-11.553590668190772,-10.83886359247689,-9.254263938388029,-8.55573095555867,-3.923488317034956,-6.322746745224155,-1.730437883442555,-5.260693315509197
8.367811811840918,4.800954205133306,2.364831971638555,3.254308676036725,0.0446761831312514,-4.210619929316113,-10.83289670954426,-11.592377343928618,-7.017996041473364,-3.91614475247242,1.0498588824724386,-0.8813429018907257,-0.5170648909560178,-1.887646157563189
8.22948272352874,4.840460509502324,2.6940324937721414,2.161913273788308,0.91600286494079,-1.9716909252001968,-7.405202095047763,-9.9104006145535,-3.448386324842012,0.4257105128245477,6.601734090742607,3.321592472745184,1.0527481622948258,1.784210960218836
7.450822727336277,4.796751535426054,1.095528704627256,1.060033176546611,1.120970040106192,1.5775535170929569,-3.5391567538077062,-6.26236668065679,0.1194311448138449,2.791531741036909,10.77281570029337,4.732541912068175,2.5911812405288366,4.630219027727808
7.491019749157885,4.299030039943484,-1.1560767194351502,0.8687971881242262,0.6764753045235956,2.291480743573506,-1.4424626117445385,-2.216892789949352,2.754847958010151,3.008997558033084,12.650540381553323,3.8118602925179808,3.56698850514209,5.603476881980887
8.764222680893118,3.640035295693024,-2.495810698559268,1.4197614312026374,-0.0381811886342902,-0.1571069454642028,-1.58343090875303,0.5328702781307761,4.277028027854703,2.1913118635241027,13.026580096641318,2.1286764235386784,3.612073510834572,4.351769287654056
8.349803430194147,2.423475719639123,-2.2803807203297684,1.986034283273785,-0.6123229030879269,-1.0687332910094842,-2.523469654513235,1.307600283639676,4.947619132144114,1.6611222108295074,13.413420909514896,0.8296767834606449,2.758980355309612,1.6586275622577702
6.56154298529389,0.6504071938422644,-1.142069279727659,2.1032951472231023,-0.8874334199470546,-1.2796421826058442,-2.300950863752316,0.8044658217827418,4.950876740638184,1.941767752310104,14.353767760268934,0.0403493443813403,1.4891169299252525,-0.8749331269562184
5.5363308682762735,0.1137580642882196,-0.1852828045719832,1.874050433734032,-0.9647529841777532,-0.478087387522216,-0.1253159766179381,0.4167679535599795,4.2417156743580176,2.577973534847482,14.757809145074448,-0.4960357004068534,0.5274687225341328,-1.7793508868423382
4.87220701121088,0.9008922566061438,0.1586453662967315,1.6417839964619194,-0.9821644466402568,2.195340545176105,3.031526598389644,1.1213137129404285,2.873807537791717,2.771029340700146,13.048563420462877,-0.580413339012285,0.442937799893202,-0.521924969207074
4.882144228581311,1.1537436495818645,0.4779841800139159,1.5638260759252365,-0.919111357136572,3.5400345778298057,5.346789052285213,2.835185625782444,1.3572125737696776,2.148692392097235,9.050537615431764,0.4245268245676845,1.285917669904788,2.41918305240252
5.983440773758526,1.2342723649067844,1.605964803908989,1.5575813854880138,-0.6352189627606144,3.76575193827706,5.687593151443107,4.660544047438759,0.5286328429709002,1.012332074084452,4.676352701435322,2.7990271297992653,2.542737336824465,6.045417098586498
5.32690468543688,1.287906710614479,3.557405126695226,1.5491982743758292,-0.0892264014986139,4.2628127850539785,4.452327764974244,5.682333105456728,0.931676012342418,-0.0025449547013955,2.5443597518114096,5.872626428689921,3.484112071704752,9.31237150325945
2.9266357153029467,1.018447369007627,5.3263077839620525,1.613330966594532,0.5100855616009206,4.434965391787389,3.075112397929452,5.616494162388058,2.2750823545028247,-0.4096890897722467,3.7149139346532447,8.347336249898206,3.666436465670797,11.320048396372082
-0.2403324489904791,1.22111819156271,5.8161010822116666,1.8145983342507392,0.8067510566929457,4.565772268922535,2.7253010893167837,4.856920643776249,3.554142165395417,-0.0925680700726729,6.71246427160316,9.246351851702958,3.202957452720176,11.44893667792968
-4.846064126573385,1.8663175934625773,4.968558802913865,2.004135915046181,0.5820205568123207,4.744319901146634,3.366191002996892,4.024430590193695,3.822484712369445,0.7564738064474383,8.83872856093518,8.590991383059901,2.607965823187733,9.657265291681895
-6.664550834690981,1.7317076063950834,3.885729796130093,1.9105612914606096,-0.0359711784282517,4.324058712117465,3.936945089729246,3.4808229515084044,2.955495665035226,1.7743636237823883,8.571097131032047,7.260338782874228,2.3671481836182267,6.704552463191078
-5.369167111145812,0.8842107284113676,3.738620030494072,1.4887836657775573,-0.6302914890968268,3.3414257623259025,3.4100757012724934,3.183988070213765,1.7153224039496244,2.5616799104361654,6.78449772284921,6.29746184391437,2.593240369106727,3.870710244724599
-2.943092517362764,0.6512195055553348,4.542235657611473,1.1141280782858267,-0.7718085439834379,2.7490901638994827,1.7551836701982904,2.8962491896631324,1.0668833746605948,2.890345417076418,5.708820054230468,6.31061690146695,3.0258394751479294,2.174439468528316
1.751301930877295,0.8630172679538023,5.084062243181748,1.3017282716734575,-0.2884638643055268,2.4884814276885883,-0.0061942564987198,2.4783707451754573,1.3859607365725708,2.933750877175436,6.745961240305061,7.307091426638374,3.336519562495312,1.6971192026955002
2.922749712966544,0.2443102283545352,4.136449588685837,2.132393593256621,0.6608856776015593,2.133018353638326,-0.6468454875998972,2.0127250176213494,2.261679143305553,3.2316411874124142,9.28293352000371,8.798530714089184,3.4464012022910726,1.643851731768958
0.0822504994546174,-1.0572399378060795,1.734712369003125,2.9561082642502168,1.7067689132011026,1.8745117152825657,0.27310455612972,1.713159034103528,2.981585962285653,4.213590524284937,11.485755959307824,9.935894793220385,3.560812990354032,1.1106221304441952
-4.3896962577962055,-3.948577806391619,-0.79150217371879,2.781410747432856,2.449887360849168,0.9416123509298406,2.0851273445242384,1.7504992072568424,3.1516186856003188,5.614810644589101,12.04552725272828,9.742905088551424,3.875221423953066,-0.1454818509424384
-12.100437943375828,-8.804667354463568,-2.048679610146486,1.1431993924168855,2.5967862971944005,-0.7581305549428321,3.5715778613154985,2.131629659677621,2.878260429534402,6.454406740349196,11.096729459209312,7.652877037142311,4.225988982356691,-1.6090220327145577
-13.521640284082864,-9.833057355628222,-1.7771645866772925,-1.2815130002569894,2.0583582663978355,-0.9632536046136044,3.895945830904349,2.6863083852913583,2.481507524041419,5.851542844739363,9.669906852209213,4.165930786913588,4.076294607257019,-2.5695610425555278
-7.943464392214679,-6.8991955535763,-0.8085714815537717,-2.94617219268903,1.0482484548493218,0.298569507959225,3.1540874787718,3.1460130070967285,2.166091523059446,4.053608350225037,8.635848017515595,0.9535259236183702,2.9820584679993374,-2.714888389443452
0.32809452065045,-2.573855513276567,0.0462971482451983,-2.519611387843298,0.1183918846979956,2.0956387749010164,2.164733737954448,3.268572562330599,1.97949364175704,2.597780901203553,8.348559241076199,-0.0872424581984603,1.2079394582876652,-2.1956144931845465
13.855661483383509,4.563986781577312,0.8680515064998922,0.0516270808146899,-0.0181529547103949,4.946889887653547,1.738053210096144,2.930567736173206,1.9279605277993817,3.167390398716261,9.016156976630883,1.642447059991566,-0.1312136109909332,-1.2380922719606176
18.15525297192276,7.716675817489286,2.292755672185809,3.4300176810396863,1.078010246082027,5.5198075068020405,2.026410176399784,2.1105009600300164,1.9236424206813787,5.978082312389386,10.821710615083006,4.656319394912995,0.2323096486014364,0.1274938546683302
12.021367793544057,6.2794578348363626,4.412837067924261,5.887914835040842,3.1155714838843984,3.504502808950764,2.4385920224183515,0.7800134278103847,1.554676439051775,9.174692793601054,13.287073652126365,6.2883687302023255,2.5541849727243147,1.8500638839913464
5.518308942219152,5.469704010873004,6.240014976984032,6.58466653042619,5.015708438014336,1.504240297193307,2.147225158209764,-1.1415646919407578,0.0786443273439374,9.980553221222976,14.699122881155668,4.748094784121907,5.42147244676158,3.4306863245698622
-4.953813506148646,3.6365595257325,6.431575707791104,5.99519438975776,5.492675196663498,-1.3014460313804477,0.7929096964643918,-3.6273042020981343,-3.0457167816909525,6.7945610996744605,12.804864154837183,0.5664468087045407,6.39829083871664,3.930228674784267
-8.954006046418641,2.161850077792232,4.567931236637595,5.146189009700528,3.983150856317401,-2.577235383863547,-1.132846214930538,-6.271404732810055,-7.387292621842821,0.5181392276630383,6.696586193777378,-3.906049264382588,3.764696438796115,2.6604869197417464
-4.690744269643481,1.6831543637134965,1.6387934939474214,4.47361845366639,1.2070794733641286,-1.8341148459068968,-2.527524728094772,-8.245074209120677,-11.311737385254908,-5.996812139459532,-1.8000028478022791,-6.494398211143558,-1.9110511948082944,0.0053133384331793
-3.4718051506643253,-0.1972468777895032,-0.7835652068020416,3.479708054787988,-1.2154500551280911,-1.3882912751411365,-2.4318276207910543,-8.718148507792144,-12.796252002219433,-9.902298089481713,-8.88617562836842,-6.833266103394237,-7.74635558662051,-2.51323752139778
-2.673787896838437,-3.050534332543695,-1.850039135687382,1.512739125060211,-1.934157281169412,-0.5814092972315896,-0.8181979091611069,-7.519684677388575,-10.883571233928336,-10.126240281750132,-11.429868859258242,-6.217707556196707,-10.343476173357772,-3.219543944088634
-2.2499280941944235,-3.832640442734727,-1.9413689122708533,-1.2263843870732811,-0.9318800204511676,-0.3219435319210642,1.1726572293767532,-5.42927753077625,-6.642102669396248,-7.692543508190855,-9.304136597061152,-6.046983263836495,-8.18887769701588,-1.6081068244679848
-3.7912836900064297,-2.6294611083495787,-1.9782891738251076,-3.6181570837165182,0.4450044931169934,-0.955669553866448,1.8425741996365748,-3.690812141904651,-2.702508598364848,-4.633150610166034,-5.363510002991802,-6.52501841284376,-2.792129112622849,1.1349479381373122
-2.8791785783605164,-1.6691486767399704,-2.3462161258415186,-4.636581685902684,0.6013863760202547,-1.7970050694068822,0.1053250417684505,-3.050153576500815,-1.510001582529359,-2.5751539489242923,-3.0971447886254246,-6.789115722801071,2.4108272838163813,2.939209514326105
0.1675804432351458,-0.3557360654884041,-2.5389908779653485,-4.344386943290759,-0.9335819823390352,-3.1973458988095764,-3.574552823943065,-3.1522285575550377,-3.513290692929152,-2.019317504280547,-4.012360814551222,-6.041894905595214,4.602633204518616,2.409046783515885
2.12528459592115,0.7001852612877764,-1.7912612781836064,-3.7223986598773102,-3.0417059542128357,-3.816482595693763,-7.242683294066836,-2.887422596793563,-6.697529099848262,-2.481033565098123,-6.847511837702211,-4.334187735448898,3.59556149734329,-0.0527918410306895
3.64757688086477,1.1461933450320874,0.0368602855224633,-3.4504653458028542,-3.882689470603049,-3.540316496799424,-8.635556631634167,-1.412238197081349,-7.934830716096748,-3.0176629997845126,-8.949945262861872,-2.2746655915368628,1.7289277829854264,-2.396078813874931
5.6488276650162055,3.051880033248509,2.2218877457944384,-2.9927097982632045,-2.3861549382718046,-2.3025544498953936,-6.741321278025493,1.0724794282909471,-5.2586299407577,-2.723121577155723,-8.403099993462751,-0.2518283004217618,1.7772840150122882,-2.2699230987319137
7.676274157539717,6.28527350512304,3.7491284865091465,-1.130130368565199,0.8570047072796889,0.3287814759963633,-2.61110928335088,3.4710996154586606,0.5939067825409889,-1.1542963800657322,-5.243080243886984,1.7782073882762663,4.588029314111745,1.2891570986467542
7.057114224039989,6.264244547082296,4.061597457676827,2.4496108645942654,3.992177795386713,1.500087072116814,1.244279209590152,4.677787732481757,6.549517104866256,1.2855501284533073,-1.2022225504275728,3.694105618990864,8.332891195006725,6.899150941600377
3.5447706293198644,3.0066762453259552,3.289275109392219,6.158142914381264,5.202811385132514,1.187867263159455,2.5097712694312104,4.361225060620697,9.255864562988332,3.285263524035985,1.4331900523478325,4.6220442278725375,9.897455550098524,11.309272894163772
-0.9514833903528432,-1.0237739850035454,1.881728370034291,7.346920031249906,3.8739406431003065,-0.0600244746168969,0.6078344193454921,3.010405349970201,7.338009835753349,3.25581201428607,0.9852725583083116,3.255326891648261,7.2262941736972595,11.224080605271563
-7.1469320506091325,-6.855755694004471,0.1548573987661621,4.456439176363109,0.8262675536264172,-2.9818335943914605,-2.972376159857399,1.3705689782252386,2.228310530639332,0.5000373137295657,-2.8954969134956663,-1.0012812102465216,0.7982123662630456,5.481631545990096
-8.651949988062094,-8.240928048702587,-1.7637393946030118,-1.4210723226054838,-2.358517227899071,-3.0911070682366253,-5.750100485162744,-0.0793309548552834,-2.940346128955425,-3.93261900229486,-9.03382143251056,-7.095290705659014,-6.7454912576840105,-3.863375189217596
-4.692135658307111,-4.430354227702808,-3.626245618589553,-7.038092596219018,-4.28968117815765,-0.1943722347015335,-5.888348015745692,-1.1579590753968314,-5.427769848456775,-7.594235082663002,-15.079480752469031,-12.546764794216106,-12.304028017597153,-12.472121418532064
-2.3051727603314776,-1.7594299305235443,-4.851368436241086,-9.209332793262991,-4.379016857118003,3.586532776596385,-3.2010656827815493,-1.688898444383657,-4.392076617997515,-8.172151642531375,-18.400452470450585,-14.766960178670184,-13.975589210600218,-16.215592229451445
-0.0129026456098152,1.25368925659567,-4.762051772490366,-6.94870711404044,-2.9139052953026408,9.369094859971486,1.061597878984557,-1.3849401552009883,-0.8869927767589392,-5.10290113189304,-17.254690254674742,-12.510277520313595,-11.646278609237225,-13.564231160039832
1.0961036307089709,2.4922907783945507,-3.1444865666126987,-1.9154020197967565,-0.7475385432603989,10.815764813640833,5.246066249467331,-0.1291577870900937,3.296409824349002,0.0314596906681039,-11.65811970906598,-6.490314598953383,-6.517359447094366,-6.2495482390381785
-0.1872642372525884,0.8395240617282189,-0.6232665497137013,2.9377254866023588,1.1687673398632672,7.324773505959483,8.20898857992104,1.6603945805843343,6.819206189773036,4.655190207678725,-3.415168620744435,1.070183847589984,-0.2841111008593291,2.090172552644012
1.579928544247413,1.4614921253208109,1.559686216274443,5.280921883132489,2.23834768396614,3.858509254164729,9.517073294011762,3.081522923110981,9.172300555421495,6.955107849775896,4.730223016392214,7.501662035520299,5.422948876391139,8.106271613722441
6.030730827833379,3.7269016718930144,2.2966300678549096,4.555012744939472,2.4817177582088625,-1.1432208832471242,9.136045577564271,3.33216090248683,10.303001594339722,6.86872255178514,10.318685915334456,10.785923091657535,9.287993958845078,10.25450716110694
7.276682608344972,4.424113044676696,1.3729894897241677,1.9015600079077828,2.4228389332106843,-3.3235485373762392,7.228665923039466,2.380244716806599,10.168660424646603,5.680242387392507,12.125638441326982,10.356044897884766,10.528875605797898,8.963419107744887
5.974797116568931,4.2614329913904845,-0.3452111900210077,-0.7209103426930525,2.5958676932495166,-1.7584074226610575,4.331818451408076,1.091469926193442,8.743908052392452,4.773959922605116,10.479751637666594,7.382435928397388,9.175773796502677,5.8587571025758365
3.949151007101868,3.4189122706931165,-1.4774674965124088,-1.6328714129997337,2.9966766917522136,-1.6134465656361552,1.531461482839216,0.6053383844049662,6.3765929278425695,4.6491224711070025,6.963849643906416,4.285542060267648,6.153155440286893,2.79633884381204
0.0922363065414285,1.3883938416214805,-1.081906236449388,-0.3315460043438598,2.960171507762848,-1.7419900849743877,0.1001461034967281,1.417609257547653,3.9556097703226074,4.862270608977134,3.68824301268603,3.4150306772220524,2.9013451458174924,1.1157985356239095
-1.4678192293868992,0.3152892119643986,0.6645829944542516,2.131781620165805,1.6646128846918895,-2.400979487501089,0.6389701411908995,2.940790562291614,2.529848697440652,4.675356043374753,2.3572730168715967,5.479324658572574,0.6629086726467133,1.1722143007644623
-0.3954439590189286,0.2137388667941821,2.5300072376270286,3.6245193877268793,-1.0903781503222485,-4.370548695126428,2.440921694517865,3.959411450067398,2.586646317721547,3.696700483536477,3.442014831377932,8.863710089166588,-0.0939706784414475,2.211494604858242
-1.4618208394010073,-1.603487604397743,2.9945145751731523,2.256132054790287,-4.497100669284187,-6.169972086389482,3.7686305425352495,3.628574770104144,3.60784391928274,2.028664426146195,5.884977637052641,10.631356562688476,0.2612018465063954,2.757964449428981
-3.8587009566206754,-4.826008263009688,1.221217665091693,-2.164720200823183,-7.13679537555381,-8.111157859688074,2.963156723182422,2.149231290913185,4.366979367521903,0.0163695609715688,7.624908456238385,8.703789107498222,0.9005170489098546,1.488881773325506
-5.350122035781736,-6.328159436416971,-2.368394927146777,-7.689096380147104,-7.896518136281761,-9.291345986110665,-0.4561524966102723,0.5001866600890743,3.81393751620719,-1.9991488949813672,6.738536225558976,3.5392285410699245,0.9727361751570562,-1.8505335084047976
-6.56896597278607,-6.364941214590656,-6.248853021428111,-11.390550219374695,-6.697225496018115,-9.415699641362131,-5.523123371382033,-0.536588450395513,1.849620696390968,-3.708826947352776,2.5062656502722724,-2.1662244025248043,-0.1637887148577341,-6.126930191011745
-6.706855868888382,-5.275711581193543,-8.5883380802192,-11.39654019117116,-4.487507640356576,-8.893108053005195,-10.47204390589026,-1.1175894339067156,-0.6575947820105803,-4.793669244733337,-4.272734680824886,-5.586682749317234,-2.810332686537184,-9.41508823750889
-5.376644320059847,-2.349073948959104,-8.261999397611493,-8.169459350937686,-2.562030938054228,-7.35841470588865,-13.69827765786529,-2.0732230466239017,-2.610974007850281,-5.042677379363717,-11.805042980307029,-5.876523782986396,-6.687373739067915,-10.199142155478778
-4.17493455406302,-0.9273330424132208,-5.518591746331186,-3.961868676437636,-1.7542543035890965,-5.837634046665525,-14.383756643784544,-3.8365191543150097,-3.493714286320348,-4.576352689784635,-18.144148596434988,-4.455042384847587,-10.673929941676631,-8.39334286837304
-2.8474369657991434,-1.0557841623087654,-1.8756641923158028,-0.969080453437222,-2.054635289625484,-4.329341639891335,-12.605287361206155,-5.638171090554209,-3.5200763205770755,-3.8633723031204816,-21.78198373326881,-3.344355674208092,-12.954280141612918,-5.4367640014617535
-0.2249681887223165,-0.3664266719657936,0.762639215280398,0.1590444908919472,-2.810426079251549,-1.9031913732076435,-9.133868108842744,-5.907466339936828,-3.0926509022662216,-3.367848998746233,-21.911796272151506,-3.256869383200385,-11.872768655376388,-3.310469923727048
3.5274330124350715,0.453068770132316,1.2459215627204223,0.2308945088166112,-3.256000442858213,1.2661496805508288,-5.126007185636901,-3.6927010445849646,-2.2658602191533426,-3.116581630454508,-18.6685640674619,-3.282027937122983,-7.167218055874539,-3.129084118857822
4.007988367432347,0.6453004534969367,-0.1950875781287493,0.2108728323201383,-2.991329839182434,2.833906726075939,-1.7295458450812475,0.1614924903099961,-0.8952713888925388,-2.6925698002008858,-13.437925491893616,-2.371940658368633,-0.6766404011741223,-4.3905274973945225
1.009417803346203,0.4028047563733784,-2.282724181184878,0.1688375146964205,-2.149585259995419,2.720356868614437,0.3715316515071372,3.2831028612745783,0.6684687021870097,-1.7934833371681655,-8.782999523522388,-0.9930340688148788,4.26321122960497,-5.550894591757096
-3.120904017804741,-0.5775520482498359,-3.698131892939486,-0.49453725485548,-1.2104307839315638,2.373809409280512,1.2595859443754804,3.452961965086427,1.2362979178766658,-0.8381222796253667,-7.458125105795812,-1.1218436258485838,4.651631472782963,-5.495400692468628
-9.50290395832429,-2.4614245400019006,-3.931618529592093,-1.9660263519919996,-0.6042413619469826,1.2315762919748283,1.6569323375570768,0.3495556669469835,-0.5322755786145343,-0.8916482465605426,-10.715772331247448,-4.407828521153473,-0.1951467756067302,-4.596868314417669
-10.630924481831894,-2.5217229095466176,-3.3341866490216105,-3.3896617447830124,-0.3731545236258142,1.0574208692660332,2.363550270239493,-4.136592293607535,-4.818692271943306,-2.76006809468932,-17.060926487147796,-10.21175250482628,-7.89911502697143,-4.311539277643551
-5.721671968773823,-0.6484657086545011,-2.4825723020983617,-3.4414524331095286,-0.1474090759615371,2.1148948595668555,3.647131305937606,-7.31795751941932,-9.968983806370192,-5.993757863993107,-22.697010854540224,-15.504680258839564,-14.19827978493299,-5.601049555693187
-0.6148363620883212,1.442725670969674,-1.568539291000274,-1.536755115126951,0.5047570044378666,2.194618982653805,5.0845668346392685,-7.675890663931231,-13.328022476010975,-8.822065505447576,-23.75980238435854,-16.962088837705505,-15.453495312471777,-7.682032363283081
6.5908198910007245,4.395956450625894,-0.3878014828759006,1.5650658043744592,1.6141867978657451,1.6887579597757856,6.005775751747542,-5.75868127258148,-13.08656896139768,-9.309999216929416,-18.90152010305283,-13.536453481763242,-10.901717694908342,-8.420341744402165
9.505705392306702,5.701149113563312,1.1836948783562775,4.349084809021864,2.666844882163659,1.613424504743606,6.15619862700499,-3.366821569887712,-9.610366404882472,-6.882739370189732,-10.25956588139167,-7.271088549812728,-3.112105840845988,-6.149681092337872
6.953092127955216,4.990715528437081,2.838062471963969,5.72779991355144,2.9990722677924886,1.688745419536548,5.964134539681488,-1.8729187031377208,-5.091490628509746,-2.891524647024518,-1.9567555307929787,-1.644260681000116,3.754424948896748,-1.2552609683019824
4.771659986870819,3.942724828808715,4.032290960424096,5.726579121267008,2.452601630433346,2.045607383010637,6.120747573944273,-1.1955841422940914,-1.838741278674938,0.3718997824562144,2.7906495100671838,1.096392949161359,6.73093971327007,4.004404412663559
1.184938528090795,1.845216715073341,4.520572591668643,5.178496787967848,1.67419887062535,2.8411603076648126,6.814766172808403,-0.2435410514486697,-0.6961522709716803,1.453035228087778,3.740936872127593,1.3289241227740298,5.87938092076058,7.319006215277923
-0.9658025498894008,0.378167109543562,4.619774192497159,4.8795448390869485,1.669853956950913,2.4510324046269343,7.339139305492122,1.732568901312158,-0.8554620542466438,0.7900057702410557,3.311425712748344,1.148603098397377,3.794427224882474,8.097294953282141
-0.8162920380631458,-0.2373716178816045,4.864682320036717,4.9918041354035445,2.892024069033983,0.8215227846304398,6.520275440649762,4.21878783472128,-1.001710298757832,0.1109072505266155,4.249823873437226,2.194544701683345,3.170843041889446,7.557819775725175
-0.9100346936030652,-0.4019179844377589,5.349609568012204,5.061183873453935,4.657108237175741,-0.8105165314307803,3.692584851595109,5.78449658282632,-0.5939956295177904,0.7003442451175612,7.270335532919702,4.225940751092304,4.434524973533831,7.159676275838672
-0.2999875805730109,0.4082540383183126,5.42767191168584,4.441583155065933,5.506623511502264,-2.797191734589024,-0.5995852145217722,5.30991634619703,-0.1460998152147485,2.1181912083651007,10.593259723038727,5.565885130896138,5.468880047080601,7.011514820388772
-0.1760918751417132,0.4380089300051298,4.165711249321264,2.75170334951021,4.329269984258865,-3.0377014043781005,-4.809789168077737,2.946065604265621,-0.4266095824845521,2.605636297240036,11.70176509393837,4.77789335429342,3.720639694427637,5.881941513790233
-0.794995544755228,-0.2968851039909075,1.2545142798788422,0.1640698889332004,1.3401047998608906,-1.1718667495153072,-7.375308088833409,0.0116898281913613,-1.471982371684117,0.883250543080786,9.783269996813512,1.9860494679996616,-1.1628935498310806,2.7860204827559567
-1.9590040748111588,-1.4441173586847065,-2.421827489944544,-2.546754795115588,-1.9394178806119025,0.7629483790304616,-7.687456174315393,-1.9617990064610653,-2.359184087938665,-2.3153908596400754,6.771778350636385,-1.2111456411828136,-6.597882677272111,-1.520000780112845
-4.084637868110121,-3.42706813844048,-5.159395307098443,-4.2812193831886045,-3.739565958541844,3.336029429139489,-6.305212798061483,-2.175210017514541,-1.915568510585139,-4.51692946660304,6.074394944164823,-2.982463791099841,-9.024592096169316,-4.776578529071051
-4.352138008431387,-3.763440974839032,-5.57820261829384,-4.214374145796433,-3.296140615537404,4.634861779080707,-4.348222593581289,-0.8386280580840335,0.2688161229010894,-3.522734953009337,9.974416470990084,-2.560184466472265,-6.880712398269129,-5.109009582584234
-2.665123816432175,-2.339565712973113,-3.654142347621805,-2.408254253154377,-1.3018202495587057,4.231877741009913,-2.651135280360661,1.2094758911684806,3.3740470344878712,0.5816851947680046,17.78430589730467,-0.6259715821863612,-1.893748998131349,-2.7670161899026717
-1.843823921459652,-2.189919853631159,-0.7707355208162827,0.0806871633871715,0.7466202676220739,3.664920074758217,-1.3301433980847364,3.102195850097345,5.82522736610089,5.308051421329209,26.20417581753196,1.3871078487445168,2.501194813380984,0.031534789031804
-1.3511132830763417,-2.8846237782496584,1.2936814729211117,1.835982828289948,1.6972082094699843,2.337701818792267,0.0412101689858559,4.377816761645541,6.404631610164458,7.764427125189636,31.5622640803866,2.46650993895755,4.142595580384077,1.070917020046199
-1.5241154005852386,-3.808434686209136,1.63081212174232,2.0492361823304392,1.45043971418432,1.715666154056487,1.9220359670380809,5.099097916815751,5.211227873020334,7.028646856095573,32.14972216645893,2.746090826448341,3.738958780038093,0.0483008623680518
-2.8784953813124186,-5.4995067410113485,0.7029032765164125,1.0365374389905355,0.764399553578329,2.021630017474524,4.36900812775599,5.648830020260505,3.697715757547506,4.755703941255597,28.908488648322678,3.199662432815085,3.648032006356974,-1.383109690030274
-0.4373692622058475,-4.021243384545783,-0.2548680388213498,-0.1412063466632744,0.4812963381822364,3.4955284721648847,6.917040054615811,6.296184814426368,3.5976543390711875,3.4973420247277858,24.180789059723523,4.542076876552844,5.130669414165077,-1.3882534908740285
5.94750549232596,0.917123013567791,-0.3258289404051382,-0.6052707751172086,0.888025128611801,6.673110816986593,8.792031598987514,6.815821983947512,5.423461375058444,4.339265516588192,19.797814747852843,6.330522789667036,6.84070624672902,0.2569114241691608
9.334453046521093,3.378540383325855,0.4493620051405287,-0.3130272704198091,1.662316803801815,7.529649634180784,9.322689058178533,6.537481320465645,7.756791881369772,6.054607611474282,16.13263294168921,7.204739846287495,6.092178802195143,2.05210304622824
10.466971068242149,3.998120528781559,1.3230958787962237,0.0858217824737437,2.285414618051952,6.03403711909867,8.324032409635002,4.9112802773486095,8.155167721261918,6.470578398439443,12.67076059153122,6.175451498477969,1.7241326089507183,2.2952437675117423
7.995877361682322,2.0153174404272227,1.6042510127980378,-0.0342838652515951,2.4700260438685504,3.224131804273065,6.208907031663017,2.1315805497841254,5.215077406649236,4.635525033127237,9.223538420766182,3.741719314326261,-4.215384385424386,0.6715600349575936
0.2643845801690877,-3.9392933992585832,1.2041325707895254,-0.6824428424053366,2.278900148367782,-1.916218903125365,3.731427109527573,-0.8350152911657034,0.1302733407755738,1.7060992382620128,6.453265210970599,1.6300938445809123,-7.695916416942552,-1.5060132229982983
-2.3937312114771845,-6.031240944709602,0.5717912694843861,-1.277973942649936,1.9683424733788184,-3.5196765637731144,1.5447281008457665,-2.949721800491602,-3.804964414205365,-0.1728306686945941,5.227315786539016,1.2918234763825822,-5.884041181898937,-2.385362604350739
-0.2042818405815046,-4.41943642577192,0.2275904454439796,-1.1913735186025465,1.7933959035773626,-1.2719199357898183,-0.076213158257218,-3.878846318674732,-3.658289558330729,0.2268035543709103,5.562980080165929,2.6453816347339867,0.4927984463185382,-0.85970356666855
3.2377439027568764,-1.603730858018138,0.3799610838835434,-0.2842049147545182,1.923299606264841,-0.1381104873008504,-1.1520146232803228,-4.040205969649747,0.663553987450868,2.3637005979644528,6.3286412078449885,4.3657744500488604,7.653072719865392,2.8959126470290286
10.258365351515902,4.204350087915633,0.8919889828256373,0.9808707111871158,2.412283753652801,1.150374830168076,-1.7333501620332117,-3.872791637628353,6.1455089324862655,4.749921018023983,6.074197161502248,5.365504577575862,11.664072666585426,7.658413405860507
11.500419610316277,5.932364681115165,1.4768674921104648,1.8788765733650408,3.1213502451027395,0.3979587073807066,-1.8218324770577252,-3.1802929767981496,8.998410878432324,6.377168615841299,4.209279472882969,5.785466204324322,11.237152799334725,11.687482396598083
6.307737398196672,3.1632551632228054,1.849675468492066,1.8948398696340971,3.6347111462563504,-3.2772533185353776,-1.615738461297461,-1.3969533245481216,7.6272962545990595,7.242790259201641,1.3872104495860356,6.367564115780453,8.153859481177015,13.319703215270486
1.409074532332994,0.1436707077608913,1.7396280893784848,0.9972871606869944,3.3534136226977798,-4.2350094127282185,-1.7762693425864953,1.385527637393352,3.620094238902901,7.622198706880312,-1.2606892597054582,6.979787002979244,5.243752646206886,11.685689953763791
-5.397093269002455,-4.83035162416911,0.9048532516956272,-0.4015923282291709,1.8520588682479089,-2.9557431477193363,-3.246855255635836,3.757668455742049,-0.0463086621404329,7.145662865182629,-3.2615755451155337,6.153404805761312,3.920018466964251,7.365379254926495
-7.4573525692032785,-5.096123742308635,-0.6983566146301001,-1.6906713659086563,-0.7081210625493526,-2.4662006598869426,-6.530633408724796,3.65176944887061,-1.795669747884972,4.894262601249324,-5.175607413953173,2.4472232169829624,3.4203933010538066,2.3786020692745358
-3.483643151543838,0.233328715340505,-2.678970711731921,-2.340134635550868,-3.502320073869228,-1.8090851800562064,-10.93766367842467,0.013284606674091,-2.5850804101452667,0.5164206621822984,-7.84811434730014,-3.656661468627064,2.135330537272253,-0.8729224769804205
-1.4527956625455618,5.125678737300566,-4.199384934448176,-2.111142806176261,-5.494872123741615,-3.292259388444196,-14.558556455195856,-5.9454348042086735,-4.427386133671703,-4.8618783108368575,-11.307490135110498,-9.441541284033775,-0.5062511049844147,-1.1751544051799527
0.3153247085402443,11.257950887581542,-4.381754772141477,-1.1588521442200772,-6.136615005178982,-7.479112006977013,-15.266598798545004,-11.173490335660617,-7.917171017101808,-9.061966198404493,-14.435180467712884,-11.869206607318516,-3.4165288478055515,0.6552759847045024
0.2897236019923405,12.10052976781831,-2.940662939138704,0.0078200603853417,-5.722499769430485,-8.3849920632052,-12.194564323376,-12.772345565851252,-11.2826192069041,-10.40122575518798,-15.77646642010528,-10.07060265313808,-4.895673233152508,2.46819078898146
-2.909078394179592,6.285087696425563,-0.5359021222428595,0.7502907985685283,-5.071203837898636,-6.319072809807475,-6.595949577794897,-10.058151629851508,-11.899879613143227,-8.973767835000928,-14.74494175237659,-6.06730963781618,-4.155562034480667,2.5183356206983376
-4.092407146200477,1.90647647143481,1.5452426601330842,0.6543358421681233,-4.808866247050403,-3.352126004792798,-1.307024299553234,-5.068312593641522,-8.7752508388552,-6.4779037071512136,-12.10955617888746,-3.0127805213903684,-1.8937646099070375,0.7897881322120099
-3.865465326729999,-2.7384423486172493,2.237392834842268,-0.1942213487360646,-4.921320025907036,1.7805567308841062,0.9735971641875238,-1.0989366390702031,-3.6104245665157606,-4.778813880724528,-9.366332167806732,-2.5723285687572144,0.3863113222499237,-1.1972659950393592
-3.603468552597972,-4.096711097690434,1.4389378077310369,-1.253355536279102,-4.957762760897637,3.370420123871982,-0.5593976436105663,-0.3931505367703067,0.5131150844824504,-4.536800540098056,-7.638622278292601,-3.79525985182778,1.4664187143604297,-1.8471333873628168
-2.3999483176080925,-0.5644059967044885,0.0342759100008009,-1.9116782050719223,-4.590686084886514,0.9556179691709502,-4.27429825670923,-2.699165061766209,1.568788303491516,-5.035035086104507,-7.079786856293822,-4.337012947421897,1.0131252642793245,-0.8805017337568302
-1.8248240832519675,0.3153533616570674,-0.8284029039684526,-1.9182620458398676,-3.887885111997214,-0.7892195080386906,-7.173150936333315,-5.672298438184782,-0.0180092018795221,-5.107440986015938,-7.12587768053163,-2.712171762822706,-0.447417471716804,0.5382830025237837
-1.936612255933102,-0.3999903042097769,-0.5957518588357829,-1.4744370703376577,-3.0342319746549293,-3.190748867571215,-6.844562587273018,-6.686972742711461,-2.053143807161959,-4.118164675255741,-7.108889676737903,0.5254622549916093,-1.7925845318446818,0.9643170981091912
-2.734017242098961,-0.9007316624542208,0.3934079615654795,-0.92527574141414,-1.9245078331341856,-3.4643016395743325,-2.992561194523269,-4.669559710567874,-2.5078179193189314,-2.1747660786177434,-6.582042098398404,3.5583022459431106,-1.6520549374134674,0.0350926403051516
-4.649313913673773,-2.44134095776093,1.3370955236475908,-0.4124967064933571,-0.238254995247658,-0.7887943372063435,2.404730149257844,-0.706200767587255,-0.9965926597946436,0.2592001961190817,-5.275458456650647,5.021786522597409,0.92989453273227,-1.1865373306989824
-5.918218900192771,-2.093419123368635,1.650991231750318,0.1033568643026399,1.9654264743313448,1.1412002382858173,6.32719915019473,2.843341202835433,1.226754254546016,2.6307288777202444,-3.1179690306586494,4.9311840469751616,5.563926292467606,-1.2047226550236374
-6.608000548425315,0.2856834519821385,1.290950902870151,0.4979079364719752,3.812860077721517,3.1344140079898386,6.537805338687434,3.985066093112323,2.444252515731989,4.16802784782152,-0.5660962663154692,4.121787696588044,10.077078173126033,0.4294839920956264
-5.757090994036743,0.540800180782812,0.5518582519237114,0.3205829029529212,4.017837584768216,3.5539387166129623,2.936615586076954,2.368906855374476,1.752228021559553,3.86840161705878,1.175064771091968,3.109101262250789,11.438920473667856,2.4684128348350782
-2.829467800414375,-0.9100089799441756,-0.2998932369786118,-0.8064452452564765,1.969323339146413,1.6931038440026345,-2.3184311236833324,-0.5516953455648803,-0.4023309308348004,1.1514182495893692,0.6684534882930535,1.7554233192240432,7.878386694949786,2.8385504983685195
-1.1122467108299114,-2.565997646166648,-1.1357963909669415,-2.5354198261518874,-1.474680651268223,-0.1980104456552505,-6.025027297186366,-2.500569483407556,-2.587695352187908,-3.1690296159978963,-2.5516523690005712,0.0494635660152553,0.6489451712822252,0.4371416850800216
-0.3712123333557163,-5.194199011787931,-1.7888147745010023,-3.673237080564253,-4.362418262092504,-2.713173972715426,-5.8298377814877576,-1.8559990577250824,-3.2979173860698765,-6.725281446279382,-7.090401148297428,-1.097693569902031,-6.271432880177436,-3.6506760530304634
1.3984996538961694,-5.005343254617265,-1.930050519570805,-2.9863113853528347,-5.028477366687907,-3.194549152075786,-1.6519762476829332,1.3019220648036305,-1.8725819093143148,-6.932240685817295,-10.20982210105852,-0.249851793333212,-8.721861863715423,-6.704847578344353
3.638680872221171,-1.606316029223172,-1.247788304620971,-0.3248550673286505,-3.3197763273799312,-1.1080369860409789,4.343260313936863,5.259646835837169,1.089489857930932,-3.0161919074575563,-9.705734719892645,3.115771732271556,-5.305379253220639,-6.4324329460661485
7.159177400946586,1.4939705900417006,0.235383815847511,3.0659785468679357,-0.5711913988734869,0.6457514064694845,9.268344060614847,7.847774010551385,4.130603968239075,3.08430476216638,-5.704710510670032,7.636371835128719,1.6507307068647377,-2.8643744171179377
12.298593654819127,5.187043877559585,2.089498352406279,5.517473274548735,1.6410044404787811,2.7917018212509697,11.448286977024727,7.951843119439578,5.9687883622728,8.023680673642911,-0.7396154832375927,10.81077337035792,7.93206260217856,1.6163919194127674
12.782836215818469,6.108110764831802,3.774854330828333,6.352209375318475,2.805732883410524,3.627391969181838,11.300938176188485,6.27409938106517,6.426152912041948,9.61802096229547,2.13131618781623,10.98871820951847,10.49746055701683,4.238606902752997
8.360895446362287,3.452302824764183,4.999809856941738,6.338562352075783,3.6383445749303647,2.601279531774112,10.549552959565322,4.756959025959208,6.432310412929432,8.398705734868855,1.6082555016458997,8.722831330113774,9.198701528781278,4.084665937632064
4.806437964091973,1.489106688605722,5.750747298976741,6.6751967204655145,5.013327157843815,2.6399708805829367,10.578718128505436,5.085720363525855,7.004772387101411,6.709880849619328,-1.1378237683612085,6.120928793897104,5.943043975028736,2.578093361074835
0.8248122322454493,-0.7046623711409417,6.002664417921615,7.526927618812337,6.792228846543615,3.285557730816169,11.434396164263006,7.419471316314713,8.10625721497825,6.248209921093967,-3.849620066206576,4.816306249063302,2.477277541256022,1.8100392534202
-0.5785815234294776,-1.6793382049386083,5.528550069660646,7.682823720015868,7.772039771706702,3.639309915657629,12.23767883956598,10.3126045139403,8.529745289598637,6.471643665616192,-5.246002339911492,4.561949962236604,-0.9088787740954344,2.3634578724287536
1.7765509204769456,-0.6506550285434368,4.130255881390241,5.802884501985695,6.843309601039614,4.143790739080513,12.353790189423414,11.820021530996584,7.036474274599641,5.413937712846767,-5.818647838038025,3.779490853628083,-4.684830555639486,2.7563468714253148
0.8159099174374879,-0.207571073444026,2.084087326025596,2.0351885294205943,4.195886645337453,4.175925565131132,11.983677009379306,10.86108021383437,3.6871652505409713,1.9886017587982396,-6.81149195642206,1.3835907745281446,-8.550204018663806,1.003888505328021
-2.731343727928579,0.1952270602786285,0.2409955524742884,-1.7057152552571182,1.3232579637268742,3.650619606668844,11.599025703854691,7.816551669183298,0.0079897122247416,-2.6298962656786102,-8.660171727835362,-2.030316611872152,-11.086712143112294,-3.277735113297325
-3.6453332804641136,0.9524767462969214,-0.4954789987648809,-3.2205401790374424,-0.2215249588294341,3.549206240314629,10.992248708579552,4.052560467693482,-2.253966585110092,-5.959169683586154,-10.549351648625588,-4.783590446906175,-11.139347918178316,-8.26681122475864
-2.9046176025908363,1.7250830745609766,0.0782875428250378,-1.9029895880588013,-0.0998781915403412,3.769602027669112,9.181412410850328,0.9108068332401728,-2.597889078773747,-6.47873109720868,-11.38722870528764,-5.782151797146113,-9.334866794324938,-11.341232005107798
-0.9445827219137508,1.9811337220771983,1.2011683011819798,0.7915940787365372,0.7373052405660161,3.232763378452881,5.4583946030709285,-1.0233706828295936,-2.0286463424312444,-4.900491718776024,-10.965966621657516,-5.536525400664033,-7.797474088702572,-11.10702922797499
3.130797907786083,1.6083823939448227,1.6856015315447053,2.70839706983449,1.1459616023331591,2.04098187122499,0.5094954412162451,-1.9634264335396665,-1.9136439118662023,-3.2638933065501305,-10.025282442461702,-5.583338486319903,-8.087632744470241,-8.26032685599236
3.612988388259208,1.0958331776893948,0.8244218135904902,2.813260083853521,0.849611993390539,0.6194371819942914,-3.723452299860398,-2.4609859399075877,-2.656760663415568,-2.939765970690189,-9.289558812901802,-6.970322243919853,-9.509171102503458,-4.773514247490979
0.2581920331094595,0.2648771878216993,-1.1077630825038511,1.7275505460877127,0.4103022590866203,-1.2373876793049283,-5.558313616431661,-2.9176824518994806,-3.511402548604224,-3.5916323816405225,-8.679448009812234,-9.274237604535813,-9.729099239642691,-2.387343443465909
-1.3173846557384024,0.1613269493744589,-3.143653815988216,0.635115160615527,0.321213072113153,-2.83925613516516,-5.086348358106534,-3.404575687397028,-3.5761973190416256,-3.917745700747872,-7.562048504804437,-10.979524774501527,-7.1952866064901855,-1.683626692362111
-2.2360735228801665,0.9230803999523326,-4.377179988795575,-0.1114404010445753,0.3768959571154937,-4.108265799250143,-4.128849450287646,-3.7922209740176527,-2.784564376620267,-3.0896556659523924,-5.619021581227685,-10.75346779006682,-2.812252167597336,-2.149494316758308
-2.446427026833355,0.9218044317041136,-4.5168299018419305,-1.162111688995111,0.0530809768857807,-4.592972403422384,-4.524841586979051,-3.9696689780740257,-1.8308420269561336,-1.310498883297413,-3.2482194054823026,-8.465360401670551,0.9274811598583595,-2.771996883884896
-1.0177989187653522,0.3539206539229459,-3.866227487093795,-3.03688452304155,-0.6282179506256398,-4.018157750056053,-6.334836915342606,-3.942194328112919,-1.2530668371086335,0.8094161985229107,-1.096299955851606,-5.193006955288581,2.4043117374863243,-2.6207986504051064
-0.7798135717785368,0.2157413422288013,-2.9180849582221526,-5.093725010652861,-0.895613721851646,-2.721492823994951,-7.756858159776556,-3.777439408950613,-0.8450866481136643,2.9641691469668103,0.5777693794950096,-2.393270722987353,2.241217758178891,-1.2825621946069816
-1.530134407808596,0.2710566258370427,-2.020203613668769,-5.912750374339964,-0.0843255042322823,-0.4504486646700492,-6.95095688501425,-3.5332726361035043,-0.140111069717733,4.965281973995047,1.8546820700033777,-1.0106026910705168,2.1464564481703405,0.8365652414575777
-1.3330751747860072,-0.0385079706511728,-1.3630471878676929,-4.824912824842443,1.332986228451432,0.1222716532146093,-4.058920998928357,-3.303081082993913,0.5927426288104698,6.0323809444813605,2.5225404025065075,-1.1546980179805644,2.623557905398741,2.561811541472224
-0.62555961645555,-0.6164094610109526,-1.1385401355960028,-2.945449552644249,1.7794712214180777,-1.2165477244225655,-1.4002344909249302,-3.3328229703249974,0.097976559775418,4.804287448983757,1.8078473226253775,-2.374788025370748,2.209313538042693,2.6267839424361057
-0.6778870632626185,-2.75799244186966,-1.558257152350194,-2.4420388699770115,-0.1132595029830554,-3.963100881965098,-1.5157043811495896,-3.991638365682462,-2.8303270190004923,0.5437258180617448,-0.9306864978121894,-4.088718375513224,-0.8028787260518868,0.7276613187593455
-1.3172800959017783,-6.709148190176667,-2.635256927784269,-4.554902520200869,-4.055115508606491,-8.92584048024424,-4.831532650738097,-5.458286240248839,-7.893433949874321,-5.569816431142726,-5.141684912985397,-5.769431521686357,-5.985033287997055,-1.9214749677024088
-2.73941505799952,-7.785446361893364,-3.968770037873924,-8.244339924689768,-7.930805000511839,-10.881258920865328,-9.156869196152089,-7.318566432455498,-12.902640810097182,-10.67301333267656,-8.891811338103764,-6.911624841666821,-10.405637217029152,-3.2877528632629094
-5.242609124016465,-6.004159635075326,-4.853106257685681,-10.835466940556133,-9.234365931724652,-9.621151791591409,-11.523169095923976,-8.525674040225141,-15.091989870996828,-12.24281928470714,-10.05393742359746,-7.101819261047382,-10.926226100557273,-2.177215889013638
-6.939598890750029,-3.1688342301233328,-4.739120069579087,-10.143937130073112,-6.975570855477173,-6.825042496853211,-10.661374792802777,-7.984229284952448,-13.187250450262042,-10.248778585586592,-7.969130667580771,-6.330032203529498,-7.081796360277792,0.5058642563406579
-7.853251160425455,1.8288115788281736,-3.68817963645958,-6.19201010207675,-2.481941940713142,-1.1178262256694318,-7.844072590834884,-5.431854446054842,-8.491476360091326,-7.32264686611316,-4.0605661384187215,-5.224818640793956,-1.7995855248271369,2.1748913213114065
-8.428515490057217,2.8879997907527413,-2.378978090381054,-1.0817688091258333,1.5620255788775523,1.6524857205498515,-5.427075060061554,-1.866241404666624,-3.9949021988173854,-6.530926146067202,-0.7421662631218737,-4.757488582953755,0.7938696530023037,0.5566398351329269
-8.208133785197587,-0.4942560121894531,-1.5962778642291653,2.6684934431550573,3.0498267245083355,1.2062921481211928,-4.607582930792916,0.982958557170548,-2.168106076418184,-8.634081494192117,0.4990381171299418,-5.453045570460574,-1.410779097585845,-4.325523092567892
-7.842342729164845,-3.83369978221102,-1.62157212619681,3.755843025003912,1.8298560301963391,0.8581559302631908,-4.548771091720255,1.8314990971023803,-3.207648772513608,-11.348558354155529,0.2208724901170455,-6.79416128900948,-6.957645224774524,-9.93498764243114
-7.263247765340859,-8.61735365776461,-2.06725769251122,2.4582478612800287,-0.4743264080286451,-0.7887049094855159,-3.5742330669257285,0.7393121432333203,-5.109159477626378,-11.36448280117564,0.4427976451440543,-7.504880024275053,-12.05766430144118,-13.06289640438203
-6.030115731605937,-10.173512051013692,-2.2966616717496606,-0.140962119342106,-1.903850159971313,-0.8562253411283904,-1.1109560055637218,-1.0055285156622489,-5.407815672343631,-7.322938045522619,2.946078322572731,-6.58084647541817,-13.376354065366186,-12.201138996506131
-4.220369369508802,-7.633654950899363,-2.019436529393545,-3.0203288990910835,-1.612298036467692,1.0728609116515155,1.566675919611214,-1.8958874571675888,-3.089939339154313,-1.0591874687350753,7.921419037557968,-4.110924623605129,-10.132939261516526,-8.444427706668563
-2.8842845769959577,-5.281138646214086,-1.4987657824036376,-5.430530004219207,-0.2136119890963925,1.96428955570612,2.477576629786995,-1.262842694646963,0.8275661765646873,3.9557709174920888,13.979924162328755,-1.076816989794338,-4.175325181332525,-4.271599850480186
-2.047271980533823,-1.818399595685912,-1.2066146433502638,-6.649517635111437,1.04418333101313,2.487442725044415,0.8245231604602878,0.4156709498724353,4.312292625944636,5.458294895990349,19.298080413639862,1.6306461950984072,1.5734852880288202,-1.4636695305918297
-1.440987439176277,0.4858731636523485,-1.3086669160054498,-5.965253195459304,1.396224221646058,2.423241769417192,-2.1409263916285184,2.053241848250579,5.87623669540617,3.933039111464197,22.80317560336097,3.907114970610096,4.901076474865192,-0.0611760527766236
-1.350713531037246,0.9756654624566036,-1.5026091513262685,-3.1527334959813373,1.0120131975859294,1.2982760671342648,-4.042380766914697,2.7837374512462105,5.389533312520179,1.6659321604246389,24.51080471018075,6.113383967728325,5.225378439812431,0.93093010845557
0.0584925582345603,2.141018861550439,-1.3483734016001616,1.010551757874783,0.5724561675860453,1.2938433663151665,-3.264093718458261,2.448109587046208,3.744372106820565,0.5075052864492609,25.030825566503378,8.176379914285036,3.4765264540889937,2.14092002431784
2.886962976619391,3.286877156594949,-0.7319619563606197,4.8386816424832615,0.5352143593124752,2.3337546981332418,-0.2319135992084806,1.5182947486285476,1.9974887641640544,0.5629733569335014,24.92047903582452,9.22862481736881,1.3759491169997589,3.294912312570353
4.382806097201908,3.434623109640118,0.0091684169732388,6.577071747550743,0.7640228993595706,2.4844586155333914,2.875372552167644,0.6737189975524984,0.8343109592894891,0.8240648662983219,24.455749606398115,8.318020835331325,0.5537768098789719,3.938684252697176
4.821998812476628,2.7559789210519186,0.414903538105257,5.45166960430339,0.7124954139565034,2.094069364566312,3.688943242218855,0.3775207281567887,0.5878427112095181,0.7414076504526506,23.80870318931784,5.517401626162624,1.7861580121614864,4.321301126688383
4.457774090950867,0.9290753338682176,0.3529975268947112,2.1834388457846927,-0.1202979625242903,0.150059761477767,1.315543563527143,0.6713809085051139,1.420876068759526,0.9741916781988352,23.231310683191552,2.2588691021340424,4.6516986048680735,5.223612389030862
2.7056580797562706,-2.287984493979807,0.1479900265335629,-1.4046832009863408,-1.8185200645293091,-3.7995712054537782,-3.0372982097500767,1.2334699751795313,3.281410538739109,2.635864334883621,22.95629668700738,0.4391037153054498,7.888453688379087,6.859855699471922
1.1254273467011806,-3.985131478030453,0.2508726565197037,-3.4574603820975085,-3.9258434037346888,-5.320233264405846,-6.873548385490011,1.6254807503672168,5.708626433685026,5.956320345787134,22.885161285405303,0.9983785400011412,10.312600219920483,8.199342274002845
-0.3719262674917256,-4.0832504992931495,0.7431804787133558,-3.185269636504131,-5.60597259235027,-4.481497508192261,-8.127076424320109,1.5679702395717356,7.839729034008627,9.747089277846214,22.35167917002019,3.135146865624307,11.572156041896392,7.686766024605191
-2.7392194255517133,-3.169991963347123,1.1329436515298994,-1.3144377417264366,-6.087003469075398,-2.850934045746173,-6.643830868926841,1.0496360115026278,8.75427072649643,12.1243526154517,20.219551889575317,4.763716741833292,12.001799992419537,4.748624331259919
-5.714292541994157,-0.4548893887061569,0.6667835522224834,0.4281410815695494,-5.22596835601118,0.5945806793657173,-4.347460567095084,0.189539370252902,7.926926165061275,11.766858486940237,15.40566050689864,3.879478256546406,11.71543153197024,0.4910422345164988
-6.535360402075854,1.4753009923448748,-1.0475077777763315,0.5286191697936147,-3.771481774137726,1.7126014996029524,-3.821959374342384,-0.9855609920910524,5.486546730130215,8.70435750184754,7.679681325099523,-0.0629342012647384,10.01927684058404,-3.199085315473724
-5.040213883514873,2.643814625550013,-3.5965401470544407,-1.1921675751320322,-2.9342670865900686,0.2169887187881605,-6.2209135507833935,-2.551297514688372,2.2021920343379406,4.238039731879724,-1.7100825475815211,-5.612523358746159,6.073688333398252,-5.213219776638368
-3.178157633978691,3.22049707511513,-5.876612297614884,-3.38963544177875,-3.411218093880848,-1.0013690869094556,-10.108273905154816,-4.385821824926211,-0.7349227003422811,0.2465810890804505,-10.187558092763254,-10.011616444748256,0.3657939405310344,-5.818574754305587
-0.2699329090634029,2.546250121460088,-6.737034876796031,-4.183909852856118,-4.643586594480098,-2.923970753539762,-12.316855469403492,-5.874164559330211,-2.123381390287591,-1.702322577279574,-15.041819733920306,-10.825727597515254,-4.6361767543228325,-5.805269454505492
2.372671584431145,2.8017559876952003,-5.7113217110913865,-2.6471393104313847,-5.085378695638667,-3.0466903031080173,-10.351448065299564,-6.09512561636069,-1.3533410228860134,-1.1105384878036944,-15.103159094820228,-7.56883172901928,-5.810460230149033,-5.337910123679194
4.462257882427126,3.884320588234961,-3.312424273792544,0.3919446374892459,-3.43243638762533,-0.873143054547893,-4.46585970504259,-4.561295184102505,1.0689365343960162,1.158473670263504,-11.68479563247763,-2.168519757422132,-1.91632759295328,-3.910897336910466
7.16643266604743,4.91129598231395,-0.6747075193218279,2.9595068192720646,0.1779049617792907,0.8856580701656487,2.3670320507005727,-1.903991826943411,3.593784228363006,3.375168241813526,-7.877957522103429,2.257788130485324,4.932767368459963,-1.3907909194326749
10.10444727675864,6.3151362860078,1.2051019479871456,3.544085883691878,4.081221747595691,2.891616904320249,6.683418985320486,0.3030145732886922,4.557166251954641,4.117875593667236,-6.547108547517041,3.588704544818711,10.469485451736432,1.2620380392266952
10.276532142526166,6.0534319493986,2.091769196377072,2.379036810292405,6.26737748400376,3.519291622582883,7.1465839382346985,0.700023652403388,3.4489591449934096,3.323545236756331,-8.537171639622557,2.2111216913031058,11.38412596520982,2.688073125224946
7.471331250924631,3.9100830690244086,2.5637975386061957,1.2726825769441348,5.869730311279341,2.240635001079692,5.369090996305431,-0.6345606889533428,1.4429548495819515,2.247913595856176,-12.487419150144431,0.6019738518066333,7.755972091879698,2.63376269350681
6.013090174772724,2.8308071125887904,3.467250906100844,2.0600839749761235,3.740237589536946,1.7935981983339162,4.311049431981473,-2.094942845646756,0.5241617080724836,2.2170426642005623,-16.24555714492442,1.260508061979408,2.7539528764402803,2.5455622273354948
5.366710523354924,2.442078440400713,5.174891268624037,4.95379610598809,1.6903652975366867,1.7329683634601345,5.726904170478861,-1.8566578401178049,1.7807661508240926,3.276245360550547,-18.490177141190657,4.684787173481595,-0.0265239420064062,4.364808754073124
5.7010815586092445,2.2940237640143173,7.21080019153078,8.20644928288334,1.0807582323924407,1.8707470994837732,8.87538657014079,0.5182114053736768,4.3499886197469095,4.119803149960376,-19.16605307311613,9.067222699214312,0.7720691554861787,8.580342122870888
7.932649636459503,2.944329643597345,8.550908855845933,9.411482765548044,1.8921466944183292,2.678013584278049,11.466542051563463,3.68402334929192,6.095802732205357,3.491791258103376,-18.675228961234552,11.897118968113546,3.742423309063952,13.51662686620432
7.089803640730775,1.608815495333986,8.405649873387347,7.388565937936278,2.9204131372464417,2.474211303785131,11.807050710111524,5.735907325957669,5.546569127213616,1.6685312852451943,-17.019437372631728,12.024599098953216,6.398553296191153,16.67301102799297
3.2062864533060846,-1.8245090812743945,6.885760523734007,3.112020203904649,2.824711459954188,1.2817724211888812,10.167048214675106,5.899331441561344,3.3405881368069004,0.3787971393510361,-13.938730452179245,10.42354030165552,7.292846302518228,16.873805692184305
3.0348644219079306,-2.880158324934844,4.996913064633873,-1.038532169382961,1.1745779679962425,0.4727452677388883,8.273886421704333,5.075820904401894,1.7360789292415575,1.0529261618636383,-9.77727646007088,9.12538992925954,6.755113940185993,15.177802719606689
5.936303680474872,-1.9173001829974463,3.925126851293271,-3.0232873108047897,-1.24594627125947,-0.2489714670251435,7.5901296776173695,4.781017261940747,2.504783870143399,3.130395372931161,-5.848847803300828,9.4122112759502,5.990797739559696,13.740683270860243
10.078498427921891,0.2392959673620653,4.171954115467088,-2.436476338644184,-3.0169013490204293,-0.5056116717462571,8.028176816068594,5.598768728104972,5.141399843422505,4.304977996588264,-3.601706684078522,10.896335187590694,5.757690097129739,13.809315006473868
16.80558415335881,4.551165964084815,5.252279575652437,-0.3981857544365539,-3.0709554806373944,-0.0409531858184915,8.195711204842496,6.686460085285717,7.167868911692949,2.7067372180954408,-3.324788572073885,12.168781996221584,5.9131480798948814,14.767857859900689
18.747705424576544,7.0516585690298,6.196121895658735,1.6523222196833558,-1.395718586375324,0.6944493984615838,6.817626834460498,6.736270399192563,6.38576239889926,-1.052321556299603,-3.824236396328388,12.228534527003148,5.9842505980502665,15.016956613753791
15.369135015280442,7.632812317190741,6.394858984357143,3.097685978970389,1.0040346830180624,1.8927834216843105,3.999191537465777,5.3438830619496684,3.007349103051183,-4.11435463486373,-3.5548306158686955,11.291590717472673,5.864674286841705,13.687895357289108
14.191534768206084,8.742395809176974,6.049014862953868,4.303630322941444,2.825299284076209,2.3342198525662945,1.269587109308759,3.425821454353581,-0.4149800801103538,-3.880964492570797,-2.0913502637089323,10.335360067307988,5.812697309523173,11.510659708230603
13.67642835739435,9.50143867756871,5.869498451733307,5.8947866569153575,3.357977246779342,1.8881102564680403,0.4769140896860335,2.3709227665532357,-1.2980794282007082,-0.4887990841648388,-0.3797560440516463,10.025076318041556,5.8763647116899165,10.093001047072448
13.0030852567868,9.274557612541573,6.371082950456412,7.985584011435549,2.93501643948332,2.1624647541580764,2.5124406181944323,2.84150919562785,0.5592675875477653,3.140780113156211,0.4854010072123174,10.182600349718882,5.569902132698076,10.385793498999988
13.296536222575297,8.177255040200828,7.416691113641946,10.045762774529068,2.6239468228403666,2.914676501312241,6.805258807433233,4.339780666971137,2.751204535516081,3.808539551828062,0.560329890586786,10.232103273791497,4.306125962667579,11.774123703369582
10.087170355888007,6.73478621069144,8.356009943541267,11.34242133814223,3.373853711069387,5.442763968502644,11.765710423666292,5.783329298938156,2.45046512926217,0.8069415296819216,0.9156529049637356,9.947865822216729,2.1472168543012917,12.555366401154629
3.255387898525018,4.848283933804043,8.526439191025247,11.42158106489478,5.2398867332988175,10.187383031760612,15.659768962790054,6.39663332029113,-1.057223112166071,-3.566066212412693,2.184174102722409,9.56671734200586,-0.0277079434358711,11.309862107724712
0.4654843722479239,3.974254453052328,7.634416298264227,10.27220819478407,7.287103162444168,11.290486144971258,17.302370523126683,6.113904510354018,-5.826099630907265,-6.11163501536555,3.4845826100685144,9.178364193119023,-1.2621472939256364,7.974170106047381
1.2351187540551256,4.359001788497456,5.791731933379538,8.266203362212309,8.282155606107835,8.753656196727661,16.335140453071972,5.321473729926311,-9.07799714820601,-5.42309951513198,3.103047008539761,8.238380589480926,-1.4702154769630624,3.790985084151089
2.6047019980467527,4.204490743968486,3.371312085105501,6.083470027188582,7.6534854798538845,5.261943143036184,13.179881245351112,4.372571663233202,-9.586291563912027,-2.77053996619901,0.3695438369671819,5.950872820575341,-1.569437462823771,0.2892479110179238
6.140641998142282,3.8704672121979935,0.9193641529614068,4.574394971663878,5.949097817149209,-0.5316654093648483,8.792909766803291,3.346320692117501,-8.442773668125938,-0.6363962501876017,-3.2689885187254504,2.2116360310941445,-2.566732920695188,-1.8115707357382576
5.894384973214138,4.482880935117633,-0.9003011663154439,4.382198898334821,4.40800102333759,-1.9414647606750803,4.274211850709094,2.141491683193408,-7.707956033991365,-0.5057395266742333,-5.261953657475033,-1.965203067114203,-4.4711480955329534,-2.9176653801133625
1.293962249884422,5.869360343314411,-1.5377003442947057,5.447167443417982,4.005422489075215,1.7063305172896817,0.4551380679475869,0.696791929610356,-8.389329570666519,-1.9267345800047904,-4.1688634253122245,-5.148397817309842,-6.150564149837578,-3.943616028557528
-2.5026514435296527,6.4491527675484726,-0.9772014880896904,6.87437421702532,4.778743108163781,3.826155209440805,-2.2945965240495525,-0.8587921672979064,-9.606973154707305,-3.374555534034528,-0.9026910357707152,-6.693930187847741,-6.338339625360163,-5.378757582767662
-6.888665654027247,6.29388214005593,0.0207694043760966,7.480268033460163,5.967810838683306,5.939380908188708,-3.918660438197037,-2.18279298287456,-9.536648095057783,-3.741937422542378,2.1992063190800764,-7.226293282384631,-4.846601532521902,-6.884065212813766
-10.516859139899276,3.7598713330353393,0.274180176425034,6.661710108569025,6.753695586082841,5.348181295474626,-4.407240302779826,-2.8331283962467357,-7.130105398140472,-3.001430966219118,3.4912146545622136,-7.909873826420608,-2.832047106471407,-7.769125899741425
-12.621438068527995,-1.7329186987623004,-0.952041060318436,4.784447474496062,6.865834083539539,0.824746127874799,-3.798722318554979,-2.529516825444631,-3.10492142057916,-1.745027575558538,3.2367409856398126,-9.292575637320963,-1.8801307668255165,-7.87348830353136
-15.116858809797629,-5.044079495040189,-3.264902652210281,2.670431978417099,6.536414978999176,-1.379129563863907,-2.5175142416048004,-1.4612435902792242,0.5219283480134891,-0.4682942999967565,2.8876855993605943,-10.903864704048942,-2.7792282000773696,-7.941925063184499
-17.44929675184595,-6.433460285635742,-5.381105988732884,0.6705930125599764,5.9644203766197,-2.007592118468052,-1.6002009487742157,-0.3733141752261701,1.8732654152008197,0.5694648892325915,3.3786257194390714,-11.918313138801636,-5.061695277154911,-9.013358288889236
-18.82556949072741,-8.029283923554368,-6.244168931893753,-1.724704421348079,4.9119046175928105,-3.576279414700155,-2.296662151868261,-0.2114530630523035,0.4919083496353948,1.0337014338835786,4.244712954705136,-12.077562090681496,-7.573416751163165,-11.33753486601924
-19.35039830664468,-8.782399150057241,-6.0685870503589,-5.299359190523049,2.857166636679466,-5.069919948467375,-5.144178135223541,-1.4754859963022111,-2.4218117236502934,0.4789280093927033,4.343291232729612,-11.908220966733792,-9.394518190738909,-13.949514193972137
-20.66614730167864,-12.640789825120205,-6.260108730095368,-10.111210299113909,-0.4599085281832344,-8.861967930073178,-9.313006297904325,-3.7962762139229937,-4.887175607229963,-1.1490678829983023,3.256817397764955,-12.13242139786498,-10.273522779398384,-15.519324128643008
-22.75344305460632,-20.0218829048332,-8.128215784689512,-15.086278456879588,-4.625193119217855,-15.358143222734384,-12.983532167466464,-6.158247912653582,-5.447929968129184,-3.0803999627201044,1.8397985333296845,-12.992926884699331,-10.386101388679627,-15.77540701473186
-23.548393684423303,-22.28493044978684,-11.502248131197277,-18.65355678328223,-8.62200071242105,-16.910541285127195,-14.619442732483536,-7.624366999752096,-3.99401962805445,-4.08302560094224,1.3555442311150188,-14.149127024069182,-9.902185436456648,-15.993772457944964
-23.293397431826367,-19.838677724342368,-14.590783216009086,-19.875256692131977,-11.301454960121136,-13.582957483048812,-14.092483032953284,-7.931933153909965,-1.6006749466507522,-3.473025045255362,2.1170845744167046,-15.090830672302934,-8.875237810708335,-17.792351040641524
-21.64424662587157,-16.287950055452793,-15.34620977443672,-19.083700577854305,-11.92292953667279,-9.4939034719516,-12.649717175726298,-7.463848913113793,0.387917247557354,-1.7823036660896747,3.0250602613999646,-15.545335821944477,-7.464433135545896,-21.249659964302253
-18.123460392851893,-9.830355870186503,-13.184446298148828,-17.520462428033028,-10.510768994881843,-2.9753136755413463,-11.747853821955792,-6.735786572522102,1.2933612987198018,-0.3299320822893534,2.4894010252605483,-15.542185788913828,-6.103752137402893,-24.35572988782002
-16.83912909302927,-8.65403249401246,-9.52498354390606,-16.3550568943768,-7.928301291881439,-0.6213315373747397,-11.829620011463549,-5.996159926278466,1.3889804052685977,-0.0659096752534083,-0.1174092394425656,-15.248021760014067,-5.355282578146998,-24.693608014537915
-17.856300533717434,-13.604638268106918,-6.662735241761112,-15.915101490153615,-5.607891411562008,-3.318496014526055,-12.15251375551118,-5.305482286099817,1.425472269404196,-0.8286011218319942,-3.8147037816042655,-14.831383912800147,-5.581192792930693,-21.912538078574684
-17.91323533140571,-15.693179818401449,-5.976998890246037,-15.66961534353304,-4.907855809502024,-3.8763665237060345,-11.754405599329274,-4.847706277872007,1.8615418675478568,-1.70624680897798,-6.756801442700848,-14.42729170244516,-6.750241962664205,-18.428168560568736
-17.842619106993542,-16.69250369507368,-7.015845885739878,-14.845870648353966,-6.303678261745247,-3.83492132297586,-10.55452990677395,-4.966599083264569,2.433805846187141,-2.0370563790584697,-7.710195742030024,-14.11929237196044,-8.506985171454033,-17.34342163149843
-17.176851079768284,-15.910022405688585,-8.129609045153899,-13.125848126937283,-8.933447374969461,-3.33491903464378,-9.486227376687111,-5.816224111102741,2.3809300167685308,-1.9940906039089583,-7.015768068887041,-13.92100861007654,-10.38141670533875,-19.47406921930784
-15.430014835968583,-11.800931086149772,-7.952054754264765,-10.920106719015903,-10.994535151226984,-1.291317905580288,-9.522048083192487,-7.060532894067194,1.1141772610341718,-2.26184930982987,-6.286481346112623,-13.80694507949744,-11.988389203829428,-22.5310934626975
-14.702269371557252,-10.462350221567638,-6.41332169963249,-9.082580885561413,-10.914490741183414,-0.7934590636105328,-10.543903155193137,-8.048164815167524,-1.20811443691278,-3.297224138572375,-7.147303861554804,-13.745512990014449,-13.18020436010636,-23.459282296217737
-14.839684526135551,-11.527929585574515,-4.549718328017377,-8.295240216905313,-8.498723952517679,-1.6508529724162195,-11.182579722349772,-8.310566266848014,-3.665084860958444,-4.970141800770165,-10.012167955927112,-13.610704882311268,-14.127126818110751,-21.60783062387722
-13.696904412775575,-11.625444498776204,-3.469281222967368,-8.541854672009748,-5.117451941201011,-1.4702514845060903,-9.85164341068321,-7.806397370599626,-5.154168068955386,-6.795850969818275,-13.75265285469098,-13.015667928980632,-15.19834148906864,-19.36049363072672
-11.532549775656264,-11.839461884107324,-3.435393150122337,-9.050669780313598,-2.70685396101004,-0.7140470659335618,-6.0857649012251045,-6.634312402117359,-5.137415129866383,-8.299853581549968,-16.404928783599672,-11.35700104764399,-16.57094196122685,-19.412471741585847
-9.450601652060248,-10.770596659081257,-3.758671875054404,-8.812597093064312,-2.36038786110501,-0.3172973930142615,-1.0072840813146795,-4.631089129923311,-3.977501032541397,-9.079897864913647,-16.386159599005907,-8.261413004745549,-17.798839683029826,-21.479834267972763
-7.102836155770444,-7.929817190166562,-3.4460532462443325,-7.350545530283455,-3.6370743870712943,0.0406650983766085,3.4691372778165146,-1.4936760896717374,-2.607983779534152,-8.68885460394739,-13.444145925228838,-4.13963895132315,-17.80622393456295,-22.009372068315628
-3.97284303072712,-5.140053763224846,-2.01560692079417,-5.119461205624702,-5.068606040833657,-0.261287540138081,5.977706621328252,2.552825710252989,-1.815166184147131,-6.7665896384368125,-8.781179906502246,-0.2239373331140655,-15.533203030078312,-17.44203518487228
-0.1306870193602405,-1.9670656297036373,0.1308807119773405,-3.105070955575598,-5.318036304769407,-1.3879755725014924,6.457558404241155,6.30284902508933,-1.708415644781894,-3.4938612613015323,-4.310812302361967,2.18090018113719,-10.84883048876506,-7.864885122842566
5.044724461868201,1.4045235554518305,1.9977273919394063,-1.874367411608148,-3.99913549807988,-1.4072365610666595,5.80182085901717,8.071073108498695,-1.7676733900170802,0.1155165496865322,-1.5545822517167949,2.7025846370153204,-4.959171058478148,2.6296493375607497
11.73835415592426,4.714106388425049,2.7068816051562976,-0.9476896184216628,-1.651519906417974,-0.3738144763364446,4.8782358798357,6.93899986393194,-1.375231316311499,2.5886192762818325,-0.931141664010852,2.2403923094816776,0.1475065395702586,9.312224857749726
15.86134696348008,7.486879839061758,2.1337084707277825,0.7920617072658729,0.822478564647156,0.6637983390973968,3.8740825326004256,3.640852188941381,-0.3826390283037995,2.912620829778376,-1.8751488692215048,2.250958481874193,2.89473110115344,10.699097986351944
17.26946102086931,9.493483443206705,1.0313457352590092,3.905467303677455,2.6423315124219187,2.1013014448344185,2.488834452572405,0.1588981540727161,0.7164774253544408,1.2744935616648831,-3.5196131272370224,3.5823632859991505,3.095885456244048,9.375651483159828
18.544239789775503,11.772648363866992,0.5535249840243353,7.572853059622815,3.311156009254858,1.4462510222470448,0.6529594173773035,-1.7242357457606374,1.130974323520178,-1.025416275113031,-5.202115757808542,5.901372154237549,2.0506677173881656,9.304425698603753
18.729761247606387,14.155198902968754,1.4968700573661522,10.105551826131771,2.6788499858809587,-1.6290905549952834,-1.0162065231053816,-1.6613558726599535,0.4131743682069384,-2.427355250554029,-6.343890086228754,8.197495352318839,1.7698668501562054,12.441810215368037
19.971953033086045,14.903622550587489,3.785885506825736,10.47689550193462,1.1081048643625309,-2.683776833997038,-1.5169155537749075,-0.701132635854492,-1.0409186635158107,-2.0535363813282856,-6.061884924082335,9.836625332844164,3.8719783733209567,17.72898331994753
22.66460041706543,14.023646130603645,6.547207920873973,9.405882894448126,-0.4672257498711758,-2.1291292701383404,-0.290130211125188,-0.1164038769871638,-2.0534213191217248,-0.0823264117605901,-3.3137687903441417,11.15435230735298,8.745779970179399,22.844104003273515
25.25734340976541,13.053979487366952,8.685949970941948,8.788862317514898,-0.9541758840611294,1.129514713950148,2.1618270123472314,-0.2574183058214032,-1.3971063704881743,2.544493625041781,2.174056469851621,13.04261063684308,15.296905663459,26.481075081668425
28.373655315503555,11.660707068620871,9.51855301203996,9.868971589794214,0.0985116929556824,8.201895272479948,4.450864946922522,-0.4455229078351124,1.2211845137957198,4.705837673605217,8.997663948337575,15.923527160195109,21.33778622614959,28.892135865415213
29.42377827770935,12.463444130699028,9.024737935292691,11.901039561904042,1.987827028313916,9.970759894052318,5.210365577631663,0.1479045742827196,4.713351689244803,5.592011303964455,14.348083109867162,19.06723208195028,24.5287771322935,30.62820605335492
28.079605222611256,15.973622334799453,7.636776601698386,12.741008125876306,3.274337661010904,6.4189673902900015,4.056960039751004,1.5898962226719249,7.228031304420526,4.9946714095788565,15.699591254937571,20.930159308928864,23.58275661528029,31.30158011295927
23.90048313305176,17.002072666356895,5.861912678110855,10.93940473882131,2.948810863507731,1.0391069089260627,1.8562696474876788,3.0995870987498506,7.49881400786046,3.431829475650701,12.724657424655092,20.32663498320909,19.163208188526937,29.891066223633917
15.955567673928131,16.026411286320062,4.099467129677777,7.345878994988638,1.333380278519627,-8.327588094524934,0.0735572574374288,3.7770023943744775,5.834969729151396,2.0243669545664886,7.777329070679841,17.50836067058981,13.811107697281628,26.193395476059777
12.716019392376795,15.03171724102744,2.726692075001424,4.577992099858392,-0.1965104778980162,-11.241418907421446,-0.2826725950476714,3.4040169606140864,3.843210173308549,1.9824332798450683,4.370799082426913,14.221866328618432,10.650177436662489,21.67576734740608
14.384096333994156,13.061460166897636,2.1925016896586698,4.729016954532014,-0.4959521702536733,-6.879322519133787,0.7150958809543653,2.6141710812704133,3.0691679496517423,3.836333751343872,4.7686205307701215,12.575974024513926,11.479697001351347,18.61193799884589
17.824710084385437,13.26299953778102,2.845322512737809,7.446013063316016,0.2713594021684713,-2.9849205067061897,2.193864233795296,2.3660992210326555,3.761981527110031,6.942005804936215,8.555540279485427,13.50553749194028,15.532718666341523,18.24226725761727
25.165851830316058,15.994009363173625,4.560937956567024,10.231839022700385,0.8540327447442309,2.9456345831295683,3.359694688866682,3.2233755361948937,4.858738358101306,9.778211832712792,13.203268710317666,16.0034758604277,19.94727393904604,19.78303198036781
25.978269744405942,16.10995013219156,6.573130717742508,10.72885110782979,0.2663156317025539,4.807133732301328,4.151307822014424,4.986679089478372,5.117691910575125,10.95036498220778,16.017837157716436,17.763305918565365,21.795677725917493,21.273092633176415
19.53130244754149,14.124854891695447,7.834947679160532,8.841106488515024,-1.0715446587298345,1.263137434661813,5.076902957745691,6.859113532752808,4.260229766761611,10.134600996119431,15.883926731967248,16.81053795433067,20.199309978893503,21.37363183355542
12.859475648585592,12.12404553511136,7.743883426509214,6.7116099821572135,-1.6093568833150833,-0.289877284728835,6.441417400954315,7.941447703618966,3.0706591418491413,8.171420626797243,13.606857661440346,12.937256937182088,16.820439762491674,20.294790540948245
3.4401704419518864,9.187535811460847,6.624980725968257,6.638128311060543,-0.1647151553192412,-1.4515668968366084,7.78941491685875,7.7230079631996915,2.494623828335447,6.26310484635194,10.892281401894785,7.875042245608547,14.273353847196804,19.005006951163917
-1.5578912550556,8.241308862624349,5.467101998169083,8.958788417641735,2.8283515171415488,-0.5919991982840707,8.19607233386492,6.319868400815057,2.7187055174261,5.037786763324947,8.981574227206977,4.058819895885083,13.78890462575355,17.73063881846906
-0.8943248088979809,9.670911315993193,5.047485471199029,11.870307087637364,5.612818244583859,3.559237211321417,7.17768605694181,4.374764725636142,3.0998604665992437,4.2963019654764025,7.987377224592393,2.864164578408988,14.18899505618334,15.495892695404304
-1.6242850412744243,9.004958604633293,5.187804747287201,13.179812895238356,6.716642065418527,6.480452646195495,5.30751756715658,2.6861063528827978,2.8827601165386536,3.526836724599332,7.214228505464135,3.604780924896912,13.099621891819506,11.276068875230973
-1.8700636668628543,6.782202137634181,4.852844699230376,12.149926747544326,6.301407626551367,8.814775766229822,3.842455831944095,1.765230048548231,1.9151323869868868,2.5379959268590007,5.955855961624522,4.062083615238734,9.289943642071002,5.508364028999113
-2.857772142808371,4.274037088435189,3.093456360179889,9.69690595041862,5.893479428451624,9.086657680029411,3.637571464424795,1.5794757277156073,0.7049936939451591,1.5630949124678786,4.048424411537358,2.2043894828435846,3.960345406853605,0.2148195098395646
-5.56627117548826,0.6810568097044152,0.0517437896415202,7.0293215665337065,6.74519402845738,6.300055930020156,4.383772564172734,1.6487525034752295,-0.1129031820701413,0.8417335278852249,1.8592193203249323,-2.1764921640976063,-0.2283044696108049,-2.591913995774952
-7.517956861188033,-2.0077999539951734,-2.890561084578959,4.388858799068775,8.461800113122575,3.976389722286897,4.938536406699768,1.4318707927604564,-0.3204533835265657,0.2414304668903142,-0.0803510300150023,-7.195713837659788,-1.472212915652083,-2.716935649978904
-9.27392046577895,-3.662028452817049,-4.060120710119875,1.249185923531897,9.295870384995013,1.5253932208930503,4.434300141734205,0.7193404511243955,-0.2055933878064877,-0.6224617942455666,-1.408263150418719,-10.234353377641073,-0.3269377172848209,-1.9926444803557075
-11.006247388226026,-5.875596950666719,-2.830125285217292,-2.4202670659386314,7.863748385038903,0.2572818863336673,3.0422440226072998,-0.2652322239091162,-0.2234684594690179,-1.8867890296208216,-2.058297287239704,-9.88323788953901,0.9512915287310904,-2.628525931912577
-12.402135948777536,-8.216550994728712,-0.2496119000461689,-5.443511643279756,4.6242754812005415,0.9130391959404932,1.612580763213046,-1.1250845686199114,-0.5975146898374248,-3.096086308209713,-2.2577964885250665,-6.941215161525271,0.4977181098515331,-5.254627876802353
-12.34228750751006,-9.492031918664322,1.6096853284479522,-6.271103315696351,1.6632013537901855,0.8568316061079443,0.6074377720770059,-1.6746117286360942,-1.1721671570577217,-3.414501555352388,-2.4660351738317274,-3.743044543885596,-1.671668493492113,-8.479591680816078
-10.607210602501276,-9.7743792913622,1.1343310424462203,-4.584982021353198,0.940309896882006,0.5806277949725446,-0.4479287707791215,-2.090437988198524,-1.552743632206692,-2.290083417866377,-3.169654179009285,-2.481374334999096,-4.115374125068733,-10.30557350012326
-9.60821005797667,-9.717363077327557,-1.6607376539893297,-1.953542087682898,2.6027050219459085,1.4642199107594085,-2.264544602376816,-2.6577208795091423,-1.3665081641881969,-0.0546230817654205,-4.487647302800603,-3.897316571947897,-5.744927358464864,-10.0115103496371
-9.139686138626825,-9.074786781451436,-5.168099130340693,-0.711773413425604,4.889087528145275,3.224331389316287,-4.488304530769611,-3.308437262215598,-0.4682256341710555,2.066885112722609,-5.831856572361509,-7.162105122186361,-7.021775971759887,-8.763021255861815
-9.473968182323356,-10.162466958530484,-7.358934061931805,-2.0369639697898307,5.676925682383519,5.6626690914607325,-5.298217987170432,-3.3977036196024173,0.9837909225122344,2.675354990649005,-6.042564975950036,-10.640787908036046,-9.311100334483449,-8.446741315458837
-11.188669238254011,-13.26522409422658,-7.140662508566308,-5.0180261210911965,4.261049982947426,9.007247608103208,-2.721630494558454,-2.0480539417838486,2.576111427881621,1.228469485217829,-4.109679503613364,-12.693947090221258,-13.039379012746352,-9.845298159508763
-11.099484979108404,-14.827681719032128,-4.893732441172531,-7.55733516188031,1.8157153159882,9.754979252610555,3.2340413574184623,1.0613215055742558,3.785529997090549,-1.385042450870266,-0.0016090378222912,-12.114377025268915,-16.592995014227263,-11.828169077359682
-9.275076887458113,-15.2851288846403,-1.940174714744515,-8.210423657710137,0.2158816393417026,7.60663158327364,9.643999676325931,5.045402932998385,4.182656709571432,-3.320952634561081,5.112660984387915,-8.457836533095787,-17.279312810270767,-12.313047389880891
-6.709171420489416,-14.041216422917238,0.4386926167936877,-7.271313241468121,0.332576189735704,4.634797477352667,12.20606897564187,7.951435559042068,3.6137664713867537,-3.1495637578192657,9.493490347028896,-2.51282628912233,-13.698426554622998,-10.18888930557594
-2.6758374033084023,-10.297802517014702,1.6074245728437262,-6.235867830418229,1.309103196897155,-0.0908023031167294,8.419126841367685,7.834624782959793,2.2542182867569807,-1.1325832698885847,11.803829836290078,3.4797926499221035,-7.405768860925505,-6.520503945913717
-1.9348825921051045,-8.934657655104038,1.515732073820871,-6.313684662731845,1.4036933090150967,-2.4580949455988312,-0.1103858741254839,4.163596201597414,0.4872554846911328,0.7421661271393134,11.660743131899435,6.549666556244858,-2.2029881605990624,-3.924160839629593
-4.844351254206009,-9.851464258275824,0.3571432087562129,-7.421454144203622,-0.398059449862103,-2.0063020578943247,-8.340777178419131,-1.482962358536014,-1.3007417541359274,0.243015490415928,9.49382877904705,4.687457125264871,-1.425576575874743,-4.562534250965342
-8.382570582443705,-10.12825961361561,-1.5440506690437417,-8.474796556437624,-3.442359465827081,-0.0206522629546644,-11.236316474928586,-6.134076880251627,-2.837080601329248,-3.158619508546167,6.095581052048004,-1.5734126953684608,-5.395644109462182,-8.428303429202515
-13.745573582712156,-10.740483116207916,-3.580467888249572,-8.528346916203432,-5.959772530157167,4.740972698413732,-7.433068542249991,-7.276549076180757,-3.921696887684377,-7.538943714512172,2.345570149924413,-9.082735543537224,-11.15860593157938,-13.364190460345696
-15.366150720635616,-9.955650748924697,-4.869261729710274,-7.625696131412582,-6.614329984428025,5.687673114340963,-0.2630627291016481,-4.609275133727294,-4.3610933925841096,-9.805457794187715,-0.8776826711129786,-13.886671938110936,-14.739711070086123,-16.749827681377283
-12.521577333501249,-7.327408972475841,-4.718791002058765,-6.64534001209406,-5.675234387134751,2.5098455143757787,4.68878739120094,-0.3609906803232263,-4.065802835571503,-8.14019371912493,-2.9193621517631243,-13.74429486946014,-14.07695706656699,-17.338663395157333
-10.093954521937574,-6.784474553172914,-3.2563589468020737,-6.422005998514635,-4.765640612533801,-3.1862931301452977,3.60273153838984,2.2139099599368137,-3.2755480080963864,-3.602705781481461,-3.763384515317867,-9.481167831562828,-10.2950414306149,-15.708050959800218
-6.665715108971726,-8.035166645036437,-1.5457249531948918,-7.011518581150156,-5.391879895250057,-13.205151165314415,-3.0257712810361994,1.1533985065503884,-2.610471717204,0.5492052701311536,-4.198731135289606,-4.194316414163026,-6.451038918341602,-13.18974669059574
-5.316766658142432,-7.806135914702424,-0.8884050531833765,-7.699522149662229,-7.541245232442421,-16.674209585909338,-11.052535147153565,-2.813900272473965,-2.711612179801648,1.3804655101847132,-5.320387242893261,-1.0116402467058805,-4.985509272511067,-10.572552795833516
-6.892976725372551,-6.676494174613836,-1.8074331221172173,-7.6247071281509875,-9.59733865122356,-13.06677719787674,-15.77964749546426,-6.891173425746928,-3.681144620779783,-1.4144190087471102,-7.625445207210255,-1.156481602233974,-6.034275549614705,-7.897774629817079
-7.092066780604936,-2.794393338065026,-3.61981010993437,-6.417601191025739,-9.67337481921981,-8.413127670692594,-15.02074811945232,-8.375093409040048,-4.886268338671748,-5.355712498007769,-10.534027418414084,-3.632867899234931,-7.806569793552804,-5.336850958002479
-6.753054043146891,4.632856022574969,-5.018786484519495,-4.387348667492624,-7.218121369313856,-0.0642782181152992,-10.06140828757878,-6.6285676584210975,-5.451601999439092,-7.285714086838936,-12.86336591182301,-6.430926039807765,-8.382431346561326,-3.895998387492256
-4.570158107245994,8.363057947134896,-5.14033432482865,-2.246562699968919,-3.5080249439740427,2.7363605866072502,-4.269031611014455,-3.314826011717763,-5.061908060387459,-5.9046643004936,-13.820116034329024,-8.032384882031963,-7.20956814874382,-4.874883852728395
0.2813998276413247,8.59609955481149,-4.138425616937738,-0.6716371162906825,-0.6222695416250303,-1.120530697080399,-0.7365955064025229,-0.8335864264868178,-4.270841263995997,-2.577287736801665,-13.506595442303372,-8.04687326239106,-5.132280761903168,-8.42539836763337
3.848098462100486,7.241707838175345,-2.8023499606722453,0.0238748279305269,0.1861941904291342,-3.1501368632565403,-0.6326022199126342,-0.3949367078617101,-3.9259808810846266,0.1484982225709856,-12.454577842134718,-6.791615349505683,-3.259977898331229,-12.701749150056544
6.5213784869254825,2.613778763433339,-1.698462924277358,-0.0016290188530163,-0.6673336961448868,-5.584884212132566,-3.02163798559247,-1.3449034668112247,-4.23134510671624,0.8266352589221668,-10.78245594572713,-4.536709925834188,-1.9357688081663724,-14.70811217431158
6.727302217254326,0.9350498007688104,-0.7313838870200726,-0.2200291448835329,-1.6750956008364213,-6.0252010616509954,-5.820305359719939,-2.114682458950909,-4.415416519397851,0.1212853081234968,-8.018851659962912,-1.225951697009279,-0.7031568836234108,-12.364869712781086
3.455159802021091,2.42971870882727,0.4914131516566939,-0.0193905384248225,-1.6046913030614007,-3.166362731915517,-7.067611582745847,-1.7168006737731183,-3.41586470594584,-0.199980129383313,-3.905973051407877,3.1434289553736328,0.9413824522475912,-6.09504636543684
2.089468844435541,3.3788541162018064,1.975854317971745,0.9091415280662218,-0.4231251813578112,-1.6139533666098658,-5.858977940391188,-0.4076702780919099,-0.9655814701955664,0.8873652444571754,0.6531772233929765,7.954568093919342,2.8998100892294936,1.4175361621369618
2.1841708042975543,5.19691026482811,3.127905698727673,2.2795482613977818,0.9283720513971758,-0.5269520873472334,-2.6705752579828115,0.872298903424106,1.969004022795282,2.779760398460489,3.655511693988373,11.826469107143264,4.50649029005163,7.0561134640598375
2.092583794124074,5.4336637884452506,3.260499874709117,3.256090227289718,1.5285744701754211,0.1463663335898175,0.9535331209036356,1.4762853491472328,3.839174092044225,3.9853357368427567,3.2985752238675943,13.136934422127512,5.051680198926736,9.141589966572562
2.855942678582574,3.609896732577372,2.2875427004965463,2.927604614749235,1.2535885694596356,-0.3419452425637055,3.2297211637837115,1.4340821250502689,3.678057211444724,3.5381191576749824,-0.5054380403678991,10.949662594495326,4.244410885415373,7.959772110252629
0.8866839514594907,2.5575318874859105,0.8775905532980506,0.9903958739503552,0.7082649095074096,-1.663661034572363,3.146476497863871,1.0594269649047998,1.780477061660665,1.6864455108133871,-5.770317693465266,5.766230793323725,2.343833174231733,4.899073256103062
-4.073415752420714,1.6719499667367992,-0.0936754724656996,-1.8281459595775864,0.5382505910283077,-4.15836704595398,1.1133938311627265,0.4577226354708781,-0.5845755417851208,-0.5661521928386959,-9.65709381031384,-0.4574794218129989,0.0825218485826706,1.304099111713496
-4.632042790438429,1.3950345096279095,-0.2429179997262975,-4.012019416836102,0.855244272431865,-5.243318606042193,-1.2369679489609302,-0.4300699535445451,-2.0662236315311624,-2.3111026185181798,-10.349187601711506,-5.209015490970703,-1.490886275620578,-1.9363234266656288
-1.1348279542118296,2.200411949460381,0.1422230216314339,-4.14261615590072,1.2632935990754213,-4.788608095936684,-2.091072400070525,-1.3936025599978827,-1.998940903111563,-3.0943915141018223,-8.114601889050357,-6.792923658106005,-1.3549179322942408,-4.095666632568916
3.424827633603142,1.6682615183707548,0.5527154990377967,-1.8758509143215416,1.3360993269960977,-2.5966679858700275,-0.6959583831438256,-1.824997477163356,-0.6182738702427346,-2.737774843194804,-4.809920185577994,-5.288458859520119,0.8819659369038786,-4.42191969911487
10.605090240569574,-0.0841279330951123,0.7994982477825796,1.7259262182665005,1.011996195326291,2.13637521748399,2.099463724766641,-1.2539506184147289,1.193890372920389,-1.2207584858586285,-2.376121864890369,-2.37145589854927,4.445823685340373,-2.57185990553683
11.848956758988658,-1.469092399928164,1.051695235552227,4.823948012486805,0.543631776508672,3.576259289712309,4.446610417659602,-0.0602039806137666,2.3494292010872844,1.0582569137356137,-1.6085812482163204,-0.1070755028184367,7.516692148275874,0.7662444133638213
6.308062914938189,-2.913860156451419,1.360862037647828,5.956634179715829,0.1206528812095726,1.64237048381899,4.817601352050879,0.4914540761605384,2.0129786117293103,3.056818859305535,-2.075560186284044,0.3490341734401507,8.216019633954883,3.9381252602381487
1.458824167080163,-3.0401746993330048,1.2692122088332471,4.844188674001728,-0.4061166379091965,-1.7341203403173149,3.053623296822419,-0.8253709127304276,0.0217813888924318,3.4847848238527224,-2.9636734900558173,-0.8329993753918332,5.883726486181756,5.321399232554896
-4.7436292955245305,-1.4987235588037608,0.0741742757173629,2.301103806994833,-1.3850709646739912,-8.001317494807257,0.3908046354157672,-4.01783372065864,-2.89305601166531,1.7467555379898272,-3.872075019810257,-2.748275255282577,1.6455586665187116,4.46933960677584
-6.958846290274182,-0.4136070832123526,-2.3685857998583373,-0.4847885552686275,-2.902898498711308,-9.544614861513322,-1.4578014183937498,-7.521616943975992,-5.335043827423775,-1.3703341499579604,-4.81981302885414,-4.580749228101007,-2.263349878296232,2.3528182152650814
-3.743512974704237,0.5630352481829481,-5.092163144062063,-2.5663835219121798,-4.436727897060296,-5.867691497753507,-1.39975398399217,-9.129711435213464,-5.972817141609763,-3.996193491590797,-5.66256489051975,-5.851866049133184,-3.954754812733413,0.4914319524102275
-1.129009638467167,1.466963586674801,-6.425440949945646,-3.325688291091653,-5.019893080438905,-1.707829680662771,0.5147531320367058,-7.55675562536786,-4.3855954500619205,-4.357843334162023,-5.765399424538531,-6.108676451640079,-3.0262535341152184,-0.1744160183022227
2.4922039708742094,1.9200132632602152,-5.21174404348457,-2.3328792566195027,-3.909318942697153,4.801500154314751,3.324587657741116,-3.418460017931896,-1.391396960368434,-1.970702571672211,-4.467132168027575,-4.772005233871848,-0.5756438863185114,0.3310922957972426
5.015348237666709,2.8682710530879043,-1.8420480805576496,0.4868902046922869,-1.2632390948550558,7.079755896467251,5.78854530828502,1.154343757064261,1.4744462209941211,2.0315799181391263,-1.9149478053815407,-1.624975339083182,1.797589630363305,1.5052376992165009
5.513778656286943,4.219480052127367,1.8705371184595911,4.387198273732924,1.7778666456037977,4.207043712391777,6.975955555297247,3.981727955802075,2.995228986751357,5.6271577647890325,0.7194028997432085,2.507646781112147,3.152820366445315,2.9813153387601403
5.15948485188461,4.999713095618356,3.9884750861768232,7.716400728731244,3.789521616037238,1.621216278791282,6.6198179276824085,4.286194589566506,3.0449082639987357,7.166224735255106,2.1172866526358654,5.844493100589023,3.6853021844343488,4.602965258188512
3.027666313402544,5.304309735338627,3.8916212090466935,8.77117904557042,4.061491828308423,-2.4041767866418287,5.210146402347728,3.088555603313715,2.533144554872724,6.355946859746755,2.1021164283004943,6.8373278083710325,4.30652373164947,6.113204038331755
2.644778278523406,5.180611124666259,2.674157527398844,7.161856341646001,3.102037296422143,-3.579527007722618,3.784433889163082,2.320091058382925,2.640062369792613,4.388167245210926,2.0532878781660457,5.592611460816126,5.787709175240149,7.112802332338969
4.132753083918423,4.410205750486157,2.184528049200864,4.4386808901854415,2.2155358891580867,-0.9636674311120876,3.3884153747263213,3.346687209179546,3.976226497833093,3.141467511972497,3.838001740728586,4.132502639409285,8.140231886930437,7.490632063113161
8.383267303821208,5.241523775697386,3.517230836458264,3.1041274252813267,2.486014331369549,1.697633902304025,4.414749764275509,5.985864532378589,6.233031991450424,3.927961509597069,8.06079405034584,4.95833507920975,10.599556743902006,7.738906700478559
16.50510461843865,7.799108137691824,6.15913641677443,4.580720047009525,3.993513119353764,5.680426314085908,6.274966651975198,8.696677869396677,8.411741031734177,6.562293474786205,13.194370600261388,8.930539030154875,12.08897240092881,8.524294385243792
18.29655732112869,8.484489342141146,8.400792377069386,7.857453577752054,5.868455238583099,7.588637070824461,7.747858354143325,9.75350781251622,9.351507018448116,9.38074634612029,16.465520799233868,14.265238939879069,11.759305866589308,9.781033911824364
13.59585849139378,7.619469603990787,8.621159527650295,10.150377220989204,7.056888211830103,6.792200295518442,7.829696478232364,8.502106952530461,8.272408147654552,10.243503080408663,15.823491467390824,17.642298773866116,9.2857395886985,10.382919140509618
6.637538377701832,4.392991574782509,6.46450424227028,9.170076405379955,7.091478310728242,5.86773506571476,6.44629098471863,5.765309578954426,5.198152636501515,7.883854266591598,11.36660690199416,16.645377085830386,4.89231636545092,9.042237596905846
-5.047774294153577,-2.099382601808901,3.1003921296637174,5.072872152502999,6.244578893287265,3.826409680900274,4.461871756347563,3.142596868365967,1.1147938522622596,2.717743902409776,5.121432795217562,11.58226674736058,-0.7139820996591588,5.741783634540436
-8.870629005989178,-4.65517867273796,0.4379965111624457,0.3673845985556099,5.057568016868721,3.1196497816270847,3.006188839472664,1.807870041185133,-2.367083314322059,-3.3970813100827613,-0.4766338873209257,5.218247425200957,-6.378034897915704,2.1955120274300697
-3.762197355126776,-3.2617556049938847,-0.1540991539944443,-2.1479603881457834,3.79679427367482,4.130186126497728,2.6872250845921077,1.7616310008489222,-3.903513857429616,-8.250507416350342,-4.0439134558136764,0.692837981366111,-10.606572801214874,0.6153442971967458
-0.1534980965758808,-1.042062994796498,1.2298762158808998,-1.5901258556426503,2.3691356448380674,4.331454593700364,3.26905629358307,2.0555540070465206,-3.397315823804877,-10.489167564070543,-5.581759529689442,-0.6493475469734165,-11.980449250320923,1.7789642165331472
4.912090219335521,3.670044470408676,3.111266975401485,0.5487381345822016,0.6987681421404375,4.324391860795238,3.938497614695194,1.6789299598046288,-2.2407736047080995,-10.202709129891058,-5.770964439862947,0.1665750822871565,-9.891867120892982,4.2475330236463975
5.51553960828466,4.61237698655752,3.716261907127336,1.9236825399993585,-0.922747385264028,4.0573366488320985,3.851049874727675,0.3159481827254851,-2.3664601147052977,-8.602835214496688,-5.156980421756153,1.0102709913043135,-5.204995204949945,5.574316360631297
-0.1453360046701551,1.2144745237185792,2.3519873123496566,1.3223200958995385,-1.952421496764309,3.176014948371084,2.5897630745218265,-1.5683332797366418,-4.667648964928635,-7.113736841419371,-3.962981013876053,0.4978874607319632,-0.2112485477129553,4.418577462390321
-2.2152239505507847,-1.6599560003365172,0.0133972386841527,-0.6271800641395817,-2.084580965546575,3.7646384507561153,0.3719876947924803,-3.2058813959814554,-8.0956786939653,-6.53848571701,-2.431586270537529,-1.116697910470304,2.42726698864864,1.5989145506099032
-2.2332244583123213,-5.51701394274978,-1.3718265127950264,-2.3898610936370783,-1.5844342428508753,5.848824005625494,-2.020448353056981,-4.059456636064397,-10.355188373185172,-6.8257013793812735,-1.0642208586044788,-2.5539813422440307,1.2739958555763025,-0.8118313033310738
-1.5367607389377167,-6.4606924885484895,-0.5818802663018996,-2.963095974729171,-1.0798645586289766,6.257947731295569,-3.60988291677208,-4.046202987111236,-9.749397627034837,-7.430340366780538,-0.385863035951326,-2.8606534857571333,-2.8300852256584648,-1.3447973574704246
1.5425394494151945,-3.609774306206588,1.7147447486286964,-2.4814189031008365,-1.006392696267767,5.249078184230022,-3.827340131369068,-3.464322839207369,-6.600323845606566,-7.794116491349827,-0.4907739253173471,-2.244662041716188,-7.144778577474124,-0.1466727363630191
1.8136708700689737,-2.191275478394129,3.3536188041128376,-1.7146544365809344,-1.2845766876126632,2.549403571634293,-3.021978971909612,-2.793158790494619,-2.934700003356212,-7.491832880672062,-0.8829067635247512,-1.7395526950770144,-8.71767307543325,1.6203735504829453
-0.7524175081013464,-1.2161667589880365,2.4702635589907302,-1.2524344636110405,-1.548269757832066,-2.61147047100845,-2.380727917449194,-2.4264490252385063,-0.6663775188854668,-6.085481095699354,-0.7861612903567554,-2.109123492136169,-6.218388319903382,3.078886551597156
-1.5985793153942889,-0.9682452452565592,-0.7994690510148672,-1.1978303990515835,-1.624316717611788,-4.789614301349107,-3.088069590532262,-2.3581775112224834,0.0709273459217509,-3.14510302918496,0.3654547587370125,-3.0342384206764743,-0.6172847902294931,4.182608834233704
-1.6528633252134788,-2.339519183169471,-4.278827673479821,-1.4129471627624968,-1.6971717260259314,-3.9288202235810616,-5.268544376297056,-2.035683371465504,0.8791514725426994,1.2962802876817636,2.611060536290207,-3.3456613850224954,5.662619328910009,5.103801407331651
-0.2474606117434545,-0.5452713862817631,-5.522421034326747,-1.7892546579619992,-1.9933131661766148,-2.448471729363156,-7.666231079445557,-0.7036969044165051,3.3629513198188645,6.23813833144231,5.384914941852587,-2.14438944486193,10.303741547262302,5.431425709287716
3.435086716834805,4.364078015225188,-3.884393981195429,-2.216002059593236,-2.4105838564927264,0.92732331962068,-8.546018367802175,1.798478688942577,7.340608344779072,9.881039678890554,7.582987093564436,0.1751947363342374,12.153360932162624,4.314239521670263
3.3960003863019392,6.512650313142114,-1.03070449075434,-2.4549653365184327,-2.588551548653209,2.052025085950454,-7.19892388393286,4.450866575623862,10.718762982353224,10.676798508529457,7.851914984793735,1.9889067993631315,11.245858706384086,1.4966531707993518
-0.3711722724469871,6.569083542161003,0.5566069984826088,-2.2550558786685966,-2.362741253061205,0.5498862913651865,-4.724078325777696,5.470685711121271,11.20397431489508,8.513233775493507,5.284592316001312,1.6758473296044505,8.235450571001488,-1.9655938442336285
-4.01409082410715,3.71133627707701,-0.3092611687804529,-1.653064844580744,-2.0394700879316066,-0.5277141137499407,-3.2567363622468783,3.719575294649264,8.308673293020666,4.928310921193637,0.3203036957963991,-1.0011119095037544,4.003731355275439,-4.313137062645053
-8.786374835747953,-3.415745838662932,-2.705058990606161,-1.0706252565258905,-2.095203844718704,-2.1863837513703506,-4.188224387996982,-0.0410724734151908,3.8371924229077647,2.014251975981445,-4.937280791894417,-4.640705628090508,-0.3261850777212615,-4.60480087742717
-10.106549324233676,-6.24390217849213,-4.694345232543912,-0.9973535450995052,-2.5825500469601645,-2.92792761444399,-6.918153718934214,-3.3851284759063383,0.447179230448552,0.8965166372664579,-7.692706972564025,-7.376364827801969,-3.406388962927866,-3.647844608544931
-7.136825173064837,-4.864096909805618,-5.13672616893811,-1.5339380244706942,-2.9260733759401565,-2.332319648503647,-9.28156559790302,-4.059660974966665,-0.3908109973655538,1.1128543846643897,-6.3636832276896165,-8.40400306166076,-4.15152489553309,-3.291235868005468
-5.989491191926226,-2.935770528469269,-4.466448801231064,-2.2714098472016406,-2.4203925821541894,-2.102913211290332,-9.314180651387556,-1.9116926340256235,0.7274293969156602,1.379717587109229,-1.912521455914554,-8.398043395092323,-2.4946802154138705,-4.657540975532212
-5.587359811609431,1.4556026474946335,-3.87231845657555,-2.662447916456758,-0.9883674843520156,-1.8011438973765377,-6.825407426461455,0.9358225028794376,2.0155462741336425,0.9253200333129464,2.7528170105144127,-8.444984214888706,0.3081877114207829,-7.017221565398332
-6.0021914991683145,1.672561857071443,-3.9353950399150026,-2.5462233554000937,0.5561006766033811,-2.1479640417606736,-3.453451184357452,1.966664158633236,2.138796037954158,0.0947492399615814,5.017416311459053,-8.66519641055168,2.294751611204888,-8.44364794382911
-8.304414787963534,-2.9076984701770754,-4.188667558122475,-2.328298881475501,1.0391295559942462,-3.426325013783437,-1.256486716918145,0.5169581082916235,1.1185341815447778,-0.267702794337012,4.507741759958149,-8.056688482019835,1.9962361139346465,-7.654639144050543
-9.195607910276603,-7.013490968705764,-3.93712954046846,-2.629354921288924,-0.1876326734524918,-4.380890283463045,-1.133447511143853,-1.7463060638256849,-0.1047003798110086,0.0922857649350668,2.9789677190734363,-5.802271774600962,-0.6691717360446869,-5.276114672304932
-8.917355077292395,-12.23270168636614,-3.290204715321982,-3.696476505752111,-2.7334678081838444,-5.226045559583799,-2.3633409025479093,-2.5455513875276177,-0.7470402815105892,0.4638458315959806,2.348366799743351,-2.6400044802688107,-4.453725019470344,-3.3290483203118857
-9.033768440563058,-14.127372262553807,-3.185663992017112,-5.10294403850576,-5.384750461877042,-5.247866144850363,-3.44223665285704,-1.1794182026799174,-0.7634854531047157,-0.0828745051954786,2.9014516949213665,-0.6887945283032852,-7.6580663143490115,-3.4562100061784244
-8.96688375681448,-11.695020463625433,-4.347153872280622,-6.050700874349026,-6.821085406598501,-4.15573628479469,-3.310939471746046,0.9743165918286144,-0.530157844787384,-1.601936681878399,3.4182209826901104,-1.6590201186584927,-9.135009204357488,-5.556295605438906
-7.88517196568688,-10.14105355871896,-6.317442663246597,-6.080451399278774,-6.324776806660065,-3.198767588704676,-1.9525203666609805,2.018726154137964,-0.2238120343401188,-2.994814232521213,2.866397190780436,-5.112260459179415,-8.793275146168167,-8.000318186543009
-5.823625090438704,-8.256673891452126,-7.654947255556973,-5.576295032746078,-4.112152838156769,-2.14922302103423,-0.1020111105748213,1.4424042366692067,0.2962020377109677,-2.9287518142462616,1.6649026464509404,-8.534472541398257,-7.452275821881628,-9.061353780762689
-3.661030979891328,-6.671022562728518,-7.155486490493022,-5.5222060796332375,-1.199315691223264,-1.1941609697198368,1.4242967669126363,0.4178457371947051,1.022670963058788,-1.1217050924072556,1.121038990874684,-9.289296076480628,-6.277644612177207,-8.169247909940768
-1.247775589010131,-6.174668861403522,-4.8863036428956175,-6.580738693527767,1.0937635293833612,-0.5602512369307773,2.177301450884526,0.3497582918421091,1.4469647071947185,1.262261988870634,1.7782695442019474,-6.709217003069652,-6.105488400397348,-6.000581659922382
-0.3700915294676109,-4.514193914035976,-2.0276985976713657,-8.258550658592426,1.7994864490069773,-0.5449533849930643,2.137906903012718,1.370720419140051,0.9284533267992608,2.564390742867892,2.665200365592721,-2.455773732258283,-6.912920932804143,-3.6376884424093534
-1.374825085237543,-2.0295550979003205,0.245681719370312,-9.009083510004118,0.829959863990636,-1.3502006247620677,1.5927261413997211,2.391551329632149,-0.4845685666729,2.0995302160616136,2.396814384723154,1.068713721516806,-7.694360377566964,-1.764917474445852
-0.9566263856792108,-0.2578991896625908,1.6775495793155972,-7.367573827321699,-0.9416041315967388,-2.239581713417229,0.990890189422668,2.4919787543748635,-1.7263973228646332,0.7782610360577227,0.9275460842423512,2.6977554096757626,-6.947835492869753,-0.5263645057471233
0.532334729804773,1.044912383503137,2.7870875228261696,-3.2248561541391734,-2.1843257190682888,-3.346400190988919,0.7551943965186023,1.9718832135171096,-1.4486117911709755,0.2815189705647469,-0.0819701257382909,3.0860457215552035,-3.6620710888405705,0.149399680084568
3.0210448606032374,2.9497011322639395,3.983151510432588,1.9005065844665392,-1.958228514410324,-2.569449949649785,1.0278565093441685,1.863336345293093,0.7232952446695862,1.5303942769760823,1.1271101359693727,3.5638302327091207,1.7614491957554597,0.2917712307704967
7.213314310239545,5.258758933935497,4.9776220766517945,5.891165779956793,-0.35236404106913,0.4289696603344548,1.5282826257560167,2.506474225019822,3.619207664145331,3.836130430174965,4.40533887047145,4.5496345086407874,7.382101610748776,-0.1018061588655827
9.112879820644016,6.36410181415074,5.109859747528819,7.490130323417683,1.5791722310101814,1.92828003513332,1.7334096036840307,2.8638123214827798,5.28010567118062,5.456385274714367,7.407922614026656,5.10285600855317,10.683424146093396,-0.9882918811463606
8.673670476710269,6.299306078358525,4.1481942297687455,6.963044829708696,2.587851501401147,2.321869355058266,1.310862746703631,1.4275199598680413,4.410340052494444,4.998288876271742,7.463404240676411,3.990135373822355,10.119301052601084,-2.279845883043534
9.003496282059475,5.957584933931331,2.644805628719457,5.540231255060575,2.1605624064402544,0.728990644578765,0.428019054492359,-2.172159362485231,1.2384054002498155,2.4321678028542992,3.880252430499443,1.164450364285745,6.212270452899308,-3.788589658724244
9.30645559001957,4.989515134626156,1.4643396242411797,4.339407772714114,0.9049254202335836,-3.745614452063992,-0.3695954617728585,-6.513422916167783,-2.8664556623638706,-1.0269403940981583,-1.4479182814469755,-1.8088372382673348,1.386999316688609,-5.0145786257153775
9.538897221186785,5.79956724369422,1.0186944202154944,3.7871811503535824,0.0903835775468611,-4.649562361923258,-0.5944495491844801,-9.36699007167776,-6.459897652310307,-3.86046766634709,-5.61423476810527,-2.8356650711245823,-1.4392218777600458,-5.057824351492037
10.112752285459482,8.68825050593693,1.0123133574036194,3.8388936397095454,0.6988321248102194,-2.0584560151541136,-0.1399517841574713,-9.394877155026023,-8.711961034794484,-5.139888167801919,-6.910140013629049,-0.9563697404673864,-0.6311616406614231,-3.057481090917706
7.984718053064622,10.085303958059686,0.9086127071939094,4.42677886000395,2.71453345413103,1.266462466566599,0.7775702729721043,-7.052738454815325,-9.323737581156944,-4.813638042595066,-5.733836264857096,2.8558374324757274,3.1814039860081778,0.965836895570606
3.027614761881241,10.453572266969976,0.573752784679769,5.496484922657065,5.173705476747235,6.768086261484831,1.8863914152945345,-4.047311218981047,-8.22129334805509,-3.4765344302468915,-3.683419074233696,6.443559164105942,7.570824688071901,5.661718845199651
0.8221531775778004,9.911849983998897,0.4350704676306387,6.693080770006103,6.886277246430236,8.292565467347417,2.9755974462975856,-2.003067502625508,-5.677424816865228,-1.985273660456058,-2.018963155666631,8.126745498770958,9.926223847907522,9.002639716655679
1.0348152760709712,7.747865053472707,1.0373807364383802,7.310614217090209,7.242288480735576,5.250748463639246,3.7749386799574975,-1.4820239196723852,-2.7090214565803823,-1.0992096919027885,-0.9980528424895878,7.895839251993977,9.113178363842543,9.728708637016195
3.182203690831299,7.057847586393611,2.462251441892792,6.820601153797611,6.50418183162312,2.9097819797933715,3.8894768214148914,-1.9467893499464743,-0.9592958114339174,-1.1433457384492476,-0.4251144023236071,7.1682099037423175,6.022390185683912,8.325074703049358
8.58519830207588,7.808905647690851,4.136233884493956,5.484069665009641,5.435397216573877,-0.1854218823024311,3.049697237697772,-2.411085347183384,-1.693762757972948,-1.8086987012822533,-0.4655626780252735,7.339464612520497,2.6609538865731466,6.522644603411859
9.720534950956509,6.750124304864904,5.147644243253757,4.242953211881428,4.6312986025545415,-1.6399296948901771,1.4949822140667477,-2.1586970929826577,-4.632744577482955,-2.3449530089337154,-1.6740873604905089,8.378612070889174,0.5601622410891398,5.689490696571749
6.416125597988962,4.364579640389978,4.790125439882488,3.771538582284193,4.098588698961505,-0.58553828481761,0.0048003083028573,-1.1123665465104535,-7.836748240328161,-2.1651210633978675,-4.211984860242481,8.723926076282932,-0.190889309705156,5.63080593504529
1.9482704311724317,-0.0937195295343886,2.967666310605593,3.5818950330120423,3.371822852453068,-1.2123759380816683,-0.6306917341653804,0.2185069640142352,-9.035965295625356,-1.3883727869057294,-7.1886392553742855,6.67147803279145,-0.5405426618898925,4.988184174425349
-5.495229865644886,-7.340205035630966,0.2690973576648421,2.2573907396624278,1.9982330550584688,-2.8511653779884494,-0.2802807819040358,1.098025467105222,-7.384444119049048,-0.7210127561018647,-8.951902601704369,2.1212333339411487,-1.188511094247291,2.861383199984701
-8.156618396517409,-10.009077440229886,-2.283565601400964,-1.140792964844822,-0.0535988756147949,-3.838816431064517,0.400216979404407,1.0507586717927255,-4.0813111743534405,-0.6601286051128081,-8.179691987293172,-2.9138315757637825,-1.7115730973483505,0.0181634769327772
-5.359077234887356,-7.937403045324845,-3.695657155164677,-5.742374135504807,-2.386410189471289,-4.758813935728304,0.5824785926812237,0.2169787966868386,-1.2764967998653989,-0.7918637214115967,-4.845918058854034,-5.671869207627447,-0.9927830029205956,-1.592009850386364
-2.5358237036996263,-5.044865015718441,-3.476641301469489,-9.045550713439551,-4.502876733657664,-4.7433708470421125,0.0493922557790049,-0.6949344630152257,-0.2627006290182003,-0.0369491141553939,-0.2861864152028992,-4.835997432951164,1.4294251508236986,-0.6579262222184639
2.234420606469921,0.3929353172900296,-1.890716389530183,-8.746836309330988,-6.102897801688578,-3.538270026407587,-0.6437908885168943,-0.911595792460887,-0.5973828038565485,2.2003271626787777,3.604533324006642,-1.618189738677145,4.432143060295505,2.059456894346816
3.449392370427334,1.856066545499763,0.1982579854106685,-4.748301782030584,-7.057333407595809,-2.464837896208421,-0.7977891926933904,-0.2197306776838726,-0.8630184221437134,5.069650683211775,5.387784598943443,1.3229550038643376,5.833612863357638,4.130161986123232
0.1443409107056829,-1.4359951498919843,1.8419800983980157,0.4857756268497879,-7.157973637222779,-1.2973139116066963,-0.3149972820028095,0.8199134376108825,-0.1954045258255816,6.617807970032494,4.692562160699286,2.1911608881616087,4.077447620838355,3.473414231081371
-1.8149551135710869,-3.3634434597094627,2.567118850299795,3.679353868234256,-6.043471022532064,-0.054177217442293,0.243693172248268,1.3255258922283046,0.9585816557102484,5.371478774647989,2.2380257899845333,1.4405097107464009,-0.3519714822219741,0.2377512029686848
-3.831252842301708,-5.4925694131181375,2.584449238193324,3.1841868740929327,-3.5529442042339987,1.0321796409919703,0.3473424617820608,0.8764049673203307,1.5270449183199275,1.7834522139845317,-0.5830172983004259,0.9661606642491964,-5.07400147090746,-3.1770938534744024
-4.611796454688271,-6.213371179586037,2.487357338824149,0.069726641585619,-0.2507380592634431,1.6570302172055555,0.1554305791953336,-0.071857660037558,1.1273085825447282,-1.8986216903866424,-2.350274128200487,1.9907680344068368,-7.496389303543866,-4.069587027935216
-3.221205993543131,-4.571293950757092,2.6840455946230177,-2.966174078731895,2.4888952257760555,1.6616646894361755,0.3850162714473655,-0.5585291581404901,0.5922936887299726,-3.3998898929485333,-2.281852295830078,3.813389857948656,-6.691281846139974,-1.7105500226387855
-3.1410618605004803,-4.107414138613536,3.0471918141582224,-3.805206509928898,3.186446500898286,2.036777429401343,1.49229558575125,0.0246269145943676,1.1547561578280643,-2.3156269477452605,-0.6320491658495566,4.626141656137209,-3.95541395115872,2.0305069863083043
-3.897854853808148,-4.261870880548437,3.101177969771106,-2.3412965874255978,1.3629128954214655,2.6975870428148934,3.067294279680685,1.3759820269976666,3.1428452822751267,-0.4086372423636879,1.4681991260695757,3.431566092002546,-1.6739898920971128,4.252906938769492
-4.025932002492861,-3.85158775838102,2.586088957872198,-0.1204086480060673,-1.868321105226116,2.962371191986809,4.157090693430362,2.564315228736261,5.550694376118619,0.0156529086413792,2.741440055087237,1.0197716899979794,-1.4963794752202044,3.413046694568368
-4.038748996982864,-3.3856778809474424,1.8556847488880093,1.2078041025986743,-4.364428835712383,2.983427913012856,4.240460690715694,2.896602480699373,6.948798442132876,-1.7661002585447316,2.6369326364968075,-0.9128339060431808,-3.2773122177203216,0.4714390017600669
-3.494796541381897,-2.6287775129358724,1.672325481306593,1.1675213325443266,-4.374658978333235,3.067824001949408,3.8357724267026527,2.5552735069209467,6.834756635968124,-4.160857411348975,1.714517278314343,-1.41611072515028,-5.4489259195317175,-2.1011976648526307
-2.2082279373729325,-1.4891391757813144,2.5191674722338107,0.5293329677309683,-1.744195230476281,3.138743319033657,4.060215157786066,2.3973136769786816,6.08470428353932,-4.570087403084433,1.2066364054239944,-0.93116554184604,-6.2845206440460135,-2.44334553319709
-1.0200377894923751,-0.2122315835438751,4.063775878789541,0.4247249472740052,2.054611791871108,4.763130544791792,5.5388996475672245,3.113813964494165,6.0774977575199935,-1.6095606767127482,2.0553167271081687,-0.4174947619781441,-4.976901390724547,-0.6392346337741626
0.1895318738534674,1.2716611063926626,5.333340368951418,1.439170300236981,5.067100380259943,8.151673102672564,7.756711892735521,4.56213654745444,7.370352766393778,3.6395636305964008,4.162239155436083,-0.1446306620371538,-1.8943215884433848,1.7511140515303456
2.440902685560468,3.9686413389657225,5.509181844959178,3.3626164974656048,6.2245159187733154,10.715827218702522,9.515843707668571,5.90801304901124,9.20041470580066,8.336786895604028,6.447749957040751,0.4431907871074942,1.8298208310783637,3.2720834493768374
5.6798620557832935,7.957338602949869,4.623308962525417,5.550121751843189,5.865253119987436,12.745675577380474,10.054402967156795,6.420528009668365,10.22574847145012,9.887803584841064,7.66706788970516,1.747201109134995,4.869794876707797,3.6871395062854697
6.7070093757585605,9.017798164896256,3.489253916917227,7.393143995811899,5.118831711467426,12.245448601167327,9.717766244071557,6.127490865788968,9.71602151873428,7.635894165025265,7.30466976825878,3.1796330628952703,6.161572107736495,3.730881036279502
5.454083754822975,7.0461543534192055,2.91716245152044,8.507554557838048,4.811006819213826,8.458158146752046,9.51143314811295,5.685553389148542,8.050046000826208,3.0528902519143237,5.816300466096033,3.521736268415194,5.251175084559411,4.002190114219741
2.8567107803912632,3.918874728905161,2.951684616765514,8.628499331641002,4.847641257678268,5.641904630066318,9.95624957722357,5.602762906452091,6.152545656334913,-1.480194156106007,4.079514232267475,2.117880816204392,2.510377244969603,4.202366126812029
-1.9284145778821755,-1.4112050211003266,2.842755178042624,7.466520131369888,4.4967470366332805,3.2563059322629053,10.349765692820856,5.606155977972754,4.551553553914632,-4.219523230344979,2.628000784803096,-0.4014981844690053,-0.986744831995298,3.388924351745776
-4.162554832639789,-3.7352099140608823,1.7491640391277976,4.761212514480632,3.181659522640471,1.2579258212094666,9.187433101582728,4.8298892602647285,3.023645479619557,-4.846810986048601,1.3967354157260354,-2.651832264208933,-4.01107204831374,0.8766348776400612
-3.579386106685838,-2.5922019300658152,-0.5031845890529414,0.5659509748385889,1.0343233546972816,0.4946737690560054,5.4555902547562125,2.7021422361444234,1.0988692413738637,-4.188430585481065,0.1300958377691472,-3.712997294602101,-5.819265913677349,-3.071231524692255
-3.425786774029789,-2.941156250459496,-3.274507388968347,-4.431861402025724,-1.21077337978437,-2.265442580745379,-0.2866353781290514,-0.3104389009588884,-1.2020052143376063,-3.347335337820523,-1.1188624671944956,-3.785970286995575,-6.370279701246114,-7.265418016488008
-2.592530115418448,-3.615473250783355,-5.61974101322044,-8.865015662340134,-2.775821652129575,-6.9085579907217,-5.987366562369358,-2.870105025175211,-3.213664504167016,-2.969203247380905,-2.052323418202028,-3.706664929696286,-5.989872179364129,-10.201391845005372
-2.0310486646306427,-2.928567350470689,-6.929282507174046,-11.12974922055392,-3.304508684793104,-7.589927018492856,-9.369163274948775,-3.7808910517922207,-4.205460015791154,-3.043775595011881,-2.7156591696328976,-3.954208532851367,-4.942230206433325,-10.823867742693992
-2.1059091182266365,-1.4124424449790107,-7.182820057400052,-10.210700242729938,-2.8833882224225094,-4.511331113168967,-9.447729989296034,-2.957107677691343,-4.057873901889103,-3.171410672693148,-3.8400532101665066,-4.243324597927487,-3.426825172487057,-9.073934104002776
-0.8485600180165204,2.753379816616812,-6.757457540852094,-6.401858138967658,-1.7439747462033877,-0.4409266343134287,-7.151091831189195,-1.44987299282774,-3.3188527890431594,-2.969344187948992,-6.291319578435708,-4.061734862420824,-1.9075422992715123,-5.981618031721031
1.5196238583434636,9.980012653752205,-6.100835449868639,-1.337124817709343,-0.0392945374543556,5.867338358033166,-4.589326451200559,-0.4981096422579099,-2.617753715016535,-2.333429639957928,-9.954502725270808,-3.456127271097301,-1.1318018194942807,-3.177865779888464
2.868186480682205,12.458824590648728,-5.538320689852334,2.867960669799016,2.0670665199301657,6.567228578457101,-3.575916728730732,-0.4989005000113291,-2.1197642550887026,-1.455163977769975,-13.22103521275339,-3.127341327139524,-1.4862620995223566,-1.96283041370207
3.3874515669125023,10.107133574999503,-5.216540289666727,4.86946152840407,4.147764823529675,0.7753823193717778,-4.54732610192368,-0.8715287102251175,-1.6350719540270622,-0.6541555643389394,-13.92533751950977,-3.689589828935894,-2.260764086970764,-2.4819216228663272
3.5528068848247107,7.560784052038338,-5.064744772107231,4.820690588890273,5.452052131473019,-3.7147008155672254,-6.620651419444588,-0.9001668926516158,-1.214751005688775,-0.1604763031066505,-11.216676962166062,-4.89788800929259,-1.8505481224575853,-3.703727850878684
2.913454921659868,3.0765457244844145,-4.784810389718774,3.9558619502382406,5.223787298507599,-8.750032456940197,-8.547178773621006,-0.644463845549788,-1.436507661372469,0.0162003510283961,-6.727186149494065,-5.721090419796905,0.8381126658939397,-4.368933621655131
2.293827371828391,0.8401062337275382,-3.998179572609902,3.3406882030669696,3.2054943246182583,-10.285057041179329,-9.640142177215523,-0.9192487696016324,-2.876444349157822,0.0503973329798332,-3.734942313520707,-5.256154243657179,4.904369581806915,-4.164772615497468
1.6638926317197582,1.5857253569948264,-2.560042221419044,2.8764692530270506,-0.0744874051774812,-6.80949433910656,-9.953510170010697,-2.3047738269301083,-5.233625595308446,0.129574864077546,-4.71340877027967,-3.5831668445710365,7.526921116994688,-3.981100767438909
-0.0232947169918828,-1.015060613837318,-0.8058423197792004,1.4992436050705529,-3.4835592114917446,-4.924222694664852,-9.805184865993995,-4.21970688080013,-7.149691179986874,0.2912911975476597,-9.22574496083272,-1.702514731392467,6.03953061659052,-4.83721514557274
-2.681915869698852,-6.099995184305112,0.5472491527731952,-1.553114310591173,-5.832875178480915,-3.396549594876464,-9.32126122630337,-5.146932664273097,-7.190732675831401,0.4212684217065101,-14.047105782570323,-0.6265728343169443,0.47596220788117,-6.420722912125502
-5.086951261651694,-9.042129514301973,0.8449812124902023,-5.599422362628372,-6.448816421780569,-2.6891113877143207,-8.48144363324006,-3.997592136714542,-5.2107713705157135,0.420180443926424,-15.592557131460069,-0.5397876642704436,-5.776717078732734,-6.814626081914342
-7.358658655075779,-10.616279601330788,-0.0546384421048915,-8.695247118955647,-5.46624103305393,-3.930110186259885,-7.462383662711021,-1.3773998460686985,-2.7166946339387783,0.357513298162138,-12.721340589639636,-0.8223410765264774,-8.210746317275031,-4.042627973859895
-8.00768341977047,-8.503278075682951,-1.700794311728632,-9.13961453399042,-3.739530954454137,-4.819204245868964,-6.714292092736532,0.5712929482461515,-1.6756186655133578,0.4056392691057118,-7.585698801840639,-0.8211008675838745,-4.76119744956688,1.7610629409100986
-6.601456957018826,-1.5677003021171492,-3.379844287798547,-6.995980825261611,-2.425132221916445,-5.836241285438591,-6.568737221699578,-0.1619063776066669,-2.748530472605051,0.5744090086802407,-3.813285230810296,-0.5222006292594923,2.2808383074680703,7.680645290598411
-5.093177991756446,1.4102791982373029,-4.538057757596797,-4.176133741152965,-2.376973754271816,-6.115315321404991,-6.810226333815942,-3.643917662165255,-4.626146883346375,0.5381320219936487,-3.5587458403950016,-0.4616372741160912,7.822051066028986,9.874631641212972
-3.0246012744061144,0.7899049905647411,-4.951548559919424,-2.902651478458866,-3.604482782728722,-5.247080294420202,-6.775787175792694,-7.681042265071798,-5.186958621366257,-0.1632860296557048,-5.8690967734582085,-1.0412110289736205,7.900392537586422,6.670547589824454
-3.2292258593122574,-1.7942474589848794,-4.602060146277669,-3.87099277546611,-5.1519644902492425,-3.3165557522816678,-5.979807925054194,-9.398141957457517,-3.451106379294604,-1.6281057359224538,-7.617999027358143,-1.99652213737994,2.796964447767833,0.2398446252153192
-6.265789545203536,-8.381716369991292,-3.506576535227809,-5.729000667515127,-5.646938557601594,0.1219881293993938,-4.627001394433269,-7.458148359466504,-0.4968383309924342,-3.2564532632575363,-6.090949272752642,-2.538546724235416,-3.256401668046143,-4.778937649397314
-6.0896859699871335,-9.678653874768315,-1.7216370399890168,-6.283178756278167,-4.301559342973544,1.7071358678656718,-3.43106303482372,-3.0847352828900343,1.5274067561984612,-3.98725841600198,-1.0506736560703205,-1.988511430441972,-5.487086358328018,-4.712886467324411
-3.1717856918104674,-5.416237756444258,0.5253387759423727,-4.30304552149368,-1.636779614200976,1.342068348468742,-2.8842258310112685,0.9392651622590488,1.3565225350871546,-3.0230653113448573,5.248975259047184,-0.3004825108666078,-2.2304919674046872,0.4728531581824358
2.449581619031973,-0.6398183099798435,2.79906683919723,-0.3830046439887102,0.7865154456504344,0.2596642467233546,-2.7372354992424555,2.4255418980715597,-0.3059065429651335,-0.4729754364923269,9.842995324176588,1.926062689695244,4.098113540740077,7.382452784488751
12.173150865766392,6.79989076100541,4.61360759843468,3.68052011224266,1.5814727410811416,-2.3915583800633846,-2.2551531792887696,1.3030547908690036,-1.540738240570497,2.623310049462894,11.05457203313997,3.832147111736017,9.196137572635568,11.875064573022492
14.821403708461103,8.093946924694585,5.63575680993349,6.206880417878272,0.7163320680855061,-3.5056355878976966,-1.0062397536192478,-0.6558567855125572,-1.0424933773390863,4.89978973884642,9.27093633243908,4.7155879639075495,10.11796110625318,11.86320647564204
10.009145628226474,2.157398695338078,5.733854615560386,6.474085143492654,-0.4547838582878865,-2.906835073472817,0.6202830986177137,-1.529122664413793,0.6827015498009232,5.409821829055182,6.242826960045477,4.261610820646276,6.953849395634835,8.165600569289253
5.074387482690996,-2.305395319798234,4.883844600691839,4.668354388640078,-0.4554369424674871,-2.4455333448651637,1.6880814851378876,-0.8503116747036379,1.797480937917505,4.02274257357902,3.745950119091464,2.627680387466874,2.064720675576031,3.326042494242725
-2.5208311032013944,-7.391381154074781,3.140079718254261,1.4496071157829378,0.8755672404380492,-1.3791805722908688,1.4955365156926042,0.1904211594400418,0.7923973302568839,1.3711492730309385,2.633440300349598,0.4512274204942126,-1.925167792244805,-0.1426513354845573
-4.592811081647998,-8.094749278948791,0.7836602730716347,-2.2404497794845333,2.168440451112001,-0.7653414459130163,0.1173869955274268,0.003595930629465,-2.156962250280376,-1.4450106167274397,2.7271114612614,-1.3051320405069906,-3.6163046337958966,-0.8139068453094964
0.2956460852805136,-2.7024876748832405,-1.5388849797710538,-5.1469001646814085,1.8151731720335484,-0.8007545784239045,-1.7245070964203726,-1.8444609064842092,-5.2420799216905465,-3.226701828790368,3.314082025844549,-1.7797869811218738,-3.076174308647537,1.3720609990158523
2.86860192194987,0.7168385978250272,-2.9790719044227343,-5.966864124770269,-0.4217724402248544,-0.954429860079026,-3.2028957495993544,-4.112594461501093,-6.352160303683194,-3.1034333039088207,3.7483215739140654,-0.7676626779859754,-1.3083391291067894,5.078781059808213
5.171659955567105,3.618555816592268,-2.9622744666269334,-4.111057488314301,-3.039953930338645,-1.546656733823343,-3.7667075630112072,-4.798833558999485,-4.571802929567083,-0.9630346829141424,3.803671472472661,1.0225110722784727,0.3722026815163175,7.80859368587664
5.902795985166839,4.872280331366972,-1.5863598863699622,-0.3784031437250013,-4.051991586379227,-0.8379766084235565,-3.119937841158256,-2.6942037847328573,-0.7408339842006608,2.3826189874583115,3.695835212858964,2.363421386018481,0.8989779450146629,6.972578143524573
3.5566924660246984,3.0053471889818826,0.4667270274288957,3.2926275033259143,-2.693398853180838,1.308001689621027,-1.0720214696696346,1.6738685250039982,3.2131947007235304,5.563163943350589,3.85928024647289,2.4103771387141952,0.0315652828977923,1.761212109552047
2.8324177350818136,1.8448917401171576,2.461849286881601,5.087406994320689,-0.0072063188151076,4.2027995704377465,2.367869407845447,6.380243887250634,5.572376011964431,7.432143524112421,4.626987705075642,1.4444444998243675,-1.3283021387593146,-5.54325131384126
3.083695265748565,0.6945437250251691,4.072613030537821,4.622711797175917,2.14665647510378,8.326933622973348,6.679634005074908,9.363895310510518,5.819784484188311,7.716204238715801,5.991907630189456,0.7841182177314909,-1.6088442510789285,-10.457538127604906
2.417309363147586,-0.5605787245743029,5.3194395872393,3.1120596289867954,2.6310048093642675,9.674359302496814,10.727220556976912,9.637044643458118,4.717513522794786,7.001128620313222,7.607812052180593,1.800967596766474,0.1932311439152263,-9.373779152385024
1.5197459768027812,-1.322793693057046,6.096794805354783,2.194964547881036,1.714184217398392,7.919776614582794,13.189271270390918,7.668647551538765,3.545690147554253,6.07938234965459,9.044754436261568,4.725978804468294,3.4427588484702127,-2.5485363745503964
-0.7795157830186049,-2.3458246117751558,5.87660677520436,2.505268372670025,0.4748940669146186,6.206065388816503,13.333656747824044,4.868620357642617,3.1389688813963685,5.263618781372049,10.09339375367465,8.186910959910723,6.063371185067892,5.699038656879534
-4.770655322144138,-3.4306601592993653,4.021592742409871,3.296602151831475,-0.2586535075606764,3.568662729638242,11.53607575271355,2.678332104572836,3.434588270765107,4.289448772208647,10.82451545128944,9.92949068816471,6.076891451742138,10.064652414287025
-6.60986172196891,-3.6083957880738016,0.4971433675728205,3.3768581211839974,-0.3767841371556808,2.696570097101258,9.08968511546177,1.8679032236380464,3.800116095763476,2.843688732964594,11.334555054477896,8.309581751632283,3.2650459927676647,8.164086456023101
-6.364012975363053,-2.849901447927664,-3.698965240132248,2.325071624982647,-0.1311077897204271,4.183802303815631,7.428768052924092,2.3561689365061285,3.7689417565450656,1.137836539039139,11.479686440016302,3.5510258197694275,-0.506109560534949,2.025612251013439
-4.689174099916492,-2.0067856311530874,-6.874963782535939,0.7874621666043395,0.3873160181488715,4.0989683596889,7.345115417076212,3.5045796192073397,3.4944874748665624,-0.0945575241642928,11.007677573508923,-2.1363853857648643,-2.6290948660510285,-3.90412722653369
-0.6252718947853357,-0.8689314514180566,-7.577980203187026,-0.3003508992724607,1.2598284424229995,3.086718608554102,8.7055999197419,4.602649786709981,3.5295296963429474,-0.2195650955730201,10.084669476684354,-5.760113511842273,-1.6639110933382175,-6.281728319141434
0.8585305071203942,-0.9104450002273274,-5.4627658372726975,-0.6200947012881904,2.3098535181827726,1.8726261940541309,10.704319327686571,5.214170289537387,4.192639024650482,0.6462157714092718,9.632279504138635,-5.370807055126819,1.7028351863506814,-4.915174753299535
-0.3889459291823032,-2.4009583192844683,-1.522426986823048,-0.5753842802377767,2.8796239965239203,-0.1773152573466878,12.301781131414067,5.199119761692626,5.182764660104706,1.6080655488204754,10.842521738682402,-1.342694119838039,5.282684268666604,-2.0331489193511723
-1.932876177379016,-3.394705886226512,2.403824476894701,-0.6609944634922846,2.2272850411063194,-0.8516810679697611,12.54252514624179,4.501350656114318,5.839627698929195,1.6655141751759466,13.987697317642205,3.7799736239921793,6.949199103477237,0.0012709188030042
-4.959719211886473,-4.249355636079332,4.507732134360509,-0.9504546870203638,0.2178006321727377,-0.0510926768810846,10.75037070773741,3.0099887943544648,5.769687709210201,0.4918594596757195,17.552599723115954,6.84266104931724,5.913477784082281,0.3484773936985599
-6.114406009339188,-4.07720497231777,3.830598818067812,-1.2742472262585731,-2.4058575541843243,-0.6997826812488033,6.758423836294101,0.7252581512118237,5.16187474865842,-1.376166385941521,18.75260032145624,6.03724610951965,2.917296905971392,-0.3418117198932697
-5.051683580619231,-2.4570289235672904,0.6970253474127172,-1.7353614904401116,-4.48826059746923,-2.4504068893694035,1.157399826125882,-1.9118889931191472,4.4411604808116,-3.0656993654116103,15.376997334139023,1.9190221286837563,-0.5518906379465461,-1.0326364651423563
-4.985919557097263,-1.8926100547186209,-3.409937113211904,-2.7778170551154515,-5.249319986612046,-5.511872350528887,-4.702046049177306,-3.977178149322242,3.6414803900383736,-4.064729116392634,7.577272691496997,-3.205731537398661,-3.306115213822549,-1.2471397531780402
-5.163754856403036,-2.168671113679711,-6.529121971050216,-4.582951606230725,-4.694407077146568,-10.523944635527377,-9.16834033214682,-4.589704141378748,2.249474015382938,-4.445920460664526,-1.9500761948855976,-7.006148651091461,-5.0472248734492124,-1.2692443798976087
-4.22000159170983,-0.7025359620652376,-7.191713206176163,-6.446252583019353,-3.3724926558706207,-11.497312429518512,-11.050989676320976,-3.68922959960572,-0.1766199418198448,-4.526593500423126,-9.646150168552447,-8.6189367193067,-6.229657020683387,-1.7974530530755146
-2.470978661509601,2.2108896953241737,-5.1660862918418005,-6.94711962746779,-1.846122402682588,-8.223036167784748,-10.198347152079204,-2.3003142872994005,-3.1708745370264757,-4.45823342767188,-13.303759399756052,-8.794524329074346,-7.420769695353638,-3.412941700511454
1.219884644723968,6.851077620714508,-1.496488804357197,-4.96038277812402,-0.4023275973081195,-4.275957707597194,-7.483394285429213,-1.8222437743128768,-5.256169186996135,-4.210046440293256,-13.089965771169332,-8.729171417026581,-8.655900608970885,-6.016560023849691
7.207081354668951,13.813551308814388,2.2050150294455344,-0.6767293291415802,0.8660607406569958,1.747106965856453,-4.231290544729901,-2.800009892474499,-4.948441395814803,-3.856098216803598,-10.801214100554812,-8.720161853314734,-9.254624309280896,-8.448392342811392
9.29652975017568,15.480025713774394,4.700292577915977,4.297055232439836,1.9110447467316685,3.802044545868324,-1.5207222291150928,-4.298301750412566,-2.157834018593658,-3.692304586463381,-8.294907549884547,-7.888961952638464,-8.276275821158562,-8.770199622144707
7.357367839726049,11.47087806074148,5.618135731756681,7.911675548346647,2.765088383540938,1.0730340192016965,0.1835432690617229,-4.624443582307185,1.2919633673648834,-3.9698466600041264,-6.499425692865554,-5.219967608183661,-5.36032235171696,-5.494949320985037
4.9185762838434215,7.350327909221787,5.239897427142222,8.9706828354876,3.6183737995737024,0.0014072806880123,0.9332758946937952,-2.910399918063045,2.7163494126169017,-4.586534308659415,-5.53526478857873,-0.9185774067493084,-1.3410483184346411,0.8558755881897078
0.5461718471081245,1.3632687853858794,3.958594274496102,7.7647282978673955,4.640110194919247,-0.8473596472232144,0.9636723457525228,-0.1110121548634343,0.5477767707677998,-5.184280904349194,-5.330616613698146,3.2702153385755253,1.9635668660664043,7.2739282414167326
-1.046433439842313,-0.5298602990929122,2.028275308449494,5.636306942412611,5.607832381550395,-0.4446142875755611,0.4651539315588855,1.6517094554208809,-4.322853327295634,-5.5780607660311246,-5.856434670144035,5.241462154751823,2.8509201141417,9.81803274179465
0.7927612781928047,2.828073348489904,-0.1970961713197305,3.921916058856573,5.841680779331661,2.26815006264583,-0.3808763280546348,0.9546166286037754,-9.02461462442244,-5.951850259739754,-6.83951454968143,4.260404756607565,0.9944267051210456,6.460045071828537
0.9929025469612784,3.819860853297509,-1.952123512256342,3.142298782244357,4.780873439902431,3.4771819970749887,-1.246794225413062,-1.553580811079644,-10.74100419910033,-6.496448539050479,-7.576566018771437,1.6732019660419812,-2.214558306085167,-0.9973201693105692
0.6611559111829551,3.913973926668619,-2.238948535974996,3.004965757246612,2.787650864728199,3.616418659446682,-1.6798399273309714,-3.6609045311506665,-8.736206058022454,-6.911289226166824,-7.374784179994513,-0.1463032213716619,-4.709847609756808,-7.794219364458717
1.4513937545817093,4.211677174349036,-0.5272556511129776,3.033302008530146,1.2501695324314643,4.09356585368459,-1.4284131402121971,-3.620795520576164,-4.777464640325162,-6.491756536559908,-6.310914415840798,0.249186140370853,-5.401052637832329,-9.532475647472731
2.771728460859876,3.578650963209078,2.640363726872996,3.1162792564181734,1.5522756453769524,4.279045720495363,-0.8177698995085176,-1.7907853094408104,-1.6571716367296152,-4.8831483527117365,-5.417077556767564,2.281437977192854,-4.93277588784683,-5.391325088548664
5.812911802046902,4.579422959164436,5.800998175631938,3.445859239690257,3.675669676882817,4.001044450927025,-0.692271577762404,-0.2258306381462702,-1.044676388477091,-2.6820984055971357,-5.819957492480979,4.120632851688277,-4.75128600893671,1.4076868262289834
10.875166917240255,7.207737759301659,7.481455104410742,4.004739573270326,5.845818816891408,3.2979620406590104,-1.7170369736266928,-0.5287084305780545,-2.3683604748966305,-1.047980687923758,-7.463410993261105,4.59176555626665,-5.329602491379169,6.272764475859553
11.803256161510218,7.099650964791198,7.144487721503031,4.282658027481733,5.847052643381424,2.3165009485510963,-3.5077838376063646,-2.049655270940284,-3.503519330838121,-0.5424500433922743,-8.698296569107466,4.363202448048568,-5.384724592938187,6.775455424545992
8.441898270863785,4.47018262405528,5.409819279757464,3.662708705779898,3.0054017217989166,1.0164673923852077,-4.486460450326975,-2.3106293728642164,-2.5720665737484376,-0.4155320512920699,-7.420646329684123,5.227993889366945,-3.0621519412563662,4.113245859161626
4.290597016326615,1.6424611102631976,3.4533282417879136,2.138080663673009,-1.004077816675567,1.1619463057839188,-2.9382402041395626,0.5953697044210422,0.6164135272543634,0.7275714955787409,-3.0026783508608257,8.127030545598704,1.9383788751348048,1.489447269884009
-2.093183566016069,-2.247159101801515,2.177033324196899,0.5248858663146083,-3.433181154392861,2.9545447156837565,1.3596910930448107,5.865678692059928,4.495767697539748,3.374745419097798,2.67264668923462,11.82042180014196,7.441332599551601,1.1024830330524775
-4.590024542653071,-4.596515082998541,1.8054278749752009,-0.2506095826008585,-2.786283168327606,3.750543403382383,6.364847097736474,10.209308432400384,6.91383577816094,6.2512215841071965,6.195380748025578,13.551387935297642,10.195314468882472,2.46690169657568
-2.417479078357528,-4.968252447777,2.0380772199903654,-0.2188093058092171,-0.0980594602077781,3.886195801205729,8.82544622287762,10.3566374911684,6.558670685049392,7.221239677054534,5.059728548168016,11.202647846163089,8.46900596223519,3.342531830866686
-0.2772877402745236,-5.964610682522976,2.3968104849117955,-0.6705953938855096,2.027263175050077,2.411928329096318,6.606222793021388,5.669082163255293,3.6610596746131847,5.276576897574065,-0.362938850321381,5.07253698640669,3.5077185112632474,2.116785040646864
3.444428539847963,-6.913212956261689,2.416114840073052,-3.155243539871349,1.7401860180880118,-1.3111353496838505,0.4401906793522694,-1.3982794280657012,-0.3524686608158158,1.726032603567281,-6.949494353799678,-2.2461576877691725,-1.451839700064017,-0.6754752636833006
4.469338573866852,-6.937181732873101,1.6908374176776109,-7.88240040104359,-0.4981368404671649,-2.6023988850143103,-6.4753899371717685,-7.262305827590145,-3.875043186478434,-0.6961781755854162,-11.003813925712072,-7.730872481114771,-3.685414829673812,-2.9850963423156385
1.9935632463545216,-6.273202531310176,0.004802484446988,-12.9758900000729,-2.520710279976834,-1.5955650496945513,-10.850377081728569,-9.807527611901993,-6.078480744998535,-0.1483348292490216,-10.779546883048324,-9.953417038533562,-2.8222158615114226,-3.2551392456327406
-0.9430088366614076,-5.141694783024635,-2.4246525554566394,-15.451300476041457,-2.5844081987147467,-0.382448826038619,-11.697340031207249,-9.4779484578047,-7.197354480400808,2.658297152515102,-7.4166838324218975,-9.684096580103969,-0.618810193977365,-1.859445490914676
-5.612796791566325,-3.4232361426579274,-4.852289258313917,-13.323976308771412,-0.9900702243473944,2.030001968514162,-10.715970895510244,-8.238612312934363,-7.971739723657995,5.048818532202141,-3.7111810916484536,-8.780241320196886,0.8635627213830046,-0.706566284675235
-8.020269607752956,-2.708021742888579,-6.320492869560047,-7.190413251630348,0.3128083103508521,2.2548171789744518,-10.386041029864645,-7.6016536393759075,-8.680058832448594,4.794870868119322,-1.8664131687748453,-8.442064817091094,0.996837205138454,-1.468658123914902
-7.663437971914094,-3.164389333007412,-6.273139469409244,0.0420920578246839,-0.2897763788558054,-0.0836556006817082,-11.543805591441435,-7.481529061747567,-8.587345660440253,2.20713250655818,-2.056399181909423,-8.308902175590267,0.8837772714559193,-4.061516125075279
-6.837520480182174,-2.892426568637721,-5.00314742981233,5.11324601110635,-2.4417827707415767,-0.9157835893163,-12.674063338653362,-6.683071010154817,-6.428344826561375,-0.0246425555778877,-2.8069789260461446,-7.076286113709689,2.16696777179846,-6.669717005410508
-4.4293105764928224,-2.233511911163816,-3.5307817855128016,6.513548752160966,-4.133496705009264,-0.9420824560322052,-11.547287086220456,-4.363430511525998,-1.7007247666468648,0.8113779437031319,-2.650035051056092,-4.030512347681913,5.424834511689174,-7.210566409982362
-3.0905791163999337,-1.721318960758348,-2.9500807323971108,5.123840833477519,-3.6844677569279343,-0.9083404514915638,-7.63078537661802,-1.0851406472728495,4.32440738963396,4.949016216359706,-1.5260414495934187,-0.1117122466211473,9.448236393941846,-4.944602063924007
-3.080636053768312,-1.079849750773207,-3.705608367808906,3.0650273286558507,-1.4636685078305365,-0.1656397482919023,-2.954034042817,1.44967833054607,8.980768100009671,9.744529458020205,-0.7406528829489396,2.538063563163889,11.99379945238906,-0.9354604740015952
-2.9192660896321936,-1.3998134828343252,-5.299402535817744,1.9124642521301836,0.3876296174783712,-1.1665969621776042,-0.5269666212530755,1.7484160341505146,9.985815859664743,11.790927062071685,-1.583472161793777,2.3102218419696063,11.500212907102831,2.886886275115345
-3.295239932571521,-2.801592269862636,-6.592689630176335,1.7976121522882265,0.0387238009919805,-4.035157312149471,-1.6805927674668375,-0.1561887245348883,7.280908958136001,9.732359130408652,-3.8863185523729022,-0.3096665552651245,8.441812909964291,5.1658956501970765
-3.29319624151812,-2.7270816683443893,-6.477024424879451,1.9299487092646677,-2.155181742772688,-5.315777821453438,-4.725131779254971,-2.516066427719392,3.2858223341657107,5.339148909732099,-5.861663985273829,-2.866521269121973,5.12834068698722,5.882375487362238
-2.808123549880574,-1.2751348712039745,-4.520890276042792,1.734510078922617,-3.8959777773610185,-5.382150486970547,-6.171285738043429,-3.033646952515274,1.1417357407942763,1.9329305503628804,-5.459966034385461,-2.887970736984718,3.916668978060927,5.959788065503586
-1.533629643911604,1.63468555911018,-1.2705163286040846,1.394407036962332,-3.182450924392452,-4.978555273049949,-3.516127216105672,-0.567766794256146,2.2807264859673007,1.55341091011001,-2.149212868591823,-0.0876301796384613,5.19324380498292,6.214650462414493
0.8470052347548599,6.6668929221087625,1.94114302550618,1.39170923035751,-0.4046171376356384,-3.4303390015394863,2.727514519144629,3.896530742604536,5.343071862682519,3.304167346134925,2.406679746939845,3.2070868950520657,6.875244073140901,6.599285356862126
1.8379985428757533,8.290577556600434,3.636710072828397,1.7346567243545084,1.8313105892268624,-2.3098152076771927,9.386820457207325,7.817498615147956,7.370829349134377,4.238148262231807,5.415987139043558,3.984609295276413,6.029161941047418,6.321079636801168
1.453937088236603,6.333462943917819,3.0348539748810053,1.8098916752723928,1.1276256137235228,-1.6201831371395623,13.007502033737296,8.901427615471807,6.266079618957072,1.9669630943110068,4.981394606079407,1.2588394266796596,1.377907710324788,4.661145549535284
0.1553134311950733,3.0673091753007755,0.6361192918637557,1.0436704674443886,-2.2737115085450794,-0.0165259510371791,12.335064527127363,6.863819118086464,2.455448324313921,-3.2163382593034973,1.5038795828530809,-2.872181240787669,-5.403963732190874,1.7853820574731634
-2.6882393806442866,-2.894457773904574,-1.902390307812102,-0.3484037440015375,-5.413045384972382,2.2273959818328084,9.042341734915942,3.763268942122094,-1.5576079793668385,-8.430908916952031,-2.5911210391806545,-4.868509041012068,-10.75684714991667,-1.1205037648362164
-3.3967173840054987,-4.59182846534566,-2.7003233257811403,-1.3497001663338102,-5.089922853940084,3.276014795035989,6.2999931732541015,2.49294384353798,-3.2568597137853974,-10.411118525861776,-4.539439294610908,-2.719723566994673,-11.838765924972908,-2.552771096673739
-1.820903786440744,-1.4693688415725992,-0.9068625301097089,-0.9621788648946804,-0.7110254104078959,3.161676851181356,6.3837426905582175,4.458572724744158,-2.026414921834866,-8.054852792327022,-3.049997266207756,2.3445868451076164,-8.57183418910892,-1.7695953441846464
-0.4440529814634565,1.231510326781835,2.586199722998282,0.8510062946229706,5.033960441360926,2.742777147105793,9.08473926411704,8.280465053906449,0.5669891776776472,-3.325653230877448,1.0029412238972988,6.867033866558746,-3.5646127786927244,0.5434176840377729
1.5674438184012214,5.178223979660543,5.582432780999873,2.9342299793918647,8.24828689190285,1.5982177944446447,11.970412658144134,10.714733281138193,2.161371623915527,0.1835021883625762,5.329199374447045,7.947159338056578,-0.1164509096003909,2.6054671985411746
0.8282600546208171,5.182737852756491,5.986594352500281,3.649831821076544,6.8271138690990885,0.6607706889246815,12.18166482102765,9.212422623263611,1.4034355561700411,-0.0822437998246994,7.732598948915374,5.371551687242185,0.0181959391546664,2.74653671824269
-3.2248999152922906,0.2161218519648258,3.238996934949561,2.007326870823557,1.876523975238236,0.0287512496769031,8.436720423871849,4.043912591092251,-1.22141377449064,-3.798559068109199,7.319506288053593,1.3883727158979973,-2.574022512089236,0.6294466109890466
-7.089767498975471,-3.62779360701283,-1.2517439117669098,-1.6223106877039404,-3.4289443474363823,-1.0033619646283376,1.8893138748266087,-1.8618306145678456,-3.988471717673156,-8.171671762013043,4.710495014009773,-1.4371813043222197,-5.973670533602017,-2.5009244653002964
-11.639150125855114,-7.688358105873575,-5.013780154632302,-5.724015747949929,-6.340466586816204,-2.209625212884539,-4.632780997448955,-5.286067293842451,-5.314708926661907,-10.2473975127267,1.3040159426547486,-2.2899213962262186,-8.664051447071438,-4.806217477736123
-11.804081165759222,-9.384879597546211,-6.124732769443599,-8.623257468717505,-6.263325670382791,-2.050741889597133,-8.380150288101596,-5.240469456747935,-4.838428364942444,-9.22499609113132,-1.7521657945530429,-2.3955953954748868,-10.498463649154225,-5.292983344594896
-6.603295946931313,-7.552175562984464,-4.400093005678986,-9.51915558349852,-4.559123897198887,-0.4329490959064209,-8.23018598399101,-3.42889235606326,-3.498493915336244,-6.863402799037487,-4.1156183593804005,-3.531702302005119,-12.233332444578412,-4.478430888969449
-1.5565237154923146,-7.260024811796872,-1.3511630699705046,-8.816898646642358,-2.997749142469272,0.5013125241685722,-5.105634842489092,-2.3443635703062946,-2.684578115122536,-5.673538936859482,-5.995266693138328,-6.235901102374578,-14.247426041371517,-3.7259890671030007
4.710618552345282,-7.702843686821101,0.9931852822563844,-7.559881797407837,-2.3686860488557984,1.027522990431364,-1.1535005614226348,-2.8763685047096748,-3.117784403207657,-6.504843683971137,-7.423704873009656,-9.246196241923778,-15.71732287050169,-3.899563258738037
8.01104562338898,-6.299189531318638,1.5033400843250888,-6.478740963961464,-2.2766145585533963,1.227802812310664,1.656946010569179,-3.673009542859768,-4.247761431322432,-7.679430384874941,-7.794064661852227,-10.500988276686469,-15.036863968986925,-4.60057006513632
7.193185199384607,-3.693567773408932,0.5837795117918718,-5.460299022891256,-1.940114651755311,0.6705741987706899,2.5919491935455,-2.730810440416698,-4.607142810684378,-6.46997109341666,-6.170092529901865,-8.736726374025402,-11.126639810206417,-4.660117563545336
7.942467248448237,0.5420568917396924,-0.3562036961307568,-3.834111029441302,-1.042377782096266,1.638682367172878,2.2692156580057774,0.4525537269208133,-2.9288654020905875,-1.626507557464678,-2.156588729387506,-4.393307115266412,-4.488913421487467,-3.329420451552447
9.075080401814615,6.845919444343154,-0.0811445993068178,-1.1485611314073043,0.0989854458446357,4.15668716680714,1.8991996259239248,4.265865339348748,0.7562173451213319,5.289082428402027,3.4696422952592165,0.7523098840792808,2.9117414194621904,-0.9590143836398726
9.281606958550432,8.499270010157119,1.602087681932068,2.275045328511445,0.9941864741783508,4.511299743160755,2.2840265080031887,6.425399909645009,4.9314154736649725,10.954421337784844,9.036529026335092,4.799350419349632,8.86469480275155,1.4673919399316548
9.295229200094834,5.150994909963009,3.888455874892393,5.446528683603368,1.4753948394856335,2.955335987650261,3.300742526251839,6.010237349372567,7.595196988826977,12.823796864640656,13.026128018035978,6.849497327536401,12.252103908317892,3.364097233449857
8.540695589944683,2.7485944272635323,5.707633963188844,7.302261983518031,1.7353042657539397,0.717261269995427,4.157659608289457,4.169853422859881,7.750420532905635,10.993477470469983,15.01538216866345,7.322068999981363,13.475386605523852,4.97827908331263
6.954897271578858,-0.1620304638243226,6.392742452396293,7.286665105472546,1.958904458762992,-2.973609433047949,4.10139311102383,2.9393495999577546,6.155040139520099,7.888938873028894,15.67905199094174,7.362863888000727,13.715242608271408,6.742093449226071
4.825503736050533,-1.6426732732229743,5.770038160990183,5.557423531244078,2.00652530955689,-4.090417479953276,2.9757788058905854,3.3666999156255395,4.646865063060842,6.182288819863318,15.887674868701824,7.838470767914726,13.722091566420842,8.296743463343397
2.018365131895068,-0.669629300180558,3.864478240231821,2.809287538330209,1.5350041894246012,-2.3017160874956977,1.281616083974895,4.685841179935253,4.599208772439074,6.792616765214246,15.790838209072014,8.649621378521065,13.189065515573478,8.402595118667561
-2.6052393332741874,-3.0393994295427755,0.8014189093322519,-0.0831466175134818,0.4891716203754952,-1.3138926296432702,-0.1590356426310799,5.195646787892983,5.8778360695012495,8.570243230593121,14.780524854445993,8.867544913869239,11.241513766383484,6.052915673438278
-9.161173958671055,-8.287539004059424,-2.890363831775232,-2.4111213854248503,-0.5216071155770952,-0.2243856848207287,-0.6303285094618599,3.929203943913187,7.203750677226961,9.665564781954666,12.341500406933434,7.593604749584798,7.590669977298758,1.739135663614193
-10.921615877875906,-9.143060925743386,-6.050896656836587,-3.8350523597399615,-0.4446245240262564,-0.0546522630808368,0.1306079327598322,1.5588739899129167,7.478147578533151,9.147558580842254,8.886325529374536,4.838632640845526,3.252856630782736,-2.5376811112939937
-7.58599170748343,-6.172856302245175,-7.334835665122049,-4.356800029747899,1.4024703197130912,-1.4203396203953365,1.710979035705847,-0.235464324196073,6.728222070826564,7.435200772346242,5.665422085485382,1.6300530539603684,0.0440266830627473,-4.751833421130452
-4.272133453287213,-1.0124861984345048,-6.21191295640951,-4.0889843181238135,4.533923860589643,-1.8832195222639556,3.0670989934296577,-0.2971425826129035,5.795240657469083,5.408826719687632,3.76599380352798,-0.8048481879565101,-0.8416756118681037,-4.520408344276518
0.5480082949385665,7.908970231596679,-3.5905693844119044,-3.03532084003934,7.292921885540879,-1.7886867165621578,3.0484188594452104,0.9797035441904152,5.212366279714261,3.342658123678949,3.149091048362936,-2.0429169747710194,0.0896689936125842,-3.3344975767078946
2.2709640794733064,11.240313358405574,-1.2489166747470766,-1.143708252102687,7.882078258635158,-1.5942084163941153,1.2783893305772995,2.0164000782726794,4.526301477146765,0.8219891610718344,2.674541678870748,-2.660116895674194,0.9900180784252042,-3.083883945759294
-0.1285415037090217,8.429721268112795,-0.3779214402969071,1.3680895071546242,5.760245687627081,-0.887685171009676,-1.2866094728349995,1.4346521492517716,2.791836849072196,-2.3606584442848657,1.1169690328006254,-3.381401205113509,0.2775823087120943,-4.270319396620645
0.7095383331092756,6.810641669416502,-0.5757235718331888,3.77977766941348,2.25442687814257,-0.1686026703793964,-2.8496156717919696,-0.7874429847386473,-0.2881419443515463,-5.436178858409576,-1.7597031389905338,-4.067952646022175,-1.935628425189512,-5.591890140751231
3.735969161939078,4.270244356218523,-0.3715201163318644,5.122913838567154,-0.2755757579029994,0.6023447356722867,-2.2095021151234286,-3.364655932624018,-3.774606097875525,-7.007500347795023,-5.012692787410822,-3.719888258218,-3.960882364287402,-5.229162957709887
4.281054275491183,3.126869596067673,1.1108637028494002,4.848327388994739,-0.1996733342383914,0.7832757361307477,0.0227177938780638,-4.836579112064706,-6.095260707128811,-6.30477362454903,-7.294915461859103,-1.6902759427661636,-4.128611101547966,-2.576502351071849
3.284785072215429,4.447505673196487,2.983682160025328,3.3137270931991853,2.083958899001482,0.2092711216604341,1.6799425375866015,-4.750213025256553,-6.320078191414611,-4.110457446061339,-7.834012750285503,1.0622208170834808,-2.3685106002953784,1.1214227259209917
0.0287999383210604,3.060222366903504,3.212058592371178,1.5466308149149768,4.432339752027723,-0.5430787103345808,0.7808109783893191,-3.917462406509224,-4.982613081888314,-2.3514476312946218,-6.829777054634288,2.160658617405062,-0.2889586732150322,3.648754515338201
-6.383949312908797,-0.4051462987090917,0.5869430600981085,0.4260624005499069,4.655027863163127,-1.6868740862081255,-2.704233532029721,-3.645640454936194,-3.7487828175780606,-2.6266095849665483,-5.149043946122698,-0.3365659206543876,0.2776914844943858,3.357518901872613
-6.432329045744759,-1.4010490524834642,-3.799014164407014,0.0710088577601766,2.24980158955943,-1.5363583998311698,-6.697991538424652,-4.680247886307536,-4.203545379416628,-4.966515125370171,-3.7694034070070552,-5.898398661937993,-1.1379265643650829,0.2115945468006081
0.1936391409067185,-0.5030471185944103,-7.075984307113025,0.0716539968422442,-1.26108084981326,0.1147306975530724,-8.672915453377174,-6.706895856029615,-6.674114509057501,-7.895719785542072,-3.3944350531355294,-11.260461256304955,-3.3477823444356627,-4.193010598620086
6.827210529448363,1.5530245423068625,-6.77767466277481,0.3005970507810058,-3.645974903796348,1.9231344573852471,-7.634662646934141,-8.674501317841468,-9.917716638126432,-9.652228643161887,-4.2679965654799865,-12.519793071827928,-4.627517009062135,-7.451579774563678
15.590613431044885,5.66879503649946,-2.7731649766917346,1.3383276733258676,-3.7728318364575655,4.331676468609175,-4.679162804623589,-9.53557539310652,-11.873168207214492,-9.43007742605304,-6.037018605356613,-8.071708609152836,-4.111247351424942,-7.552399941376162
17.4352344547323,6.987833307633542,2.721985350591452,3.8790282836992263,-2.3620108719521715,5.3098871718530125,-1.7760265963072248,-8.805566351449599,-10.97945430378321,-7.638809253719376,-7.718122543142348,0.0275317067441172,-2.2601230261636456,-3.952705285138832
10.782730686038857,5.291437678296569,6.953999664883342,7.624470076608435,-1.1081540710572035,4.533711964659164,-0.0753866212790459,-6.647250542967451,-7.199675141082677,-5.177362433851741,-8.018222644758495,7.497840602108791,-0.1997163577540894,2.0285814628942704
5.934125415264326,4.236098785245911,8.580698102831263,10.916521737267631,-1.0647743571363009,3.5354072412753084,0.6818068315874681,-3.617612016866196,-2.0523725213789645,-2.5685724583076173,-6.049191027074173,10.974389452017798,1.30137376486305,7.897866682971181
0.6068935010638988,2.7515545761346627,8.148672605927992,11.782450977698035,-1.8092921091875505,1.7382165640725364,1.3196290407851547,-0.3940546557204896,2.395117787166684,0.2461164862583986,-2.0241371972125286,10.306080794285611,2.3123027173030666,11.496218636786482
-1.5896809479816238,1.8636113081843209,6.998847361388578,9.615035546792376,-2.104846989151475,0.5637816872152543,2.048270315430031,2.3491430151233645,4.862580426686721,3.410764707894677,2.6442000948100883,8.191708163506426,3.402405482502134,12.28929142620108
1.2333700765700517,2.0838972152998463,5.909191809310093,5.882265858415067,-1.3073717733391803,0.2447432246835083,2.230350746638193,3.999152368084725,5.528791042968832,6.58601284094617,6.039997594950968,7.60693580376473,4.904805910963018,11.366881487906996
0.8602509018886805,0.5864329907562871,4.7777727649394,3.0460598729438533,-0.0567140661014402,0.0779299756820676,1.244395364681015,4.168919788459768,5.552476835275955,8.923641248908435,6.820542869893755,9.305767412467588,6.453432868674172,10.136394194083367
-1.5691041941826982,-2.3891171474657398,3.393019064223096,2.5900001399727284,0.4445221782292285,0.4962204701321441,-0.5943903298698996,2.964031099735573,5.901800496592406,9.619592418605093,4.957520856702157,11.473127947784617,7.191691487234138,8.945109011691262
-2.3238123069431595,-3.1481630779476046,2.2014327194645515,3.967411863886923,-0.2265974283594927,0.6195605127471546,-2.1253847619712687,1.1027606386596824,6.517738712765477,8.519127309446635,1.6719763037997524,11.60566591475708,6.493793554004883,6.984909083413695
-2.58927831615918,-1.943544341829724,2.1025638275151826,5.3904933507045465,-1.2127745194004544,0.4175461314870564,-2.4061657396107283,-0.3701810626868327,6.488720381614957,6.212608719488813,-1.3623533610317118,8.772422330216283,4.587787496657737,3.553289070430454
-0.9863943057255424,1.0197177518121123,3.46009052293588,5.576223314257011,-1.2992318806892231,-0.3304498267317623,-1.6481574717564538,-0.712139016355842,4.982299084388506,3.5425338511301936,-3.020495445415241,4.274787876125457,2.486191068367761,-0.6857788260213127
3.050546003561493,6.624544291503441,5.449519807672625,4.706111835201299,-0.2901344167821815,-1.891627178673944,-1.0171606410078384,0.0039269046281584,2.0453305048942134,0.9921276690231576,-3.297983740676578,0.3658376757154671,1.2062316595954758,-3.853268031038628
4.160979155659743,8.119548376105858,6.569122767215801,3.807056649740962,0.6898380744831532,-2.166220493583073,-1.4424786177818731,0.9709483649823064,-1.3841140650184771,-1.459290845522926,-3.090123841492052,-1.57188865774925,0.9574633547423504,-4.394568624338474
2.448411064390699,5.244171341417317,5.925259640740384,3.431777424019045,0.398224787741211,-1.1538271092559416,-2.614468576382623,1.3302409173284415,-4.127814685950539,-3.877331596749312,-3.3427093676705524,-1.761254424644672,1.0874607417676474,-2.525527148903912
1.2518852532018403,2.131243487001667,4.038351396680186,3.116320157620008,-1.0405519330456618,0.4357363358635739,-3.2030499968941424,0.8869339575046054,-5.435847111688266,-5.79812280143343,-4.223384063144262,-1.3380594976310092,0.8603705385802107,-0.1481597975892938
-0.5047503331234365,-2.797181145525415,2.326627661118159,2.06512130738707,-2.012908691224308,3.1068243687825894,-2.129380690579209,0.2076317088961414,-5.206842590185717,-6.236413485247054,-5.014950175390256,-1.2452597651414958,0.239233162808294,0.7031066080306623
-1.723380825547406,-4.947563667791871,1.7219377656987334,0.1230103358415453,-0.9521533556974906,4.026543212111579,0.3331334628565209,0.0090292776527232,-3.838360232432862,-4.482701518024433,-4.879590572296223,-1.8273150253975423,-0.2322647905878918,-0.5757540319418517
-1.962591495048243,-3.59879269827602,1.7456444494240713,-2.105728681624329,1.9406749752485013,2.991696753964663,2.7041018868791973,0.4302301889727685,-2.035728446919704,-1.072078841057115,-3.839302017567943,-3.1999304566276727,-0.3673192429204341,-2.956736506273991
-4.269957437169131,-4.320982234594147,0.9479908588074336,-4.02566802798286,4.592547024677264,2.127928215872975,3.55335556099548,0.9041631790702525,-0.6740578520567062,2.0747601114389878,-3.0010856586713928,-5.570352646799334,-0.964780313876182,-4.92012794563724
-8.44864004559941,-6.0592152881180725,-1.6848551129592857,-5.699738207213263,4.832392567249372,0.766050443008697,2.6757985001339266,0.7548921796732222,-0.5125916084323796,2.786646499512839,-3.646041756782532,-8.900734523859985,-3.14796393325615,-5.710273979998124
-10.919664802959296,-6.828371345353218,-5.6539827858018326,-7.592435440453907,2.412330917268838,-0.2951045902455007,1.1165450057017927,-0.0720424659657712,-1.6939430682383692,0.3596087561143815,-5.887769793696337,-12.301330376975589,-6.832971882074288,-5.6060500547041245
-12.037636214399006,-7.353022272816722,-9.171227515188924,-9.751281829918264,-0.6800328105213478,-0.7675750769883937,0.1221648608294208,-0.8783813263103326,-3.4056388121919365,-3.5701068652711427,-8.173759972253265,-14.099960772031118,-9.976566302627148,-5.248417796455783
-10.942958804820028,-5.37119615066534,-10.479257781421486,-11.442024175388646,-1.9708137214604369,-1.940859157424722,0.0846226329611563,-0.8347275572404436,-4.224920732155347,-5.9559649374206565,-8.30551054544892,-12.93961906319055,-9.814304711175232,-4.938429252343928
-6.735596192926263,-0.4574921104893423,-9.154346986168008,-11.711698859234424,-0.6950594520723001,-3.5899749042631903,0.43011914235265,0.2158846968915284,-3.1507350072580813,-4.5837923806133976,-5.300741610468355,-9.07878035718404,-5.35630843986181,-4.596567100244132
-4.041292873275852,1.577972607676121,-6.376446154236415,-10.295096190729907,1.5842858830735351,-4.622099935739603,0.3947929705746511,1.5232598354754747,-0.5557971724279263,0.0954775454561747,-0.5215326754497482,-4.588611469878948,1.1474259353558516,-4.19706520602516
-2.597856098753529,0.9814594550332858,-4.040532826132828,-7.932884792674546,2.436071306644601,-5.145195366216822,-0.2039882521040668,2.001799983541523,1.8712739693732177,5.117349082202517,3.056782543475917,-1.9947903187436864,5.464613745406857,-4.006568414111021
-2.22779239245362,-0.3890054369651634,-3.450751763861658,-5.844472886566026,0.674255145821784,-5.424564952485145,-0.9454343347334264,1.123973778265841,2.341922587711556,7.156185927242882,3.028035771115645,-2.3705323585196023,4.611727245271746,-4.313818555947291
-4.020503577129683,-3.813258996092134,-4.549767607871584,-4.93396490088503,-2.788243003094783,-5.231947424264424,-1.4148364646256093,-0.6317164792727143,0.4033558303084099,4.999329406882355,-0.5390682208898507,-4.526905659323862,-0.6844845492061404,-5.005926298099368
-4.1011708929631165,-4.852443605115352,-6.1610175607108335,-5.3871153688438085,-5.935657225576412,-4.655893315738145,-1.700448335787506,-2.154142168292183,-2.653665137023358,0.3457709899997017,-5.094339319730089,-6.054385146390752,-6.534754182250529,-5.517426147693479
-2.630385669996643,-3.2466524218287254,-6.9714208921558845,-6.746141666656236,-7.353287317203757,-3.654778724283684,-2.243002791819776,-2.562208764321202,-4.800637242922697,-3.663646032031881,-7.574524184392008,-5.31987380799273,-9.019727492965172,-5.230198332361793
-1.0686182658398116,-1.958501305029756,-6.481617676856327,-8.139026778651985,-7.04449080902396,-2.740588615133246,-3.2441014085024324,-1.81895479699614,-4.820059381919301,-4.867360500234398,-6.732308207157735,-2.6747108322683832,-7.164484019389838,-3.9113500074628966
1.3798987681942616,0.0425687636588224,-5.217314493655626,-8.527814211616016,-5.880932728824851,-1.95664210989124,-4.300660562113911,-0.6114008183860493,-3.0824964596707503,-3.432302170026729,-3.8869471747393183,0.1019645770726911,-3.2632789290345183,-1.801512717820175
1.4209785019207106,0.5251348023944071,-4.094053544108031,-7.158359439818641,-4.587315141298936,-1.503691025127463,-4.680617360889903,0.3188675978155713,-1.0076945005549574,-1.1987904459299594,-1.545443759145785,1.470857383320329,-0.5726007641898381,0.6069191433345242
-1.247995209478532,-0.972480609666271,-3.5231221722807438,-4.214449705861882,-3.379821012335224,-1.568922988598911,-3.993840743939936,0.7388126222304585,0.1479304711313105,0.1086280623333317,-1.2057752060835831,1.337607468784873,-0.671762823903868,2.785369035084528
-2.2624591229858013,-1.7027474902580522,-3.069928011614426,-1.1278068929268557,-2.370974443151673,-0.9642100707425684,-2.6193227333129743,0.904757330280527,0.0895782154684905,0.1138655022984487,-2.2839865731689457,0.8258640059537695,-2.723521716449935,4.225515280861404
-2.233943866216375,-2.2252020533363077,-1.9761838296321528,0.1019378179328561,-1.9017652070209272,0.2676333912111795,-1.4683500563352387,1.110967232858355,-0.6226876031184558,-0.4224294081191448,-2.955499084827763,1.0606041149986694,-4.797186195377086,4.498881975502363
-1.2675306290800292,-1.883962806059819,-0.0436458379073543,-1.5682938123398338,-2.1776982392205344,1.024010629774787,-1.2548423514415057,1.3721612327598838,-1.1975530263538152,-0.6823571783780586,-1.9221297638980823,2.206798976334415,-5.595466437540923,3.4882946327710984
1.488555557500975,-0.1805490108310894,1.9909763222760213,-5.026497416803616,-2.6507720257469227,1.4919502622766976,-1.874854043327514,1.569279555562517,-1.1066653315469357,-0.5165641061820843,0.5726124251383098,3.541541937873128,-5.039996435008773,1.6330703721143482
2.0127763636870437,0.7562203041467559,2.997951907785911,-7.3885820552703825,-2.139355566887244,2.4025220819446167,-2.424380996176426,1.7825051175991928,-0.2286597581871829,-0.2488540594239223,3.218384959448024,4.258637480589546,-3.701712299881485,-0.1791629628863775
0.3193537444339599,1.149913095777552,2.443323009732162,-5.997877753780639,0.0710811471820811,3.6261373232987135,-1.8851149922800936,2.286537039071064,1.158169637437171,-0.0617598492438307,4.875309855241987,4.133849941771967,-2.13686800900206,-1.1659910610415456
-0.1445626644373175,0.921872283733215,0.9047160878545766,-0.5675531561436165,3.1769680765068937,4.6285912208807,0.0267639617950976,3.114568346337101,2.416539978459263,0.2177147731284034,5.3396533559208645,3.5291600731507224,-0.8037453541605426,-1.2177169301025828
-0.1058479844749392,-0.3831950303401082,-0.3818313052894398,6.341159362380586,5.15411380923878,5.49482907355169,2.513207027642084,3.7178067088645017,2.7978428397028696,0.741095358804849,5.162758233078004,2.9303833072482504,-0.2063155326485106,-0.8933364486559876
0.2678022457256537,-1.784829002676309,-0.5512926712224488,11.019580954351463,4.4538274339847375,4.688537542554234,4.160009782187883,3.27446237812372,1.9806252168491745,1.2172917964517445,5.042554645044666,2.5384189602996567,-0.6619375426659939,-0.774347697607495
1.512957308542863,-3.4535756808492697,0.1942715646322752,11.185935079668326,1.582000582633711,1.9440974121016608,3.898839425337704,1.4987306592263323,0.5059894790675274,1.014837105648358,5.4706762645410265,2.1985096123229795,-1.8354515866443144,-0.818778699021733
0.7784585616181526,-4.8834685674321765,0.8104977482220703,7.409315056971249,-1.106826065251067,-0.4395863003999507,1.7359726498998862,-0.8789885018129096,-0.4736041367492998,-0.2757287944246491,6.712768114868815,1.5689388262310278,-2.783428479879248,-0.4608683934009265
-2.0036592419464574,-5.865389504817931,0.319682556042097,2.363348211713255,-1.4412288338450858,-2.8047653942709507,-1.3147985185302469,-2.601577008670933,-0.1453358999866507,-2.400753277591324,8.755284267093218,0.3119892975353746,-2.769376184086434,0.552734732038588
-4.094204434847069,-6.512184777831653,-1.3964694047558392,-1.30521070389192,0.5326198505042767,-4.425945839251778,-4.002010724950935,-3.0080564096773097,1.1384046932655298,-4.56226989377026,11.104211741595645,-1.7656117326452136,-2.062235426170705,1.5004130144712402
-6.025729810126497,-6.582005248021874,-3.543697730176195,-2.6845583318426653,2.515864651711741,-4.790483339885388,-5.629764029533607,-2.6929013859862128,2.083121768764717,-5.952501001657309,12.813858092544931,-4.552191742906539,-1.691774858101173,1.118094356536023
-5.205660620061376,-5.134594946386176,-5.0363328325416425,-2.629774055085017,2.0915165156984026,-4.308651417930507,-6.218276508731126,-2.945264384723074,1.683004711211368,-6.187026572498394,13.067535144230575,-7.435391242561903,-2.194321928518272,-1.028559916685003
-0.9050099402708254,-1.957297886071692,-5.183896905641512,-2.38558124137001,-0.9124005092822332,-2.542373919365088,-6.007841578525582,-4.407771771612744,0.3152416521428831,-5.297985573189866,11.98108708988034,-9.242541877320424,-2.6306126714564497,-3.5529809722090144
3.4549616662040954,1.316626529755656,-3.910786020730895,-2.1934923516991187,-4.079823976139686,-0.7570242068252621,-4.920165778673778,-6.247160810515876,-0.456850278820466,-3.428527127871226,10.83022634221462,-8.577164261976895,-1.102487729273484,-3.899972983951706
8.641194183264437,4.915437463825566,-1.5210056886938308,-1.129679801997007,-4.473057623103246,1.0754036052966776,-2.599222271584132,-6.724664398127921,0.7049933768607577,-0.6393510734987023,11.265189163661915,-4.609188726387295,3.475514339040776,-0.4407991838297054
10.344245363159102,6.320117058965696,1.5567598517375043,1.7533343476603314,-1.2358556548898771,2.2790855782528103,0.9888528984395352,-4.723459008726782,3.6126728318054497,2.940594891457974,14.006569884352835,2.064233189611476,9.983258713930796,5.744079447625406
7.63101345196381,4.952831189077574,4.738405861658827,6.06757281239867,3.6301334915142585,2.4653472265579444,5.05928826969104,-0.838537531803385,6.625672835934045,6.795445213855606,18.088296059374148,9.198464154420993,15.51936775862218,11.17965497587323
4.317208199198537,4.120866707462525,7.151084036507712,9.80595335831275,6.951804601137252,2.8516579240539968,8.244890663572068,2.992971513465501,8.026819770610738,9.933466022456582,21.33755026504693,13.805509370557306,17.42041524627335,12.457555657582692
-0.9111262776374436,3.1384120617738085,7.832804476237804,10.548633822969355,6.916593086123439,3.153220268286895,9.485438731263113,4.988696861543208,7.376661170702125,11.24716509441069,21.784207236255146,13.853758733285606,15.171061415461802,8.905437214609101
-3.890570547788332,1.632347919599526,6.359155476690183,7.301585349951569,4.197740385527163,2.467927658491756,8.805472765579093,4.798260361831449,5.633187412481587,10.141426245590685,18.94726481431514,9.631789146283769,10.6327753642037,3.1822748842756514
-3.9136878438843055,0.0750198174654598,3.395033397738401,1.4666433231433809,0.8987661196191485,0.8644033092918784,7.252427546610664,3.4954554004590865,4.1070488544762505,6.984401609421023,14.057122534387137,3.662922832002332,6.548851990536237,-0.7809262383807685
-2.9654932462225294,-2.3426647492738573,0.513963790894044,-3.981319912154464,-1.4098586779104902,-0.775856559901485,6.017916809170146,2.461230085326356,3.400531829104553,3.0392458796741093,9.09307195745986,-0.9200337498842583,4.682642687215663,-0.8219736641649913
0.2615445023478101,-5.570887857085041,-0.7940202508792069,-6.591998105826686,-2.660102655360296,-2.58933415383941,5.511832465676812,2.283272384474396,3.2820690382752247,-0.1132513670585098,5.384964994208514,-2.3888630930782,4.987619624884217,1.9051313509474763
2.223681124183962,-5.919615504189244,-0.1953604907968009,-6.14309710921461,-3.594453204225545,-2.4189067231501142,5.195354120598202,2.5966064279754626,3.331047311681439,-1.3390766652923316,2.8128457995013307,-1.326509829706744,6.108476324565329,4.051082469828296
2.777160024515702,-3.1860272040023525,1.272674570113304,-4.498968437052692,-4.447638228381262,0.1302451843238798,4.275617298785296,2.774361629392025,3.436288951567469,-0.4999793572947291,0.1639456976054782,0.179419660147472,6.4866692601838425,2.846342190517664
0.96169173511144,-1.0734863883626924,2.1029804127412963,-3.73388786433365,-4.489968554750891,2.220865188440203,2.591029547303507,2.637128731932847,3.619286040943417,1.4948207507297324,-3.672308125097064,0.3176677081461689,5.229483715588066,-1.6994171336447836
-4.338264940202661,1.19070440604837,1.6099678691913455,-4.200258060273316,-2.834304435587727,4.385391439173585,0.8760723032536086,2.5390843116238577,3.5987625850117464,3.199889544274748,-8.632882789168018,-1.086635624947875,2.4428076023832395,-6.779346127243262
-4.97503497114664,3.0630906934849715,0.5180000537273886,-4.306857749341853,0.460252830239237,5.331800383858935,0.1844897182419114,2.925392566249457,2.8551695374703607,3.500868357483258,-13.400241479272946,-2.5610473870186192,-0.8671400625460959,-8.809763978706025
-1.022396095785564,3.8980931358320894,0.3551838543316492,-2.1727797930535795,4.192780025871314,4.452412465075025,1.008954027453001,3.903452654719251,1.2805917820613255,2.346788361894045,-16.387968404857055,-2.1825001898343963,-3.241766017915272,-5.930182720466966
5.917437497947216,6.7119211867711375,2.1728005275444997,2.466657338573292,6.930978035892235,4.784712537012426,2.8791717999995887,5.176239835664476,-0.3548854916538393,0.7891694904699378,-16.984761371371462,0.9577891135270028,-3.543851528280005,0.7186559325040911
17.87349578576528,11.32981980539336,5.643523481784738,7.9296857911205745,8.101775669503018,5.956549143175376,4.757651954825251,6.25163915410063,-0.853315480690958,0.1599079545494515,-16.014030991546964,6.021897229096455,-1.7546975292980005,7.6594149996749135
21.41189140200987,12.783125750949129,9.220692161608484,12.054217814469023,8.228464225324212,6.716828205104695,5.830269697791574,6.682857781091298,0.2974289183127601,0.9312895568924272,-15.02452821712747,10.864003286138926,0.8268526083689317,11.150152645030737
15.85388497437232,11.277798749880905,11.163309058888782,13.904556139202928,8.18658455857652,7.549298834172681,5.981975451722985,6.238771808411809,2.2538798719265563,2.221596212735518,-15.038218407678608,13.313610606267709,2.3625233715647465,9.378636818220595
10.85995704032024,8.848235340653522,10.611734575800346,14.05330023109546,8.291267630325049,7.204720690627783,5.616366850955451,5.016480268788317,3.397749038602509,2.48663012216398,-15.850900535867808,12.448822769246709,1.7829650166873163,3.522811656952907
3.359335050878589,4.418385990404229,7.986833366015133,13.389777593578764,8.092135169420649,5.462060229458266,5.128791296240252,3.435323989965408,2.735887678272265,0.8896087941291722,-16.466664008520677,9.032939102857132,-0.4391220831226552,-2.930882895154792
1.3502679266790394,2.806567489211919,4.576434495219164,11.971151280397358,6.98014662339305,4.015538000118223,4.620299212355789,2.021416670490666,0.7890030372677366,-1.861153252663004,-16.198767653170634,4.878712135581782,-2.764493627401292,-6.27621661464691
6.58548165377489,4.475631187915883,1.7276207837406972,9.258795997699073,4.922132223797686,2.5850263899315085,4.078126442883086,1.078504243123911,-0.9217596765456032,-4.008868460845482,-15.359616992690578,1.6670515130143198,-3.908753407311366,-4.89076391276177
6.797312082904597,5.6498340086083445,0.198389315779309,5.411030917272462,2.588475073643983,1.3029902970539404,3.67093456562674,0.5379558466992354,-1.3066779438672018,-4.166689540728696,-14.871573979448616,0.0881746655112873,-3.8105397027067136,-0.2634772238704004
3.826803846015842,7.507686400609217,-0.0184538446693611,2.01610751204336,0.8021632277158925,0.4887587038795185,3.682122117793593,0.159661216833169,-0.6499263287666803,-2.390544174297011,-15.18281297680528,-0.1818797997788492,-3.393342338678257,4.101691855982866
1.534609208560564,7.616705810094544,0.5716207898387946,1.178650552246486,-0.0930540421465833,-0.1707644660339247,4.086029726801679,-0.1256886053589747,-0.1436305100294355,0.0162542733650754,-15.568750437304836,0.1354867587987138,-3.431425947804745,5.308992515091132
-1.9952232313040583,5.359962874291781,1.4159180952558108,3.650030706228085,-0.3305295672854123,-0.5013811139641451,4.301831749434463,-0.1294759612122726,-0.5119132422765507,1.6992684379214429,-14.569004568186925,0.557490005459155,-3.6670265119375776,3.3059248601618414
-0.6694153920012303,3.449314123981428,2.227848570085326,7.807322341569803,-0.2845487742106971,-1.1672064092662524,3.566055002318686,0.306613394078008,-1.1492384166970693,2.310997294130072,-11.252650150727325,1.030657496633261,-3.050619882352501,0.8359354078608776
6.215002776296865,1.1833673543459169,2.9507099472575966,10.57211375137964,-0.0682429196423202,-2.210455793924007,1.6757074711819715,0.9679435717941116,-0.7020226253373032,2.5247243707127427,-6.214652628606606,1.6791329760871188,-0.8955799894102539,0.925926345043476
7.2429130919034,-0.2841378655949399,3.436587015310103,9.575767019333892,0.3612202037205954,-2.6585721346770312,-0.6624424342032018,1.2745014976264564,1.41139028524863,3.11452717397096,-1.40379659116328,2.433182830504686,2.134273815831872,3.927418663473892
3.262732639007238,-0.5015370827072752,3.2094544599540136,4.798356448397069,0.7735794527994688,-2.613953074908249,-2.338265671864204,0.6657021339697327,4.029595595424712,4.0273358615155725,1.13774553016004,2.859704595751216,4.189334237345369,6.81859684759982
-3.930036232350055,-2.2534475858936527,1.6956995887559252,-1.5321245164237958,0.554136505362461,-2.511775978514687,-2.796211992231392,-1.0075090996926113,4.879345092169206,4.310218095399934,0.6624816788898187,2.3356116418993595,3.5759617855594765,5.695118785755771
-16.838991103477802,-5.277263561244752,-1.1311812666560233,-6.507129999919258,-0.7678688227400281,-2.184145709552146,-2.542132003714147,-3.4229532018298787,2.400372003158309,2.9598217350915874,-1.800754813978111,0.4891427225442983,0.2524451508571523,-0.5339085910115191
-20.645729532794828,-7.080169233686966,-4.303666431202156,-8.302014316275224,-2.834047401100097,-3.401475484794011,-2.7261613103445086,-6.027430591828237,-2.797707970964398,-0.0545052333509006,-4.196354369326311,-2.377742000908888,-3.825924262041505,-8.596447122225623
-14.709767186315046,-8.016766770205555,-6.260982384765596,-7.027941571294448,-4.457997127267381,-6.377120445350979,-4.230595375457428,-8.282598007275208,-8.181860835229664,-3.5251722363044715,-4.868581955547436,-5.272554414668704,-6.014036543980165,-13.11725673472428
-8.143305974460699,-7.235486007115878,-6.013296962254861,-4.398969797162241,-4.544528332743952,-8.520013089397155,-7.100777879399809,-9.739940740579923,-11.144139804622936,-5.829751532176199,-3.672237799664158,-7.0778889164969705,-5.056879408663409,-10.93910692355416
2.5258959701224803,-4.139013242427482,-4.097511099222721,-2.6235996573746747,-3.1376905616775783,-10.174429004316089,-10.691614069324892,-10.045831240881126,-10.949325739461322,-6.229793209940845,-2.0005442733246808,-7.373224955000688,-2.2173648302598084,-3.7625228002633513
5.940465366947472,-2.444284813940971,-2.3108032603027104,-3.144912250250217,-1.5107806686373353,-9.726140359690843,-14.155197525566027,-9.051713033514012,-9.151248501127592,-5.511423987379295,-1.6767943439890036,-6.820207248491736,-0.3158638631393478,3.248709208218281
0.3830492663390549,-1.9704686090144867,-2.2666131460413643,-5.820318670296356,-1.0765973969044618,-6.487753886149712,-16.701346871248347,-7.005119094547941,-8.13175941131163,-5.28230501481545,-3.453960466549568,-6.658134957955507,-1.303039152267079,5.676716443679025
-1.870809317035532,-0.9638636911007772,-4.012037980834505,-8.989915865926683,-2.1015672680233037,-4.241821284138361,-17.5537837679217,-4.597341728230931,-9.017186111826046,-6.416992536417677,-6.239282747390133,-7.623535588027519,-4.432660201294237,3.1961228579644443
-3.565727253687057,-0.1568237738968803,-6.005731857675437,-10.508693912377488,-3.474613532040263,-2.5483089199541453,-16.025248682668433,-2.6962487183112493,-10.75615929933539,-8.046266197274527,-7.744158062067428,-9.204169407027102,-6.76449171612218,-0.710854670296504
-2.659739729329464,0.8952069746166866,-6.500352841554017,-9.182117186757724,-3.773307109169787,-1.2978814023705216,-12.000768982038688,-1.8630711107734523,-11.12659786254575,-8.157810655972163,-6.187939771013101,-9.92823905511986,-5.686279682396556,-2.110965240686093
2.8591718001711737,2.3209461743192707,-5.03000523982984,-5.599776165294549,-2.591957744930114,-1.2585951479375472,-6.486606223375179,-1.9822900954652176,-8.75788637567256,-5.439249540101225,-1.7350231489877137,-8.509976658704215,-1.2249621776381132,0.111363754019035
5.247502966377418,2.7765254682340426,-2.6439381986146597,-1.6761451711390605,-0.8576857499251354,0.3703149068315003,-1.5153778461359613,-2.3039331695148206,-4.394198682671656,-0.7347489049282911,3.574247300922682,-4.929427168085862,3.961209236392605,3.80969237258336
5.302723133330217,2.288144628441554,-0.8043998898672742,0.7784201176450516,0.1094752973025925,3.490023678733324,0.8895911025748198,-1.9288509696918807,-0.3307379238303678,3.31309520080364,7.403891174226636,-0.5814537274274283,6.851762001857164,5.902860072676194
4.866576714706479,1.6723765348766784,-0.1391973757822633,1.2828479221294566,-0.186267504544924,4.162186815118355,0.0991595548142743,-0.4490116389893384,1.4191325532103392,4.257294290424476,8.837792318395833,2.6050670558036044,6.415092359455617,5.033483657051293
2.5021372096687315,0.656864388478523,-0.2205032849321715,0.7130818941150054,-1.094703432441854,2.6760048218078456,-2.4969739742988963,1.6883601260098176,0.5987359965510484,1.7720525161770984,8.691104144463516,3.395621880719144,3.9021171499446794,2.2426343077851945
0.3240841695583628,0.1978803860793523,-0.3713761076234982,0.2469796399452286,-1.6025399041555772,0.6575136970943702,-4.293793952129846,3.379700096197139,-1.375908187162722,-2.156815136749587,8.230178562138331,1.95012183530502,1.0967627945783005,-0.466989106192079
-1.715715266483966,0.4689671216464275,-0.4799818891143947,0.3117478169525354,-1.3442781783222886,-2.671154474731714,-3.258473386469243,3.549974208983409,-2.7995532064113746,-4.862953377878911,7.720581115653515,-0.4277549206121467,-1.4318236385894272,-1.8913740022844223
-3.164996362793496,0.7172295813160166,-0.9700469147651802,0.4902580850255389,-0.8357898076063441,-3.4221940880058663,0.6046776999712637,1.8970836594772529,-2.997956430028082,-4.94188546347808,6.406000591902253,-2.222011816107349,-4.227819217147388,-2.0569366859329343
-3.4770918580257213,1.220079284435113,-2.1123324430319874,0.2853689690771119,-0.8014401598490926,-1.1692820739822374,5.247989052323082,-0.8198342491369672,-2.4734886259601963,-2.8917786414551334,3.959489763854165,-2.61734235663301,-7.326032065539263,-1.3973519206554137
-2.5143605331646643,1.2235798056922729,-3.564413587085453,-0.2109742608087796,-1.3931739168989044,-0.4022063741162767,8.05158460698182,-3.2049682890639186,-2.008387957520518,-0.2073834778379,1.7092851050277955,-1.801007400752705,-9.225801142199812,-0.0617574554590043
0.1739002167885849,0.6049629484343346,-4.672932392656019,-0.4802728615367111,-2.1342745359738142,-0.2842986060685895,7.638740297203225,-4.1399786096913935,-1.814402927798847,1.921241956871865,1.9606225225125355,-0.5848988970238418,-7.99405864817489,1.7219563125065336
0.4957543463302289,-0.8267280115958033,-5.153339467343958,-0.3250157922022469,-2.58550513200265,-0.8354253448807456,4.685648722635411,-3.5703271585092984,-1.5687439378731378,3.075152631574161,5.70927733215858,0.2171954193663012,-3.605854586156057,2.857490058828381
-1.6491491281783657,-3.360063002749756,-5.344488847263285,-0.3123268308763414,-2.9347914965737307,-2.8212836134888883,1.2466783359194515,-2.541971636308225,-1.096362117374735,3.143871471024708,10.999237847578089,0.1589722085691018,1.0548864124225594,1.5430581027607158
-5.200732475900729,-6.595057947797784,-5.759894403713856,-1.385172607022635,-3.801109758602574,-3.5981726932244573,-0.7264098287921947,-2.3585071399713717,-0.7605244063385115,1.862965495727411,13.926547467421091,-0.8390242696955572,2.0924085484206767,-3.244642330766368
-11.23513290284139,-10.714378506561305,-6.4758912600744765,-4.014003801113871,-5.425801224129156,-3.297765227718238,-0.5327190007465994,-3.4463428635904174,-1.0495647793958414,-0.8973484255962418,11.808724927904745,-2.597560550092835,-1.95423739868139,-10.266847509739575
-13.154283513216152,-12.292254175722082,-7.058653198737575,-7.700620422790669,-7.149170994130487,-3.058282319190113,1.116681826021412,-4.881082299846962,-1.8663293897061437,-4.423593339895401,5.725660953910527,-4.667386318886678,-8.345924712115837,-16.26371897057293
-10.599806778853756,-10.981230095047565,-7.066807292404893,-11.224406079007386,-7.829976376920935,-2.3650216578147214,2.770340423979045,-5.096933148986691,-2.4368414203188227,-7.052599449848672,-0.0574979856433666,-6.312301406327903,-12.046380356440055,-18.118981851086623
-8.976265743308424,-9.099313286421426,-6.478455880931209,-13.310200632128875,-6.870359916812076,-2.308165398096387,3.166335205633371,-3.271481205664691,-2.053065579187296,-7.151031084955805,-1.457231032691772,-6.747837919468767,-9.884005923225205,-15.187998205712018
-6.83275678480385,-5.733602137284179,-5.50655102147236,-13.175647368550807,-4.816091077327326,-3.0319718664043656,1.942316033477013,-0.152891809184716,-0.8444070237058678,-4.448328031917967,2.2205320834215154,-5.616081289086953,-3.2807938576017994,-9.711108471128696
-6.764414309457572,-4.072529752261373,-4.0815467591924826,-10.766056255317393,-2.891609908867709,-2.6651725254972964,-0.1354383640235328,2.5130799129637404,0.3452188642422253,-0.4430337181542132,8.01707422919231,-3.319110357586588,2.9715294308251785,-4.974830463087998
-9.711628165572533,-4.558392161048691,-1.7896389723188442,-6.804283845211959,-1.9258857057661969,-1.3798066167523262,-1.5728684462763844,3.4990919540147214,0.905723890486886,2.619734064602474,12.015803011776503,-0.8840358412162974,4.786909454267292,-2.938921473775121
-9.762422429461273,-4.346711600788617,1.443272086560217,-2.668386306974538,-1.747885472759387,1.542844979335453,-1.1141503415578349,3.123574577555563,1.170547623256306,3.36138220363143,12.395889793201595,0.5582995808803517,2.010385150369885,-3.359515954107531
-7.5064084704367025,-4.250070370819896,4.659782906930259,0.1168789696359819,-1.6005833096680124,6.597336938162761,1.2532688600419792,2.7853220550101483,2.024800993971902,2.103192646018085,10.257294965666956,0.3259549317290986,-1.982978469022708,-4.80179496241732
-6.267227966833186,-4.308873787719675,6.210521171723787,0.7606621144132806,-1.0338020771695131,8.44755812114898,4.093294292180556,3.4954204000201248,3.799481911035056,0.3322251625860337,7.986172796982801,-1.4569164466858415,-3.61560863419845,-6.14822821368249
-5.1068199579997895,-4.2125232528809615,5.1777560012686,-0.1478751806696294,-0.2947256104202367,7.020171627250274,5.522847419459486,4.923789148290142,5.716745006960801,-0.5483973085000837,7.10142958206313,-3.727848278467402,-2.0726720500125726,-7.066865785481312
-4.2513166912570695,-4.202726570655211,2.589937738176728,-0.9907787530826058,0.1107553262838205,4.283254845471131,4.752946773466003,5.911759798369253,6.591988442041991,-0.0734537504291683,7.502229094939034,-4.70739995384238,0.6666638785663022,-7.340508700085349
-4.1491733880617,-4.1759405304387895,0.9858158771361348,-0.4487713012798133,0.0640076257386752,-1.0777274980960323,2.7951134575160683,5.824553306749058,6.078170586173835,1.3241240947245068,8.27229164313001,-2.7305014812696253,2.256332568344084,-6.263105215307297
-1.238502599005633,-3.109922834025701,2.3643644285761933,1.3059006751734916,-0.0749772978484193,-2.439600714447401,1.5500940409916044,5.242752851457791,5.081475582116035,2.879798601579971,8.777013526235528,2.466078127436642,2.1939178724670576,-3.07731938608862
4.571224801476616,-0.8939668366867624,6.290084851494878,2.792702686482496,0.0653256402509505,0.6787811624144842,2.0318700931794496,5.269311628134835,4.881796917785476,3.994305223362316,9.011612917830934,8.958075984982393,1.8066684042665369,1.9501105727614867
8.323464858905657,1.3657403177506695,10.042530449869902,2.7759713143501994,0.5160994976035571,3.3165959154534845,3.439020947444547,6.268638394913323,5.93483411103316,4.459869730230777,9.309352542401234,13.449205254190884,2.4956938688351507,7.125387332164573
10.538983945324334,3.910219433287097,10.8775073198299,1.7065708670199804,1.1762833028493471,7.0365232706782805,4.040109699466893,7.434317306774783,7.641440794675928,4.532543132233775,10.071260521473402,13.567318514844445,4.3081433104656615,10.306056258155731
10.456284140348629,5.528781443821128,8.39913187925761,1.490345930432163,2.2218489206806518,7.794697875921383,3.0025881478205125,7.606218146494076,9.192345566212095,4.836226678206685,11.685909983593266,9.850410412456997,6.160740524955598,10.508914568720582
6.906680361897225,5.928817018058911,4.828151251797781,3.619202288689904,4.037292277926669,4.695580588907039,1.2564662077729114,6.389108313293427,10.351629302282438,5.919250564999015,14.25269860643174,5.422276455132254,7.112597229018222,8.643512604362362
6.189787625768947,6.054597686251348,2.892004056088401,7.427034575592053,6.5909530961444,2.668116790744967,0.4288443772068859,4.393499737146748,11.234831545231716,7.588383575779575,17.03218811461312,3.315324634102007,7.159322479463652,6.64926828519547
8.097670873962368,5.507637620775785,3.314845367459956,10.25433071680994,8.976973912939053,0.6455217449846307,0.9317671064676728,2.485267755602706,11.519026929012943,8.674375434854948,18.30823169446713,3.805695776142162,6.862080430621383,5.846056263229261
7.061533583652095,3.245389873723341,4.257044370584785,9.506477950866255,9.82327588805122,-0.2528345220535518,1.2867258248516098,0.9982395254839896,10.351556323134064,7.808901627978242,16.33505331361346,4.377476742546556,6.519644625410146,6.042757409287978
4.104344606495223,-0.8150956424372666,3.1942122857462847,4.767934252129386,8.363892750849867,0.8223786639609996,-0.4257268027864791,-0.2571234664538808,7.377987625683175,4.827866069242168,10.916887143798082,2.458035551223519,5.940052303397536,6.145478749971322
-1.474249212806539,-5.547171377427396,-0.5701404623321711,-1.883024830516141,5.187120905964758,1.3983224835187271,-4.354840832113858,-1.397510305388221,3.7382898187593545,1.4584069106632658,4.112539551679332,-1.7644636550985044,4.967148153346403,5.496046243548063
-10.735826976269507,-11.193189259154936,-5.118755647807421,-7.477685623263184,1.8969948839374176,1.970039890367421,-8.236492627918967,-2.1706001803289694,1.5575146230438517,0.2412030893540802,-0.9980540205186924,-5.338824108804111,3.970382594956384,4.498863603938231
-12.4667751241402,-11.677571764041566,-7.567493450459124,-10.115373875546831,-0.0490166942149294,2.261845265091192,-9.20844615418165,-2.3825362303403663,2.015298172839814,2.2650307216397025,-2.740521955470795,-5.477370573433114,3.5990307513251247,3.942264336759573
-6.267870605135897,-6.200697781770763,-6.592634622787172,-9.683447512414704,-0.2995025312391668,1.8725569952520509,-6.483558902184999,-2.47482878284652,3.883292472216006,5.740744130798706,-2.3279422019617613,-2.5220754468354043,4.030176656236518,3.877078454053661
-1.1563851546991228,-0.5759015472512852,-3.528531811144102,-7.155149296604344,0.4238295947131383,0.7756078258114801,-2.264664554346421,-3.368100798771323,4.3115371857335525,7.05576381170199,-2.8753241501450644,0.0886670256838799,4.584369285042024,3.415860426927672
5.266436126658883,6.748973819987394,-1.0982643826702572,-3.534620978136329,1.1914671262033274,-1.3151666532195374,0.121209337899339,-5.493049367719147,1.4600272989289618,3.763424501456126,-6.647711393412846,-1.0104557323938232,4.227515571615099,1.7859114797229083
7.903450517294894,11.109529089716574,-1.0060574623528855,0.5452781774952645,1.6931718386918615,-2.419699699577261,-0.8139741020969185,-7.969295086835189,-3.495254744224241,-3.0389438002239326,-12.95693764478467,-5.763253381698142,2.537492555818712,-0.5088430412931984
5.084987105590392,11.315670670020324,-2.5747487168714227,4.568201927036622,2.297872428695696,-2.5233018642124043,-3.4735521645442944,-8.971982999899339,-7.112996983102195,-9.238683766359014,-18.6213337705616,-10.37733457981675,0.1938382419949427,-1.8331648186165683
6.258287543994754,13.253129596865852,-3.554900060376005,7.904103193956353,3.3896659863858414,-1.6011954133802049,-4.836487716822632,-7.231901821452178,-6.714794934187979,-10.931472525342263,-20.61205682271386,-10.456525476320335,-1.5171810419149008,-0.9502205081449936
10.122896421171278,15.610920483166046,-2.230089850389918,10.01440944476574,4.687245232139595,0.9002592585638625,-3.3950763597222693,-3.381659359104735,-2.897672449824902,-7.620596384594527,-18.569388404876644,-4.814847333071283,-1.754015625687113,1.5746842902425089
11.468885380281163,15.28587110288847,1.131537302434518,10.811339633348986,5.255046858090185,1.680575672229201,-0.5204286324797875,0.2167935991638323,0.904622086308518,-2.5695157730513545,-15.033004288822369,3.40214436104688,-0.7787722218820532,3.677855468203629
11.593666677250644,12.808458008017835,4.669769238428193,10.674189516510442,4.277417086267375,0.72342047835728,1.0149555802539325,1.242486474619068,1.4692716167827309,0.0177547884444813,-13.264448988214658,9.237952419860576,0.3518392355667217,3.715409654257657
10.424667928007151,9.910115437269376,6.596919171579199,10.073306987751382,1.9461416605029545,-0.2466906118899127,-0.1643190958273415,-0.6503438976732294,-1.3937884687670046,-1.5056513930198836,-14.574433936780387,9.854713180409185,0.7415811356884596,2.159366196322665
7.171943532097253,6.140134881480088,6.514290509899176,9.231633296790568,-0.3806412559099819,-1.962662133485321,-2.670938053708296,-3.4500647201967176,-4.84719882006584,-5.089213528732209,-17.373485587142916,6.534457650167019,0.370549961121787,1.2942121709299652
6.82169449803553,4.880046236974684,5.322613859230648,8.18019288225021,-1.043802786949703,-2.051427668609364,-3.684526831584682,-4.367872060831765,-5.744652103899165,-7.0452909406215785,-18.620309241786455,3.2348038157308743,-0.0383371761646138,3.065940035586131
9.475933328589688,6.731338402531749,4.132242114631014,7.062966960910945,0.61825116292726,-0.2033422463992307,-1.5870009461130792,-2.0548320368152524,-3.4099126371494237,-5.306879622340336,-16.360946534991342,3.1734090218952025,0.208503098839051,7.12072071896606
10.038408394234828,5.869651613760202,3.413317167986333,6.248460885243929,3.598015220372133,1.0056031189241226,2.647419348486382,2.424682921209566,0.0951387727868571,-0.9754505341109816,-11.2664839736748,6.422892834040854,1.1439546091549635,10.961580486547025
9.406201801713197,2.9671074713886387,3.094573613236067,6.049271668061538,5.811391604008199,2.119348750134844,6.490143942263019,6.59545625328,2.253441466644073,3.015300436695826,-6.018950633952837,10.352483762765218,2.214400064328734,12.108723505290302
8.324673683157737,1.0185042159491748,3.147663240086617,6.331336709331341,5.5691439665648375,2.231030729145351,8.127783467376108,8.537118141061905,2.528737201700002,4.658251202361607,-3.183105248102173,12.174542030441737,2.8810261611631383,10.206761793120137
5.9561747083634975,-0.8920016665004283,3.7301609159608873,6.453266731004634,2.7873413497459545,0.8486030337626749,7.767783495785995,8.095407721442417,2.585100175951382,4.4777189206555015,-3.343273694711936,11.2021958224067,3.0774237709348675,7.124578436396579
5.45747787844151,-1.0697530773851671,4.665655492246799,5.652368771699695,-1.0096222470432394,0.0541913703724991,6.979508683523413,6.514580295744835,4.257784608311066,4.666888041012907,-4.921017986449755,9.002636742079254,3.089809420535889,5.095299787372163
6.926290362908133,1.009011463288921,5.018959984460391,3.560829245823516,-3.8481176036121134,-0.448085574885928,7.033968271547415,5.1519368195503645,7.466036848773005,6.759691909573469,-5.628818981732657,7.653608588652652,3.092405011004871,4.795014192521798
6.027522175871722,1.661728381562377,3.573377758362909,0.4532838667923364,-4.661288600747433,-0.8436900619415322,7.928242872577435,4.558975636924917,10.165451994065084,10.05440577508246,-4.232978478727706,7.855521213456875,2.925912132697356,5.139061515028754
3.2183677947980027,1.241685798092712,0.0024631696203272,-2.879994433877332,-3.802070497212867,-0.7585705534094482,8.774032221157256,4.548990022462817,10.264821613127111,12.161893171068533,-1.232873091189564,8.486658788501025,2.3770636646467374,4.732205056529665
-1.0714020340119412,0.643826655124988,-4.4170781916654605,-5.450568701768901,-2.4533282188711567,-0.9561535480242738,8.799131643729549,4.801911116188986,7.495924526720113,11.074645390121002,1.866111404342668,7.751559272354168,1.6053309309246586,3.3172532154494867
-7.749316141912139,-0.8479724054128968,-7.454231809573418,-6.400641898935632,-1.5786864360964898,-1.3673621416248274,7.86760027694622,5.206404078557721,3.455060394227985,6.875000425292082,3.8328960566225874,4.77185997405525,1.158651406317908,1.7971889024249563
-10.556948190558929,-1.756065648882945,-7.546430720652342,-5.337954037617152,-1.322435382854465,-1.2677373819720577,6.267957058900773,5.683695865140873,0.013535324468787,1.6584858235350168,4.415695833505183,0.305779399877494,1.4615617103357297,1.037642998385614
-9.22601980683856,-2.069292080856653,-4.995016613392728,-2.671646185169472,-1.239837907781009,-0.7404272641324425,4.365726174630797,5.91357682707708,-2.146563052588661,-2.1251306081870998,4.059120873462405,-3.850801753720312,2.256220576063249,0.8648741144304637
-8.088132644013793,-1.6944792961338695,-1.6737749197597722,0.2975147785168133,-0.9684511738421122,-0.0943415538889328,2.606383593109328,5.431891365077973,-3.5273785938139994,-3.42285579718817,3.1423613754340707,-6.185552651600816,2.5919374853649586,0.2586948873719805
-5.720921229484282,-0.2337856544627123,0.4498894264489124,1.877651200965026,-0.6287429699248719,0.797860011864297,1.6195926825632156,4.051086974738581,-4.721851941270344,-3.0440379971845744,1.534957073074814,-6.472468782939018,1.4636484796420604,-1.6442058195167633
-5.302844047467962,-0.3004763849257312,0.659864132409659,1.0301287722451136,-0.6096709320785152,1.533756548593372,1.89585317018323,2.118304166368141,-5.678757245562721,-2.6998907517659987,-1.1942156760286051,-5.76740252663221,-1.4060020601091452,-4.858051448498621
-7.553535888671326,-1.909966350655016,-0.3502169903849719,-1.742501002068671,-1.0462240431308274,2.054005892767049,3.109768107670177,0.2606476073255166,-6.105082962004133,-3.626936915619652,-5.224451190423977,-5.500898209193387,-5.2860146072533,-8.694783478141417
-7.69302258677694,-4.102633708390877,-1.3844284754982823,-4.544995511278174,-1.587256621693669,2.113384750633088,3.8911963849763858,-1.1923644262887336,-6.308981460782782,-5.898022981090449,-10.116559117608476,-6.418663809859808,-8.87386037439677,-12.25905207062538
-6.466602744934595,-7.503830173255895,-1.7350015174913835,-5.4227685257216365,-1.7149241924158645,1.5456909914458907,2.6575611583354046,-2.535941161488509,-7.24210175251779,-8.687146178221646,-14.88064123957976,-8.160002570744226,-11.09056205086904,-14.640225476229965
-5.814285562873254,-8.486544851516593,-1.458270792373341,-3.912600740862885,-1.2797598375869723,0.4216572942819384,-0.9717582806210744,-4.367075404585812,-9.486703651959154,-10.942116797112018,-18.339191970604663,-9.695691187453832,-11.649784445324896,-14.90258795290204
-5.052022554990681,-6.765412051323373,-0.9827798789147196,-1.4579537636522133,-0.6827813687403648,-1.4177988917621491,-5.497586585396462,-6.828265575874319,-12.285552220643943,-11.863702949215426,-19.536451508098917,-10.155774385867131,-11.068810363609757,-12.476079166508498
-5.529049330481763,-5.915226130889796,-0.6479284089639705,-0.2270661788977932,-0.5143595656219944,-1.9024925962439068,-8.459746706143378,-9.143830184467769,-13.861530043426455,-11.108197958966027,-18.08692656006184,-9.35771919871936,-10.232321553036948,-7.981631415970995
-7.573022453200344,-5.151728257519671,-0.5778569906331441,-1.3124515786146986,-1.036069082739111,-0.8978547732023492,-8.349801761826939,-10.04672087606606,-12.980914706533042,-8.949252621851755,-14.443249193463522,-7.735992064577722,-9.876459598306576,-3.5591971962427067
-6.347469353988097,-4.35963365243641,-0.7679045978931747,-3.8846744824002712,-2.030211080270856,-0.0838673647019636,-5.864349808905999,-8.907438257983742,-10.3137471495658,-6.387284816556772,-9.9367238067124,-5.925303168603463,-10.28000247232098,-1.80111587868808
-1.8887500253304583,-4.070231829233931,-1.0751150413637696,-5.992645726332221,-3.0976872216441187,1.0171522341505663,-3.316342305929709,-6.573167342000616,-8.134120933357039,-4.835868296828139,-6.327875473994187,-4.413196006621309,-11.198368524179529,-3.74204266170824
3.133065720656642,-1.416443065807509,-1.1036680964524592,-6.196447303562032,-3.9836952281805296,0.0111267537138932,-2.653750616571092,-4.9486329820969885,-8.403414050209498,-5.2224240198466845,-4.842100437925534,-3.410050883692474,-11.939959578081236,-7.655324693943982
9.765103354178862,3.662273989891992,-0.2923267939861134,-4.556386810084781,-4.545813642877555,-3.5413718771627374,-3.813284551138473,-5.408857789514947,-10.8815730415306,-7.062469368826967,-5.218419110831533,-2.825216789700505,-11.559128760435328,-10.0475717683909
11.496246270752566,5.5821086241627125,1.629937874198653,-2.2592236275017754,-4.501452618890479,-4.39899036312949,-4.86222510169204,-7.368680615043395,-13.052085609277976,-8.459575475865343,-5.620014860919174,-2.3014902730262605,-9.240858981506118,-8.31188774058403
7.5022499600994355,4.583291154158608,4.146936261161464,-0.4791469663732499,-3.442003121429078,-2.922977633235064,-3.8064506077875135,-8.474867552491798,-12.105596902875188,-7.3714247119229555,-3.801856008491874,-1.42938716013278,-4.846785749312591,-2.848869026195146
4.601303991235307,2.397967196143489,5.992335152394581,0.3823455620744909,-1.2991431738320074,-0.2303806696786836,-0.4802766374881244,-6.54600707646205,-7.359471070151716,-3.281343139374652,1.1317160998721558,-0.1379863347102023,0.6949256238955641,3.1948190566975967
1.2453876044315422,-2.2233483114596395,5.921455283920004,0.5567956801028302,1.2016527425776218,4.809008940128504,3.1286599978081444,-1.6735682596682029,-1.007194392168845,2.1728352384813334,7.78187178196349,1.0826345551171317,5.595969422323448,6.354317716104813
-0.6101226324356389,-4.259824137013946,3.6946033625492634,0.3218923015806965,2.759838961899053,5.572694181206101,4.4173623583188295,3.4941038985558563,3.5063980182976437,6.2928015458960775,13.28219732169353,1.5098934769625618,8.119964155521435,5.393506186165263
0.2293479374169661,-3.4099559139932607,0.4118874105936605,-0.2860464170608381,2.442547151767595,1.693394560366066,2.284283620665626,5.752754085060822,4.127378073850732,7.309059531866078,15.408741221399998,0.921611677626915,7.685940859589036,1.9742330088528155
-1.226844035528452,-3.347366585279705,-2.196672875150689,-1.2483322481084258,0.5658371129920141,-0.8036078820199937,-1.939209065583812,3.976014994975105,1.627386685879027,5.6115269640664165,14.28661669115396,0.0046254616913579,5.321640188966291,-0.8439438440464286
-4.33335316952026,-2.926180900157327,-3.020372770245894,-2.252061552570023,-1.3935279931466789,-3.314774013169313,-5.513189469934893,0.0327632498242458,-1.2838616578706796,3.231672950544996,12.234399622824126,-0.1460723122035947,3.0104389344323463,-0.8735874469676554
-5.236444909103113,-2.619493882465776,-2.3436881030251766,-2.753727131784035,-1.9319415900069927,-3.5949244159516227,-6.416894688322346,-2.869753699611779,-2.2401884778631698,2.117500920737654,11.850340190434842,0.8905724007194191,2.3477507155597417,1.8648062683319844
-4.517486789860663,-2.839918390945253,-1.5152790694135292,-2.3896413199978164,-0.7540927299079652,-0.5347918467533341,-4.826397047758782,-2.9311826625170285,-0.8686688517303134,2.7179040071716507,13.961235858804322,2.2741210675005026,3.519376070149411,5.439822926217154
-4.809799587399722,-2.5897511100879336,-1.8047275809655323,-1.300293539750129,1.0136675333653082,-0.8603764267867098,-2.7501651363537585,-1.116052988278124,1.436476479678018,3.9870372316941056,17.14763759682105,2.545138287481991,5.363598623531064,7.4211141559860065
-5.604442178298444,-2.0817278422359373,-3.388493972849231,-0.0384073653087817,1.861256897537027,-4.065279555616428,-2.191680785349357,0.0440646946641667,3.078089378524542,4.604211198086627,19.14989872928896,1.0138387857078968,6.394036457274908,6.373621548076844
-6.871475122624918,-1.833065698173844,-5.245977200245413,0.833951077817737,1.2700882330820935,-5.416910988765378,-3.4477547168540816,-0.9956681387719452,3.571632291037913,4.208834639791784,18.847220027763104,-1.4364461592934976,5.916823458242877,2.640150967476597
-9.083560236198313,-1.757222398148596,-5.987318808159937,1.075993696416596,0.1850993103494644,-5.976522569144579,-4.999277267123681,-3.2886459314113043,3.5693951976522467,3.5889518825185203,17.101251290197595,-2.9856290122099374,4.394723805893147,-1.875085296444018
-7.9247349208682785,-1.1256426348454576,-4.937787563437642,0.7761727910303513,0.14270630436679,-3.815467706433206,-5.02914977291389,-4.296756963480977,3.918914402058984,3.780705028499103,15.84329838790665,-2.430493064117055,2.901142276986913,-4.774033477508041
-3.188508950714509,0.0310357467208439,-2.670688732674936,0.142482545960167,1.8190269145189435,2.0114053309497075,-3.157711090555562,-2.296130633161038,4.8457155562255245,4.982402103177542,16.314975144877405,-0.2449753855998686,2.221256293783849,-4.583464509589593
-0.961804323470814,0.6805881073499482,-0.619889761207773,-0.6293484848570685,4.30172033953027,3.679626050367362,-0.8214371044836071,1.9509769092581732,5.9241006258036535,6.274998574834022,18.01629377941275,1.7900148452810392,2.329453094568869,-1.7559033290651875
-0.563487605409403,0.907804506676526,-0.0542614289584975,-1.2738090878431976,5.768299734934843,1.4154830413313315,0.0151872402212873,5.73653494516433,6.578043696350491,6.3748342440210735,19.197509165881044,1.995946916035301,2.5683245631767875,1.4615325903903127
-1.491051986027516,0.8466470471302832,-1.1485151781046523,-1.347903500672729,5.01355265908461,-1.4329649765485624,-1.4007805348949065,6.588851933502951,6.467933410686683,4.726996587451886,18.371825641762456,-0.0047106798101452,2.280395607412906,2.403324597005472
-5.003616995434374,0.2680718308375707,-2.843890626683347,-0.400762446043899,2.489975323445691,-6.545166603030762,-4.008930989447947,4.130568326559072,5.496130527254721,1.9628491929596092,15.509330864174274,-3.20997686377806,1.3469134379183814,-0.1973491441325379
-5.322062454275306,0.1631321251049888,-3.6453313038855057,1.5661709904579126,-0.0778355854252481,-8.279929986795725,-5.959819866312223,0.112449258032008,3.682281386872916,-0.6770393201798157,11.94442576880126,-6.123665967570432,0.2294917689308704,-5.254844448875637
-2.39724864931626,0.5447154882418279,-2.770161117275549,3.775164783143929,-1.181250487732349,-6.064115748394132,-6.242772156482609,-3.1565970091762168,1.2001670503402693,-2.420483521974532,9.190168893509188,-7.720313650395106,-0.4681373170434995,-10.03281328063683
-0.3419368557158423,0.5648482385544292,-0.7288542775008224,4.986388911722756,-0.7832709574745635,-4.5755259812893065,-5.399503804283249,-4.459655890882104,-1.477088893458358,-3.547690237537978,7.757677193609155,-7.777620489240242,-0.5267053665882955,-12.017238563776026
2.0130505281343067,0.4112851190583274,1.151453853546741,4.419640935258336,-0.2092002507744936,-2.462345833809696,-4.748583738264998,-4.093218403822519,-3.592777265752481,-4.930080099356545,6.965797530909462,-6.579892316670481,-0.2794417296538327,-10.50786795687668
2.559588029220568,0.2880245167711883,1.845281593607055,2.5408641141994224,-0.8033711638047834,-0.8489623934231199,-4.965810589527663,-3.044751472078133,-4.385438131786188,-6.939657681064631,5.766730919744077,-4.497922751152245,-0.2828407569808746,-6.736937670586386
0.5951662824813878,0.0856835735476237,1.4045287755851632,0.8619649998206427,-2.639807984365717,-0.3669862729277908,-5.398232926913209,-1.943502850865471,-3.440343034283956,-8.762926709061333,3.726042935866104,-1.8641256743484436,-0.7874088311447451,-2.6292609186188542
0.353023940826019,0.4949632366751451,0.7436918772092582,0.7116849252290933,-4.492484519611281,0.9649652615880462,-4.701111300346383,-0.7114556411749646,-0.8632636515027343,-8.82735285495363,1.2788493739704163,0.8862048794641453,-1.4890509369752607,0.5606046525552131
1.33018704061966,1.5904800434703283,0.7225306298345799,1.9922545916680288,-5.026714183728316,2.7371388280072733,-2.11216273964304,1.029957221994394,2.787474777670212,-6.0481678082890085,-0.8305752432455336,3.1425549959715084,-1.788090652441852,2.626339588091639
2.085948377911425,2.085991850482608,1.4267163855242302,3.137699476898291,-4.0038196156198325,3.7439884999460262,1.8429484409208072,3.403691103448537,6.710242296619754,-0.841467972681869,-2.2466625113654715,4.3473970495277285,-1.3127740871562563,3.8404229225448887
3.341255803187818,2.08053272749498,2.2611538796850112,2.460869881630444,-2.3609089047985066,4.154919984225172,5.771305702123229,6.091900281166545,10.107918703507837,4.973588787694709,-3.143434692630848,4.392144212164652,-0.2254505120758665,4.368561340641278
3.987270122598897,1.694778358809366,2.634870269763738,-0.2783235347877593,-1.2150339571475826,5.140393156563402,8.431915229570265,8.518199469242347,12.42041909146809,9.297855197074526,-3.7976501165655634,3.79835675896986,0.9425171285820824,4.330067210893887
3.893442780039717,0.6399710802159911,2.5028854191494787,-3.565771425356658,-0.8869406019984396,6.560214689308973,9.380149696103537,10.084934480970702,13.456343082532824,10.957699192982489,-4.196231403726976,3.426585169288167,1.7173836778504992,4.180445502928293
4.192182204113462,-0.1173636092762456,2.2870737094885456,-5.438533615894585,-0.8942155999058485,6.038424603264768,8.803945080009527,10.294639343939508,13.319638031093357,10.06991783191485,-4.181751837279833,3.862251939666877,1.9494579640114296,4.631664865471471
4.647465941446366,-0.6039943036600782,2.357615842428117,-5.223431116385704,-0.7700583151571507,3.5868871780992126,6.989530674272046,8.856209370655478,12.165200629422444,7.477256942022805,-3.960030526421989,4.952389235843761,1.7314287069837633,5.956132423011908
3.9116094705844855,-2.0012438119969507,2.631929040673405,-4.089781451234714,-0.7257089368246668,-0.5373319404207906,4.137899471227428,5.894176565301649,10.032688518890986,3.98533796814354,-4.301781181504111,5.891407380821306,1.171738139298924,7.446134707552879
2.023184166429356,-4.1879193765127605,2.655488186999144,-3.89212163914484,-1.4291504449262715,-6.974471092797707,0.7129799851426739,2.141362136206048,6.998975195712617,0.1536505152660296,-6.030995576998095,5.8188927118280205,0.3307754092458381,7.832715772074749
1.654094178103029,-4.5675181398406055,2.0595362679140337,-5.362412632921675,-3.1539426830948614,-8.400462750966266,-2.222703305781856,-1.165970409064677,3.543855816193826,-3.350452241411766,-9.171111244327108,4.471278434455975,-0.6432766257950036,6.455323655825396
2.7121612324362103,-3.1365285164148613,0.9878380071603844,-7.30261280994754,-5.200208242447211,-4.353865604593511,-3.3146002225725724,-2.8148996033185583,0.6707902068065934,-5.515242556189186,-12.597327266444516,2.39345466686968,-1.4260080754995883,4.042199279866978
4.520930154856849,0.4089476150061537,0.1261348422512824,-7.522076296874651,-6.202674617673132,0.0622508199891058,-1.8224326757145448,-2.321963231269379,-0.5665358132040623,-5.424476094442042,-14.667654864657102,0.5809772184963862,-1.6686387309538446,2.219645626436055
7.710072576963515,6.836698966046783,0.2578507363266595,-4.728241714286064,-5.103375099237624,6.612469491689062,1.649627064810545,-0.3273344029906297,0.1204554708146119,-3.099786518384697,-14.395415770036545,-0.1395622321843319,-1.2636557936977155,2.123928719882521
7.009329031933416,8.373089216682349,1.6116271811313396,0.2281051094916932,-2.0038681413328163,8.887946635383305,5.36818905880498,1.7025175591685835,1.8602097279318173,0.1623447820011279,-12.171689518987549,0.4613750461389969,-0.4269802590455285,3.419269473691408
2.0412012264197705,4.741338157421366,3.4791117060949546,4.790486117322772,1.7569553183961233,5.824024165972904,7.593790072301466,2.3933490905444685,3.187713877741104,2.531180484299732,-9.424237167242332,2.013918480282257,0.4914554305764511,4.643410517579056
-2.2339520731948834,-0.4000994911534198,4.486252386657917,6.465686225274801,4.35532647849702,4.291645181381619,7.733595297647575,1.4343732260635491,3.228245963998312,2.970997667821166,-7.5525343027372,3.848875698272231,1.2293413195441971,4.500182195143154
-6.971437153467148,-8.979527294782152,3.46340074676516,4.530771349699059,4.565305268087734,2.6728178538598044,6.58116393468022,-0.1356193281767872,2.444790110413578,1.976835250846101,-7.074543583166019,5.295791778604389,1.606751941473128,2.84837005926461
-8.530476746333102,-12.075575327832407,0.3410359474511111,0.3995713388946456,2.485898640988914,2.034512143943674,5.49215771869779,-0.6787531489455922,2.169257273918173,1.0059561903359509,-7.60688349136916,5.793631990536234,1.374814133738795,0.542868607351437
-5.820045962872498,-8.855402856608649,-3.639183493528265,-3.5176196435264053,-0.5376678400399797,3.443701626255571,5.247115091430995,0.6890078630541296,3.2606590313492347,1.1328832197501235,-8.45949338546718,4.908739589790415,0.271548361300276,-1.518845091758621
-5.372047978557084,-6.901320852179008,-6.65000101643388,-5.466615163401695,-2.742649117306957,2.928455833470819,5.556242545945249,3.191234791405442,5.139776789519207,2.2029815201260163,-9.144924212922184,2.4939968541524102,-1.5690080570084213,-3.0648783995346776
-6.267622810065454,-4.102948745268492,-7.450033931321352,-5.24698673499671,-2.9817758181152314,0.9135767763594118,5.535313972791013,4.8102717112540745,6.176492590535339,3.226721331707,-9.404990944517186,-0.9662953303052452,-3.227774234812744,-4.201767153028188
-5.862890955026416,-2.659326635139067,-6.129751773932072,-3.8461919891407073,-1.285050788678635,0.2559599202838165,4.634758287982936,3.894037662203922,5.131980971387584,3.495775166563514,-8.99916152590334,-4.157745476895864,-3.228285649623296,-4.709210831590987
-5.1452072869303045,-3.683498015815739,-3.896133288370186,-2.365694733626735,1.3670014553573706,0.4259675919590304,3.180803616296515,0.6943107441861054,2.314992075727851,3.229654322719999,-7.718126069023524,-5.344569579704166,-0.518524708672774,-3.865051137207861
-2.651219655071896,-1.3457511872518382,-2.131216902713557,-1.2360636312409703,3.778901687857614,1.5648342000265736,2.0938595069511914,-2.5800504144987686,-0.6449313492022011,3.1498910327546943,-5.6838539234599805,-3.431165832369853,4.459021727263723,-1.183701480785616
1.991074234906435,3.798898548435386,-1.4945322182555962,-0.251320743116306,5.174373094106368,4.206600123782502,2.0673188427411944,-3.465922485179764,-2.192239681139185,3.5417173263048767,-3.521728014409572,0.9966448780124076,9.599049670599408,2.657982369326561
3.638822280293328,6.516933464154188,-1.7082568190275396,0.8627392765911672,5.337724079473244,5.035787095131914,2.913779414114302,-1.3847886502984608,-2.1061189128699347,3.845698400351793,-2.0514529785493103,5.621445592684562,12.25615374928712,5.824691462850886
2.3402246397212894,7.53852285149295,-2.041115994044752,2.016757241146792,4.39311647736627,4.030994968137131,3.628021682957737,1.6758321027441667,-1.5185103045849857,3.178984941740964,-1.6831806648110188,7.693636514294738,10.96095987379188,6.542693006189133
2.8286149217452023,7.165329991597588,-1.9640415832667912,2.837552644419624,2.6426750366560228,3.0841945706024254,3.142003839833265,2.700188417744002,-1.805328678023216,1.193561286319671,-2.0884374436961224,5.890798546208252,6.432176582524839,4.5572724943484175
4.192023616018245,4.350080494259101,-1.427551597247728,3.080922803154394,0.6662183398606203,1.4717177175627127,1.2034497963175284,0.2030612002898095,-3.471401443665627,-1.5902218640574404,-2.4837208111568785,1.306790318504213,1.079278756827918,1.4702780831767797
5.933832017274199,4.328270671876207,-0.6529866680591283,2.938555951771363,-0.5697008039214069,0.9855548950274342,-1.3185525978259136,-4.405204144513007,-5.986729340740737,-4.203253408715284,-2.259850750263567,-3.282053222904821,-2.616365357853553,-0.4291709975210835
8.813827849508325,7.159778251853164,0.2165622732499343,2.9762389977045274,-0.0028086294390448,1.9275853726890635,-2.99253468541653,-7.910782796215031,-8.492465680451659,-5.878706117078721,-1.3655919651893529,-5.347554750764971,-3.590799300267122,0.1504830118620503
8.978477059296226,9.197721330107193,1.2139669093338623,3.773028121679744,2.7991200054369187,2.359046199123468,-2.875016550169136,-7.960780651981778,-10.504116483485518,-6.347991389974041,-0.1384151007628133,-4.24462921035132,-2.506296345048213,2.711618717734382
6.283092497311773,11.522485818673358,2.3553370154115214,5.5247088645265165,7.0063244686712665,2.722335757972305,-1.2504945122480675,-4.990355881424918,-11.943825838918514,-5.732837956254059,1.1578744250449515,-1.354864197867471,-0.8670059038756079,5.564399114663956
5.327064435508754,11.691200340516655,3.465914886165536,7.860005737620469,10.674430903030554,2.5197191450229663,0.5521590882518979,-1.7349346339535288,-12.679704721029609,-4.394146450741488,2.572705616901615,1.2044095292457229,0.1553490392224148,7.065344677251744
5.454421823113852,9.047541609136989,4.290523098553734,9.981637732314454,11.83448882254001,1.4218851572757518,1.1575843257108716,-0.7951154848839224,-12.27411600631683,-2.922771242880941,4.248586150504025,2.16824167190984,0.2592831620491154,6.417060139887099
6.566061398122984,7.7708922081925,4.772511133931175,11.067781190642023,9.852946245812973,0.3618752005959875,0.1701293804729573,-2.4401491506894217,-10.323197059291658,-2.0361242343811625,6.008403526246241,1.8072949156118625,-0.2551177957799382,3.685946815290436
9.562216626482837,7.2810166671157885,5.128143106084707,10.706203668690309,5.993651250018786,-0.8714698844540185,-1.596522962703773,-4.562811592156521,-7.029841886435236,-2.133026508401344,7.233692610709426,1.348520937055696,-1.0112977623459756,-0.4809236840863491
10.430734254601248,6.875242195395598,5.548777849581938,9.099307515076902,2.611613458441269,-1.7641472929148054,-2.845092636921919,-4.7175074655174285,-3.332856392810214,-2.76668890695612,7.25424244686414,1.7490104406435307,-1.767127626480601,-4.94723566664797
9.214073688455924,7.293424093852285,5.831045928542721,6.920650368559137,1.4921603989579069,-2.1368915409154687,-2.8374010668206893,-2.31682609667746,-0.3596122245485844,-2.697557268981484,5.9633564200237,2.8287329932778107,-2.2907655184404234,-8.137104993704668
7.801931478515526,5.415308993559863,5.413281962941625,4.93345203216947,2.603194162123458,-1.99698008827904,-1.8843029123279396,0.972477636228234,1.3182150544314766,-0.8356669519596949,4.09533364098445,3.4074613501345823,-2.301413276411808,-8.535772567884521
5.328090111603722,1.1177324108986249,3.905224595554017,3.6081473058236497,4.2496899086857525,-1.108335535544033,-0.940289578208592,2.847044739122793,1.931058676091709,2.559263643788114,2.821233703793098,2.312624547829756,-1.700098132111151,-5.654844802827654
3.632712015865641,-0.7251618986492425,1.6284306155304762,2.928581943970471,4.480811897461535,-0.9960753459307312,-0.7430560321946018,2.38067714077539,2.0720246194327387,5.613542919838608,2.8957562175887688,-0.5412647191498081,-0.8241742254639348,-0.7126261264688196
2.943633363322383,-0.5238481326185662,-0.4203633004814264,2.462006302376324,2.5874598992730284,-1.6763362114118925,-1.2784956344265763,0.5975310603581079,2.0714474599384403,6.09930474097996,4.038937452953121,-3.890064159142696,-0.3011984396339926,3.7969453146435512
1.827414113090268,0.9540938916216848,-1.2445301184263258,1.6827310225348242,-0.4850735419289265,-3.0945384582962294,-1.9862821918911493,-0.7403513498064456,1.825250136813878,3.3754498961617685,5.120230145730545,-5.960088095275722,-0.5018147400567159,5.600913026087085
0.7432033550470373,4.758228390929676,-0.5935843726698522,0.4181328550304783,-3.027930241699835,-5.671562347584068,-2.435385945797691,-0.8062806898500412,1.173142983782384,-0.7394048052205449,5.061064244969202,-5.801015356425694,-1.1293028721370888,4.134771338200267
-1.1734218667560836,4.269244237391983,0.8614033144891096,-0.8943919551817316,-3.9318313997299583,-6.409756229126346,-2.801800078130896,-0.2574166527218153,0.2975754867163118,-3.223290747087674,3.71927406674007,-4.037194691337732,-1.468752320907356,0.8069043559913212
-4.141506960713914,-0.829961726728247,2.024402455473819,-1.4841358592954634,-3.4271782918056037,-5.226029097012666,-3.690843793486295,-0.3279582272968468,-0.3951063970094424,-2.4047076395992804,1.9838873345948969,-2.391152465122218,-1.1717307274539053,-2.192243279446473
-7.68588525306136,-5.805787037485939,2.0740599158318105,-1.0279233741993608,-2.7284827490810244,-3.881729803038397,-5.451297500749831,-1.5397421719071076,-0.8260182141652876,0.3993982865137013,0.986138018020597,-2.3496886262648786,-0.821394412689699,-3.535603180466637
-12.104129208754026,-12.161844520483982,0.8383828902792629,-0.3009451855390352,-2.989757546388063,-1.6885805357318506,-7.611051144946714,-3.2977781277462554,-1.5720393938736947,1.793867011848846,1.1270711323922171,-4.067139241473996,-1.6111285793722343,-3.506502097127992
-14.059631891511868,-14.42526251606814,-1.280558760161739,-0.8894364968402897,-4.4146883466953,-1.6532872429348564,-9.010522974900226,-4.593902117520827,-3.4595933178658527,-0.8168746272442604,1.7927974093363162,-6.378419995288311,-4.2712519557464645,-3.3434370761086143
-13.255346765611955,-11.57596699086215,-3.58854346157608,-3.8813722187593953,-6.143265152519405,-4.183437955132186,-8.63665860909947,-4.946599127733748,-6.669261483765069,-6.8268839801729655,1.9940665192283404,-7.831438540945214,-8.15000744510013,-3.928663282547518
-12.19156917415652,-10.449018500572356,-5.345194950440714,-8.569611292627087,-6.940924953020442,-5.576904207607622,-6.517538082193653,-4.632550746459799,-10.185829657568831,-12.651821053312004,1.3226080870987855,-7.802752926837968,-11.334333671936632,-5.055735406403414
-10.033227339584029,-9.698915421654949,-5.948435090965347,-12.52303925130508,-6.1668397591170105,-6.497509385310044,-3.8839972025211296,-4.120891122510386,-12.213687877232816,-14.453004079123788,0.3471911340479892,-6.767152766117363,-11.85541001943011,-5.831147097145163
-9.263869417469907,-9.40618732292403,-5.129947323937813,-13.296645424174471,-4.30869376763826,-6.0098643719347535,-2.342499486831116,-3.426459012888472,-11.337609885943325,-11.058463947319352,0.1055081927774495,-5.584187204754926,-9.09103929034245,-5.646181454328314
-10.351119083857052,-10.683659522296796,-3.115430065153106,-10.43214124600854,-2.660551826081928,-3.375718964310772,-2.6418088134544746,-2.076877669111326,-7.540573253669919,-4.681400216032671,1.1593232782503264,-4.531461407202357,-4.274109456922304,-4.711720006014787
-9.783850958280132,-8.7630443094637,-0.6013471962982635,-5.913842791817956,-2.350558679899564,-2.320224236167539,-4.030778116699935,0.3013313649024667,-2.3025075978292198,0.9643927873316898,3.0370277209766527,-3.021443798729706,0.2894383774289508,-3.7395724670406025
-8.126167495112696,-3.748930019571168,1.5082397489089203,-2.571586741373494,-3.470069309143355,-2.573706151114423,-4.784420254815586,3.375950953320455,2.256789306669077,3.37996544123746,4.524942597235167,-0.3227198757253973,2.686698169547753,-3.25386461148679
-6.994401628593209,-2.270810498775292,2.4700934189841064,-1.8665399346045888,-5.03582042144555,-2.4999523493821307,-3.5241803806066514,6.0691906534305815,4.5411598647333165,2.6308701088427995,4.556496421990119,3.329634410860308,2.4669758488991818,-3.2712392275257685
-5.912464543152353,-3.78328229480373,1.976384423590531,-3.081104106717788,-5.843780479396912,-2.788563414448487,-0.2956556558966667,7.159812592842116,4.201300196552097,0.5996854091702062,2.994791154133452,6.315530646828506,0.6271407143352405,-3.536989792015646
-5.763925062345075,-7.172381211719811,0.2461099233057666,-4.514453530569796,-5.473607044335864,-1.8916161692655185,3.433015408697884,6.091501299499868,2.1039126792051377,-0.7931795391291132,0.730051784188305,6.51642962780565,-1.2976255202289906,-3.877852275017261
-6.847911793798569,-13.878328637862667,-2.0397487812285533,-5.287876750165054,-4.539802729709265,0.4286652959818779,5.809957878722344,3.414792710729415,-0.2532091273091623,-0.8065238204063974,-0.948065680462264,2.9963422526392094,-2.237850335188682,-4.237391017160604
-6.118491187733516,-14.7573023151738,-3.944928427813153,-5.858522391860305,-3.974173719961442,1.1408568754793074,5.843287455186754,0.5541913061653929,-1.4664486614972816,0.1554841629917405,-1.2176366598525306,-2.8760311691148104,-1.9911819333128165,-4.468882391242687
-3.65889263874148,-9.351702941409656,-4.641050677251883,-6.834969733430654,-4.045707350840246,0.4713762260809365,3.949856605863204,-0.9739512129056608,-0.7787206523564976,1.3205461443922957,-0.2145249009960821,-7.958208039338075,-0.9449428013665512,-4.282461803773089
-0.5855954108649505,-3.539771575139455,-3.833149427494476,-7.586314892480971,-4.08074544354659,0.1921549655451448,1.528346776439804,-0.4265619379329735,1.666048285206898,2.180608136846104,1.1562375204204614,-9.3198866883653,0.4208505329170293,-3.49825434000806
3.7803527114745874,4.835164319845736,-1.9718037675814912,-6.404854316572028,-3.164531698594402,-0.2253763642059736,-0.0053995963006485,1.7402984873301222,4.89219709197512,2.592449746884085,1.87779692331668,-6.229584222570082,1.7775455302926844,-2.31570267789202
5.914163236799928,8.220527296927797,0.0058372222416096,-2.3014431953324817,-1.143703786444064,-0.0217234222737718,-0.0197481925676612,4.159591480168601,7.488586539247549,2.589304955102889,1.4352487550874995,-0.5969983718989482,2.871174371826825,-1.2433123428470196
5.522989427315723,5.439759819876082,1.314929370390573,3.372319628293525,1.0455976432069605,1.0876883186510995,1.1303356254597643,5.394195503406024,8.256917111982474,2.2703938012136007,-0.0046787051626893,4.45494135412585,3.4239691792330404,-0.6946903089533407
5.282763192460556,3.798522055504258,1.8529108643300845,7.366948611710427,2.0628176682868826,0.2628658961022213,2.4700706439889046,4.807469782220238,6.857867306146829,1.835604016437756,-1.8437798508176684,6.737346529579668,3.2710722962085725,-0.6000458544407508
4.3436008443372565,1.356697884388011,2.138436723285878,7.0130525115129245,1.2603497098185272,-2.437310415885689,3.0191960922745835,2.8934344814620374,4.062591375192781,1.5836729266641356,-3.4349913401940317,6.2316833879954885,2.632300292455099,-0.3615446664718575
4.848678978449313,1.5468716276549197,2.692087322704907,2.635008305622968,-0.7591124325036063,-3.164898649985221,2.316178260564847,0.8473264227256294,1.3496684996669543,1.7617549747165668,-4.338877548854569,4.635187031466728,2.154203824304048,0.7968457966011897
7.27163919954804,5.6126880574802245,3.450408416307397,-2.360311215055951,-2.57426429886425,-2.2744392811299186,0.6523824430100547,-0.3021886603852692,0.015257518934888,2.3771001161914924,-4.42570937182095,3.802136729760477,2.5048840500034686,3.2787903457575998
8.541783041172433,8.429320136481204,3.812713526509605,-3.989407104080371,-2.9712677481433687,0.0797482280526029,-1.060065167866135,-0.3362900317987822,0.3895597010567471,3.162184062497204,-3.906812957870685,4.401609693468167,3.759144318790412,6.672623075629403
9.175743268200296,11.05295597046255,3.302531170795259,-0.7485091112284117,-1.7438230984984884,4.762535605357342,-1.7671142853895532,0.2167431438452354,1.75241054240135,3.749168204469182,-3.279617643170916,5.7333733244837255,5.140622098939652,9.745526838027352
9.363202710076218,11.566109658627672,2.17808148376308,5.321593647810541,0.2834429343675921,5.829722129569291,-0.9325589988659856,0.7182169766283266,3.0133667151022383,3.927252139866736,-3.0821867047101925,6.6156674068763,5.502488585902636,11.055896104260793
8.578072076151308,8.9922776355476,1.328550678912424,10.351727814414698,1.9171761338038469,3.103095416099218,0.9799337511989448,0.9739109978180318,3.575958208866885,3.794410260038168,-3.504049715117173,6.460274403495022,4.290761231769333,9.94653926400204
8.777585527501204,6.798464016184389,1.4891564469208711,11.57173245877075,2.3873341974226427,0.6615020700057506,2.6105248175901616,1.158763564466553,3.6451548725736247,3.6882138619528178,-4.157597782093559,5.645447809326567,2.1809022782935,7.2171881296326035
9.940173863786448,4.294879006311314,2.508266888388021,9.025979482867967,1.7218030935997426,-2.805820194399786,2.5066182096320926,1.26339300107795,3.74907581599352,3.920115774708579,-4.3180734149501525,4.984746031394542,0.6949112002183568,4.787359991195564
9.428523345972405,2.8364838638502987,3.38973156298969,4.9392108250653735,0.5366726771002952,-3.447512294918976,0.1921605485302411,0.7998520469645154,3.98975865987709,4.473662082332529,-3.5507499329494703,4.8609973524594245,0.9450720335803098,4.384032688476333
7.48413456302151,3.0977285685604,3.1103062000673134,1.6775220018237178,-0.4914548391637474,-0.4778400604640316,-3.2925303027129798,-0.7267600411920441,3.8037004224074336,4.907415001087614,-2.2057603091522218,4.831507579985065,2.5308298285274304,6.188431274525502
3.9916155819944783,1.6938895934897158,1.4821747212252347,0.2035462159167558,-1.0187829814542475,0.990228178815924,-5.9124120091823045,-2.981325032595094,2.5233236841176634,4.618631692820973,-1.2729661615651544,4.050276162943074,3.666734784900864,8.573760657783424
-1.6645549315678174,-0.9901113701825238,-0.7031462106496988,0.0720807675155867,-1.02635277763261,1.8994549019186744,-5.953290550762382,-4.603687395080364,0.2216323216090074,3.3486610331088755,-1.6226058054314692,2.10837810615358,2.6193913119604204,9.246421473584505
-5.176856538872282,-2.765027931853654,-2.3478380015215023,0.425545519106528,-0.5415293284867957,2.418005219189094,-3.1780846752339187,-4.1603303794131605,-2.030654183469551,1.5226617635199986,-3.242132017802234,-0.4822056106919064,-0.7064656138827985,6.941841001958942
-6.474247430040195,-4.10517126154767,-2.9224132848438416,0.7405805470971032,0.5150567140547935,1.701629574689579,1.0500246311625645,-1.5174048505323654,-2.8787137488579404,0.0394418383909993,-5.139836690586023,-2.616778281361235,-4.4843188333634245,2.365422198294681
-8.029593840261166,-4.193047569668059,-2.797579413188714,0.7595221375342476,2.1170474684746026,2.090185647486044,4.729600577600827,1.74366393474142,-1.825958735406488,-0.4316542358626591,-6.038419272841146,-3.4688274702468505,-6.36028069869009,-2.308793288152515
-8.875954469575928,-2.582720820800264,-2.804832197652153,0.139681148932155,3.7821867983460464,3.4335921753743457,6.486889360259042,3.4789502567155,0.2410645126253072,-0.066751450748562,-5.307677475370809,-3.148792989582155,-5.364293005829779,-4.937314335128924
-8.795660792401014,-1.47792168229389,-3.451306637805644,-1.4064234826274031,4.606278657044264,4.067817511775646,6.235417550925291,2.773206141057301,1.7273066964697603,0.2070780316842047,-3.379404392402506,-2.5694597244965465,-2.6376077118782177,-4.754553177298874
-7.905782617711525,-0.6434702802366485,-4.46050390185367,-3.516032471855013,3.908084573409624,4.354029529831251,4.928015320538194,0.7053892558180976,1.6946892636571746,-0.4660262601855862,-1.3216309898197591,-2.616108978514766,-0.3301254196155554,-2.636344743406859
-4.932126915615668,0.6857615914292904,-5.002457123199022,-4.969513966562822,2.0202975414083757,5.270636824690658,3.797791328395775,-0.6654333182669347,0.6886078084304685,-2.045154209883861,0.0472751730922951,-3.33012086187658,0.2818621511680561,-0.2313925980809301
0.2952787863608638,2.124508353327307,-4.407782221884801,-4.471922752491842,0.3880490161736887,6.650277983915072,3.6816318694354777,-0.1455529368328427,0.203915043274236,-3.5843360518324445,0.7559244029864303,-3.843693535205816,-0.3025031391853261,1.2500532699293387
2.332376693603148,2.8441866655518413,-2.7874610751790883,-1.9050256544327624,0.6140576553802006,7.6071805790119,4.7256267450787774,1.648202749072965,1.22505527294485,-4.11279319387787,1.5100483842502896,-3.192078196932499,-0.6548541509645389,1.6392527269450952
1.068068674052744,2.7653964507537308,-1.05802781511467,1.2139006032357074,3.092976141392868,8.246006731082938,6.431856466081193,3.054082720038906,3.204128738995827,-3.572898974889277,2.951337613609056,-1.341137388003979,-0.0538655545894499,1.4659278878345037
-1.3975359096718656,2.0595083067519067,-0.3281028181471228,2.7513789958947825,6.436009378859694,7.653648932580117,7.924248124572472,2.9828915091407566,4.481565295105099,-2.8760854234145725,5.022306145997845,0.5260984725050264,0.7888916026261654,1.1789347528348344
-6.4321538244651455,0.4485422179741585,-1.091944897247025,1.7104088642422255,8.342967503828675,5.539445575446544,8.359755257187437,1.786122831562345,3.781350549915466,-2.998119862206366,6.98169363828697,0.8673473174620909,0.6293881816038294,0.7515974961218745
-7.764216182455019,-0.4751505925898158,-2.831844316467695,-0.862398293286752,7.333064357964538,4.160273527887162,7.364215065349128,0.6363374369466399,1.3596852751984798,-4.014089215349728,7.99693236920379,-0.8483013489666007,-0.777186964686301,-0.023778653586028
-4.94377045029757,-0.6617508280629857,-4.330265028032748,-2.702996531165269,3.941424692112065,3.3311354082402502,5.253212187538281,0.1960726060205928,-1.265643227300977,-5.040080317290133,7.733901648775664,-3.489039763766577,-2.1787352380647462,-1.036313858119648
-1.205356082967219,0.0252034904512763,-4.466603071017175,-2.182950458075481,0.3903946284263071,2.382544166205382,2.8454234501804407,-0.0194393478397714,-2.6680166878449327,-5.111565461631145,6.443674502726708,-5.047588688372152,-1.952214734312712,-1.826508282598944
5.072450288438756,2.062414500195465,-2.923902698974132,0.4594553950751106,-0.9997224604497106,1.760293258451399,0.9698974249006866,-0.9860692331702764,-2.582163251899708,-4.067726994729711,4.598015363220576,-4.283703416692504,0.2757484295097399,-2.0712509436145723
8.052859339806288,3.323217212608427,-0.3268670893399488,3.5340376895645207,0.5934225713531021,1.3496553226266628,0.0357627053499243,-2.9632423726160155,-1.724592369147132,-2.5490433772164067,2.551927601953487,-1.7573914392631451,3.198273059609747,-1.9492469111099595
7.17248088873411,3.901191195490548,2.2272815822991205,5.436689295641656,4.055291547831153,1.1966133698449652,-0.0231432177466288,-4.995214168146909,-0.7518765875507327,-1.1916648871249578,0.5785780646183483,0.7256302535925627,5.048791923234532,-1.8725654861718368
6.392647953032192,3.553892141140279,3.861533512301982,5.838038309252568,7.23696312313416,1.6344238705163596,0.5324746402322447,-5.625313310431174,0.413653160757903,0.0517363362449359,-0.8772092355575793,1.7440200134219594,5.214763559621112,-1.8896789795738869
4.235778434043679,1.7346345212611534,4.3574622949224775,5.550589189077009,8.402812587161456,2.711913541509834,1.5287380149602967,-4.133464488951596,2.193443330526001,1.7250807638043852,-1.170425994731417,1.4240141752232771,4.600117683224873,-1.5521539288714976
2.8710525940999188,0.9426428985820304,4.109573658089872,5.442837986300653,7.191039644684864,2.333638510376184,2.8762149543278923,-1.1554988996696736,4.45874194638391,4.065228312751827,0.1458401139714737,1.081317356843719,4.4628018093489885,-0.5109276074009017
2.7652041536884004,1.0596153460225664,3.7116853697482384,5.582258180397432,4.573288149380929,0.4074312377642356,4.3240094180973045,1.8010113545035722,6.265209272349715,6.509050008849947,2.791715276500049,1.8060185166738592,5.080815238278163,0.8508500587922327
1.462388249536008,1.2552025039994852,3.4942165428115075,5.358068697782912,2.038072313458656,-1.778477314665272,5.26930067766596,3.4113333299181647,6.617904804702057,8.07685558015261,5.620032555453811,3.437502868746648,5.694445376165312,1.6103755047539892
-0.4829883897033288,2.0529371114816115,3.312526236845933,4.249049823306798,0.6330703222531469,-4.730073132908872,4.881940039341458,3.2334351437457443,5.468668663211609,8.228923519063741,7.103077592309504,4.851177476723308,5.652727310428759,1.244691035826385
-1.5582002211327075,1.6093018536052603,2.714602690877726,2.3300026235917137,0.4339494020348198,-6.460209134045437,2.532459867863317,1.630663901336554,3.824830760540827,7.288317311585661,6.17039258091036,5.08537976053579,5.2972841871302165,0.2605344335513813
-1.95931661180058,-0.2054216547412158,1.3830013913616988,0.0625892845227973,0.6562213406020376,-6.695513438083372,-1.7428343163606712,-0.7423514583626094,2.769821333539909,6.014082862029905,2.8317363225951238,4.07614920989181,5.462255600899805,-0.3225854152571408
-2.8763046880394234,-2.1192352294543984,-0.4587278522783364,-2.230792444499478,0.2633251157539007,-7.655092099915794,-7.059183863124449,-3.306260011665433,2.3737324741423294,4.814714101460364,-1.832511717948936,2.357068744912993,6.169071583512974,-0.1856057687522714
-4.093295924072271,-4.568650969691668,-2.034621740627003,-4.53184873878525,-1.3126075469353928,-8.876860796894501,-11.950813049060397,-5.577286232394297,1.6300638103224792,3.435289930949203,-6.2917684914742615,0.2599038991116948,6.1549467515212015,-0.2680744228979748
-5.464190208858064,-6.131108494121514,-2.5319269475739894,-6.794972121941992,-3.77136422373853,-9.128169269501488,-14.995467161291367,-7.107075133667358,-0.4857843160458657,1.4057796377200518,-9.369893330270097,-2.39046770361362,3.997840268161749,-1.9104316760783424
-7.193917458093773,-6.558010880708061,-1.8260046645832129,-8.640462493298408,-6.131331124308026,-8.629003652081302,-15.475811297536854,-7.618950690904597,-3.892813099769711,-1.265866479357351,-10.719316296195691,-5.769247645637591,-0.2668448563856316,-5.349932413803202
-7.587481920746143,-6.781171896374695,-0.780942420570133,-9.557273607890888,-7.403169588001875,-7.245601357061404,-13.692454548132291,-7.241968046112822,-7.334021349561814,-3.888470553695511,-10.722778360400198,-9.38263667785967,-4.847525497038141,-9.142351179833774
-6.53634800212531,-6.375437977203674,-0.6930677102527696,-9.425069961237847,-7.279706632091822,-4.72235481128596,-10.720513085433502,-6.498413758692875,-9.400917914838368,-5.56961422349163,-10.011494793064728,-12.071749113744982,-7.67899915101326,-11.222859659937653
-5.143242382138254,-4.960496857593805,-2.16288272235281,-8.68820536765842,-6.306949005631158,-3.218530318733368,-7.756103706220234,-5.916336244292855,-9.619238105081068,-5.901035355455245,-9.022463213993516,-12.776361364929668,-8.20484115979103,-10.64879529568569
-2.993350344006488,-2.504880999845096,-4.333167634183413,-7.875409760930389,-5.383444184200485,-2.7831704250104234,-5.492959427963561,-5.57239101518098,-8.589816025404517,-5.216109597675162,-7.872315352581201,-11.32163758113102,-7.613442951938213,-8.328207962491016
-0.6875256824291703,0.1712997820512283,-5.310988708364344,-6.96703586072497,-5.014123272598316,-1.1736563362192545,-3.946958435835501,-5.016055977307707,-7.20781427982515,-4.246722754464974,-6.468331916264036,-8.469080678808101,-7.332884029108962,-6.021870183100056
1.644385527739601,3.1279015776617447,-3.62224796419253,-5.389302613256636,-4.977988116434301,1.218452846305328,-2.783357734356957,-3.687617782318017,-5.879719235914875,-3.551943691437484,-4.60508659254121,-5.229579761973401,-7.447822613247507,-4.63077458201269
3.983192442927919,3.993043037695478,0.4680467028631585,-2.7454914209334915,-4.6903995295431455,2.358497281742566,-1.7931057095675098,-1.4603959669605977,-4.497078858632453,-3.2107622855809703,-1.9807922265765556,-2.150688678993638,-6.741447263615741,-3.494541335586719
6.103264785003841,2.3279344118214262,4.983184367821914,0.4926924155543264,-3.869827671903709,2.4410539562615496,-1.0739139743881587,1.185760974924729,-2.9953767110913727,-2.949517993519424,1.667992895285344,0.7640967430041448,-4.278138881039584,-1.397556685982038
8.084104447656799,0.5618068227508255,7.702753665696479,3.159423904323094,-2.8345996091166468,1.1803042012005207,-0.8004128965524009,3.4953049621630274,-1.717907587071382,-2.4940798218810247,6.1859938031022095,3.5548853225280563,-0.7936858164856586,1.7803641857158183
9.793849808934365,-1.968669395511507,7.839581171322742,4.328953681966782,-2.1640982729491043,-1.9314109365351355,-0.8971760856697024,4.939547391867227,-1.1578178324785977,-1.8343224701183605,10.658192768139449,5.8605608791724935,1.610649125098691,4.539667289405568
8.721089945982202,-3.8659683018988944,6.443523064700546,4.036452564270354,-2.128100134214668,-3.148647049481499,-1.0222792769404734,5.4518999934558,-1.450913054855926,-1.2564378740947806,13.626671838985049,7.042659094926011,1.1923483090212397,5.026639713471207
4.544056554189769,-4.70277235784333,5.193667538873065,3.0278177804465205,-2.4963192540757664,-2.44670349095023,-0.9145162683534184,5.280303259522,-2.253010685972548,-1.181222566096471,13.991646105987078,6.738234272020172,-1.9762636434723824,2.899374815581464
-0.1757151737160746,-5.049236610566299,4.740755773656183,1.8732817579590133,-2.8735792726298968,-1.9383475971428648,-0.7162114864951032,4.729096599376858,-3.098408556698232,-1.9055054515356904,11.961477335961703,5.247546457642651,-6.137717122579449,-0.108963097246626
-6.06918538954436,-4.358512850393407,4.177733068660796,0.4912068734721941,-3.1163388383417328,-0.7988354294246114,-0.850524419165577,4.090722548665839,-3.733739675889215,-3.343889501701778,9.10627104057702,3.3629161154117817,-9.270366358891064,-1.601100881376528
-7.090521661690497,-2.82890872517499,2.129637175922298,-1.3782374953069514,-3.347337658071861,-0.0776673557735534,-1.4889122023103667,3.742828079094348,-4.025521447579397,-4.9159218308249,7.229363662032853,1.8378168915888156,-10.372037997714862,-0.5839615206267013
-2.272962517249235,-0.3093568492589935,-1.6029247859133662,-3.357974496652929,-3.609314300516438,-0.0044837812311031,-2.135858554599853,4.116767578247796,-3.684266284972757,-5.748484329063764,6.914918398223431,1.0207636965930649,-9.57778182671274,1.8253754232120367
2.837117409917923,0.8122155485274754,-5.44502296017755,-4.331398819631513,-3.638322674058891,0.6500828900129161,-1.843272595693879,5.37523487081236,-2.355202497778073,-5.19836722835386,7.095916503845668,0.9286189067721295,-7.396210413949763,3.712648064548862
9.888452691531464,0.3456573678796411,-7.114214450311042,-3.3140520189771294,-3.076920305901499,1.6249081482120846,0.0144677900463356,7.05316674950614,-0.1434973501252017,-3.377848120274546,6.171366017659807,1.5333595293951277,-4.125742263051599,4.303001719681792
12.77431258883784,0.3954584639632823,-5.436521151202925,-0.4425312221705404,-1.894838824194352,2.3276411204311267,3.0711183856412028,8.122545286813008,2.056834295921224,-1.206706628955004,3.7201541839017658,2.855359517878832,-0.0400617151906281,4.528301617853767
10.293857121004438,0.4063609722391874,-1.3331680385018885,2.955902907477224,-0.5207495956793124,2.882945905688975,6.067998641274674,7.636033216120445,3.039603085508816,0.193286866033123,1.154653073600354,4.754976986138274,4.106777202511662,5.730793912592915
7.929946701404419,2.098963928022655,2.833709675373459,5.305830523943982,0.4865461028373836,3.523613657551629,7.728961650771378,5.521265009461118,2.334555708601979,0.3650262521017389,0.5538267873563001,6.727044758178455,7.106912256307897,7.993483634229911
3.9235278622210368,5.915747194737125,4.953136082875624,5.847055538409901,0.8830163952247929,4.166400325577936,7.702585010740549,2.8258947980706743,0.8301354177700411,-0.0788381656300671,2.688260668522084,8.057087225312525,8.063293905236016,9.940891957014966
2.2818936815433526,6.980611397827862,4.511751071219059,4.9308506286925855,0.8544775445873256,3.922674282544506,6.766533348472581,1.0916520745944958,0.2184937016246593,0.0836298382709941,6.167199130210069,8.3245139178218,7.179569557928858,10.210325037345545
3.898269071263646,5.501504454272559,2.649615274789319,3.518374731355045,0.7478780321436105,2.724577815505598,6.11669730703877,1.264585565560271,1.6065003891743397,1.6860300618654875,8.656790512169962,7.812303127184197,5.713874284101593,8.96601710866685
5.086192366677143,3.430300651964449,1.0969796529418012,2.524133347254601,0.7660315772120008,1.1116531717307003,6.350266976084161,2.982310404572136,4.5009245008183285,4.447581125219415,9.069623961823606,7.358157954546485,5.035704392753363,7.790235836467474
7.019718772695578,-0.2620309258590787,0.9457215804543502,2.5005189426794274,0.927425638466179,-1.1525648811548437,6.997692750128671,4.815949303564718,7.115041859239582,7.108177500085166,8.540180952474444,7.638300586161524,5.611536347711937,8.041693659308251
6.576004132388483,-1.306100652765653,2.10421522037311,3.5844243537220493,1.2206926493033272,-2.1344168810107047,6.9656921452824605,5.302326157695006,7.783355784917965,8.305406902473603,9.113103551216028,8.438894473003533,6.7954223755661545,9.40768782444662
3.109379847127795,0.70818173731536,3.597442163202178,5.42007304817033,1.6670426127578928,-1.6213851366620933,5.485020536481237,3.9824135065405777,6.291123562934576,7.507978904567164,11.384691809916465,8.603965289821886,7.500460664034275,10.150807730570694
0.199697120093729,1.8484282568915116,4.283438279207612,7.098300355505515,2.186741769457857,-1.7641820283179122,2.768504447780039,1.659292962831266,4.001820204108832,5.327190434832847,13.511907105093831,6.8510478232947705,7.039259352528838,8.770234357500115
-2.975497116914254,3.094993827025576,3.4638669392934567,7.43544241463043,2.487999770552129,-2.1310084113536263,-0.1316281712452003,-0.3094364714843323,2.692186045532896,3.0249239390540126,12.718398288771166,2.869029773631386,5.421508740418084,5.372937054287423
-5.129925555564311,2.823985437751021,1.137075141397002,5.663061949222119,2.2308995840158694,-2.556505872999748,-2.1082356217224785,-1.1155839242157235,3.0780072648666845,1.6085210889124362,7.901372174483463,-2.2380468385974126,3.0558129158903533,1.4323629391940251
-5.624971579255614,0.3422856245238641,-2.079504876137157,2.062629269062434,1.3951574954223886,-3.371389889082477,-2.774543850553801,-1.11058984290219,4.248509881362203,1.165169413250922,0.7698022737260999,-6.619158988949394,0.348863126896596,-1.6870266876896558
-8.299423892095717,-1.0642279549678582,-5.235175818035007,-2.053653307070075,0.4731276568809193,-3.17481316723074,-2.630519814215696,-1.414999017986144,4.458471527047703,0.910395958549966,-5.622276251131705,-8.955569022139425,-2.402565371938145,-3.860915378789173
-12.860919897270866,-1.863430676211309,-7.425752853849698,-5.105908115232342,0.196435277689325,-1.9449175862434536,-2.534313712773084,-2.8486707611055277,2.601301462077437,-0.0853421713864683,-9.492727239102386,-9.286671884784427,-4.903468601008456,-5.900096919634546
-14.854974193799444,-2.505933317062825,-8.143111076342834,-6.18421459368653,0.9496632395773226,-1.17061089637198,-2.9400227445817606,-5.104842150901263,-0.8682779104876381,-2.046364886262321,-11.558391654096273,-8.714796864457332,-6.835957724091134,-8.29378012669611
-14.704643564303282,-2.414383827019281,-7.446090925067185,-5.462987334533645,2.382146792068202,-0.6146276388688279,-3.5286680319620505,-6.921058976504554,-4.316317606092998,-4.209832536353183,-13.821259199307846,-8.327788026875892,-7.991392723064163,-10.45306836869752
-12.600686961961124,-3.724649741288677,-5.862114496589895,-3.889933482323324,3.61417393114651,-0.0920646892988648,-3.531725726851228,-7.141917236520115,-6.257840241474199,-5.379764433924308,-17.308157434928816,-8.337996155559114,-8.355031735184395,-11.291675341925911
-7.540042091682602,-6.475320893789395,-4.079666910194657,-2.53358756976332,3.909879759454249,0.1344469226497693,-2.483564053096736,-5.757949788570604,-6.477734935298221,-4.888783259344377,-21.055841926259426,-8.146606117645687,-8.01566479219303,-10.489834221561017
-6.597977080509865,-7.835443979791443,-2.6271619581986165,-2.0960262775168506,3.239002511757024,0.1306841134458572,-0.7750744354820327,-3.993462578033892,-6.016583239202054,-3.1691641304193165,-23.197544096338163,-7.144043339045695,-7.075404957026635,-9.02814956405268
-10.00369373744168,-8.108689288225563,-1.7287625377304856,-2.763675099892952,2.2245129250634683,-0.183546643595037,0.4884800007132419,-3.339075869570273,-6.12216452979639,-1.4527080572494953,-22.86930925783417,-5.43576551033207,-5.785605863423562,-8.352143647270267
-13.304243506821969,-7.459257017506487,-1.3744623324547511,-4.237670950912291,1.5368238252240047,-0.9608917275036748,0.2781084772895692,-4.342248071126173,-7.146712510634787,-0.8521636058178537,-20.981289660034413,-3.860376163826283,-4.773147837727121,-8.993365171127072
-18.11213668237216,-5.284267929225964,-1.467104542495198,-5.801904764810038,1.3246623247233522,-2.256415410828996,-1.512191444483081,-6.159465455572201,-8.3187040125249,-1.558558119712119,-19.193377046293108,-3.343457934506416,-4.894331811595764,-10.062022873127091
-17.742754971700126,-3.8039504615452095,-1.867107094251052,-6.520088229158117,1.2341701672641392,-1.779155980862902,-3.8470981441129792,-7.201999636610815,-8.460261595864107,-2.7342582642988287,-18.233752333946047,-4.148100999462503,-6.504235777462753,-10.112937396386082
-11.188151305287134,-2.9630597941594994,-2.2912865081092946,-5.694015762703416,0.9604355937674844,0.6287515264745863,-5.17785894143584,-6.321882703408521,-6.92168262751942,-3.1069696420418245,-17.238958854478703,-5.578501512420103,-8.663865842962812,-8.470977535253507
-4.545557966719724,-1.1086367456750312,-2.2304714453766827,-3.411112224832213,0.7096073855851648,3.978059012385064,-4.466202251720564,-3.6269778646493007,-3.972836349224896,-1.8124991253022664,-14.71256408588822,-6.327070642844586,-9.235854054448764,-5.698796616679802
3.934726951741429,1.3654038649874594,-1.1163039343983892,-0.6957333302614517,1.0283293498849773,8.897598479886991,-1.8418302230061696,-0.3838343234323096,-0.5050855562400978,1.032923268435237,-10.152642879680872,-5.259865934728451,-6.263660485827986,-2.8847149113814456
7.747513306226924,3.3323255120930675,1.2383572935445084,1.0743673809814225,2.147469692659328,10.83081594451283,1.565672564859674,1.8418163049451808,2.5362394669085155,4.329585877066471,-4.817724902829276,-2.1922288063610287,0.2181491446106478,-0.6597786063490827
5.555781374731145,4.918074411818774,4.247005897871482,1.1868250712795383,3.559433506290417,9.396886964456348,4.422839115625777,2.176656562512395,4.539612979971755,6.570668408923858,-0.912202048191442,1.8371217150823247,7.552794017778863,1.0266175234916342
4.83429212882234,5.548705253790275,6.658135974307099,0.2106428320428828,4.353481247569899,7.419983463277391,5.967201974672772,0.9195212643564732,5.331421960751015,6.72166328657752,0.1208337530512313,5.07042210995699,11.933150514643598,2.358398325528716
3.84413641814264,4.90253727931895,7.285406356698734,-0.4335479173831259,4.024198496671136,3.7233450568829487,6.224937415699703,-0.7580321138680084,5.132747351071709,4.898177887929715,-1.2682323499549517,6.105153332135602,11.124155694343138,3.201312734420929
3.973213391527946,4.674410017298944,5.879955086574617,0.3183693170539285,2.9184982304040776,1.5534556358675242,5.654444571858318,-1.6512678567594783,4.449457060490714,2.3500457173662346,-3.1489152303060104,4.835036278832934,6.270829611425254,3.35062182692622
6.409551620651758,4.699977422591148,3.3841047435621703,2.243423261093082,1.833465658780666,1.348662548071523,4.646548568264041,-1.3187754828353455,3.849574145135839,0.6630955634043225,-3.7022998152757225,2.504904215090352,1.1484789824326582,3.075288616830962
6.767481153764842,5.263993473856257,1.237766051372641,4.055975863396996,1.1895250760082705,0.2703593504696009,3.321924010621613,-0.2905540871617136,3.647971986840679,0.6877750245885395,-2.611917991707095,0.7382619322332848,-0.6796196828098999,3.1091358951880927
5.582792827123074,6.763040528665791,0.2639382094488742,4.590560695340065,0.6699993069920658,-0.8663599935132138,1.702166277259539,0.4353973258852592,3.704834486840265,1.9892979505588828,-1.0784819000067043,0.2653490462155181,1.5196374209710166,3.9201547458354233
4.4846276363619495,6.454608095851424,0.1111388611701547,3.8086832817447256,-0.2975927452530045,-1.837554144673404,-0.028358213034985,0.2105357809140109,3.559527689234776,3.249624326398135,-0.5402364763426295,0.4287028641708454,5.40937137686727,5.062500015027892
2.7696911085282445,4.35497009163311,-0.2444562871181794,2.673995192183905,-1.7878871730699943,-2.932030933438848,-1.4914710820312471,-0.7547861505453639,2.8496524012498647,3.2914400036894023,-1.335852630154358,-0.0693288890617163,7.766289591731587,5.45102688043414
0.2207674047210811,1.1950632877641332,-1.4395769446717557,2.0841206924591447,-3.221628612308889,-3.4740515885571326,-2.3612722440201,-1.5625506047254758,1.6606602376946178,1.8970459009820764,-2.5347381202433543,-1.8329333133359464,7.029529494746866,4.393932557073899
-3.1036098074824032,-3.692271422018763,-3.141372609337626,1.989299892922879,-3.979637658393492,-3.458415271598624,-2.63590607258036,-1.3312214222712728,0.4570878350187799,-0.1979897109739345,-2.998219714655364,-4.108315677491769,4.039844270913923,2.3248179311275994
-4.109732453485668,-5.30790634515702,-4.471269835667552,1.5873836409018396,-4.060561129224124,-3.385047683365156,-2.644157133052561,0.0982739854071885,-0.3867207202757781,-2.0431646914834456,-2.557049226262528,-5.468352800947709,0.6854963757562604,0.4464820730248595
-2.539108682005353,-3.311828220252516,-4.934920612675601,0.3305406738627425,-4.001088482475081,-3.126022075665969,-2.7491741661440594,1.9710979488721936,-1.0329601204778769,-3.2610531069962123,-2.1228378370847505,-5.227033542168352,-1.8731873068596891,-0.3518924830794261
0.7385521631560358,-1.5216287346946606,-4.8761932207434615,-1.358434771360037,-4.147701128954073,-2.9700048407697346,-3.0228220652083184,3.0880535766647883,-2.1380597462564443,-4.222888320047541,-2.637785912781635,-4.18251859233248,-3.6368406280099297,-0.1953258372696642
6.652362088945464,1.236405435944463,-5.018410236867705,-2.4233060075355635,-4.1647822487476605,-3.013855619355065,-3.222178822112681,2.623212813770664,-4.257878177863172,-5.509433333360073,-3.930313790923579,-3.871511792907114,-4.7934122385234685,0.1147386349913688
9.119237817916286,2.2165571655709475,-5.620838961453363,-2.210601918325458,-3.4327011359394,-3.128533671667943,-3.117904582504454,0.7180189864398656,-7.155229801346167,-7.170383243786159,-4.662122189744091,-4.992290188131932,-4.832313766556106,0.0178039380377645
7.810674179942141,0.7495204810762904,-6.141214347224763,-1.1371156705297878,-1.9494128460459643,-3.4311531338611463,-2.8460401078474105,-1.59278148413184,-9.63965819738046,-8.459958250171123,-3.508200493422737,-6.564824763241051,-2.9815458026214188,-0.3107307400231098
5.911163863452742,0.5546225688304306,-5.728068236587143,-0.3175521316717624,-0.6731115682219286,-3.456012913613025,-2.867181938415558,-3.092550421730545,-10.20040080731622,-8.316096488041175,-0.4835577171423413,-6.750285741053694,0.5085397630940225,-0.3347789542228483
1.8961362770165275,0.9161428534768704,-4.023173069898867,-0.5202317784101202,-0.7507052021330916,-3.1902010032375188,-3.482139586546328,-3.1964158673491223,-8.043558656078188,-6.209954108163075,2.900076673086959,-4.595326817991645,3.889528417975423,0.122226459273051
-0.0474898836669482,1.207857456821236,-1.5040911239189,-1.440730245094814,-2.286321372581436,-2.947219665467691,-4.349959668176032,-2.222637042936337,-3.756376682296262,-2.6529615327613234,4.92650202254908,-0.975045543072076,5.150912055864384,0.6593037739560312
0.5206269508291839,1.9704679970975003,0.8927893393800375,-1.9383454322896467,-3.921364811996333,-2.626622470344507,-4.564579360107873,-0.929468946013528,0.9527476319442698,1.0810416110239522,5.293584698597686,2.235131264891069,3.941539698502553,0.8066038752905555
1.1980368018317833,2.251262649251419,2.457400535277329,-0.9949819510751876,-3.80083381012338,-1.821375843980733,-3.357984337447637,0.2224735918011751,4.297421438144808,3.803540842447101,5.495762713914342,3.925203660737937,2.1630240527649303,0.646068964070551
3.093879312481928,2.051830880033881,3.1048962180539004,1.4252803558503384,-1.1471911661709004,-0.519712546887119,-0.8390808091747948,1.3721089438045553,5.491440468611193,5.136781547733292,7.458963781055274,4.630032782036491,2.3691420112184245,0.7947379324625432
4.017357085882417,1.4403528016961642,3.256180815842105,4.275597583607537,2.9806981117704323,0.3078785001021269,1.961534134032279,2.8498428257886914,5.087070285979807,5.54829146289987,11.580008138765995,5.614067708395799,5.315628139252903,1.6988896864935716
3.721349904970704,0.1821651723688717,3.415439574232308,6.099120735469976,6.4325526504447375,0.6871039705120667,3.856074694872152,4.5001338469539895,4.365779727044626,5.73041309234065,16.022030556532776,7.165291114268613,8.998589099074465,2.9640831975663247
3.3397502499886405,-1.1613523526072331,3.805231957668723,5.94208373504254,7.5244500627521615,0.8406281800009126,4.389769795101656,5.466699872661515,4.278597754245563,5.9003692290157455,18.060144699392676,7.995118021452419,10.20877514388892,3.474631082646887
2.2843166077437957,-2.6470386267859585,4.262202798189854,3.8881279943812856,6.047272744163812,0.5341223199932396,4.026625643661027,4.747399410570073,4.740252052119086,5.619945248125291,16.351452928168,6.5144219934832766,7.255466122781064,2.2962678004104493
2.2137975861826176,-3.1231106412902334,4.386119919656212,0.922233509431158,3.013657240217112,0.4714096877280077,3.5057404046947696,2.090617942949032,4.797867036665338,4.2649960553473285,12.067534627692886,2.742134585738808,1.4198143301320325,-0.4318826925434385
3.270393362831355,-2.3566260989530288,3.830357622880131,-1.7149427060077729,-0.3354703050920635,0.6549826885237698,3.0895682508941684,-1.5476243937058625,3.537450577547406,1.736149087602194,7.855718293528895,-1.180549952990945,-4.0818560020880295,-3.4402493208261387
3.8359982558702055,-1.95802211103174,2.583144919596579,-3.229919411692739,-3.205676466841421,0.1975852172184911,2.4980348904702447,-4.4337671279439945,1.0232265249774954,-1.1865130276918894,5.633766370048104,-2.5751198621248106,-6.567247531796422,-5.184479986829016
4.263770048950801,-1.639476970456977,1.0743342379407377,-3.592824549270616,-5.156827110152028,-0.8038788186570036,1.5342427479284837,-5.117067742022316,-1.5138240752368093,-3.1747719717051783,5.272358911897545,-0.5038721250682912,-5.609050678428767,-4.893861329946427
3.8335959581537447,-0.8233097441387114,-0.0080157823135706,-3.3054716119339678,-5.760200547372867,-0.7604428892891315,0.6146476622203529,-3.3636572118383565,-2.491056614817661,-3.185779969310768,5.2707994247301375,3.41197268746577,-2.7776279458369397,-2.9793387755329643
2.2250528441845736,0.2727039310770975,-0.1354784388546068,-2.8491840429049677,-4.71017724533328,0.2977456020415694,0.5134759037942285,-0.2823551003649296,-1.2228420502980957,-1.2091040742326804,4.582091779138159,6.410232589940819,-0.0526655470746422,-0.5684757807349952
1.78748411933784,2.013283474027065,0.6712593115975869,-2.274062344831965,-2.346553698516757,1.4956014108706004,1.5332986703060758,2.463731474710165,1.4340461259125314,1.6524696622689206,3.737754403961678,6.903477173817855,1.5106772279061804,1.357227990042833
2.394047421506074,4.4871807073347805,1.7964985290864033,-1.2783409730567672,0.1795354240910205,3.176393463205868,3.0211183210682915,3.7929534749424114,3.680447141518569,3.8835600145783262,4.253792470775907,5.58133314158959,1.941296490759869,2.534669849222288
3.602687358292555,5.240634934727851,2.424866102278981,0.2949988824760554,1.5915408112790113,3.2906777949280728,3.845327676241664,3.83597063283762,4.196933061416934,4.538060027758227,7.008722358176909,4.4381446176148245,1.7076899564133203,3.360379500336764
5.940364592920455,4.164066979446063,2.1272366474718845,2.029138178041336,1.5031391411414474,1.5762254563132485,3.427249631653868,3.5785543433461973,3.1485667059583347,3.7491629853656727,11.17694233112421,4.82205732456894,1.187236944908611,4.368873262569181
7.513327657904126,3.2890572071791766,1.1977549101445353,3.07472133276984,0.6964034360216083,0.8307561183404475,2.28240843550158,3.837192843320895,1.8379081686226848,2.39815078437097,14.670000621931935,6.371403263910547,0.658277661464918,5.70932144591351
8.297257567690272,2.0774475867760387,0.4706307250810728,2.8748248055038883,0.2835158390822672,0.6331242551887527,1.4960667495505455,4.484607706524335,1.351542486765391,1.303017074591279,15.660891254839894,7.678220135037124,0.4937531231849243,7.029488711458809
8.55502530350201,1.7155899061060491,0.7533437086395738,1.8640754078474109,0.6020723051216785,0.9527419719078336,1.6551759253145026,4.65249450610446,1.5742024622389037,0.6809634845735437,13.92302601391638,7.840928995684919,1.1142164382989117,7.860415287370564
7.792415734877124,2.583963803102683,2.311906089737281,1.38217346115578,1.0316208210713502,2.3196241384879728,2.3184707087654632,3.7302398925844615,1.5886739259797564,0.3033615891803231,10.972543386817424,7.345643080841871,2.697586006159036,8.182952216019645
7.518729050027057,3.1235323625292577,4.757439096115021,2.6441013714387447,0.8962256237496442,2.9026520503321582,2.539064773203428,2.168857535176975,0.9934614998615652,0.0281828160608665,8.953768331463577,7.495907869461781,4.975871734736478,8.610306452590336
7.680131098883034,3.699117353142244,7.313935554406803,5.524662286922647,0.3620686278897725,2.787671055319921,1.8598299357513035,1.2119894828177085,0.5951781272409248,0.0310373659837059,9.080202742087916,9.003810129374758,7.300708236813919,9.848497595512814
6.778557050017144,3.54414161687625,9.167331949395122,8.282371859003018,0.2333026874434175,3.1107820584793004,0.7430286218988555,1.6974497617209252,1.5321439354752615,0.4524284271734942,10.720989526405395,11.06965621619974,8.84784726783291,11.775971950206944
5.030085583422846,2.367595297261571,9.6730857537336,8.682575790158957,0.8598753942742916,3.548206865135985,0.0327341307694064,3.05596875096603,3.655482414050461,0.9056184085824008,11.809833288361093,11.783143924669972,8.804049232544205,13.060870182831904
2.178928099989257,0.0855687725974496,8.486001449693184,5.749850995332094,1.4911390625684728,3.242138113153535,0.0720068497795631,3.574179782410269,5.0358039630635,0.5313719195062334,10.367179772096312,9.541283803155746,6.60900347486482,11.982461193236382
-2.101043571500534,-3.674970956406003,5.766137632068425,0.6984201402491812,0.9751310395070616,2.242511717812529,0.4184380641146719,1.853715565537904,3.489551704911503,-1.2579018808513776,6.079397662894759,4.367405370396631,2.3654012351715936,8.015217926369685
-4.343144318927048,-5.781877111224639,2.3606939120741623,-3.833315996041103,-0.8619814600728248,1.1220175086786646,0.4078705554884756,-1.7816572461316618,-1.1233054833341836,-3.998500607351389,0.6976775951628977,-1.8955495088656893,-2.800043131081752,2.745425329789054
-4.438414028168118,-6.162449077061553,-0.3999961874484372,-5.706679182127976,-2.735158101205107,-0.2876273565221031,-0.1114905794337532,-5.261859603480803,-6.162836464200447,-6.216633334607264,-3.184976939287579,-6.708107280731838,-6.938345582624548,-1.0192414716796891
-4.427267913037636,-5.2773755780577005,-1.4579595506213128,-4.822318493914949,-3.03237670048629,-0.2874948209440808,-0.7026280088229075,-6.296807334761698,-8.086580874022324,-6.469159135887111,-4.120007509967485,-8.50518429715892,-8.287093278692133,-1.501956151679189
-3.4993659507436847,-2.2704673780618654,-0.8915455097110623,-3.036528570899021,-1.4986759687772957,1.3643824392010515,-0.973238123052032,-4.230314135113511,-5.466966533440695,-4.599453961838437,-2.9432139741209697,-7.719104688977438,-6.551834982341632,0.3491408232648512
-3.722223393069703,-0.8560308296721513,-0.0656319807060619,-2.5650200863839148,0.3216522915900845,1.963960457654845,-1.1437694304809494,-0.635026143939986,-0.3883527476015569,-2.0783252167724235,-2.0301151056253106,-6.372194933670668,-3.396716387128307,1.4361463039500753
-5.414293709161278,-1.0540594662993616,-0.6783296334557032,-4.195946022119308,0.4927230917189993,1.8401182053221552,-1.8234541110322784,1.908683827334129,3.1975891298395123,-0.9681755899385092,-3.189511602180838,-6.480307993417952,-1.4838693614425362,-0.8656027560949671
-6.556324161680267,-1.8410884370397549,-3.3241531922877057,-6.715632031554195,-1.361006100891042,0.9245228327810386,-3.1678537291719544,1.8658864520725,2.8084532291246727,-2.222049269072144,-5.9680766441197655,-8.444918957690433,-2.5670250801624697,-6.215565235534185
-7.665243667185772,-4.126526599501232,-6.810751281105089,-7.922822631843108,-3.510814294901164,-1.350279194492159,-4.366157711757462,-0.0682953839402786,-0.487183201956892,-4.706637377854121,-7.914708384680298,-10.708024214136362,-6.0731090687802185,-11.215266636045882
-8.441879385463102,-4.749368951915533,-8.961378365485643,-6.376778841001032,-3.618775142901257,-2.181788210879637,-4.169386362588334,-1.6206626287151416,-3.0922273831380367,-5.877649907981308,-6.717814019736229,-11.016061530002888,-9.378341712351574,-11.991491598069622
-8.598031701670926,-3.616511261104704,-8.35000503720594,-2.546282886716581,-0.9184588490392104,-1.6092312128821893,-2.101505277833807,-0.8571899102124128,-2.0850851783140616,-3.7291006283817785,-2.4474076040126835,-8.332978988721429,-9.685223933248356,-7.397543364866236
-9.170492345528457,-2.009531788976152,-5.526880821240164,1.447802215992244,2.958841443477845,-1.1224224770164264,0.8038145271944832,2.225504036624458,2.2217416893927524,1.4688554083242695,2.093747276421727,-3.8364814632933646,-6.107053311354065,-0.1741988929722726
-10.041400447371124,0.8383283616470696,-2.667755756598152,3.2647320679606078,5.298591765292319,-0.1364251881210243,2.559686295462819,5.687513356500677,6.557008331923834,7.078050550694348,3.3766428509882207,-0.1206505490540648,-0.3707615886700814,4.9257792117066375
-9.867257467686358,1.650300406329552,-1.910481104914099,1.932001377855859,4.57829565051726,-0.0772461221797427,1.7055995266512325,7.134397245058489,7.472500278267615,9.835581853810243,-0.0579917393498528,0.7923801845696454,4.380135484684459,4.576712129213721
-8.720362138263036,0.1709079142913356,-3.7305228520637055,-1.485904728341949,1.6863776566210746,-1.1781056344834595,-1.5376288045230833,5.4769724577512005,4.187712260230235,8.165058904755018,-6.343361820133592,-0.9970247485480545,5.757398196739314,-0.7923803396821314
-6.397132909561701,-0.8104873760280997,-6.623825740344871,-4.569573141987954,-0.9247490143667751,-2.426193142696456,-5.398861664002659,1.6595092623570775,-0.8663484170372753,3.310183547827986,-11.66051131041188,-3.4284258803927665,3.6670341116635328,-7.482038495428584
-2.535259914605305,-2.037113095553663,-8.259124028563143,-5.11407127157438,-1.320868291592426,-4.223695298878162,-7.803168701869199,-2.044179311799611,-4.110205059528253,-1.5608006927694378,-13.12861687935888,-4.190024089311814,0.1509596631229781,-11.289918874323815
-1.243376546374575,-2.0010052106784912,-7.140255104048464,-2.543681862779286,0.4239692499125196,-4.585827520563647,-7.683631587678899,-3.543592603789838,-3.6321677750486856,-3.589716877182937,-10.842827826955665,-2.533059444026871,-2.249424700838626,-10.385852374972764
-2.683926472652015,-0.1995132122588153,-3.561142350672005,1.7581378853871086,2.505896780074208,-3.264069625298387,-5.428576018198999,-2.2225927672091297,-0.4489217718069438,-2.142094812122134,-7.486311994275679,0.2548809461410499,-2.3391832528513223,-6.254648498066446
-4.547206096370682,0.3328469407590354,0.6983745381794342,5.402209884809048,3.026751899581531,-0.9952410429613968,-2.366880533406408,0.7283396411092649,2.630387946945146,0.9541827548882638,-6.033446604782037,1.977749295703818,-0.9671376897070084,-2.281770244470802
-7.824893893470467,-0.0404434224454992,3.5628766481423484,6.555270896436783,1.507891488082386,2.8252543130529144,0.129187070142317,3.070767465629901,3.3770651938186687,2.9204583705032388,-7.57036091358467,1.245697562501534,-0.1243149817274174,-1.2675177807582496
-9.29504647456244,-1.0870188710161697,3.874023309399788,5.02756757453356,-0.9068096524291608,3.6982970155097226,1.312853300584889,2.9284045720843386,1.7390860470426506,2.09989378372501,-10.928282867603777,-1.5546174708307072,-1.224898287955677,-3.712363057996744
-8.550668122291713,-3.404430501500608,1.9185120669994364,2.166576917917196,-2.529367960641915,1.3101877271282438,1.261174918559513,0.0337704545081218,-0.5042560385345705,-0.952303501559697,-14.115131374245593,-4.633456150367903,-3.982902327901861,-7.900748090234363
-8.55222181419851,-5.112356766426116,-0.9141678385407624,-0.2803116656675435,-2.457880047149329,-1.2148746220137387,0.6462632179858958,-4.027881695480707,-1.515518772649326,-4.117226829879484,-16.06828817631841,-6.106848870252899,-6.791841354830772,-11.4234305174778
-8.513412932411647,-6.276103082143794,-3.0329167666931856,-1.4220374353275362,-1.1164390176651238,-4.969475468562591,0.2162257920652051,-6.892329397083525,-1.003092166317289,-5.511062674248104,-17.242218953747514,-5.301568580397679,-8.228490020191545,-12.85993513404959
-8.462955927923113,-6.486468593710573,-3.555853082620424,-1.6499685785047928,0.2555682873170637,-6.061258115360449,0.2349848844087727,-7.1671624119399935,-0.3546541031857062,-4.9504034518606606,-18.76396938491964,-3.23805917354506,-8.315188173117175,-12.442425833465858
-8.767741709512713,-5.23819399115191,-2.7260198753371028,-1.995806103892068,0.6128852997972549,-3.850070843323867,0.2815037041576635,-5.52256388399144,-1.2959819528619976,-3.89207447823184,-21.11048189907981,-1.9781614560637653,-8.400613680128568,-11.422975717990193
-9.222071053730826,-4.295098130992937,-1.6069262502941657,-3.0639403873730138,-0.1802046889583737,-3.0991510395283344,-0.31350453842574,-4.1222421637156685,-4.2785708255928805,-3.965565295616673,-23.49580700937141,-3.1677806748873434,-9.80101086981345,-10.855623975680004
-9.985912553036956,-3.4386943359603728,-1.2568353348682613,-4.492101331577761,-1.3790206729261874,-2.891222732713272,-1.664096817956648,-4.743199754877036,-7.976927693737737,-5.4571321417378025,-24.41867491061266,-6.686200075119011,-12.496579107000848,-10.868627354471254
-10.645094674688268,-3.472382675531383,-1.9460907069216176,-5.37510019074787,-2.0236178722065468,-3.1465399913661534,-2.935507420139832,-7.1757254344262975,-10.327413287872837,-7.134633945934843,-22.861939969682425,-10.462966606477108,-15.087512779753812,-10.966587060198584
-11.207351446059516,-4.826172642953213,-3.010381581264334,-5.201512073588964,-1.7233107914841566,-4.641504221069758,-2.925584888247557,-9.372680269589353,-10.227804291307637,-7.513717398954741,-19.171561189606077,-11.849460046686232,-15.98509436037004,-10.908248558159208
-10.632773338335994,-5.922727671692863,-3.487752557443458,-4.393660336430607,-0.9771533452120892,-5.095951659531044,-1.240266636951224,-9.266616356297174,-8.418608358062615,-6.26444515446775,-14.906116982767706,-9.662079310724796,-14.672939128890732,-11.135393828755552
-8.709817832319963,-7.060431223760092,-3.021164173804899,-3.9270048408774176,-0.7609427173909715,-4.653406693988425,1.0861812982272718,-6.598266252186836,-6.735750273614473,-4.349138813915408,-11.70387561854377,-5.202942112906488,-11.9201543440208,-12.184953888816771
-5.89019129602316,-6.552709931753833,-2.2058342738759045,-4.367697503166767,-1.6541102609461138,-4.25815799607294,2.321612881815378,-3.069676621053497,-6.362962071047198,-2.820361632362878,-9.986365335961851,-1.218460071173543,-8.916711558677855,-13.645330081435864
-1.8081551683437571,-3.973106422687172,-1.9967829129795376,-5.216897724136614,-3.1993258684970023,-3.4848510533498627,1.6111585982449197,-0.7394869048385901,-6.682895739521716,-1.6277203046578896,-8.559200525002698,0.4257441572438321,-6.273872139125903,-13.88447363424261
2.597585144197026,-0.9782450393915838,-2.680946318649113,-5.193341687865033,-4.092731637887314,-1.8472759888180308,-0.0822600430957285,-0.2494532559708013,-5.867971713401531,0.2318144678258034,-5.586358427625921,0.2571617042590342,-3.774188412698998,-11.15972341795169
7.321921051339101,2.9643333656397366,-3.429233182662613,-3.2706318832792114,-3.159285344601952,0.6755097750936789,-0.6928148279252422,-0.5467759929611611,-2.7555523249605938,3.3571187332241945,-0.2927665908886676,0.4412724761019992,-0.8933884629649462,-5.284801180895889
9.799057546235504,4.707783753174194,-2.9750253048566013,0.3677073980883869,-0.3624741107761546,1.9438586352215927,1.109944237104053,-0.211236978583075,1.74270650141408,6.88346557696633,6.020356894634824,2.464692404931729,2.5790505068221954,1.7627069785963174
9.515276072043942,3.7864196129287326,-0.8699397543718961,4.238994931468859,3.0132226135227573,1.905540420341986,4.6226436294388655,1.063618844793425,5.12898466051592,8.98384781417918,10.673095609615444,5.520950634256632,6.387811814431591,7.091660715885271
8.860212248788963,3.265983295157316,1.88912073697136,6.442865385389659,5.21317523882048,1.0988933453982372,7.5627628865142364,2.293904162678482,5.378944566666169,8.543122490019547,11.613290334061375,7.186186808132254,10.066510226808443,9.034164169377288
7.066299599587651,2.337502084400333,3.549903643542225,5.883690088552581,5.232161324037015,-1.0501707791730934,7.870722415007111,2.3442971669401143,2.6923732094431445,6.293011325834374,9.061983236623451,5.6862099927318175,13.143455862366118,8.2401483212718
5.582565120954987,1.6703514663440486,3.0448833922780603,2.9693723248514523,3.4334986797391456,-1.8619761489709323,5.246362182098416,1.0796503255788117,-0.7315024597787327,4.145557271929876,5.296009491056779,1.4999875948499986,15.054993458224736,6.719189654051236
4.767615147767159,1.7112883440501083,0.8647513367340696,-0.6811499584721039,1.129224845505342,-1.239393154316285,1.1528938815924843,-0.6283436161592664,-2.6977562072657846,3.291083704632803,2.6930680600429437,-3.194575890256399,15.02014903716062,5.787955564236478
3.5283391168076945,0.6486203863797231,-1.4181733352772912,-3.288868306914911,-0.4524975178380805,-1.574794433920207,-2.499242988151635,-1.8826674466703484,-2.8904587247611877,2.9634116659892333,1.8101457879237688,-6.497542861353065,12.305477288598269,4.952148371570345
2.328231652269344,-1.2986277973807865,-2.4753191897068247,-3.995623137896594,-0.9577660332657882,-2.3331623825103582,-4.65206643059648,-2.571890083051006,-2.8523855885607685,1.2088074942877962,1.2987215508823526,-8.11335498810973,6.922674846052086,2.8214807687436343
2.584584739387981,-1.4129550367421009,-2.148850565885449,-3.2717007266492293,-0.9132932989121608,-2.1588649934907265,-5.307481097228745,-3.181568630742574,-4.171033965906056,-2.975527331214439,-0.2770842331056542,-8.835639903280754,0.2146613594568394,-0.8819780819165668
4.4172496666227765,0.2222166740974803,-1.2358060581156074,-2.430575097188803,-1.0909318313753509,-1.2743826834918186,-4.80642996831148,-3.950546508705931,-6.706228755827024,-8.198050035345274,-2.539559931420908,-9.03935412391874,-5.368178308819214,-4.298165565361321
5.415946747187098,1.208408571991895,-0.5308627636413068,-2.621297251399673,-1.8234545600814904,1.3554023316428074,-3.22857928548826,-4.396802495197735,-8.592307061481803,-11.42430217029326,-3.278641225583835,-7.996251802598907,-7.444744111853878,-4.565092628730371
5.820142341944882,2.0241374027866392,-0.1358031624871793,-3.9782796113621073,-2.7850150684276915,6.115333156362786,-0.6282915450445365,-3.7454721566631175,-7.963830221574446,-10.36769137695808,-0.4620414067458465,-4.762884289544619,-5.121214834394033,-0.2207671618544893
7.30542775421486,2.435539039459313,0.4067303143834384,-5.478125815316574,-3.325477579596918,7.985897182477903,2.286501312041967,-1.7631967263934205,-4.702765163851001,-5.3947695257111485,5.625552640374179,0.4317928318837207,0.425371571596526,7.304191797402121
9.5097118887824,2.01427996647077,1.4908129302159,-5.599706872936494,-3.045103136754185,6.950277359027128,4.052145705022158,0.906265125473765,-0.5765385213129943,0.7485818980390772,12.242862224663243,5.918338471175408,6.70546640811701,14.538693039715785
12.940353169152605,4.00549465331326,3.0456359140304183,-3.3814209589049704,-2.153256003996513,5.411545119675667,3.380632792809502,3.2298790938594744,2.2605240520394805,5.091639835813628,16.31843410297398,9.796949730159202,11.462702887035958,18.53180114783333
17.924475599151325,8.455274751939884,4.665796905577018,0.8094476879137265,-1.314305862446302,2.2160085933022,0.401056629160041,4.56547515062435,2.9409878593471355,6.539946114792494,16.95076350732813,11.382940801219902,13.848272688595246,18.974050073023147
19.83130589351172,11.102543688917052,5.991530335609824,5.358559839654381,-1.05543350977084,1.0685544628467916,-3.045403809213065,5.003499335439086,2.284217602766144,6.214420703313471,16.024737688563377,11.467364647668138,14.473619491217097,18.131623960964667
18.49653854930794,12.426310983505656,6.913000287995255,8.37636005000726,-1.2000899489915766,2.3663974339122404,-4.565478324262107,5.091611297943047,1.7865785016577742,6.039540988897029,16.427833246225035,11.308279064351732,14.567662674930643,18.74942959149493
18.256120446485795,12.656008444575049,7.493968658518253,8.946143874436338,-0.87933767033975,2.6212103230324715,-2.9866735887606186,5.357535029839319,2.2940347432739987,7.057142317028267,19.497443394282644,11.536760197603234,15.05903471346113,21.7527307007243
18.177673748826976,10.89433176314875,7.811685069655199,7.726344708441278,0.7305951387461818,2.687502134098935,0.733518089101084,6.055939639353542,3.4987837615583253,8.852359398176509,23.89673336653468,11.9975670604827,16.160494541916883,25.595081119070024
16.455319701559684,9.845372019650982,7.880232478314241,6.38162971203468,3.483676284456081,2.355900484955716,4.226627776741358,7.142909456779561,4.467716201611198,10.20801128987337,26.73682843802028,12.322637810340533,17.420840524420438,27.58100304902655
13.581106585632003,9.362147214321135,7.635826730472178,6.23226779410053,6.0355408032723705,1.1311838731848085,5.442682793951427,8.259092759328148,4.527472562195469,10.093766718298992,25.85408855319163,12.310054249317004,17.962029768109318,25.893877066409285
7.613484272981371,7.514893474244013,6.929494061858927,7.208368058358403,6.717551924320038,0.6178227436498236,3.993088435163262,8.731056134244715,3.736253098610909,8.204304039087798,21.386277940187625,11.7333498182874,16.83669289376094,20.72230713196681
-1.9166261551395023,4.73900677201896,5.593037926633623,8.000732868452657,4.905673348298083,0.6790557190640232,1.156569254570802,7.854945225304181,2.707817280796955,4.995899700327492,15.585111866391198,10.160617404277453,13.586824934849624,13.86889585754848
-5.59628783780239,3.164763818413979,3.655518388234056,7.295794858743777,1.674362369914382,0.6936900083535326,-1.2533235984384508,5.501801950639502,2.0771947989153245,1.526476057248181,11.226518633600756,7.374080899932048,8.796335667965582,7.471464385283248
-3.246572036375749,2.711243543098138,1.5726405098803422,5.029665641680797,-0.9507266234084142,0.947437271981662,-2.1594262746693893,2.54260386650572,2.0367557797196145,-0.8625719081308176,9.85505698418218,4.018115264587783,4.089835843454743,2.91058367921191
-0.7490724208284427,3.7369149926947407,0.1596508495690383,2.576595812284104,-1.555315087528701,0.9480821849928815,-1.735546736732411,0.469460035122303,2.2207313320491373,-1.2012521934823823,10.98418137364198,1.5055554291530375,1.2610549504644588,0.4990483014843931
4.013826098535144,6.850596392860976,0.1011708266285751,1.7166258833737231,-0.3304530557066147,0.6272292054378039,-0.9891324865850296,0.2630247352328005,1.9934287167669105,0.3104332571467765,12.609015735647674,0.9280505070815276,1.0006089136989775,-0.1845566419274487
4.961962321455754,7.693889434436007,1.3586187246220265,3.251654517461086,1.352465596078824,0.2128457756375657,-0.8943622975201659,1.4398996346687536,0.966440108169378,2.080869312205113,12.571878431577092,1.9855808259163703,2.250126104002369,0.1968179620114156
1.0343008841663597,6.2623194029217935,3.03122071441744,6.3716515756159975,2.265816764371383,-0.4356508320396404,-1.7301144523788885,2.2812870551579074,-0.629702175624649,2.028241863295268,9.87520767393939,3.15921749983848,2.8485212823044392,1.0253834813739855
-0.4359442028446355,4.1211967913365415,3.911700102307076,9.196396866373345,2.2165187311551726,-0.5017467463372556,-3.0038519803761723,1.220689244921335,-2.0764753382064605,-0.8494343656286141,5.146500374907145,3.081444915711078,1.0795961607539262,1.7467659290586717
-0.9086040185491264,0.2335380832874488,3.3446741646632816,10.002107081911548,1.7416257332098777,0.0792763921736943,-3.896373901604221,-1.7990163635877554,-2.774030475569951,-5.528523791722293,0.0490056833966559,1.7145042859363482,-3.0586929218952985,1.7812363535611606
-1.7309457206968863,-1.7024903964842697,1.6704728680714478,8.231533971457644,1.166859408030339,1.0320224959080952,-3.829776768085882,-5.255699582769335,-2.794670857153534,-9.5849579784776,-3.861331954127378,0.1311752649774877,-7.852316096071625,0.5614187499028631
-1.8643499838102489,-1.4584244940225382,-0.1224947440962687,4.677850099806598,0.2189818283643205,2.587813213544023,-2.736193385747475,-7.328627507444953,-2.7835489684342924,-10.97169287352477,-6.004664596512441,-0.7662522533582621,-11.124583846902052,-2.172565986923866
-3.738554475979198,-2.0123297266311755,-1.211398756016898,0.8662248066556657,-1.3437956952043564,3.553646113408613,-0.8974737835941475,-7.316543642987973,-3.197068936475894,-9.447464772416918,-6.83774868509952,-1.120332755979053,-11.77003518504447,-5.970765039152219
-7.456674865811667,-2.5499371503569086,-1.4973649828868112,-1.857419658625803,-2.875972164847308,3.8643176556345615,1.3870316289612603,-5.918033537747167,-3.615691825402104,-6.460681244438717,-7.218916884151259,-1.6744237191572149,-10.407335645662496,-9.576301588997447
-8.158309725980843,-2.680331050819287,-1.4686794447719862,-2.9368459948052834,-2.9234035213751444,4.53549374534746,3.925959290363533,-4.283019511498562,-2.927665498716543,-3.709977808516065,-7.651840806619978,-2.64256061559899,-8.682706917134304,-11.465441486414488
-6.036317867987283,-2.7244086257482487,-1.59198880289187,-2.611925543964932,-0.4263030893402026,5.310253408830781,6.459841829451714,-2.911812635950448,-0.3515294189071465,-1.7608891013307195,-7.948319387668041,-3.271034077535692,-7.812152078320074,-10.835685453031171
-3.2355706813952816,-1.1707726323780847,-1.8565738301232344,-1.4686593619622412,4.044959943428879,6.753387671083811,8.478527470463614,-1.461499548770326,3.649070112740525,0.0703029529931713,-7.478367769498507,-2.620331743673767,-7.584956125972332,-8.311740600327527
1.272906902334416,2.1003293853678016,-1.887548918086392,0.0098631124422592,8.315562353006257,9.05863485459474,9.368267720696206,0.5339562098231685,7.50059071619874,2.6089766011654234,-5.803652071270436,-0.703561379302867,-6.726301898744893,-5.6864545815626215
1.768855856078598,2.222154610604141,-1.466771781470161,1.5151710858791478,10.044237490870785,8.297034279377502,8.829195928975029,2.9133465585549665,9.64458651527974,5.633393792896635,-3.288841685342493,1.2556795590100285,-4.373347142149285,-4.76251249687682
-2.360673107612902,-0.8283977820485884,-0.9154846584746128,2.657072845977485,8.377141726030747,4.321406006657459,7.124828358743635,4.853757874582993,9.614092097992382,7.730993091904887,-1.2464956334830433,1.7304899343984292,-1.346091751368812,-6.171303580381512
-6.270836264894985,-4.265260540619499,-0.9337138131827912,2.811749499366329,4.419833516732794,-0.0416074697150007,4.852914135017318,5.468655279787061,8.113079530127354,7.326488304430125,-1.3348766009958872,0.0927694375840122,0.0933668995077301,-9.098354899877515
-11.371078331610075,-9.175593352181227,-1.9961365254270795,1.4353123574564304,0.2394815370372818,-5.679083738054048,2.463973467784601,4.412055035109489,6.197021328333255,3.999724082127443,-4.381484473888506,-2.935868811050309,-1.958446924880901,-12.034050924705763
-12.770818953788558,-11.29793532188229,-3.816991795608665,-1.328264517713464,-2.6055458917932874,-7.900972302058937,0.072755114360266,2.0642580722386263,4.508691830511655,-0.9730629575995272,-9.385103217108838,-5.8271261617699786,-7.1327723469171325,-13.788157239865196
-9.438592615586789,-10.0326057892528,-5.376927904843733,-4.38081889335206,-3.78090217943047,-5.9436804607782845,-2.226625834300968,-0.6408625009910054,3.2768697501925104,-5.259168717940593,-13.638726821503733,-7.198014270260583,-12.523641455139009,-13.922518930201669
-6.333411910990248,-9.820716100933092,-5.571476543638715,-6.227359683075591,-3.813452077939344,-5.203113593680447,-3.970460395031092,-2.539057970220268,2.791336624094754,-6.821326534892634,-14.28146709100834,-6.4771466345682285,-14.54142710703701,-12.50344743027717
-2.0693119384827665,-9.63104513826636,-4.035683843225861,-6.093621971345236,-3.336319011651046,-4.523320421958708,-4.459990745878695,-2.6784452209673013,3.517687037311557,-5.073962977018246,-10.402389078170447,-4.051559228722445,-11.5309143559962,-9.792380311290255
-0.1057892975099464,-9.143520504076148,-1.5138227838051517,-4.67976983857597,-2.7446886376513007,-4.088688769889722,-3.4387814723950747,-0.8618014246111585,5.554964522248191,-1.1443786202651722,-4.069752263140519,-1.050856413461679,-5.073774312028176,-6.38265023764702
-1.353196700056551,-8.95624924533024,0.5565612138535645,-3.763956788397016,-2.3482280487902045,-4.738617355254466,-1.6121995651067884,2.035992185429945,8.107218910980734,2.856747475774805,0.786799313295683,1.0825831745937613,1.074326820878527,-3.5052038760894355
-3.074593249907555,-7.962642287025032,0.995334936685076,-4.798254858610003,-2.4888100244331994,-4.427433518897564,-0.3113900671350222,4.43550805002433,9.824902290740669,5.056815450325972,1.070102212075195,1.2221904161031816,3.5814399478694074,-2.7397170739280554
-6.41491450895856,-6.252625006361962,-0.3066166217015222,-7.580093363921012,-3.269780670936468,-3.4219002293609933,-0.4384133368028227,5.089621198734797,9.942801070622638,4.789992066517325,-3.20433979676063,-0.7494133772497449,1.7090217058356192,-4.883257495314696
-7.755990988402551,-5.362484068648002,-2.300326048998526,-10.156816515712531,-4.209081107145909,-3.383435608824206,-1.6434056633398804,4.027808752275714,9.101773856150317,2.77340601047478,-8.897399526581385,-3.6353415891072807,-2.446796132651336,-8.8158415562663
-6.651913636743516,-5.218493361242577,-3.484314205790911,-10.184397117719318,-4.407952297181417,-4.099515217301824,-2.57645719642305,2.5061572178647555,8.847136088141827,0.4746519385952901,-12.110250243980236,-5.490493398447386,-5.609675366555102,-11.654391321268513
-3.823366279435677,-3.8053311875462255,-2.912441317569421,-6.768676733392013,-3.3070601892176903,-3.9280275030905054,-2.062119222229841,1.8891554772856851,10.100139845174384,-0.8484106289379802,-11.068971471368162,-4.949689357762992,-5.530975799070394,-10.575485367023225
1.8728679230452527,-1.3089357482815267,-0.8301351244564223,-1.3588237857018584,-1.3557299280052035,-3.057427859658008,-0.1363729273318519,2.4485250189370085,12.07829684731777,-0.8140868269161068,-7.220966800117038,-2.383035887601155,-2.2381315136572866,-5.084402658973254
4.482960107302327,0.2802727716907325,1.4659550467493467,3.066219711371616,0.1640265244858874,-2.0184294259672098,2.010389727329928,3.217351811913865,12.86168192049941,0.0457840291465281,-3.7447391537367034,0.2285382808949485,2.3008252497795567,2.227337522463202
3.864278452471801,1.2205344115878536,2.452684455643567,3.9969243579223352,0.1491442729581713,-0.5023665638051847,3.113415871960857,3.0337474676141305,11.209409501524704,0.7688306072113988,-2.8633561817965365,0.8556765079489317,5.60121408081821,7.340097784096407
1.6220390668557436,0.6113987618751506,1.38490643696802,1.151680473778768,-1.3471201196678777,0.8621299505450832,2.906446845450354,1.726267646505626,7.896204095806674,0.5963184054437747,-4.277802087979474,-0.8023875828182092,6.132840873702985,7.719419800904674
-3.778741087433562,-2.059870729636857,-1.1531858015811665,-3.284116366292277,-3.088021346619385,2.0287374557553126,2.1940551539364748,0.25610053427717,5.180254918704225,-0.5811060203295355,-5.895835087152285,-2.9707631447598075,4.013317669468442,4.122438912566885
-5.338012087337546,-2.936740230003647,-3.551936179389795,-6.14055612254068,-3.645420380162825,2.472906735197661,1.9098499302293133,-0.3053502326008299,4.79131153174141,-2.1428490118560326,-5.933370252217543,-3.339929509745801,0.7142975350013714,-0.1959914902226636
-2.7666198630453582,-2.1555908213353114,-4.213495726735413,-5.444188412215368,-2.5572433931517686,1.951945528431125,2.122236599257395,0.0935917365450471,6.304580807556071,-3.069594276656172,-4.36585293503396,-1.1448469452948835,-1.903947934663748,-2.141172057350861
-0.137961760141383,-0.6147302590620589,-2.6575962076290445,-1.766905461582386,-0.6685308573881095,0.4424942233260229,1.9828764472063227,0.4030836418340655,7.454820263465677,-2.590260578563779,-2.554822704116617,2.170060447713112,-2.6734070626247046,-1.002161166631108
4.188148214931706,2.574674471615323,0.1091481574146229,2.2111818463953767,0.5865455974138634,-2.345657421449104,0.6716273995996822,-0.4727538940092231,6.124924049393314,-0.8257918369915167,-1.712827673191434,4.314724076271368,-1.7539085742202405,1.5289778618818914
4.000761260853938,2.6474255633150032,2.275697952204052,3.614872956552048,0.3166334062160629,-3.96212036357786,-1.617837687722247,-2.5363716706878137,2.182335877128587,1.0537198044035598,-1.857719736013486,4.166442899774172,-0.4448384743242464,3.2497136084167586
-1.5342185369624572,-0.638495462949161,2.465025555290989,1.3821342681770474,-1.2028712468684295,-4.337910627247413,-3.692021621375984,-4.615952994642861,-2.476073622898884,1.4455824322376358,-2.1754997002229857,2.464795495685681,-0.2274559102583317,3.3344078428082438
-6.355726433548875,-4.42840881131646,0.5870347640885178,-3.092921231795401,-2.8498011120864994,-4.330982487412582,-4.439635787324194,-5.447270847492131,-5.617658512403356,-0.5910040863055563,-2.1683790478280365,0.6552920942131948,-1.6486425371767766,2.576634992495453
-11.983785170198278,-9.863382671240505,-2.282958545872832,-7.116976163720766,-3.5850661714366936,-3.315741266947721,-3.946951870379792,-4.883359593734742,-6.512305462174572,-4.5606786752192185,-2.24644277569454,-0.7283696289593138,-3.907361589683029,2.0871166080091346
-13.485431694366056,-10.871343925416989,-4.7585882989823975,-8.700000871797538,-3.223176593950333,-2.5318241369078778,-3.488251720676004,-4.050743196391487,-6.318366995722679,-8.740837941162418,-3.162952773540592,-2.377461065066077,-5.538911687276176,1.9801938504536096
-9.556640691982736,-6.687796964209542,-5.9654394179570165,-7.800741905852298,-2.454132652634927,-1.9877164213809928,-4.285171178788957,-4.250374791027168,-6.805596425290979,-11.252687343171935,-4.972757497530493,-4.9575403550409085,-5.640148322917067,1.3803725440611228
-7.10744122046834,-3.646931320413,-5.788182000502923,-5.885459587427446,-2.1371524981119343,-1.8020809417012136,-6.173872036436263,-5.589292335298467,-8.6218669851701,-11.141402814184673,-6.64958769856286,-7.7613248993495585,-4.5190565961510565,-0.393713150829134
-4.79042783523246,-0.3125606009579704,-4.620604081800099,-4.343286375686228,-2.467846808747748,-2.3112039705487986,-7.506225282058958,-6.628336601857919,-10.58156546357244,-8.661211068364226,-6.7609213679112,-8.85433042627499,-3.1703911859512086,-2.813002639916121
-4.017280454411411,0.8470743642559989,-3.04172095273656,-3.284968332718006,-2.737975860217457,-2.037602192093757,-6.502182984934459,-5.467928828699971,-10.541682368007384,-4.748259546070402,-4.56716648929215,-6.752274451033838,-2.1724659230918046,-4.417090838485285
-6.044740396222591,-1.3460462808391351,-1.6518068677445852,-1.8251191315563435,-1.942073392207276,-1.0546943892564429,-2.891598753545802,-1.4310009006257047,-7.199888384936681,-0.3758456050572274,-0.6113666398433253,-2.0751249634228355,-1.2285364214231258,-4.182382021963274
-6.661711377361372,-0.8684784174220357,-0.9563961687089888,0.5278846473654086,0.2342740709579107,1.3172753062957685,1.628692297487893,4.061493678343071,-1.4807433095917997,3.602466245454705,3.5789133580147467,2.44740035644361,0.1350687599286759,-2.659692294164893
-6.485827819634213,1.6010584727531678,-1.1547472878633576,2.8689366651661925,2.9035523522275586,5.505714752210984,4.5571634817786215,8.21221452245304,3.5882847803738525,6.247650434247314,6.35221296650084,3.7921358430165983,1.553599998254748,-1.7241530953753372
-6.991520169918861,2.166355077730495,-1.9553800184477528,3.417916392922108,4.479000336669948,6.340522427040161,4.395755576973091,8.688805224263572,4.642071397281989,6.598292598397382,6.789557292651143,0.858599599271098,1.805440449112437,-3.045886697009028
-7.558417273137239,1.6760778954239683,-2.69204915372374,1.1723953052665537,3.880661848145487,3.720751187060216,1.636440598930108,5.220788258752542,0.3357053042364004,4.295534912697806,5.160011463861528,-4.702790462715531,0.0440825148363934,-6.589022461271734
-7.985444807865894,-0.173150386820352,-2.785589990757633,-2.9041372232182896,1.4670105031437686,-0.0735532015700194,-1.773046168116248,-0.2220974458417863,-7.409726654718754,0.2504040097822235,2.7891871213657744,-9.723696265766538,-2.9732299664864126,-10.489893355730205
-8.340423893471849,-4.05355955874865,-2.218075864464385,-6.398271572563511,-1.1414174783826248,-6.2970456530988645,-3.9291056347592246,-4.774699467087823,-14.439997491871948,-3.502394511360931,1.319433824944113,-11.84514705808508,-5.145198959884878,-12.49093097027272
-6.557232246681532,-4.32089359080982,-1.5858004917801942,-7.298385528247879,-2.2799976409162763,-8.342492217696641,-4.221690327170608,-6.540831961860647,-17.20452082036534,-4.981191934063666,1.6587659395769574,-11.104593054105706,-4.790038257879209,-11.72493950336017
-2.3768956301324824,-0.8237056623808758,-1.6219204567910204,-5.523871244903981,-1.5199500346377786,-5.60992548350186,-3.463240211696053,-5.654036395844294,-15.33367449236064,-3.634308957098529,3.3091172378731493,-9.539110343719166,-2.2518795578970963,-9.28915646970105
1.3269320500066095,1.8386550523845493,-2.5411737941723267,-2.7730673067395912,0.0696250459091025,-3.49141680444679,-2.9653008650458936,-3.863229497704072,-11.843416302728176,-0.7212322044741626,4.742341380984618,-9.17615654649354,0.3416440355879935,-7.090596301432754
4.983076847254568,4.8327658951682,-3.742106298234379,-0.9123678750135902,0.9088565469543894,-0.4026284081936355,-3.393987469631444,-3.069812226520405,-10.693100660932195,1.710109483828873,4.731119447652173,-10.144074876159335,1.0753460205290644,-6.009265933166411
7.413113566843453,6.3365134149933935,-4.143629678698451,-0.4370081385560347,0.2891786739907811,1.0009503569244798,-4.3113966047515415,-3.961107264511885,-13.69690958224242,2.410205566786191,3.5583833869596706,-10.560769868437948,0.0843105430315951,-5.092358267981112
7.9454951351996765,5.543448543662363,-2.942780798428215,-0.3451604627771143,-1.0546171683935397,-0.1365608669745642,-4.7079008128150015,-5.712083443282783,-19.38857013509601,1.7289527580287911,2.872312357359238,-8.32101206024583,-0.603980878330109,-2.576196511225943
9.897883265044776,6.759277079969002,-0.2385698296473339,0.6374131128869163,-1.6732065467336987,0.155699450597039,-4.015271956653115,-6.848551294825239,-24.679366384197746,1.015931997771956,4.071966565307681,-3.189449807592295,0.8898806195283377,2.1855369264193723
12.91766468827316,9.509378069997451,2.9507351640277584,2.752769612818009,-0.75843058082864,1.125710913405189,-2.69387758783429,-6.4925796320466,-27.62401360225017,1.2752295141762122,6.606708642535119,2.718065263901594,4.35906355673796,7.721848019324706
14.520927930388396,10.989299324896912,5.303418852792797,5.01363941683683,1.1094739486295886,1.5065454519188992,-1.854181062296723,-5.0099472274195405,-28.73209344800297,2.320561719344264,7.933023268410683,6.555123721198998,7.568573684793065,11.400921616356818
15.151387311561775,11.811349913698512,6.009738620587882,6.161037665219537,2.498946739512021,1.814285230320524,-2.2368509933258838,-3.64925791592026,-29.84832366409167,3.0896627408596298,5.507101941401366,7.04375318932455,8.251244813572196,11.563749966852818
14.264744681012637,11.371839454432491,5.238740377660616,5.80436259101438,2.451582678158487,1.8697934807974488,-3.47350845232695,-3.564408831940909,-32.02441909916463,2.682782095072212,-0.7611561608738366,5.414826618225957,6.135901425652073,8.956418807470998
11.344497302235332,9.148707520642953,3.9991787821581455,4.75766135942849,1.388130946879508,1.558705444637985,-4.298963797375017,-4.997795539654424,-34.606026278689086,1.1528765782896992,-7.83785945225527,4.218984602449014,3.144316073453956,6.220254175364894
10.969805703207324,8.127210322107695,3.5426973530521613,4.40359250885015,0.7825377243704175,2.5692761194484848,-3.509527019095824,-7.14663352930393,-36.248640996651616,-0.5221575051598517,-11.521673146758374,5.175830310490034,1.6899813539968882,5.923702073871271
13.185038258499665,8.175565430408898,4.669091274063997,5.6969335940819725,1.899698835767456,4.9835038975592285,-0.809701850101904,-8.672202541859123,-36.4540215471702,-1.0881349309031556,-9.566875342893834,8.008971101035215,2.734300260854861,8.790132823409005
15.796662561790892,8.438718361555873,7.262622328635937,8.541052578638535,4.693435837724849,7.258717804152231,3.1166283684889846,-8.439695496162317,-35.75508651020975,0.2649790169801562,-3.392022286651695,11.145867485774858,5.289222503859967,13.407859121031157
19.865973284708115,9.567549610771833,10.27372926733054,11.840855108252184,7.7650986595396,9.751587032081282,7.188347065509501,-6.077726488027787,-34.32323943399267,3.4633451999463034,3.0629931501663847,13.35057648505576,7.5483052713355665,17.35097984847513
19.33298535086352,9.17931890348976,12.223134805065175,14.076718706098845,9.350123805276356,9.999720157671211,10.51378055699648,-2.150905123933501,-30.70712855598723,7.458825102694183,6.350402370999049,14.587674677251425,8.375511122089875,18.64165037278253
13.565465502791202,7.153879750610284,12.049469345254089,14.071157915225127,8.49878990781796,7.523769292740835,12.541784346675351,2.08978438599476,-22.489030804121622,10.52986185606296,5.866536978202893,15.387307628552636,7.831381597475842,16.596929636870975
7.302164679125505,3.886999965953203,9.796018084979533,11.628340003875085,5.591756824485263,4.631578445526561,12.933942070686957,5.293309109919644,-8.678376070461523,11.03600468953202,3.694043474963868,15.634279519558657,6.584048586231887,11.871303781361645
-0.9821668453902584,-1.2880860618921266,6.572693765333902,7.744368005464365,1.957230959330952,0.6124357964435938,11.564603326058602,6.688132422215901,8.363111217509044,8.398783818712944,2.3373534070304007,14.298123841084251,5.1079012391838,6.020590794727303
-5.10669788272691,-3.2634551130841056,3.719756749046013,4.1673368098728965,-0.9863055904198196,-1.7083417861744374,8.736824404616971,6.46306250082765,23.59714494270814,3.645494338021941,2.523309277711681,10.539474327796114,3.506950197564505,0.8629655179541214
-4.003873966594912,-1.7880401749763062,1.8330926947561557,2.401340738184704,-2.4383882928941976,-1.819439070225249,5.278196685503909,5.54486853020178,32.45695958703472,-1.106427772351518,2.9676738330974857,5.024340426317812,1.9075172065108197,-2.266472830278208
-5.212967304247824,0.487803773862942,0.5312928995509516,2.7158014787908247,-2.4137312701213838,-2.16762236143357,2.212417211057433,4.883069945261834,34.00157031750085,-4.051429715194926,2.0636559161745183,-0.0919921244798054,0.7284470269931163,-3.144609925823396
-7.236128136225817,4.837767348994039,-0.8275697488514631,3.915210505973601,-1.462307878783534,-1.9526472487617363,0.1693018750393484,4.7989741848387055,31.4392149831318,-4.9005355150838525,-0.2983985031131588,-2.7183190297798987,0.4101203681677905,-2.7209304394812683
-7.641542746597891,5.926917652738056,-2.2429908619811982,4.192160775741696,-0.1979507976950323,-1.6388781528597571,-0.9481925935701804,4.961972195676708,29.577169188940083,-4.802853231675449,-2.523828522614899,-2.4721087325284667,0.9235286494269896,-2.3682829360768576
-7.392061124365527,3.200050407622052,-2.964145699500913,2.532033703335429,1.0482999963734727,-1.4810804846092165,-1.705942768447155,4.992173740513968,31.314128457992307,-5.015930334343544,-2.8012252239492152,-0.7956768342778116,1.687078028544903,-2.7759106767902804
-4.035768730634762,1.2462163586812285,-2.3113011093639564,-0.4177916526011636,2.2696956300970506,-1.2119522781150294,-2.5186123196754444,5.048286092439653,35.948138638754216,-5.589316897533566,-0.7631041368645803,0.5267737713774494,2.056433381410706,-3.424831605705128
2.882166071949288,-1.2179928380926104,-0.5367805067259201,-2.7788587879517728,3.5433888878507425,-1.0428330896454872,-3.25917143165934,5.726749526250737,40.38001342711552,-5.370690051540777,2.2458295533775647,0.8932622011157285,1.88980136886174,-3.190601494986252
5.492017676982808,-2.645758025665344,1.2285623049930887,-2.9087033606398336,4.719475296224422,-1.4236530195642585,-3.474536880191579,7.307755647022395,41.88967354740307,-3.348300741408485,4.443964070905846,0.948403127625113,1.588072720352706,-1.56230288057421
3.8871971324830974,-2.3470631760705727,1.9048145163721344,-0.7635151177051629,5.308515674466083,-2.4579360580595626,-2.985154545421544,9.15420616482503,40.121022448848805,0.0302779061079743,5.165155404397048,1.3501034107665184,1.5802573958130086,0.7032663404448325
2.983641666099871,-3.1164577927848702,1.2935667097708592,1.935728005354804,4.703706796258727,-3.140325006932511,-2.233709686485927,10.035402669410972,36.90273467218101,2.951604327198716,5.2957568941831,1.8031869426574565,1.8215723416380565,2.1728602258049534
1.1522428125474766,-4.472840063911848,-0.0012386872467935,2.8851940615447287,2.616344404325305,-3.5624130666659286,-1.9462668892531385,9.224744515179989,34.446396408637824,3.7448010717545728,6.322517456035023,1.5000659955118962,1.8492573966660133,2.0131198604703453
-0.2001271635183041,-5.8242038162540615,-1.33081853148688,0.8449167294101603,-0.5933862698058778,-3.023981975616436,-2.341250877288825,7.316291312754714,33.62101578521262,2.38966158307343,8.925432802244911,0.3753744099009886,1.3318744431922998,0.6868537849588421
-0.4734163658580966,-7.588013029665335,-2.502771989013532,-3.4435883063355988,-3.9796090217222098,-1.2277185674992417,-2.656661657574185,5.835911763663914,33.6212328644904,0.578495134561317,12.310986557826846,-0.4423679801583109,0.511427667789313,-0.5917364573997101
-2.266494753141415,-9.313888920302412,-3.517188737358662,-7.687311746040965,-6.490804698650139,0.9970990772834678,-1.603914583516767,5.877425185209047,33.00144210722865,0.24968062765452,14.748836154385668,0.2968877949553281,0.0404944294313711,-1.0177133506204203
-5.184618729865204,-11.005238960580687,-4.034954371242799,-9.49875463009798,-7.559001501596898,3.927042423069566,1.469848392554697,7.0403538849380976,30.968507298947983,1.9194603264305703,14.805611239713276,2.4641610345659064,0.3356054750249466,-0.7600060395682977
-5.896238856509214,-10.936351458627495,-3.432095631513498,-7.919278941104526,-7.361424069510923,5.640663544639433,5.711360587171253,7.751319152355537,27.81794167762675,4.2703849254588935,12.327024803363564,4.358002843166414,1.0740061597557968,-0.4481057243667763
-4.535290968073205,-8.824305836870398,-1.5504784743861943,-4.036669344520247,-6.534781640930069,5.878791465331759,9.11401920364052,6.7336895263470815,24.312264427117604,5.292369382309333,8.506166721225977,4.221992654483135,1.3496258584302758,-0.3033994259840682
-3.732255695115474,-5.971426143797209,0.7163635494193681,-0.2853676057159902,-5.567906027985778,6.317656350047505,10.00641007963726,4.242006198615423,20.76591421778751,3.954099820788654,5.071250051489862,1.9898869269503656,0.3952985403740374,0.0478905525741044
-2.8808380958247017,-1.866091904923448,1.8684065693052911,1.1631585159833815,-4.405552751211394,6.455285089355597,8.465841765519555,1.872171020234159,16.78818509801888,1.0384975499322682,3.203660214819223,-0.5714221124442833,-1.7351539578477464,0.9301748166123308
-3.1406007885754,-0.4816742171397645,1.0596240835440565,-0.1412354862996716,-2.646269178833772,6.034996847545166,6.329304083577542,1.1141308897490827,11.911852541123835,-1.463614133028439,2.902386658350215,-1.5378717641514612,-4.103674994934023,2.006010439602475
-5.029739479425178,-2.28795818546268,-1.0528197364483771,-2.692185841887966,-0.1754756003835806,5.2027345919346,5.627329391110955,1.9930702129061373,6.398986580103513,-1.8821308024725223,3.1242665202019326,-0.6698542402415262,-5.512265490397235,2.5004696911287008
-5.917399148389298,-3.96647766961242,-2.838820334142233,-4.278723382647959,2.3878929455371267,3.1842731594486984,6.732623325677055,3.029841716515186,1.2891422614975108,-0.163033483875731,2.49269231978824,0.3944666010384257,-5.34918210222896,2.0221799295689724
-6.12596677532262,-6.535523451868076,-3.1961417948772297,-3.804377758788159,3.947538386075992,-0.111993728832686,7.910993228721965,2.5107593746311263,-2.480149295266285,2.024571067499072,0.093350344522217,-0.2696339783739967,-4.043033057927762,0.9796852230230256
-5.514798622869336,-6.560083585857865,-2.539239918724446,-2.162298161849664,3.762828563727009,-1.851146427404663,6.801034141184942,-0.0867570416743164,-5.021926262030926,2.4885413322656262,-4.017639679487844,-3.0911133689468446,-2.802083344868008,0.0574944877035266
-3.538548756313564,-3.357351105445914,-2.233540517941613,-1.333557167930941,2.1404242305816545,-2.0042675785656425,2.610213015596133,-3.708588214139153,-7.453754569064644,0.2024095832934582,-8.724273483724783,-6.662767243607797,-2.8051200026275813,-0.6271455910643624
-1.9577105917447344,-0.0338214463048113,-3.0243733130944737,-2.421832827127302,0.3234397784600373,-2.011341553394926,-2.9101261855185463,-6.598272903094493,-10.735702405700328,-3.766674054121964,-12.202708320409728,-8.947538360976964,-4.366081465878037,-1.609612416394043
-0.6178117131109145,4.397664648518668,-4.112311764950613,-4.398411722762216,-0.3881807269140207,-1.212447040873154,-6.648734744138153,-7.610156742392935,-14.479223255447048,-6.872794662599473,-12.705801169987256,-8.731433697630457,-6.6216186867289135,-3.1884452584398515
0.951765022236884,6.380032795548798,-3.909753344824914,-4.819884876190825,0.4404507748479442,-0.9208818886446164,-6.545562008783431,-6.893543020406203,-17.000800293259033,-6.879809917358627,-9.555416217612592,-6.103682804769019,-7.97312115487075,-4.569915929936751
2.418414719176696,5.269463340688641,-1.7613156132724068,-2.020834103578569,2.161642402806094,-1.2983753564707814,-3.2291604920587256,-5.510644946201344,-16.740470518190318,-3.4690466556689272,-3.7578348560865735,-1.9589004301631263,-7.034282611307496,-4.200640723227427
5.6545149718984655,3.819884350971429,1.1538052887326669,3.138490181572132,3.635062637774727,-1.321806300290192,0.4624082118978414,-4.443354369861554,-13.76942512243159,1.6101057499695992,2.370478613120333,2.603168722851894,-3.4969792279605585,-1.2285471550615004
10.802321505767043,0.9943827307356544,2.730072153120296,7.597375186121723,4.05116487514414,-1.3164356766546914,1.6405972211209892,-3.874446230203901,-9.922894898918202,5.924842935997729,6.530192101206389,6.410530308616854,1.623703284134132,3.2779800170565925
11.234029171262677,-0.7873392543047298,1.8021161740112237,8.316119503743705,3.327435795407618,-1.3465185086131586,-0.5685512310998346,-3.3108226797541915,-7.390123530385402,8.04924253568294,7.777972645494591,8.186166944256678,6.478895266548832,6.6756604306876
6.858904159953628,-1.1240943425620282,-0.8601084879151004,4.549178843335606,1.9114846694616443,-1.324388906549418,-4.632645064329559,-2.3550801228305884,-7.093957273394306,8.138438187011836,6.734611713835438,6.913555582375676,9.24638845452847,6.547820174380729
0.5174940412163167,-1.8795060702533968,-3.348062675622331,-1.6826061384999562,0.3466205921667156,-1.252332958416186,-8.023314236006852,-1.362580540328875,-8.363409206723587,7.087510936021185,4.465317566866521,2.5376332218531155,8.844962762751514,2.4603943777436577
-9.403683910560131,-2.3849915725237256,-4.320195944807102,-7.164595780865214,-0.986016831194501,-1.1135879247446825,-9.141512421413404,-1.322062266422817,-10.0589355850805,5.314389803378582,1.1465132928165636,-3.694736378217655,5.224197769520289,-3.796289422722694
-12.65414190217092,-2.066830994623118,-3.9253147814145697,-9.65477600245718,-1.8755139406768468,-1.2907241486510337,-8.224466904994356,-2.99542780737208,-11.847128838759309,2.4463615407295203,-4.047592862263883,-9.73913176272503,-0.701512964360659,-9.55880597258622
-8.305735788597351,-0.9893861667712598,-3.200599718007662,-8.92079157833778,-2.245835739422116,-1.810168967372896,-6.693510260377352,-6.052123910269167,-14.257856659259623,-1.862190724235264,-11.571693111347924,-13.76443549264546,-7.292233707086131,-12.970758702216184
-5.83808259712719,-0.09784132989111,-2.7918986418549885,-6.1550462712751735,-2.2083804163446983,-2.3343788773837804,-5.7064218993116205,-9.012123258683902,-17.541524988021457,-6.966607029372819,-19.982950050021465,-14.877125005890974,-12.557818214663836,-13.671458365297443
-2.894127331772264,0.6656249967049193,-2.394239936361684,-2.714249814441363,-2.077259980769715,-2.9503123725836806,-5.222332997983288,-10.173529007485122,-20.692613622780563,-11.241011238131174,-25.99755160239297,-13.169446014321604,-14.75556668260264,-12.295862994210824
-2.486743591708364,0.7641928192957568,-1.3659872432524691,0.5622364532885866,-2.1746083533142206,-3.516255813406458,-4.3176421060338885,-8.863029042004896,-21.8800210185836,-13.143376595127144,-26.519843056198297,-9.394511718139997,-13.138064688341554,-9.651200737284077
-6.200314488707293,-0.0927234097045155,0.3194994012992183,3.1240910426094466,-2.522036252533052,-3.973672936737234,-2.367739966069645,-6.018975742713814,-20.035223733638983,-12.334522546609517,-21.120496604928533,-4.717899087096415,-8.466860434070112,-6.423020823977526
-5.707767564323252,-0.0071511105304301,1.874075633362601,4.287401622166172,-2.765677693983455,-4.509564800707656,0.0220892816876983,-3.5804366140722976,-16.05340623984809,-9.815649355474132,-12.785033401940431,-0.5499504885008104,-2.81420883325362,-3.383301520692513
-1.793006453003516,0.9024957304103388,2.416884293647305,3.410984421420654,-2.5356674061661417,-5.074010598996273,1.2156252094925666,-3.065387869137826,-12.32379059797787,-7.027153997769368,-6.071559828417621,1.844182847021937,1.4499570317709614,-1.425946979765354
0.0280614960418451,1.191144151032986,1.794702711759629,0.6017318482555067,-1.9627609737672875,-4.974778924878154,-0.2202998367435906,-4.392342945160972,-10.888165752169424,-4.805623900800378,-4.000707366800626,1.9580374988428249,2.9610575014649507,-1.0645127341150014
1.0054122329800164,1.1619764487742117,0.6536397153496623,-2.89608150900726,-1.7796356725687978,-4.1619510398247375,-4.235017807188205,-5.897521735294545,-11.85312671026353,-3.102628507473629,-6.125201280174423,0.387319106457932,2.0806499578554725,-1.871185557206097
-0.2584854397722843,0.5405883160061277,-0.2268648093695215,-5.263494534517743,-2.733835601479343,-3.436313749421364,-9.042094891116315,-5.632477983833956,-13.450376514817131,-1.5338853054595498,-9.274005616317512,-1.5401079367842767,0.4777398199319851,-2.651519976492532
-4.779149306909632,-0.9394804785986236,-0.5813988346608028,-5.282189615441789,-4.737012628267362,-2.655192675497246,-12.175209128451062,-2.991825056562755,-13.619663242627988,-0.059134199311484,-10.255086890648068,-2.6484123037861984,-0.17052714061208,-2.451738398779934
-5.260541107977479,-0.851813624413283,-0.6540983085645609,-3.1015534220775693,-6.579795956257917,-2.162564672979417,-12.101701981306096,0.659942970830599,-11.665280274525497,0.8911369526304691,-8.248725905241834,-2.6007381028630085,0.5976223534590179,-1.4956248880241247
-1.8656895865123928,0.8382838587352652,-0.672430882450417,0.0550663088508152,-6.658514945595195,-2.1349768581459663,-9.194337251726074,2.984787643385445,-8.604600489972114,0.8677689594151152,-5.033624024450953,-1.8837240715759425,1.8160015718973623,-1.011053781119192
1.6139714011359068,2.9384252246156453,-0.4720484156998275,2.875544827377745,-4.257810712414088,-1.4932989321719268,-5.355013911401949,2.5713303543922006,-6.0944587324204775,-0.1030173718598685,-3.118388667299553,-1.250145419152635,2.041196698086149,-1.9418549524671675
6.696745868307795,6.014587881609992,0.2854990935616897,4.677450811293466,-0.3342862701802067,-0.3171485110504251,-2.615768552205401,0.1522396906078729,-5.026753002613605,-1.468113817405289,-3.560243285017238,-1.167155610111239,0.6638252075376494,-3.763727687058168
7.588040228269049,6.432237587441278,1.559335655706751,5.336699913929712,2.946352658948509,0.1474994747899087,-1.8002606208756813,-1.9675780798583773,-4.985099951537903,-2.517859448079061,-5.287562163362696,-1.621194459985044,-1.5405230715861578,-4.7016197907690165
3.4854580059776,3.806912665317869,2.694397457588112,4.814559006144931,3.666562918909539,0.0218153584512243,-2.216673229628612,-1.844989508419931,-4.839056148598633,-2.78184939866661,-6.237897062889935,-2.234178104698522,-3.1042789095223338,-3.348992934921844
0.3454922160002415,0.869726539268712,2.843693412708257,3.020997593400719,1.5190054088925802,-1.104384658732809,-2.479961261549453,0.4873771397089124,-3.775015807905157,-2.140947061277549,-5.063934866862612,-2.497927002679541,-3.1881347166912946,-0.2207449557968424
-3.2332852889833488,-3.311781957976737,1.7018206234708844,0.1946152292150866,-1.967568542372259,-3.557665707607901,-1.655906773680219,3.1832853237177234,-1.8454274853434525,-0.7026116960581295,-1.9193675491023985,-2.024761281867299,-2.316252521798413,2.35730113168729
-4.405753751507216,-4.844718020846889,-0.1428598411717505,-2.7768758239076736,-4.497185966449699,-3.834772913207116,0.2440900124897114,4.388353125291307,0.3050467968767938,1.3164247575996768,2.077175669788609,-0.7483465038928561,-1.8054901088637303,2.1484339620492987
-2.0430529729481197,-3.11115849826357,-1.596212988629527,-4.698827307037697,-4.546678500232719,-1.8709411914809813,2.687791250532311,4.032708459690964,2.1306507254642675,3.580519426000452,5.882756396450704,1.0510433356111557,-2.3809708705644663,-0.9266515689975066
-0.7663099752226608,-2.2629043973897445,-1.8778135284372413,-4.924712065172084,-2.2575343253001483,2.012728187703249,5.335033288465969,3.920513825186133,3.60771787166914,5.605057273458794,9.03726472091061,2.9493194289802265,-3.300825769925055,-4.496330578328408
0.3269023674414155,-1.3249045791886238,-1.096960513852765,-3.901630002387593,0.8688135616753803,8.788587231285536,8.199860721304926,5.955109431658876,5.049623874009482,6.859368048547545,11.393446016936496,4.626779781439867,-2.9183963337885714,-5.641006476680326
1.188626396059184,-0.8734164612506294,-0.1359971666501209,-2.780895288760175,3.1025440630629437,11.568963448077897,11.13110248015156,10.075367821198078,6.575537979946658,7.009812826622908,12.689399077622694,5.907893365937253,-0.2569605019963354,-3.377692217011753
1.0832232520506793,-1.5487844197252916,0.0557338346610132,-2.3664715851048115,3.5536490182269658,10.112297582060862,13.350170227563424,13.845305509160154,7.822999763353243,6.160601890814868,12.644308782205432,6.62727351626101,3.890187635343034,0.5315465241412509
0.5709813600765513,-0.8166376701707607,-0.7589086033018981,-2.3503619161679525,2.4966067619473167,6.274177061838509,13.817872272107577,14.26093816002419,8.251481872150467,4.9268394262789865,11.54746211405013,6.656495723239729,7.4924885559514385,3.251190844018865
-0.6819387384379325,1.1017573909820626,-1.8034915631835124,-1.5653244868793568,0.9278882740897076,-1.7810544385624791,12.25843930117799,10.363334224588682,7.777452990692594,4.234838670078615,10.62015551207364,6.232151002714378,9.061869772949423,3.520459476960178
-2.2324977010982634,1.2293031861855657,-1.7341273213133812,0.9006221665453502,-0.1597736369112361,-5.193095711014992,9.748161926334353,4.391354323280882,7.068842408921426,4.839228912645654,11.489718763474713,6.157523444542391,8.976812248265311,2.760938122515676
-4.102039122971267,-0.1846010876438258,0.3462140004217304,4.632437917994293,-0.2875217487363954,-3.5870607167234807,8.008760743095097,0.2885350661645058,7.068375346777295,6.724335488229793,14.923867083120204,7.294754953214433,8.94534558237422,3.4894139416344525
-4.432451614547956,-1.6753578605017605,3.930301736930241,7.769715314341775,0.3919288327864811,-0.6468107547298323,7.858094998933826,0.6015813548283333,8.071293874863027,8.802992926491706,19.815666836430907,9.487199695584106,10.001459920430356,6.482604214273722
-2.9356297680969843,-3.795928419304492,7.003467544138895,8.074399099664987,1.2748360454582155,5.865238926073406,8.310646937396292,4.307911073416198,9.243572461469906,9.360666488397776,23.45742758141004,10.988693074952163,11.0346571164301,9.52023534187244
-1.7826833440163146,-4.265510592201942,7.17220335538784,4.548478857237708,1.6427544836936745,7.544053960064917,7.363500384655223,7.506150000256868,9.185301497985083,7.230690189360975,23.21139547063129,9.403553838420567,9.554094376779082,9.2006009992976
-0.5121159682778379,-2.7420732471359064,3.4577260426852403,-1.530269103345999,1.0572244328819265,3.78371440947514,3.8706032813611215,6.559397107044612,7.167452561823309,2.9256507673220047,18.462444763514533,3.7734756715568736,4.256030871135843,4.347951540336984
-0.4881326809245553,-2.493302842291563,-2.5920353221094325,-7.052612252502631,-0.3328718307724987,-0.575792482365388,-1.24084636470654,1.138578787831701,3.9253301947517647,-1.3495600720602412,11.313794550271924,-3.961120061962383,-3.009881124151708,-2.2447314488592154
-2.1842011126478287,-3.0456098358850383,-7.576209262235528,-8.94976075110289,-1.7808344580434174,-7.638517672072168,-5.58893598131619,-5.406616939944612,1.194124847423458,-3.1360073304234355,5.350751546085006,-9.737982016413032,-8.020105351105752,-5.6762649650384605
-1.312258145325912,-2.3522340322098123,-8.46416683879611,-6.305118882788095,-2.321046770503032,-8.954062153216928,-7.21680273389858,-8.704713120532585,0.3267788088114205,-1.6113830445513115,3.3269408188121576,-10.130228397925148,-7.372734735481759,-2.9870916274712678
1.9372869007134172,-0.8340175640873732,-4.74879187660722,-1.0838507388854168,-1.327642349114667,-3.521739866671481,-6.010881668284964,-6.840783388195229,1.230624751512666,1.7020132045433956,5.500522365496799,-4.932463743402867,-1.3681501680295698,4.221013279237044
5.990296954453713,1.874341043774884,1.1947481415588026,3.281257582971496,1.146534527960764,1.67525497864759,-3.4842537917170464,-1.789343933169523,2.5707160441425376,4.15230472298078,9.777215062187068,2.6115399966834216,6.076380385268942,11.03031302500938
11.758178767573638,6.166805960086538,5.857155657183069,4.510089390521342,4.477265162612575,8.76439602873456,-1.3412376212297683,2.276826773935608,2.9829753787393862,4.087138589963612,13.323553449213286,8.161967236615755,10.495365446649313,13.211760093971009
12.994123915136068,7.752355814724596,7.039623170264663,3.2121007656925142,7.856955986362448,10.825774781832248,-0.2283865702805574,2.270937937550543,2.12844811982212,1.9938622533636916,14.253886133779377,9.273042873988816,10.226191679616132,10.385873162953608
9.124269537227525,6.497194450916227,5.095761557593075,2.22217432481576,10.595832283603151,6.446084699871416,0.3649915462328055,-1.6298794283152669,0.6814889658723162,-0.3202129765985066,12.2421526254343,6.667554937514449,7.151072722255522,5.675232087530911
6.276096572153316,6.151525700523414,2.2031944265585874,4.01519584868786,12.164970840901852,4.073463092173933,1.28431794744529,-6.486043980478734,-0.5554114516744271,-1.592091637390201,8.040809755774132,3.050738619160346,4.4294814149998825,2.560925161335168
3.0412471054651737,5.838535869075343,0.5312280524146953,8.398093154150818,12.148205850735524,1.9266343898046343,2.872745466070596,-9.092416486365636,-1.4378046924558348,-2.1504334353088392,2.7140310677953368,0.7682610142903119,3.5517430784735096,2.101959693394262
2.582656794463445,5.686152855027147,0.8537527226894968,12.50545789376731,10.347046601768728,1.2040516916872095,4.734257425450333,-8.345101649002242,-2.455217058129671,-3.220357537160548,-2.756719368031697,0.3014327325482568,3.418935683632341,2.8991918207667062
6.116461661591759,6.254129193729116,2.4688303138629983,13.12310632060936,7.0205466192365735,3.31983267501914,6.034389533067924,-5.732562377558628,-4.069462870012128,-5.359754271012397,-7.532380534879496,0.5419502679762402,1.9943508903981504,3.233908075519416
6.842853199856819,4.836815096506741,4.077845247806321,9.328515185594378,2.9774475591824245,2.897824009222081,5.973923792245835,-3.831316684949434,-6.133494389617412,-7.703824173930476,-11.014474797835106,0.1752009987489557,-1.3626259298708003,2.8119383996910106
5.57868302906485,1.4705397196974408,4.686214303148124,3.2043722004600568,-0.692351940709945,0.4456775973381757,4.216524417224378,-4.164541834398508,-7.866316935257462,-8.744419818072796,-13.052888634886472,-1.2070133804222518,-5.161390374322224,2.413216275340225
3.714544493296261,-0.319290535681552,3.9378758364623616,-1.87010209286246,-3.113206168849681,-0.5070081262496037,1.1875709545601865,-6.083017914181216,-8.276448023583928,-7.762874772810237,-13.95052087948206,-3.057009464450868,-7.147332358266397,2.277576454151496
0.0064459819677332,-0.8829037504694088,1.992228305698485,-3.7612000360590496,-3.97497446731235,-0.7516229554639368,-1.931811132189746,-7.417897175188372,-6.662605857371979,-5.452218389443228,-14.094843624024964,-4.599312673975836,-6.277379606565816,1.404631118154355
-2.169290553985729,-1.408779259208293,-0.650907658666342,-2.819129960442046,-3.501332265443679,-0.1810800332833864,-3.726446816267278,-6.300911535326419,-2.980764333616209,-3.20737183348482,-13.562706742170334,-5.517443345958432,-3.481281365751592,-1.2729384233623335
-2.7466606273537417,-1.227617963806872,-3.227962355568656,-1.0242096266998804,-2.1565912921396606,1.7785229631956805,-3.458170898644405,-2.7104585226310745,1.963928478850697,-1.9254722828948976,-12.211940542087657,-6.074690328257239,-0.7484528415180378,-5.191009373408949
-3.0197185435373983,-1.2260618466605746,-4.883659916050273,-0.1146877600016766,-0.4166538803440289,1.517515665730391,-1.7390008012771414,1.4531815237909012,6.621631709253199,-1.5209964920885437,-10.240317910842172,-6.745592217718788,0.4117334541970123,-8.044724095705888
-2.193389202265719,-1.4634097338136325,-5.088694565457731,-0.4320784038544802,1.2237087520992818,-1.014676171609824,-0.2825846962100806,3.811283095541053,9.287070863571408,-1.4618188662821874,-8.522686572605549,-7.744332196138266,-0.1885935295145469,-7.721367156292569
-2.321069705621769,-0.9103657537221066,-4.0693641209560925,-1.2472568185487989,2.1676033777782084,-2.985984258266149,-0.7060515918297643,3.3140517681528427,9.062849822572034,-1.5437308753091663,-8.103486233864647,-8.767667524913737,-1.6972506419202382,-4.4343394056801655
-3.520912413536517,0.2870729666478044,-2.7801604065383607,-1.852092555173388,1.851329775063622,-5.120706597513525,-3.2338721777004444,0.9606359499351642,6.581594094360011,-1.9934348976605407,-9.136242154171834,-9.087020218915846,-3.069098722772189,-0.8018793087120324
-3.695012125226184,0.4465569104756244,-2.246957725460656,-2.184487555038845,0.1477631761586479,-6.086464117853279,-6.400389962915483,-1.1198799899882994,3.7784491841067904,-2.8662189369496582,-10.37350474915163,-7.983460301161383,-3.707604281326376,0.393099040250183
-3.234702337538697,-0.4021155549169041,-2.736766695051168,-2.5294827481282764,-2.300738906974132,-5.36646857716231,-8.10806931250491,-1.4063373045294163,2.659417468933736,-3.555396527414022,-9.99586909058159,-5.326172085780719,-3.5849568695846976,-1.3337895472146784
-1.0673659864852032,-1.1394359018436235,-3.516502860343356,-2.91644675426976,-4.26860596054726,-5.8780954257629565,-7.247411094109974,-0.0563138100985183,3.915834903065246,-3.1156813751183066,-7.237560327738063,-1.870142686249188,-3.013197413343152,-3.855334677877732
3.277733919924203,-2.112187478219476,-3.520621121925477,-3.034145234066328,-4.708514046178028,-7.2861648296127,-4.550077124211237,1.5336033625123804,6.49360769188669,-1.1651438392831397,-3.268190643795828,1.1066861669012509,-2.3567802975985988,-4.541359702264032
4.4267898224954605,-2.3567519665291785,-2.376201375284288,-2.719591339649176,-3.55879811945484,-6.921640930344033,-1.9523100822752972,2.155379150182938,8.479755799830361,1.5832778576751991,-0.3123964608123017,2.6929629975510743,-1.8463417276680796,-2.710550771361902
2.378264799816056,-1.6560682323871725,-0.8058306565290003,-2.316486455804867,-1.8675851819849705,-5.113870163428853,-1.0026096344275652,1.8419182608720368,8.561697414235994,3.799877116959851,0.300617701232774,3.025942006640058,-1.5318547083882643,-0.0897744223377072
-0.583112563014891,-1.3023089008794848,0.0448299679357386,-2.357410710760348,-1.0027469434092202,-2.1497367936727767,-1.6539675755719152,1.6309302126844578,6.877144029445318,4.630016167217927,-0.7173724328058189,3.071659886765567,-1.3583849117440785,1.0371667400301252
-5.710012602754832,-1.0501123518334017,-0.2435893649253158,-2.8781790082805943,-1.5393315269741017,2.5181038863312173,-2.4244740888465515,2.392273655139933,4.682797554266823,4.340977920297256,-1.4693457187833694,3.648517307084478,-1.2871151699820942,0.088399294056809
-6.731383542169089,-0.4879885213027951,-0.862453942522774,-3.193516675285765,-2.7826103354386404,4.327689241657234,-1.7170053126664635,3.923355313345226,3.2953913696286268,3.893024287294349,-0.9376433392681652,4.662478246096365,-1.3371183031980085,-1.3211799775112034
-3.074842316823683,0.2135818789100328,-0.4678406960163528,-2.5021942945497786,-3.372366740390154,3.0259298672593977,0.867287479294717,5.165575165237307,3.236102063589952,3.8911385548628914,-0.1784286523051399,5.349642478904892,-1.5105440465701,-1.0220246125720278
0.6596321476569341,1.612482382141204,1.5385164232672128,-0.7542863704103286,-2.4522622638369698,2.710569199338143,4.277256878899577,5.244862187975437,4.108222003526925,3.980741974783896,-1.380271535583189,5.215942478618165,-1.7424843199690685,1.5601101149174834
6.027889651479549,3.795712500615586,4.327443331656918,1.134701486889023,-0.3844716471128171,2.40352214218298,6.878944571527761,4.259442013079029,5.007734180282437,3.2512678536586166,-5.674220534891628,4.54858039184986,-2.061072289408748,4.699780736867686
7.075596036164706,4.044237941531967,6.192182596451663,1.9936596040353305,1.5761649106356428,2.6159838213096087,7.579972937288991,3.0655120973338037,4.969310564169101,1.1649993975790216,-11.869785698404662,3.8697427507681033,-2.8862062652529565,5.6194017789103405
2.8121678506063583,2.276578706302827,5.835667204670517,1.363142796407347,2.290842860228669,3.9814778006567857,6.315344419972797,2.3582925605587475,3.245040221072256,-1.948729991970704,-17.360659202258752,3.0155931255622197,-5.068090669283706,2.5233545148031573
-1.2918630546761325,-1.021668448494625,3.3031845609341834,-0.1768994491800768,1.5308403058535407,3.695965832690604,3.746704244790172,2.0223003755831157,-0.41567041824098,-5.235673360102572,-20.25431245824027,1.1003442486503645,-9.313383035758138,-4.166334667968314
-6.838392499799512,-6.6063183626184605,-0.1159013828734418,-1.5517844696445149,-0.0326068411757853,1.9306620534972465,0.7149548461059654,1.3838643004380655,-5.39249286762522,-7.983714450981238,-20.605711776526253,-2.3357682047120383,-15.210294172278926,-12.048352135174646
-9.01113373219904,-8.967818897931854,-2.7817888229377177,-2.030064704180325,-1.4634066095293967,1.2201760955894605,-2.028917019832499,0.0486755696494416,-10.05400040089013,-9.862479545011787,-19.66449774607501,-6.1848774369022745,-20.689200710966663,-17.994990971857277
-6.737747973866639,-7.837553661711728,-3.631933176610974,-1.6249267293092498,-2.188298193201808,1.164997393601144,-3.830387689946061,-1.5617876973617832,-12.31813134956616,-10.621816924325364,-18.139121410803742,-8.088110251295703,-22.72623590703529,-19.557585211266407
-5.597889383639575,-5.070447204079504,-2.5803046266380374,-0.8602767680418744,-2.171962170717064,1.0958071929547313,-4.234603335738724,-2.51620377107732,-10.87737576328028,-9.842930134082124,-15.425523769970376,-6.254097869930034,-19.191495696022056,-15.966107888641105
-4.275874865631822,0.807730114921378,-0.3544150199554954,-0.2719910676862787,-1.6983576553801916,1.4352880899489675,-3.29857277993686,-2.208294150037525,-6.294480907154486,-7.25420143594099,-10.601617282993388,-1.1856154617521997,-10.61176503359609,-8.514039838588578
-3.260232075635294,3.383387233561342,1.9496103230472936,-0.0913991955304069,-1.094346700019643,0.8551829092775594,-1.755816049770929,-0.9228246227209675,-0.9782850230188886,-3.345007776132892,-4.029125475714186,4.369224105451583,-0.3342630378950595,-0.1710753138005865
-3.367947418673843,2.328778790756609,3.3488336061163526,-0.2334206125216127,-0.6083361835018284,-0.7464370311745938,-0.6509610695467245,0.3649327564800266,2.208534308248141,0.5251988488963839,2.278028331501812,7.325274568553052,7.379962882365714,5.670467735022402
-1.732254051506986,0.2341231176472572,3.365294876009937,-0.4344679099101043,-0.4006299336234526,-1.9146422964228147,-0.6077852046143146,0.7324365023132984,1.823981615278793,2.9173384960735618,6.074377448443808,6.44423503934077,10.123450491687532,6.956282274245695
1.399348832095792,-4.5535963601591245,2.2092617467254847,-0.3900774201610684,-0.5231723692817045,-2.9112535499880208,-1.3985553672881963,-0.0602453301979384,-1.194984099099747,3.4241033534832006,6.770703901743779,3.05843503983953,8.872041479455167,4.255412682145717
3.3235058666031287,-5.2679328114954505,0.6343628335342402,0.1235842992425482,-0.8790723969229255,-2.7052462910666124,-2.28673720193466,-1.5143377896974552,-4.260217078768685,3.046033905274424,5.9471354052697,-0.0642650621450133,7.0017714060063145,0.5331099122108292
4.388021315852932,-1.4430859054260283,-0.4989472358881475,1.1318678219327811,-1.2443091278940166,-0.9360590667576584,-2.819237753533629,-2.831745047377723,-5.01421856564707,3.3847294796155936,5.987738757422108,-0.6658329848809643,7.523051217643609,-0.7196112013186813
4.843121033314854,2.983591063468785,-0.6791536457303895,2.409165266069122,-1.377683811752025,0.3766378302562647,-3.209462558800986,-3.4144509108264494,-2.945574051141179,5.322495771227585,8.127310485943172,1.6653849375101064,10.779334716633674,2.169189565694955
4.142612731005989,9.69602427169695,0.0891003280603079,3.5688879191756016,-1.1374730128623405,1.5079981643306015,-3.8488544365056985,-3.0698017468858367,0.4396994220330246,8.355469338946447,11.661977457170195,5.479034666466824,14.488938642596178,7.930515235425723
3.646314341513544,11.273664105930203,1.451240763452498,4.265917407933504,-0.5198406749608999,2.3887289949341706,-4.479302852261803,-1.925678867009573,2.909296374946896,11.112866344017448,14.839911763119655,8.528839967958707,15.979138282203794,13.305012535318436
3.268928767251352,6.829173243277711,2.9467577956215685,4.372451545229875,0.3619688339904741,2.618219993534656,-4.065298809233802,-0.3069687870190556,3.165678591219251,12.477212662280673,16.362491713825765,9.140226860921048,14.544451114562918,15.31751854749199
3.33302528195755,3.468407093467253,4.086559504969035,4.008425555174174,1.2822919323880484,4.278433772167657,-1.7609054433045443,1.26310605316554,1.5872813135393038,12.23645550857148,16.07346600581635,7.082376981818708,11.820269716687571,13.141042233802697
4.179782861479445,-0.5890463248964426,4.3338299696725535,3.4315413151174035,1.8979378619461225,7.348392670694902,1.8702602162435404,2.060838255557204,-0.4090779732476832,10.79236335183203,14.486380917502366,3.493644287650973,9.958985294201948,8.279348858929925
4.601130698602754,-1.7829170799508856,3.26322734510174,2.884737060638539,1.846292221718432,7.993155819038605,4.736663906479219,1.4220145981152683,-1.69668508293147,8.455132986331446,12.028684188723346,-0.0213658301792385,9.465359373716764,3.2266217660241168
4.753938843358311,1.1918788877386162,0.9554291945922913,2.490642237442774,0.998140834338912,6.37207538210755,4.657487789531082,-0.7222494918944662,-2.2515729361107653,5.21465548543998,8.961510251330079,-2.4473138542333714,8.8179978349266,-0.1488211703548607
3.806120450478068,0.8661034441453916,-1.747003108402037,2.2316557895067675,-0.3054669183177019,3.947333484275632,1.25932807227111,-3.457493507892828,-2.7896291759594867,1.246829241188799,5.923868687723321,-3.766516652728612,6.224786412110408,-1.3491134884732858
1.4380417222897088,-1.8671358888514864,-3.568587938851124,2.019208543048311,-1.325313470015221,-0.1172502922687706,-3.4228065687190785,-5.193188234608261,-3.689385867564301,-2.509019694328476,4.187664559990786,-4.457688745120681,1.7600026425737276,-0.940639599500166
1.1279909738392229,-2.1062799077853462,-3.646450141926508,1.8263993329786388,-1.389221167139869,-1.8484385477795424,-6.371689504741283,-4.705380773528137,-4.341610025585545,-4.555019525912169,5.002090726244575,-4.649271581253913,-2.253871126949605,0.1793103613224751
2.8253156645312942,-0.8742810383063917,-2.204641412050257,1.8015093374402689,-0.4271851124097203,-0.8963447607229531,-5.938411004609016,-2.1671027437816197,-3.6439673488557114,-3.87978133400458,8.502203758026003,-3.823303770437967,-3.0648647794353288,1.3109989407512297
4.590439050476321,3.239216833563813,-0.3720711551895128,2.2375114232356523,0.9195459491502228,-1.4549780680909918,-3.093494980482962,0.828917858931824,-1.197198288415116,-0.922271227672347,13.302847058567425,-1.4017037621474522,0.1542033279156811,2.137609143813925
7.156604419732121,11.213084674374114,0.7858331694858762,3.34866984992194,1.7825795116441796,-2.6795180675430137,-0.4792300022262807,2.504184031812386,2.020531473500931,2.5664602729417894,17.337108604090698,2.394796035385845,5.576131826538571,2.733401925730483
7.235685814453563,13.311260844414951,1.156387920253266,4.981526744028244,1.749170032612966,-3.862375878448281,-0.1126758035330723,2.4286354392817344,4.292021301858902,4.806621496317597,19.30379299909621,6.364947664322674,10.22667007154756,3.449057257681879
4.360586416445804,9.438761479215602,1.543373162521661,6.515022060196884,1.1299736020425328,-5.610201582464582,-1.7595209380098211,1.9294871097920885,4.613835473414877,5.327422914818168,19.491920420925407,9.105552140918936,12.274882429709251,4.585592182141134
2.603322411872571,5.48500363610466,2.7352154357283567,7.106295924267688,0.5897886450462977,-5.890680773544382,-3.33190934213652,2.8557373427980366,3.592681970583552,5.131839895042475,19.32418758260502,10.021544718942678,12.038772472899392,5.96204627891003
1.227267530217055,-0.6862080653970142,4.580701088194331,6.163017633120667,0.5285516347199888,-4.603109759657939,-2.8160851101445417,5.7418364726904585,2.886161414026784,5.531145525023785,20.07790026764928,9.565691776254296,10.981636630240686,6.790634663835494
-0.113125641648404,-3.0503580311583147,5.968421073483057,3.7143637883509264,0.8018292364297963,-3.3379285376503662,0.0575402042549058,9.114825646805976,3.6881599259136015,6.7611168676235565,21.84570892333944,8.50170711685088,9.906364788034915,6.169575009044632
-0.751874304573871,-0.5566777604045989,5.731122942882834,0.4203560797682257,0.9723861170168746,-1.6587721047316892,3.798248776388444,10.70815197372484,5.692367427611551,7.708760848632238,23.46094653119057,7.025454243613396,8.207533219557035,3.9009837617787184
-2.620814503926895,-0.2060371737417539,3.6324283211406367,-2.7625274531515918,0.7564503046737272,0.0565164914460442,6.595689217172904,9.523976541102812,7.480973773325914,7.003515405176202,23.308822969877408,4.725374369282349,4.858594903569674,0.8516018256261759
-5.669853327814892,-0.526728440702324,0.5569927639409862,-5.020515357490883,0.224563688444519,1.576058160925351,7.773091967589831,6.795848337490607,7.880276544910707,4.400270858135425,20.386143657125544,1.407090119552194,0.0083140654429563,-1.635315024409497
-7.344981438590782,-1.688515443379273,-2.2108526472192267,-5.999393751031239,-0.325012195804554,1.911401023717016,7.99845086803478,4.881569007036212,6.926092591382275,1.1004675074134376,14.931371977159834,-2.2300523564648245,-4.58347545986322,-2.853611845259508
-7.86644079153934,-4.786565575254829,-3.936945376191865,-5.918081884580776,-0.5741213177922155,0.7425528655714628,8.289746097117213,5.074218679278371,5.567707496673599,-1.3092417235022502,8.259808325712044,-4.996326934879043,-6.898446986828684,-3.3331987104200422
-9.164254230643357,-6.835201855769134,-4.813810221912583,-5.487511934190202,-0.2897341492086482,-0.2663146375263943,8.92176113430489,6.375558772496106,4.538532537597483,-2.295759504600028,1.8949942767035672,-6.418306063409414,-6.611461232406512,-4.298386108858004
-10.843387908121436,-8.131674231063572,-5.537934624194268,-5.620735799949198,0.5859483762001396,-1.4145678692691137,9.245700121324877,6.389949462180173,3.584973077156203,-2.847119375966546,-3.446544676144711,-7.4276597657799,-5.732573698635868,-6.464772382478305
-11.787402239250158,-9.845938615985212,-6.555518257841488,-6.953762132580373,1.738970359193587,-2.0578200833270506,8.439973345091625,3.5170726633835407,1.7732121430174246,-4.54601975674953,-8.232129489802464,-9.573389773513654,-7.137484803266034,-9.331533568614642
-12.208036574325984,-11.48014422016711,-7.661141679594184,-9.377610198991247,2.3576069355929405,-1.8480098185145208,6.375684109433516,-1.5599595141974412,-1.5147926357843635,-8.10026302835103,-13.421860722716511,-13.336745156882898,-12.113471059425828,-11.64101928995712
-11.07172704691498,-13.159725432672012,-8.253862205987883,-11.9485995815137,1.4389550294446425,-2.094474098889387,3.829646741083522,-6.392581544389628,-5.870979542225911,-12.617827441562364,-19.179465833062014,-17.245594942581786,-19.01407022678563,-12.508748376534752
-8.061253571783157,-14.955774294778236,-7.959089347469838,-13.40519959410539,-1.4315070285689977,-2.5663426860912573,1.9681542754396304,-8.736558175039505,-10.009225403533026,-16.1978536659647,-24.189984599410494,-18.876841567604277,-24.22454171093604,-12.086795412702322
-7.3618629133321,-14.830734665392468,-7.026948435085028,-13.0503671237616,-5.399506160915482,-2.370216042165409,1.599726200358086,-8.192670833943362,-12.523443730914376,-17.27891908964943,-26.469393362243864,-16.986602115491188,-24.7033756989149,-11.17141228014209
-8.943009687124176,-12.627736692751926,-6.152207451107687,-11.337078479922486,-8.525655928466565,-1.6340287609951012,2.7107200415508963,-6.206382339399642,-12.6167333012552,-15.641996788341109,-25.179933938655108,-12.779456298143243,-20.095893396213587,-10.290229783921436
-10.031321889387746,-10.255447682430525,-5.892885013384582,-9.58548462819622,-8.975468505855122,-1.074411943061495,4.475618670549936,-4.67519895444093,-10.413211389076071,-12.370862072027816,-21.76381116150386,-9.037996517761275,-12.849549203992575,-9.294852488424
-11.484266120487709,-7.252117565657531,-6.211604315705475,-8.920588880106976,-6.390656318425365,-0.5766658433096015,5.669498239899863,-4.515340850145984,-6.869272864806331,-8.955477356101404,-19.05026028296374,-7.825588757641844,-6.4058777168960805,-7.834150197314361
-10.577970752222164,-4.898110423154911,-6.522616441190971,-9.236071196838802,-2.264769694610665,-0.7701964529096552,5.303692655414631,-5.282761896494238,-3.4065528089294554,-6.318087030420148,-18.850829289323205,-8.802094601382453,-2.957057872164805,-6.049744647489774
-6.741116205459719,-3.590479270640223,-6.162392593985813,-9.105751863721643,1.107721725750383,-1.8614411705663736,3.194872552351669,-5.834935884672972,-1.3083223569584952,-4.45909668790709,-20.213364574520227,-9.594132211785478,-2.372486546968479,-4.598722303204129
-3.845563350047286,-1.0254452674498111,-4.860119955481221,-6.87312880535568,2.2978234388116974,-2.316233780947867,0.0840550929378052,-5.248348436455105,-1.0272145598400293,-2.846493274476312,-20.154102459082573,-7.81349999650608,-2.8380440633503268,-3.930168594560617
-1.238762426461485,2.469467510544056,-2.865842532989076,-2.1511015090732606,1.6352152853824355,-2.2658187010709887,-2.893428541932868,-3.3489847004112816,-1.8474136494652167,-1.1126493770336374,-16.4236647848753,-2.9893730448613205,-2.492062704811884,-3.675573015868824
0.7281892280661967,4.616326283276286,-0.7431153352482376,3.5044598398909903,0.6194297815766967,-2.201546809690653,-5.063555211959114,-0.7759340496433453,-2.3532901903796404,0.5348683513277266,-9.811055020494834,3.053174393649133,-0.7913241652373726,-2.9458737740571643
1.330635476531076,5.622350155739693,0.93183155320893,7.447103438610361,0.4711303732910892,-1.827647913084073,-6.657848358487991,1.2584469797605742,-1.569028315461516,1.484689054390202,-3.764491426773186,7.472489883912424,1.2817377659695524,-1.2896412564504054
2.85009357855118,6.101221976254624,1.784211274494158,7.819996851652373,1.166823801055191,-2.494264111481587,-8.361870964268459,1.4899158715535703,0.1118401340517358,1.2861856820553417,-1.57359442229823,8.288803773423023,2.179281244666376,0.7549007864876565
5.039560090889572,5.579730318129395,1.7670621687423882,5.042735882861958,1.7518920895272885,-4.315656904110045,-10.33616288580304,-0.6185129189992438,1.141309880420227,0.119896883612899,-3.6544266498041855,5.61129950356294,1.140521747913521,2.188517724891007
5.723814997813193,4.940304753103379,1.2294868190103827,1.6541620847202836,1.4755908014005783,-4.673866351189169,-11.708490398699524,-4.247479237525898,0.1678767101585947,-1.218476683299425,-7.355486492602505,1.5497599047565735,-1.076913360621674,2.6142016359198195
5.145253963637154,4.1857016108877225,0.8407626138409867,0.4889944031413265,0.5750704634809907,-3.730016327495263,-11.18334207524648,-7.409813100497161,-2.624517079677453,-1.8183544906917464,-9.317354057832274,-1.0737040636880089,-2.664186342568424,2.6332869950749758
5.128110301724103,3.717554417583697,1.2629639673943842,2.524530098005755,-0.0029122533070129,-1.2746964558116254,-8.30601203614098,-8.150733667566332,-5.480801572308756,-1.2631115171648055,-8.130774399574172,-0.4837458086153354,-2.1308605844569577,3.090604262308041
5.37637776530123,3.804737417933547,2.671592520531071,6.097077207131079,0.43837001964026,3.351452024350704,-4.161883432573013,-5.9817168454440335,-6.479589955057875,0.1024105869048597,-5.005251177811815,2.8645926759110054,0.4589789341280692,4.004549099788978
7.022454803856093,4.734929873557723,4.478002861705704,8.184070535444505,1.691215509695709,5.615050567288245,-0.7276494870789847,-2.3210859108589474,-5.118584344673749,1.4302189572514834,-2.212253947947477,6.536466859247149,3.4195438623414773,4.432606457714158
10.537355916562628,6.803970442994402,5.587617532041733,6.817607647335237,2.873940867804123,5.476903028317348,0.6363229286531293,0.5487144584654757,-2.607441045496678,1.9588624718348768,-1.0544240334356232,7.822777094690736,4.7117815019238165,3.510904029610508
11.142009285877764,6.200338800120792,5.146349425560459,2.7411620091099564,3.2312829246701327,4.508367713553828,0.2100587047655722,1.1751254635685058,-0.6397430058252667,1.5200227819993444,-1.1891277188046416,5.800661744294288,3.5919620467829034,1.5838285483130718
8.917421111835889,2.79356604279994,3.271311962126454,-1.047338238960414,2.724654393590676,1.6064825560169582,-0.4591035283065281,-0.1459749219644592,0.1119478826227009,0.6254092924912058,-1.5254536772858671,2.159324961305394,1.272883242624033,0.1878750201542303
7.3647000964290115,0.9594678479985628,1.1507954692327615,-1.5741786756261078,1.9486593405362456,1.017307706252902,0.0504589408869406,-1.8934014480609989,0.3376433301203363,0.0981538887535009,-1.4255662800886952,-0.0044516411355033,-0.0159255658173478,0.8379819202822603
5.570432945855745,0.0176224751170639,0.3065180412546837,1.7790328906185806,1.566501056431612,2.988173746990948,1.8977379274720436,-2.6299463481786702,1.085027272677543,0.5173302111466995,-0.9847925945943246,1.4226825013240187,1.1706139380965652,3.778068594689096
6.627832656128647,1.2970532002703643,1.480610839112579,6.75840153614913,1.8022890010713648,5.123683842625726,4.047297706073834,-1.8831334848326549,2.5882470692205075,1.855187058294348,-0.4064872723979178,5.920911608928712,4.338528445421574,7.816765462185209
11.320950103324147,5.76893636945825,4.004313141825719,9.985509278444963,2.367387397145251,8.459620231822607,5.324243865320227,-0.0398483898654618,4.147894236109408,3.5314392591834363,0.5336603684976424,10.79102563684517,7.511445466780863,11.233529506652983
12.458572908554329,7.234308306155463,6.227548165268466,9.580827486988603,2.798570279277953,9.23470183969146,5.3816564095639805,2.27364873037682,5.0276719064212045,4.809067597565552,2.2003982801825472,13.262740487327392,8.861173619897073,12.802967955749772
10.57402638065554,5.950798833601302,6.760071834189617,6.53189717528867,2.897498315548773,6.991419627010902,4.728211347286788,4.544921851913188,5.222712292829151,5.235090954148312,4.317233632993428,12.396423001975649,8.071097605018686,12.1551206610144
7.3300646652817,5.080446650357328,5.550872548564698,3.702753061402433,2.913488631911072,5.0860354803587455,3.956314146241645,6.261031654494261,5.210618084251628,4.83851774753677,5.673451715098238,9.247202635216825,6.298105402038914,9.548051226142276
1.2192487655319573,3.400065286312732,3.8831567788371535,3.377232278594633,3.296376115964975,2.5948031128386653,3.0636377771098893,6.787436488168289,5.07408209756796,4.008979254274614,4.863226213980255,5.483590107483543,4.904727976574343,5.6183095184507295
0.3889677047635668,4.648149047209072,3.2542535780698145,5.475081614402455,4.193573526984615,1.5505436935879404,1.5704086499262928,5.663185873725041,4.176942700298163,3.206172179851592,1.5467321535755758,2.0359636555030534,4.226499657543769,1.3607385951200754
5.3094292059029975,9.411430452441182,4.095478033065909,7.941970842186876,5.162579741786473,2.556831757767597,-0.744362878991808,3.128153842791825,1.9452171339448228,2.726106471863581,-2.8839714071070546,-0.9614415937808758,3.5258558708230225,-1.947510382344717
8.839119234960172,12.885672749554352,5.455073315067146,8.823552995873868,5.487488832577981,1.8272308553401644,-3.314145856230816,0.2824241440114434,-1.0542003657466807,2.6508423372648124,-5.935098815203801,-3.2482419374206373,2.097813033535317,-3.188426027866157
12.72904462174644,15.90426276654284,5.906666950412742,8.018540451081847,4.930018392599592,-0.1555715540642239,-5.065262220099022,-1.4487970194889712,-3.0619917814711286,2.9454509645054543,-5.57732172094321,-3.933876102660278,0.3612154743602787,-2.0367131710649744
12.291540706129307,15.213833467726344,4.835877222690655,7.093239245327325,4.168333671207762,-1.31658302253131,-5.261641695059637,-1.2138549199124429,-2.440322342887874,3.5658683200848813,-1.6114909876757295,-2.217913553838116,-0.2384894040413741,0.7433464068442746
6.059509644846443,9.633089169338016,2.945627654058974,7.458848507726429,4.27820257879025,-2.2021513384567517,-4.085219519718514,0.6990403757977219,0.7865401861200141,4.45849289572655,4.170872013180585,1.4300388635068515,1.452262311682574,3.6590037313613095
3.1333833541876297,5.078015052816317,1.5910145959349222,8.793617784680634,5.529399999781738,-1.6520153646309437,-2.399248918205693,3.056345488458689,4.68590300321231,5.457980130941962,9.14207598375046,5.12466144551847,4.967324165243781,5.297670251426467
2.377701412390381,0.6088208255808778,1.6349453592275085,9.289037657014518,6.673233774574435,0.7463797316590839,-0.9726759283575532,4.469768675193123,6.822013991293225,6.22766177857644,11.474910696261269,6.925746899450246,8.246532357926526,5.054982883156903
1.76403861158427,-1.534530514639678,2.870608426899885,7.44872866066337,5.715033514423332,1.809830195513852,0.0415237706748499,4.223747033346378,6.121227100618697,6.402632408316066,11.126495453997409,6.47915304391055,9.207142001135496,3.383107943989806
2.923342734010262,-0.050982649848156,4.409320704182676,3.635886422871735,1.7905133954932992,1.746572130994051,0.908355252814438,2.63516473307267,3.6050965731589386,5.910825444214197,9.5574866004143,5.250106156389727,7.567987942902988,1.4969630920998256
1.1637365241944342,-0.2515274415679007,5.492318475747609,-0.1451615007536943,-3.538348864300758,1.8304520852707225,1.7161244320581446,0.787991207694759,1.4635910782286317,5.190836704743692,8.502239987478362,5.027406987681992,5.231611294834906,0.7218822411164965
-3.689220747700885,-1.3551912961875847,5.894484859816885,-1.983231446767718,-7.046014341967098,1.4366923454689011,2.101767136894537,-0.1595760485594155,1.362721982982379,4.9791471083058845,8.750977659916643,6.160008721425879,4.7095554681396194,1.76437053501693
-5.482875445749072,-2.064209716856253,5.653222459084116,-1.6259502947966027,-6.349591319992321,0.9841502854181996,1.613855099174728,0.3043754034934345,3.359224262743364,5.668156017702117,9.805575438421808,7.270217767088116,6.853108177314301,4.232051057058378
-4.925567564182924,-3.2307218073676207,4.624380604921257,-0.4582446472996295,-2.076530871663909,0.5268009378474149,0.3014026414590383,1.7134457485937844,6.078076156038144,6.728684495006277,10.5292697123775,6.66800312363312,9.901474181080228,6.713684993442115
-4.669078194822519,-3.793116104723865,2.519583976648033,-0.0716538319377484,2.341553379681653,-0.5908992985195413,-1.1419610477048143,2.9103449652394886,7.755949157245887,6.832162896044025,10.137490288942054,3.9988053514287145,10.79424385572818,7.5200246802717565
-3.671105121042133,-3.7278690451994816,-0.5224678533724294,-0.8831605949807972,3.2793917437292563,-2.316794485438437,-1.876439466632302,2.8294789346366773,7.29423252577322,4.812454744447798,8.708271858477591,0.5454572383259624,7.713287623866545,5.764151092720848
-3.324883269376423,-3.646455393045648,-3.48032288050179,-2.03627358391066,-0.2106198909360284,-3.324775204186607,-1.5865215045308556,1.2845166700363713,4.745551501215983,0.802268950024791,6.929803326484599,-1.9287850425304816,1.7121738936611202,2.100856285235688
-3.9563936986378216,-3.3395654094531366,-4.798349058827309,-2.4618962786398964,-5.703303811396731,-3.6301482557142983,-0.6853328420524747,-0.8137266097796871,1.1728443557512982,-3.4654519991605053,5.510899702993026,-2.511275939630101,-3.9291910357511215,-1.482536186961621
-1.4343255470815686,-2.130223614134587,-3.489436443065397,-1.9220295021540397,-9.422394587161184,-3.7028095841333615,0.1068854389230669,-2.033439326414321,-1.90852492608564,-5.64561393222733,4.861660019533561,-1.4428496687446115,-6.052281225167059,-2.836421319257247
4.137460984948981,4.77798105320499e-05,-0.1154858357439687,-1.072921882569516,-9.179960878432732,-3.225171159756948,0.3778841655544571,-1.4244193899279116,-3.2607394163922327,-4.436532228092567,5.176289051447959,0.5372736571723911,-3.7632232346739567,-1.0646988550592993
5.585842924214652,0.0776048820151431,3.3038352809221507,-0.6846872631604612,-5.777685880716827,-2.849331956105248,0.2721324709607704,0.7785965442802998,-2.5621280203136387,-0.6273844242175803,6.500611924037962,2.799705336318068,1.1777141552463983,2.801400691803549
3.2580553843121334,-1.993416121958124,4.558170341284384,-0.944026770381556,-1.939040134011425,-2.593903122745865,0.2171605546941175,3.278913681870254,-0.6317444273476183,3.3319120519273757,8.4372764290768,4.743301354690473,5.730007679804679,6.377921103038304
-0.4738912514281918,-4.008844230833085,2.7558563654664514,-1.513561225261904,-0.0091663776573298,-2.369896689863144,0.456982785619328,4.570060219999772,0.97813161053641,4.946597125934311,9.7874959780898,5.446197355953473,7.45522959597958,7.358420070193424
-7.186330214860545,-6.630432392033178,-1.122768388108991,-2.1258145926637564,-0.4717359016984077,-2.3472257585397744,0.8381058220517223,3.881899688751982,0.8786351517418436,3.254836577402803,8.844342836733231,3.891756850837589,5.614020288994509,4.806487956407517
-10.408738566463333,-7.983883662397466,-5.042211614246421,-2.9583615478733565,-2.24076394977556,-2.156281958821924,1.0017464749551133,1.5685869135571338,-1.3080003322321565,-0.7711861978423435,4.559235315029414,-0.1310591279782276,1.0845161730783328,-0.5016560143774775
-9.692250359277688,-7.639314227210882,-7.37791001735703,-4.373766998049974,-3.974199864451197,-1.8318020343569417,0.7628246078718295,-1.2425642863257442,-4.733541602601986,-5.150245326550274,-2.2500186345489377,-5.36169962810588,-4.439584212650015,-6.734392502425727
-11.087020379604,-8.689435927147976,-7.848897734200358,-6.360873953183663,-5.005774453374858,-1.1391263972225931,0.3268234421827483,-3.390166144772913,-7.905192146209391,-8.27765036200413,-8.92106170310654,-9.587512750468996,-9.322711244273616,-12.03981350116386
-13.21580336838004,-10.71166839271438,-7.308802589399598,-8.340099036567615,-5.289525330299762,0.0220334518438676,0.1696295965040164,-4.2708490747324905,-9.634980124962103,-9.699804762288135,-12.577586448750514,-11.182661034920526,-12.580253766904878,-15.26972380521836
-13.640417281701115,-11.31206438266291,-6.79395546384124,-9.579120145601022,-4.907255333300146,0.4904105611309829,0.6929479721689589,-3.971690112030659,-9.662873708855864,-9.885140561181595,-12.206872258414789,-10.355340598576912,-14.10923414674114,-16.140784945448026
-13.002253026802608,-10.851658956043869,-6.736267912906129,-9.798997479122464,-3.931142923452658,0.2679512054247913,1.928989346218323,-2.996396001499648,-8.547191386953681,-9.46714597897492,-9.387079130600515,-8.880482515513762,-14.527166463775156,-15.018864601901772
-11.003754617722151,-9.405184675003415,-6.895708098833612,-9.364961591901054,-2.7002313076779565,-0.0096214481803363,3.513616118109912,-1.861933474715588,-7.017463193019395,-8.720249892761874,-6.939254047157782,-8.46340896010421,-14.631740063457112,-12.61421567225305
-7.232263032562535,-6.494739500280284,-6.834096131305838,-8.903404874262211,-1.8998659083657932,-0.5971569539609547,4.929677920747565,-0.8332618026023724,-5.3874183828248725,-7.598154776384774,-6.647889241041824,-9.22550698816968,-14.732758383068884,-9.73162216181765
-6.825865028640392,-6.179871899988386,-6.36886921408675,-8.76536711342149,-2.074614455969733,-0.6420704088851927,5.810461063629273,0.0889611121724094,-3.5052013243647124,-6.063498602513878,-8.04531134857725,-9.754550967493955,-14.361694876696983,-7.108331324936096
-10.024047995238972,-8.643461664019691,-5.656453849567697,-8.862011970941225,-3.023236761163208,-0.0233935343032382,6.054703684905043,0.9897994398141988,-1.207534914655497,-4.273425273157024,-9.23185583362552,-8.684695796858641,-12.736708675764945,-5.354694099118674
-10.490689587369214,-10.691992809686123,-4.997469079496351,-8.968075331263204,-3.8467835310439193,0.3782662695494562,5.680772842904808,1.8428968586173864,1.1986736856770186,-2.5069691405021146,-8.80627906671221,-6.2648157972311225,-9.74118513800985,-4.967476293045074
-9.133651569877738,-13.218729956040606,-4.642496915564582,-9.102724267392826,-3.7687770952195017,0.7688866674203526,4.612681357931088,2.4573314304370264,2.909864500354459,-1.0444934381923652,-7.06492440416239,-4.33724699623599,-6.534773674278792,-6.277696858323807
-7.783443208729754,-12.538125929682057,-4.717021893336902,-9.537884744558172,-2.918963312320077,0.994124898328803,2.684576174746592,2.5992602274516834,3.135656193095823,-0.1529011399790754,-5.497812262319858,-4.667816056516308,-4.988344291189055,-9.20394868374121
-5.378507386908599,-7.892159522789072,-5.184350949851705,-10.384256806614095,-2.1868558197461,0.9139169327797336,-0.0572450660755485,2.160761457724554,1.760493581522173,-0.0585235913976482,-5.289169300521525,-7.195782826867976,-6.122456842529662,-12.92593263688427
-6.8900895658152574,-3.9572464827259775,-5.780854114967383,-11.163706834111256,-2.200383216267433,0.8481631075237931,-3.031385463818413,1.209914729104991,-0.3854471390188259,-0.752906996996856,-6.336468368976661,-9.909866647353487,-8.860983519231361,-15.86172608922643
-12.7800969528796,0.2111607125460988,-6.019094941034677,-10.864450751077085,-2.492952588991887,0.7160536142722476,-5.193156059136726,-0.098038680638627,-1.9306877501493207,-1.7765730916085616,-7.574652884985646,-10.537998484112194,-10.483678138036796,-16.249664032660757
-12.822834131503454,2.217663847675236,-5.388671463953095,-8.599126863845957,-1.843664388704504,0.8471975403245189,-5.621370545596335,-1.5993842609493465,-1.8329786421486105,-2.3373333468846877,-8.036915664410529,-8.510227481263371,-8.768396305118799,-13.136565978308552
-7.575969047655652,1.0764410363576593,-3.696376719443311,-4.43334575877229,0.4009096875152913,1.3127979434893056,-4.221345247370163,-3.0602186305862773,-0.1167764212519486,-1.846564317578924,-7.497968572755315,-5.367241880393941,-4.066456358900471,-7.091266912235508
-0.4829159313521642,1.0684073280044055,-1.2769289198047566,0.3236648902958059,3.320550512353435,1.6516056230281304,-1.9108809701443088,-4.064254774427614,2.106165017863706,-0.4267391966223997,-6.186632506701216,-3.222236023923937,0.7503102054242419,-0.0246823992854459
10.633300391308204,1.4429330424350642,1.1552979020627383,3.785029256462327,4.886011035217571,1.9455686586937877,-0.0149985179641802,-4.097320546773634,3.432285042547626,1.1771299761329883,-4.107892626384128,-2.697195080196717,2.748742495591191,5.8554912130634165
14.66823096251746,3.015598216462331,2.945545714817221,4.791333035188572,3.700322955524338,2.173498176692244,0.707353416820613,-2.916692480213793,3.2252351622527584,2.2878840738533306,-0.868561150531896,-2.265351694766455,1.6995194900345822,9.240004019625257
10.728137889219912,6.598699527584281,3.883309173193695,3.8986779373765614,0.5157127439225206,2.2537372167474423,0.5932923950447275,-0.9179530400784124,2.0987884341508334,2.90627061003773,3.725460386262785,0.3223179195095653,0.4678777407063812,10.236683276499496
9.9609255251383,10.55812051203538,4.220407006325345,3.146766033601473,-1.962131376680773,2.75788499733102,0.6865718745208937,0.942414996873076,1.3900450226967251,3.5672236898349965,8.91987496663706,5.736018064537117,2.418276598066978,9.938313350528777
9.987064730841857,15.383371898818956,4.334569270454153,4.574264780546887,-1.0609565879079952,3.6960265699294794,1.7490452005590311,1.7711322337036712,2.024233186308376,4.556652416275277,12.968240634055784,11.95517096001819,8.110412107784214,9.481903110886895
10.34485914649822,17.51236902217892,4.364513529417973,8.526516016517743,3.6063565041922594,3.286100216317624,3.5318382338432244,1.4380405277777406,3.717239230825968,5.3404608404692056,14.040032900122537,15.458864511305908,14.409935091520552,9.3280754289664
12.718161559541736,16.43625664559168,4.141399568319425,13.147563554943323,9.52126166626207,1.5071394440104662,4.9336798947549525,0.6816839803841255,5.182407743974821,4.900482977189206,11.459145455421162,13.873954592806072,16.971451263034638,9.193234911241696
9.484578718715252,13.721336243445064,3.4435419674212437,15.619121223560334,12.917866684401044,-0.4953615203780788,4.887491041902003,0.4326191723834682,5.137234148466643,2.73651650519135,6.310559900359813,7.932236959244111,13.90209236633575,8.523820518594412
0.5808100298389817,8.261126763797725,2.3017929347000283,14.27645868425633,11.505332363777404,-3.1152771052038126,3.200022296848431,0.9257562452805104,3.250618504569637,-0.4403889034962382,0.9064011120249056,1.0904453366106353,7.328731627474873,7.064990940535644
-1.9999569847405183,5.1402110823354965,1.0656731278417926,9.921125059290851,6.136151995636743,-3.857039685285795,0.6648967835055615,1.4428026728328351,0.3118378039282561,-3.054122568294538,-2.5448226631309616,-2.9183818169970444,1.576514784184873,5.127203318919506
0.878233330905582,4.667199182903229,0.1914324784706966,5.2377464923662345,0.1264649628177334,-2.367799985668157,-1.5553606569173652,0.9778519311333048,-2.3752340753800283,-3.802286336584896,-3.147762098721625,-2.627268482867553,-0.2689864652455149,3.4371364451009008
5.482754691185272,3.784620649516876,-0.0333133037555715,2.778844294351193,-3.182257142886561,-1.8804793311446475,-2.6874127901436182,-0.7519802764740433,-3.7897520095940767,-2.607167010388501,-1.6048748645909612,0.5143754039144568,1.6001000895647746,2.720326679191082
14.3006102992231,3.7303003400951913,0.4005287416730034,3.166606114720105,-2.6713571731629084,-1.844129524260892,-2.66011510998095,-2.883746790709681,-3.623247877807557,-0.5886611026267463,0.5339649101643076,3.69612884736922,4.542704858186523,3.273019219123933
16.210840566079384,3.465731202113117,1.3053160073036096,4.923319460088722,0.1686076147155564,-1.7954416109128797,-1.903451912352665,-3.985810306488148,-2.213998270998553,0.8599007068502349,2.0248321437043355,4.990881040659263,6.008855608686446,4.757239360973852
10.399541925424904,2.745846280197496,2.41639378781774,5.9180946091507005,2.777357946715705,-2.2638670799710785,-1.005746877933193,-3.150462310125109,-0.2104313035422418,1.086873688354677,2.618821754628596,4.406683842044167,5.409382047997994,6.336108425351384
6.215380546172698,2.7658738808081207,3.422011164806012,5.096013597971217,3.544811232400241,-1.3949480043022666,-0.5442168368302305,-0.6870724097987138,1.7712586920615117,0.4982707801591459,2.864081808744956,3.182018265333965,3.9659819874323183,7.094592422934946
1.1487873784579334,3.274465191724945,3.952448544971614,3.0850183688879795,2.7002147529528084,0.8556449967824201,-1.0128299809014614,2.1059761027083086,3.3494955318375386,0.0334227572864582,3.3550688882191784,2.3737913667070702,3.1732943257040187,6.519980266395841
-1.214265731441797,3.3287318770841927,3.679133469436023,1.394741054199616,1.617885677782792,1.3394095878570824,-2.5937936517963127,3.823512996218307,4.393580599166586,0.3375735171127285,4.1861614841870605,2.165921587108222,3.5194256809623417,4.763292456524171
0.6511029188479006,3.01253836540383,2.557396336245076,1.1066135564956814,1.4188806318869105,0.2538054971444332,-4.826096946672111,3.765399845443008,4.886160338711159,1.3261391113425756,5.070100907894316,2.28614224534072,4.457841391756368,2.5313886938477843
0.546341862829853,2.4682204519617867,1.022557270393662,2.1650944786798907,2.121280641295746,-0.5348376447468914,-6.619357332570488,2.1599498465795204,4.772258985219759,2.401022421432077,5.853349344031097,2.7042691262642435,5.241790544252495,0.6905268402230877
-0.4056157247635572,1.4819953781730644,-0.1270415747248687,3.6261937140306593,2.8791365568731786,-1.6036549973394716,-6.93165568961129,-0.1713425937429844,3.9667762476992623,2.990227728873741,6.737119229761441,3.662360060018526,5.550785998849525,-0.1723952523835876
0.1622614385060764,0.8802698656522363,-0.212910024777857,4.391747303512322,2.8696886989431687,-1.5242976457588842,-5.717574061800065,-2.3264078821601,2.5380963685935525,2.8742824462824275,7.874845889567757,5.039408734928562,5.359056970835423,0.0097768458859022
1.464052845694829,0.6699963033452792,0.7843883067556151,3.8043776247748062,1.9936347596911212,0.0541253116104067,-4.209326555923116,-3.694093095164956,0.8560657987127982,2.1005224526389297,8.809456241750254,5.92761615722552,4.481657487243639,0.8428849621545922
2.5978750399055226,0.6754289247058913,2.102957409608271,1.8838213309363088,0.8968462423553856,-0.2200418386911167,-4.000880128268239,-4.114875204309336,-0.5291455218910093,0.772698741599962,8.546870512968049,5.127479931137762,2.568992107770148,1.7642404408035286
3.738824041316268,1.104610761337064,2.70547138384999,-0.6922719690802679,0.422872368827158,-2.117225457889876,-5.57237765747804,-3.8842699159141887,-1.2415388276098651,-0.9204268210435872,6.448879593622581,2.2607690223238914,-0.3166730176940864,2.379781147299365
3.081617038377506,0.7016563239211535,2.0887408525706395,-2.823685361538834,0.9657831914663864,-3.105966934888407,-7.655310034783652,-3.602936512498847,-1.3537238296072036,-2.493317243411449,3.13784045450101,-1.5635091764600826,-3.258104171481332,2.614196063612356
0.2509535535614523,-0.5930690003471322,0.7251959439747386,-3.517059485247944,2.171747821343865,-3.719553586246765,-8.224510021490191,-3.849931425596145,-1.3121410766419856,-3.215049710322431,0.3592944859784777,-4.310038363949123,-4.92180531845,2.5538298070901857
-0.0947721416750809,-1.3581229586648222,-0.3030634377697616,-2.5576809250876136,3.1829967746454204,-2.4783366014216828,-6.335161581386132,-4.782004964319233,-1.5673346755620736,-2.652039290836236,-0.3119830159167125,-4.493857006793556,-4.697813963782274,2.131167223005207
1.8111367260126503,-1.8242075411898029,-0.2187884904263999,-0.7892651811843776,3.274871656929822,1.1870656871371426,-3.0616705321462767,-5.914241209532017,-2.213605690332176,-1.263121430982948,1.2090166805184643,-2.376021759195538,-3.438629352185541,1.0269315514594783
2.7592054788497347,-1.5033102419001338,0.7923060310626386,0.4510565297292599,2.4466967999390445,2.5893559104962445,-0.543569709910769,-6.292715873895372,-2.884345542371721,-0.2850255059983793,3.4919313617960177,0.1835737546870124,-2.8624041024512343,-0.9551568211602062
3.576530107804159,-0.0804701413151833,1.8080052358117935,0.4617287740445261,1.4774646196520616,1.961659319934548,0.0182171567035052,-5.011094194900315,-2.9219548742159622,-0.723216924947657,4.955809644960993,1.1928189136342828,-3.948723919066774,-3.2920039379389183
2.675914806860166,0.4706321668935894,2.089333822989208,-0.1259256457928579,1.3044937228884024,1.082011838059686,-0.5157213500843332,-1.7730002961398847,-1.723522441398054,-2.2719462375017274,5.282892817424022,0.1538592132077942,-5.787503825189577,-4.611792273943866
-0.5460379888217041,0.2528654973584324,1.8011953809105297,0.1163798588200615,2.156244795713822,-1.0233105194950112,-0.0906320312979254,2.8316845627074887,0.8387811803087262,-3.3076390546243823,5.431326555555619,-1.5229121475753793,-6.125330794317859,-3.501951886518842
-1.455480976177626,-0.4933183748656402,1.7925333915468906,1.9685754323624725,3.1913362050382768,-1.212997568841665,2.5182098872308627,7.486142192716597,4.09092729284343,-2.2054534460176223,6.229179453832812,-1.7331033743234985,-3.345138199077588,0.1619085899039518
-0.3271185147668917,-2.224093773139386,2.623436479948536,4.534321463885182,3.061006681255427,0.7908249999600897,6.477356493574577,10.675713235031068,6.634137248512978,1.099352941491965,7.060755974023382,0.4451867646469836,1.8066287847523248,4.538570278149923
-0.2947191588708543,-3.821099123797728,3.824461320629952,5.72591036513616,1.019784629658127,1.474846531704803,9.60348766484823,11.372882915034088,7.044874331980711,4.785451432863701,6.13445429068261,3.804795682834083,6.378617759415578,6.699694677892419
-0.5643904972494002,-5.357155757219283,4.193415494378237,3.98546629856986,-2.3402295551223364,1.4730033246522078,10.258687428331044,9.574112363693455,4.920435509162511,6.48853292073159,2.2048840334223776,5.855761378865182,7.32761904833519,4.6773858482978845
-2.592724242816613,-6.288343041088096,2.90220408900152,-0.262798362480134,-5.403415832314326,1.1810807119491975,8.616602707212019,6.358100617279519,1.4609291257574617,5.196163455674792,-3.959243128187582,4.800907404594975,3.926486414023084,-0.9022202076591784
-6.969262847661298,-6.307227156184315,0.3384105534981216,-4.7744921778503535,-6.68182836036782,0.0278436705946681,6.226112743637317,3.3097949719606863,-1.1268727442158095,2.0181267777418856,-9.936007795860718,0.9834954450607452,-1.5492710467779256,-7.069955795918123
-8.541368405686388,-5.637729896034548,-2.162634720837648,-7.166897280806719,-5.8725928956733,0.1325799817596209,4.4939083791539645,1.5647090947059583,-1.2084727658570635,-0.8372023756368865,-13.634547635431092,-3.4086141781753234,-5.500160432056182,-10.61131823209211
-7.487305531373039,-3.9782122081811737,-3.4424027339015364,-6.667830382246207,-3.9845327414536458,1.527909016318726,3.6389524687424455,1.125216347924514,0.9159461601453902,-1.9171491546467143,-15.028707740532074,-6.084508927543569,-5.720886549272042,-10.353700316772596
-5.8397253515641605,-2.8325423007439348,-3.4049288424672195,-4.472134708309071,-2.4990511871657937,1.7168703886607528,3.00283735200392,1.0353743863732632,3.122926478540407,-1.521868487739881,-15.922684376793562,-6.30896282457007,-2.934969395456781,-7.744895941870153
-2.49011279004663,-2.232201662323934,-2.851954690311412,-2.541446496936027,-2.305046189777384,1.0297344824795949,2.145619192052796,0.3521121898056121,3.1487950008248067,-1.020805545466363,-17.920277475335887,-5.10330082288122,0.0897234155115596,-5.278802858495117
-2.022629255180816,-2.397340593892895,-2.5447487674956824,-2.020220177040824,-3.237114228054888,0.458798506041689,1.4362994517806271,-0.8957492331005303,0.4993957161841766,-1.2781220071726356,-20.568712997562606,-3.987476936907747,1.0056658775522234,-4.218298322586351
-4.855743989751887,-3.776888103066032,-2.509914085132686,-2.6069787773355992,-4.454826156845584,-0.4049196046477604,1.522819474769193,-1.6691609958981628,-3.1089055249516155,-1.794608395851963,-21.56426956798137,-3.5578640331711444,-0.2604680701970938,-3.685407294215104
-5.285492176350736,-4.032498857875525,-2.255662441588788,-3.205654594082948,-5.2087996430802646,-0.4694893072221622,2.3460344853742185,-0.9251073109926812,-5.253589534751315,-1.4009165291920906,-18.94994892849514,-3.219048978066475,-1.837193765370721,-1.9198620340759776
-4.199367823368575,-3.242774659224882,-1.548577093086042,-3.043753263024386,-5.329161163196941,0.43799293788336,2.8714907059028407,1.2223136958239644,-4.961227366989172,0.2780293557193705,-13.260437759719665,-2.169549292827852,-1.931694784077953,1.5468353775805888
-1.3630794999249622,-1.9082798063569848,-0.8273105880635034,-2.2171552977829885,-5.1282099202128215,-0.2768415426920886,1.9385343170466225,3.3245120932707843,-3.5399529125583893,2.198974965318053,-7.497689596482855,-0.4981994512815912,-0.4953244727635786,4.981024668117215
4.323377112874479,0.5104383047186974,-0.7712253884774611,-1.353221782928598,-4.937248418868478,-2.494691993282715,-0.5846625026736376,3.695606950554789,-3.270143982331341,2.88082175848408,-4.789284256580714,0.7954534561495938,1.0466366845719373,5.826379894129245
5.664816715194903,1.7203763012819746,-1.4773418391044988,-0.9297003827954295,-4.739966158105988,-3.4120897568884043,-3.518546139449896,1.863506931273001,-5.14253646083972,2.029590157445447,-5.759447016244716,0.8784214304577249,1.547015419295926,3.165816698208979
2.5729460277427005,1.64903771844014,-2.1314574379971543,-0.944766819313072,-4.187246007316461,-3.3928061382351267,-5.272658513100458,-0.9454094535390984,-7.800955775329316,1.050999854287634,-7.967212466691429,0.1011642212419126,1.4140525193958728,-1.115748669617262
0.8615728678630752,2.1486337222633125,-1.5796875364622185,-1.1052525748859183,-2.921934076529791,-1.6375308229036796,-5.065927711555994,-2.76625532441068,-8.776562029097832,1.7585928525453447,-7.925690007352064,-0.1642736942671048,2.051990514777948,-3.72082677406721
-0.8905786691404357,2.749555594627783,0.6641089498204193,-1.1553047079047496,-0.922645107516448,2.521060472764778,-3.345665922485865,-2.463482178372024,-6.9105884933343065,4.494224138620098,-3.9340236211318103,1.2272632208848409,4.131126776740225,-2.6914696552544557
-0.5771911915369884,3.266274579681576,3.849907381231862,-0.9649672591697488,1.3788005347143697,4.216835102097776,-1.1654264752235424,-0.5344816769032814,-3.649575324135812,7.605322489878889,2.667842126621085,4.081736038695665,6.620733127829511,1.0335640975493594
2.836021565176936,3.928507063300176,6.364570415860702,-0.4194484474665598,3.263396036299121,3.537173064492656,0.6987845575586134,1.4787008161894506,-1.8968688377794372,8.899072649980358,8.709924723713435,6.97577753096302,7.6691007077870434,4.677296504679959
3.5439200577075733,3.8723993498710976,6.787005579464348,0.5745621358922008,4.070352850581646,2.4480115533147715,2.036561219727536,2.3160352242410616,-3.431608779530128,7.646588754232577,11.627670702397255,8.440275067848674,6.416934201248796,6.177213000971097
2.0647993229802326,3.0663619812274643,4.856665730977271,1.851620708931605,3.5469096638463204,-0.1338558127764211,2.8705186357140016,1.8386081967243908,-7.312415604720815,5.120125687676916,11.061853605495504,8.04964816588939,3.858885903467375,5.727008675082171
1.6036176715863366,1.929758015958396,1.6699926036715835,2.808178546915295,2.0182451946777986,-0.4860597700634537,3.1703752979624964,0.7741822770249631,-10.773719367379677,3.1810138009726674,8.577646570190444,6.475573891628535,1.9119413163294183,4.966944894742367
1.2037358340311417,0.2557892349377506,-1.0261887799232166,2.6455877253028817,0.2454761205882181,1.71268809492247,3.038350898783317,-0.14006529522151,-11.74873973724466,2.4594383426297184,6.145733367341118,4.696037424108996,1.6929153163906752,4.92852533155699
1.0593242468076314,-2.3875208599943814,-1.9531467080637648,0.9871041232591816,-1.0050889275565722,3.6359850160512255,2.9980169838771253,-0.6840639719698149,-10.62332846748978,2.017968599473596,4.831391617874603,3.3073764870997517,2.6893152861655265,4.993235256047035
1.5683532467201884,-6.046303140329113,-1.0567763683743197,-1.6490486437709428,-1.426979897998872,6.171319912246255,3.752205886216356,-0.9708626156506828,-9.602693220993965,0.7349960576240635,4.573503062964227,2.530901481371148,3.4571002782482987,3.8583690277834215
1.0357367728842546,-7.729235239645379,0.6103913623947168,-4.025529371460794,-1.3211282355320335,6.80954799066166,5.436151857690817,-1.0051256153725672,-10.36843811110436,-1.1966789576601995,4.814700063360233,2.580175361644349,2.9708331133799297,1.2865258600858391
-0.4755222711727608,-7.285509710281259,1.7427999458060426,-4.968260766291129,-1.274822378773302,5.019871317080552,7.180386869837858,-0.613719833317387,-12.28351210106461,-2.317297358271312,5.154561791988559,3.683982438286101,1.3285372815319438,-1.3549036415578248
0.1752682825522197,-5.906375582212974,1.6798731627923296,-4.1544477396239285,-1.62447361161178,3.677131765544387,7.666815937342047,0.2005113235935729,-12.810715351891789,-1.4493748974889464,5.4869918604133225,5.610383154345935,-0.6272789368733878,-2.3646304283278656
2.8897531201750537,-2.79079124843516,0.6708818086034563,-2.278500200499584,-2.1770732204354086,2.110928222621408,6.315000549989877,1.007089087869848,-9.713735950889168,0.8928241505045189,5.742997399243455,7.289596319394535,-2.1627103817921443,-1.4327778699176037
3.763058113837951,-1.3292940055890825,-0.5806412372029559,-0.4964619074502927,-2.441716037900879,0.9906137986215706,3.927098272276224,1.2118673096346502,-3.0328158510608856,2.7118199200116315,5.700270298408887,7.182825987450856,-3.149110104519816,-0.0261740731493604
3.22175522929918,-1.7415051163001118,-1.553725408290993,0.3748028356853781,-2.125404752978427,0.7853873864474994,2.0406207444830686,0.6153228374743844,4.852500116568439,2.182360793862656,5.12225636773043,4.3226709857052255,-3.9280915781283694,-0.0483114625205844
-0.0912205557936888,-2.075476831740475,-2.1308430754395,0.3069645656554036,-1.3916156538982036,-0.520465692093522,1.5383570047435715,-0.3454473555860762,11.002606714642996,-0.8085787899420691,4.066639140136722,-0.7670437732779103,-4.851415239188761,-2.0854591534634066
-7.173026816267437,-3.1705455097489463,-2.3403949218749145,-0.0828888606962419,-0.6492402618190256,-2.70975371859665,1.8814845223239045,-0.9669191188499776,13.952552421292747,-4.606108524455152,2.996212152413987,-6.07249057291034,-5.917051951582241,-4.859188385837193
-9.958109765433734,-3.129932733449858,-2.086715295001035,-0.0562022102019335,-0.142415056677732,-3.9901303640825634,1.7439781503546543,-0.9095163414865004,14.400991919415665,-7.15202679355467,2.510356974448285,-9.145328348340982,-6.718048040117824,-6.301686498393798
-8.546335710906558,-1.6992231722391409,-1.2780512749074302,0.7312775405402903,0.2075926167101944,-4.5975345131879015,0.4093925447224098,-0.4756629121287572,14.22917295030706,-7.497279436384368,2.8831632724100924,-8.603693230483842,-6.717173451606973,-5.249229578939575
-5.853707243184422,0.2020451883341786,-0.2078639391291301,1.9962983092795383,0.5958481377759126,-5.008743858853221,-1.5076812894927354,-0.3093805671448777,14.86168586253195,-6.24908115315138,3.788935862911301,-5.1584753262293725,-5.718355140795262,-2.357041932382564
-0.0189124358663422,3.1182077612111674,0.3471169896861843,2.954519833195505,1.0764353679128118,-4.894231586381486,-2.781160822909298,-0.8657712099145387,16.300915567276146,-4.808040856427115,4.449765224509044,-1.4647704755579136,-4.234585084727653,0.3914253697906908
1.3856636289578188,4.251811033072248,-0.4044421894547345,2.74630674446395,1.575238940726817,-4.7901654084427925,-3.020003323578452,-2.156587678633893,17.416382984561036,-4.23156470600328,4.101156940057124,-0.7045298796351647,-3.363597676230397,1.09438636382203
-2.18106745931626,3.378917621271708,-2.591941794002264,0.9919757138767022,2.094083819265132,-4.708495462954684,-3.3187286395363214,-3.911582276833151,17.027180205970005,-4.655933465765261,2.4525114176020475,-4.576385239569438,-4.040234374098582,-0.8140987162139273
-5.3416865537353,1.7279357754540683,-5.462796412435695,-1.8117180527353507,2.759996296229525,-3.801453379714924,-5.306626766353492,-5.854988663594982,14.825530773925724,-5.527680523835356,-0.1238043667852402,-11.927829306598795,-6.107265113425805,-4.303667355967698
-9.89150481135845,-1.4627163558833405,-7.879751024004187,-4.36656831659098,3.601784083708916,-2.1239556722642927,-9.382032361073122,-7.750005136552954,11.50009840887638,-6.193829834162723,-2.7337228403208984,-19.12027086298675,-8.033952200164714,-7.544066409076327
-10.10866797048191,-1.804527220784155,-9.085433820818546,-5.207289119770095,4.365954550670018,-0.915797546881742,-13.8473433344736,-9.220761605667176,8.138957721656258,-6.27615617334111,-4.345725649106161,-22.17301854829793,-7.77418753602623,-9.075754526567454
-4.943400208975843,1.054420541896835,-9.027408193113954,-3.575192457333423,4.717741163501837,-0.0984647450830522,-15.95148010919157,-9.690471694639996,5.503987676347085,-5.664136625023049,-4.2926462791253,-19.363058658926334,-4.310632489591861,-8.48747105741914
-0.2709523758989497,4.877864688637266,-8.012207855611205,0.0552438948637479,4.69281778181153,1.2024619553353812,-14.084412979867444,-8.693465801947937,3.7304220092882776,-4.381045905769997,-2.7090763290123867,-12.386201978761168,1.320049867067759,-6.236357830513999
5.426391790104895,10.833311386764349,-6.166944169202015,4.20464222201306,4.841398225620361,2.7711864758817675,-9.199439092739665,-6.383707361767546,2.546592591360444,-2.586246414479242,-0.6279774835602012,-5.119463686408405,6.488645730427357,-3.011618564806541
7.899675607873302,13.105510080221622,-3.3706630148392898,7.235316064005597,5.7404176667766045,3.667322779606197,-4.135553093015668,-3.721277491174845,1.6788781878825838,-0.6691314842162224,0.4947067573690802,-0.8929136496420389,8.717294024846698,0.6348963025372045
5.976049936603676,11.150145821344058,0.235450095724842,8.220907945365996,7.271326131223413,3.920092044312564,-1.3960999644089371,-1.98300068524911,1.05510672323814,0.8104352366988206,-0.2907428902506703,-0.4112225184345384,7.382828309890413,4.111078264273608
5.397154465906842,8.370461701141174,3.758841718155579,7.270282696787159,8.45466447667151,3.015449152660139,-1.3404500404495807,-1.841626387847981,0.713722979140736,1.4203428227143262,-2.631647129459568,-1.8886604279850856,4.022899334388464,6.506407281433882
4.962052526852957,3.227476291154911,5.784794293470163,5.208496758219344,8.15965790282553,0.6432221488510914,-2.3088063764845987,-2.7526382001363965,0.6217660306154684,1.166023836973486,-4.901521228109756,-3.0166281629087983,1.0361410058114608,6.845450620094713
4.172675784566575,0.6818581852793428,5.341679138179314,2.9846979603112147,6.101390550599559,-0.4525630729151113,-2.359169487702081,-3.2464001779849445,0.6207918367083363,0.5100074681491948,-5.221155641471759,-2.8434491037448666,-0.1058280919109841,4.878311765296815
3.850754116984739,1.2968569240733565,2.8098436455605817,1.2471492263304755,3.1633284272622992,-0.3093276505301636,-0.8689936503867841,-1.990082953899372,0.5088690502570365,0.0584652843814853,-2.8177708520454194,-1.955891049061115,0.3037433243158269,1.641347816488214
1.5531132953906817,1.1327483744713691,-0.1176971990030337,0.2392617203276614,0.6999295424488823,0.4583774521463765,1.382889045362028,1.203360162538242,0.1256994579223382,0.1708880697459027,1.3208289218765843,-1.150749986008852,0.8377972887905463,-0.9735787419508596
-2.698135223995099,1.427092854739158,-1.5361788832997458,-0.1068815092043831,-0.5304707815301426,2.5220304618545537,3.37815411584434,5.227107861504235,-0.6160794075145346,0.7773281608181573,5.068550702893777,-0.2401110065011371,0.2981100298467205,-1.4972514423031082
-3.5460420634316656,1.2527967480350133,-0.6432128561333901,-0.0256591844913083,-0.8000685522122462,3.723664926121814,4.826522790282054,8.479445537208735,-1.6767415668216017,1.4736257629231564,6.632178636939855,1.7094555964468956,-1.3782485094393238,0.0455595936680703
-1.074683511737761,0.1401437317498907,1.8141821165921936,0.2535218262339158,-0.8694972526589679,4.049876715168703,5.997201879393777,9.936327535317396,-2.780079161054065,1.7846027119449182,5.759405453778376,5.096123277660764,-3.2419784295215752,2.2438375255385967
2.406633098268589,0.880941555161754,4.298815767488797,0.6858459523553225,-1.0988142183526852,3.8074790155100535,6.925392696136032,9.696746504179549,-3.3929332394648317,1.4633941672471158,3.784932625615401,9.02856152573992,-4.127061666442727,3.5041788891537453
8.1171585268186,3.2913202893204785,5.748991667295472,1.4621212311894531,-1.1396573724364438,2.445478146961614,7.20013216910677,8.72941543879228,-2.9666360023490874,0.7120666682086458,2.542811908562066,12.0427698285958,-3.406230390088973,3.2683768268396154
10.372882789723686,4.573523556453,6.259049190897256,2.7883537638916103,-0.4768915459698122,1.799577876026371,6.700734521531974,8.164750407738243,-1.352041282720991,0.1618064945327426,3.0268118553909247,13.51895644610855,-1.3169033775213204,2.2125254930611984
8.631949278449143,5.096859435123505,6.664243757524656,4.506248690072708,0.8146944636717297,1.829996797499704,6.310049304242385,8.652334917606797,0.9761205977008228,0.4894478650728198,4.790401112662942,14.169000955795052,1.1178398700550876,1.4107661831723777
6.590419288034835,3.2121278645223943,7.515384106199669,5.937254444137412,1.9453929721943128,2.7667342399851367,7.441847039576183,10.069178132227892,3.1627643396742213,1.8251194250849665,6.4270827725120245,14.97679921300982,2.485895520689552,1.3820790636556808
2.7800778108366475,-1.8336845977099023,8.431593451832702,6.23509884976939,2.085519771379543,5.100777072581298,10.517030862220215,11.5949450912825,4.52140990415808,3.441355329745357,6.648578138523897,15.770855241151972,1.701719555050878,1.8924234595854157
1.227963958977696,-4.026144383428556,8.4151446632626,5.04407310032445,1.1597349618863964,5.250189651980653,13.90789362829652,12.093433529927962,4.894661413637985,4.152341167185518,5.135758961554736,15.147060291216782,-1.1646560734249318,2.4966934306029773
2.523905358116828,-3.621646005541545,6.813742178040105,2.865656544948447,-0.0578185113684253,3.189043036961793,14.710174252371957,10.71097679049098,4.511983140053686,3.254001218777377,2.637578198204027,12.02902380460068,-4.551288238391342,3.0670213695673825
3.9938645259287977,-0.9284790946027136,4.034219010774681,0.7234370698726713,-0.6516192435234225,-0.1075363490119931,10.99086316509959,7.443872345832734,3.5508708858732865,1.216970651500792,0.391089103131728,7.255428867203487,-6.132577476577519,3.7179651881807696
6.761991524517032,5.529219362868419,1.3423067803326485,-0.6292680296920361,-0.3739207929173178,-5.536956263407192,3.588716078985017,3.2745355701458183,1.9047833352157355,-0.5885343909989782,-0.6625913703302402,3.334153339071324,-4.392567453873592,4.343549422538313
6.808505137559523,6.798848254822053,-0.1049596926403708,-1.2485998645704783,0.2163869688958295,-8.152876126839802,-4.234186287712512,-0.3671560262578907,-0.599897637460914,-1.0184689470113226,-0.3894260372261762,2.317740089030292,0.0952007806636254,4.459756217883442
3.637218198307594,2.702294393547309,-0.178390552363665,-1.8110124561829724,0.3351180045684419,-7.685423178344595,-9.109053656297494,-2.549953749584235,-3.8098938239901416,-0.1747787456587444,0.5189801741182247,3.7820533979894537,4.841087767600623,3.644377617924513
0.6915390538237581,-2.0335338262190827,0.1302626214675111,-2.92672517941182,-0.3932197452138823,-7.501448322078027,-9.909396557095128,-3.485001428593928,-7.13133575155423,0.6217480386659766,0.9676040756260962,4.972476081253778,7.0925122541673336,2.0635262483686265
-3.0338731024561514,-9.46909510402291,-0.4778894307234677,-4.630471487970771,-1.8668427599648671,-6.446256929235005,-8.224961814484,-4.277653333616302,-9.831102374537863,-0.0710205914800985,0.0921431926137748,3.1382682957678347,5.693241490415328,0.3652609352437825
-5.102964738136277,-11.737451144895832,-2.5613128992997094,-6.4701228827435,-3.9050663231045,-6.221598946324736,-6.757967005900015,-5.898136731945435,-11.450989113091625,-2.5743221054120933,-2.2081197835537614,-2.053015975845391,1.6873247259762474,-1.0627879072592807
-4.894506154604654,-7.885176354339634,-5.504453750463947,-7.978375550830119,-6.47820692550202,-7.276857800039524,-7.170949682192843,-8.195890003274794,-11.959521615218152,-5.737315854498396,-5.134915401139025,-8.209051708794682,-2.6689677889337755,-2.626358202817761
-7.004020555533917,-5.956642440939245,-8.011957188850126,-8.990534390465179,-9.406499009575302,-6.749727958090304,-9.139819640664092,-9.846622446281632,-11.594160548298952,-7.734865343269823,-7.37624491061503,-12.19660858771687,-5.491709307635095,-5.0907214411636925
-10.912583401590933,-4.122351389006868,-9.073900875039094,-9.548956280256254,-11.925015772261592,-5.026511702950743,-11.091872981044348,-9.393004807439652,-10.650462598641989,-7.350775232668004,-7.8367753607169615,-12.536954863987695,-6.16907699534015,-8.499066447907074
-13.638842804071803,-4.416874882145742,-8.602508305685896,-9.632042895645748,-12.826490663059833,-3.930896703785764,-11.67707061784665,-6.592312233856783,-9.430647829596488,-4.782130605733713,-6.290440870855437,-10.179023922831272,-5.167694880489685,-11.654851457980104
-15.841513613303258,-8.220693928307591,-7.288102724155994,-9.09781412637118,-11.322324429905269,-3.088039847791129,-10.68393345449892,-2.9306394069428983,-8.282997363250956,-1.4502698218833614,-3.544156523916997,-7.312174663686608,-3.3399481366941903,-12.95589320963716
-15.983537079493322,-9.395549924612386,-5.924492806674143,-7.921790021524176,-7.886070325351369,-2.6408293513548022,-8.90161343497737,-0.7654472666440667,-7.5297134532474175,0.9586734710857088,-0.9948790968997284,-5.606056492384139,-1.4817457915135903,-11.91495309518735
-13.421546546122936,-8.583975926777637,-4.8677398032082495,-6.426397002312436,-4.172944464324231,-2.919931227435085,-7.374854663662778,-1.6640287592770997,-7.253965445875164,1.5296043755775433,0.16245591413686,-5.411024885249075,-0.2624117053599488,-9.783994698772013
-12.531684795422976,-8.519562865689753,-4.060651192046587,-5.186158907964131,-1.9256570364377965,-3.2617875232621736,-6.756601575232616,-5.202039787600867,-7.16829191995591,0.5720889778032823,-0.3954573702482777,-6.191722378985384,-0.1311460007074356,-8.458671301782019
-12.996255567361976,-8.190416631794184,-3.445924426087645,-4.638281090671777,-1.7714176701226805,-3.809557930918884,-7.0704540991093925,-9.16492609006636,-6.778147284385044,-0.7353134001404542,-1.9675578535985871,-7.30456922161786,-0.9941513149128356,-8.623088593550383
-13.163672579955255,-8.943733517251133,-3.2160154284008597,-4.753398668528047,-2.9482891499058788,-5.1248506130071565,-7.789845077482937,-11.011663447241467,-5.761020645386594,-1.2084032515198786,-3.28178544588207,-8.275578861293681,-2.016720498489429,-9.011008209247372
-13.881686395050885,-11.138038297720747,-3.582495241498028,-5.079048279018369,-4.119996026206094,-7.176047859581585,-8.098239100225513,-9.509995497947806,-4.226495674793133,-0.4155758885261118,-3.273440364270055,-8.627010541896023,-2.028051020767676,-7.63307278630656
-11.63423362739095,-9.977861892617865,-4.3311840535625095,-5.111150774324061,-4.448690596510414,-7.30026318645772,-7.312039378822048,-5.404602771667308,-2.6071480431975136,1.178490903553333,-1.691440297863101,-7.858950199834398,-0.4252010266563677,-3.8297261152445214
-6.06462788724517,-5.505736564427901,-4.731799802973169,-4.631293718125932,-3.976045966452268,-5.369617783563544,-5.356569413525749,-0.7874896809372984,-1.2870033673422512,2.7272006954646764,0.860587304194457,-5.834285018868423,2.200823642137097,0.8777975205111604
-0.4851217635996381,-1.0183048586563948,-4.036992940626252,-3.697749691394088,-3.1578125163962154,-2.3957839274556343,-2.9419324942733933,2.2338319104634445,-0.3280133845005299,3.722606734913069,3.4349557885523554,-3.125431967946943,4.432957061427844,4.005297203852055
5.914866670245605,4.450613310166758,-2.161475345606827,-2.3553189234021814,-2.2233516566009057,2.33905998285628,-1.1302194282381492,2.6497998825506994,0.4672451706733106,4.3316197078175405,5.363210508176504,-0.7749759413984738,5.219072552825281,4.242227859091206
8.237048920799733,6.322982417266821,0.1327838199614779,-0.4596141384327712,-1.0623042856543048,4.720512300343036,-0.4907020227207641,0.8818238426398068,1.2759520258903454,5.098867980739568,6.490092289397721,0.4501309466054755,4.834270264410577,2.514043772023291
5.526079395177393,3.751181940295372,1.7847367726372871,2.076970881091126,0.3596158327071806,4.456339055072122,-0.555849567322257,-1.648765900048421,2.0718530824971886,6.30979423409682,6.9154152835307325,0.6194559144273741,4.624840357410612,1.0809639402241995
4.20030563247361,3.007642486456221,2.2479473271599097,4.80223224960748,1.6678785067320772,4.147946198293631,-0.1606983270294519,-3.349804886859225,2.6935174446670684,7.59006262587026,6.636345672697645,0.4591194187287231,5.640485122236717,1.62389799727145
3.037676253185982,3.013796278538712,1.8517092266516344,6.595733788882641,2.316628056272996,2.774391142464487,1.5623170768215036,-3.2549649186241063,3.025570157668302,8.106957079917951,5.557613236907946,0.6244981167021365,7.404920875347739,4.048209026650192
3.644589037029639,3.6426944914907424,1.44277716812189,6.30592316442646,2.191737527954201,2.9058654031127378,4.461026234711957,-1.4304074765574746,3.078690314761414,7.221347024701105,3.875986512896757,1.1682831824573907,8.117045823168148,6.870546057281724
7.247328331175279,5.988030270380283,1.70901640176454,3.8269674496348114,1.897084450072528,4.941509443509455,7.623263715658836,1.2079531879283905,2.9510913167691277,5.051219925248185,2.328300257635016,1.7061635186367885,6.30763084897518,8.582628714954836
8.514244525917757,6.280663049966198,2.7832260705922303,0.6691530113522008,2.313701124460483,6.837358386342113,10.322036665856333,3.558294814184008,2.809135602849018,2.4747721035625765,1.8230532358536011,2.031952207834931,2.500403954025117,8.71163236303642
7.99069171320092,4.671145600969628,4.338414609558649,-0.7172492983072973,3.78401293631698,9.285247248535764,12.606458492288976,5.015511290635756,2.91542591263378,0.5612606333979041,2.6110902691899884,2.466719194501268,-0.8087070873017463,7.834768129566552
9.292272737421955,4.734800458261128,5.90702976507937,1.4000123704430705,5.724036488844542,10.293678488695186,14.880606730272364,5.658780236280913,3.534998594671168,-0.1149311713337524,3.759904567959543,3.535097740730209,-1.1142248781925272,6.82827193802951
11.661806588252272,5.917684744462716,7.096629148041432,6.618555024994591,7.102971697986034,9.496787748777663,16.97481018855089,5.8568112921951005,4.64286876344296,0.262849668973689,3.596926332870799,5.3034862220328165,1.828719786507533,6.172433708346214
14.786813624654284,7.085400276725228,7.663777218074115,12.42777760747122,7.368781908811538,7.963144952792407,17.86994322107884,5.769557684106699,5.7193153623198265,1.0769710022075838,0.9601142838759548,7.122532399621729,5.592229321559482,5.880396708725256
19.2433987541618,8.815895065474061,7.59191031725235,15.79644792728056,6.909889244677061,5.066815619963489,16.58064343826578,5.318589803139545,6.050578369065292,1.844588505302692,-3.716391127722988,8.13908776917561,7.138285935244633,5.94780577833222
19.761351492664225,8.551552261788103,7.171607070833165,15.1819366016847,6.566049161918388,3.509413176691308,13.367211760682071,4.633024063370249,5.474219200399564,2.5118908800667863,-8.458205635666085,8.136085091529461,5.612033249573358,6.729306472105495
16.00421836096569,6.014788171681988,6.88972627988624,11.465819189901469,6.6664216315236295,3.4951832847587365,9.907005988486356,4.3458664310501245,4.832946774991893,3.254976344961308,-11.03790896419904,7.832593053164755,3.2155707442517003,8.715299200075433
12.653863998499356,3.9528762056253073,7.056515915477233,7.160324874699874,6.603330735002828,3.835163746273308,8.015085835627943,5.191596932771427,5.410421595196634,4.059486098761176,-10.540864837482466,8.229555105674647,3.1401416707585352,11.77616637382134
8.547275192106216,1.798854133998575,7.457414812635309,4.564306400412194,5.458079301269303,5.253106541577724,8.043878188970286,7.162591241696478,7.60632945193073,4.55828055054856,-7.973179812842994,9.547552244154032,6.35794178752258,14.603969300382271
5.597407958732344,-0.095965444088623,7.438648152964019,4.2881744676733575,3.1059150467874743,5.365706666379233,8.565423835475766,9.144405174242737,10.133856540981425,4.32097494699201,-5.420375984031151,10.821632178478804,10.371927974428646,15.163890102046008
4.636749358170435,-1.2602905209047175,6.462979183597627,5.165605683720123,0.6473702728510649,4.016038109542235,7.751155087744611,9.627859665348725,10.817438010798996,3.304800791412537,-4.446062746175869,10.682336875532744,11.328610935459444,12.16523977002272
1.877353524569852,-2.5721905189205905,4.6478533314613335,5.421263408119843,-0.4070965718987391,2.840328463958107,5.158598822990315,7.992744942779581,8.530328982910275,1.9857594052437653,-5.033782197755283,8.676950482836357,7.649394095676706,6.43094606296112
-2.1123477856365245,-3.780707475278127,2.7229165626630696,4.033293083107791,0.4664775421249432,1.2817114678726576,2.1600513159078187,5.138758172407387,4.445644081104241,1.004276090717923,-5.892240560488866,5.835026552295212,1.6974064373009805,0.7402676096323626
-3.389253404362975,-3.339817951477993,1.3823292405536978,1.2510888326680347,2.1638697860035534,0.6309796547380393,0.5488484659395718,2.7711293699796062,1.1864933328772,0.6615366239888845,-5.766399755390623,3.816475065187425,-2.251319282521464,-2.123662097933395
-2.248414861922685,-1.172083584496929,0.6446673849336211,-1.906472223604441,2.7844890109811864,1.15552548876365,0.6729305573641584,1.9626462998070824,0.5004239993266046,0.7664806389298757,-4.557368959899451,3.3803348551581984,-1.8869629486311528,-1.6187600472177817
-1.294590905518965,-0.8114314019565976,-0.1152253268694187,-4.473547908407656,1.2858078796793313,0.254488310062566,0.96415202165699,2.349805342710531,1.7037511227955242,0.9646866342553608,-3.294517727948422,3.672299867168916,1.1158472196934557,0.1196028759217893
0.1689453208383968,-2.13188044907615,-1.442552265806958,-5.902376270694262,-1.5033335590280354,-1.8505842846118752,-0.5876596250819981,2.6732605123751965,2.509195204657843,1.1515886924345629,-3.0961559691767166,3.0851029332979727,2.866067897895777,0.2593865130155335
-0.1186076849083251,-2.4005791688727007,-3.09571826916081,-5.888045249997022,-3.448010744211163,-3.516726567857971,-4.3760397087992455,2.017446065373349,1.4374846083276769,1.4590040411205227,-4.159173684247247,0.8684286869167872,1.017512554427327,-2.0798164823161205
-2.737411773990005,-2.2529163876060965,-4.120275863882798,-4.228820248566757,-2.7999610057641995,-5.166323421079384,-8.534385928733558,0.4752768266256456,-0.6946728365809323,1.7783839404618482,-5.694414033807541,-2.1303254185259872,-3.171786787335546,-5.090351144574688
-3.1449836783724328,2.052054894997492,-3.734666558761736,-1.156934320204326,0.4017380492959496,-5.023984153714544,-10.434068196057602,-1.307888863227368,-1.813571246311339,1.3848721661986083,-6.744963408427086,-4.345403280038101,-6.362414114127648,-6.250665352861207
-1.80728188482562,11.310016135137545,-2.218456738949365,2.203683074624638,4.347349533097772,-2.6764352714549915,-9.024926535321196,-3.012986303851537,-1.0752950405474189,-0.7275337709514367,-6.994663353648184,-5.071313810158778,-6.504645583250896,-5.051090829852044
-2.2536707343024216,13.521820692422155,-0.8970606848798126,4.050428519893067,6.792517831421419,-1.103696942983832,-5.857139024540123,-4.871705604755978,-0.0833720262812226,-4.867506693023215,-6.800503127497286,-5.089010699720328,-4.632236565254446,-3.640296911767829
-3.864635890808486,8.927170405612408,-1.12683254622827,3.036322487009688,6.576326359681181,0.102181772800824,-3.77116646147664,-7.021426153234636,-1.366375939008622,-9.892527960298708,-6.551579504646687,-5.696148967686067,-3.4931079659019826,-4.627176367773292
-5.753483644144958,2.440659136734228,-3.155143868825427,-0.51025000649995,4.181490942944455,1.222773748280836,-4.384287428309924,-8.864733357061366,-5.559962178876384,-13.597502371944234,-6.12393092154102,-7.197363748828678,-4.70577185499763,-8.241431515813991
-8.487867628748914,-8.627121102461626,-5.89890045858975,-4.522462450587999,1.0967163956528307,1.7021429164407895,-6.654651684298622,-9.36296017804705,-10.25865028368366,-14.230812317613395,-5.012320611025483,-8.498858363755991,-7.399678419156773,-11.815030094990508
-7.774961731813119,-11.01328357919178,-7.839339478030175,-6.623513002694468,-1.3174522586949649,2.162632382875183,-7.862834651999066,-8.120915121912633,-11.927977535994668,-11.974256877055026,-2.952892245552085,-8.289693508421118,-9.450406795631668,-12.220947532039718
-3.2192265004096594,-3.495790734160348,-8.185887927492528,-5.938522709933242,-2.536937475627845,2.449045443974059,-6.139494256598116,-6.111970964246876,-9.151810689598028,-9.001024148003129,-0.3431320546785692,-6.585670371553853,-9.671748783374262,-8.86893240874292
-0.3882220305594314,0.8897558021400387,-7.25416404372328,-3.674347229363976,-2.785159761407832,2.270299862717881,-2.2321569446840237,-5.103545415777246,-4.0375091391690905,-7.825900157176079,2.004194297511765,-4.957216166401016,-8.607030946980885,-4.258287983104551
1.5495999476495048,5.098199830783048,-5.831036587553049,-1.904059974344806,-2.497353709863591,1.6570609672590386,1.103401017150334,-6.134677356799735,-0.3569496485296648,-9.2003405657925,3.558926795223578,-5.068861919312688,-7.37841672532797,-1.549944566787422
2.9364489167728127,5.7706930369295,-4.296946940206906,-1.6546653955167177,-1.9392373182236973,1.1404061612739496,1.517587960321722,-8.44596072661492,-0.2007402480655555,-11.362063184372245,4.565376690795098,-6.909455172102147,-6.189067046281227,-1.5950339748319842
2.7369918210524538,0.6434075052380137,-2.4188320866519843,-2.053928403812417,-1.2416285096157904,0.7036333152574152,-0.9249152828559264,-9.95011797497769,-2.332911684327528,-11.396394711859196,5.854847768268763,-8.499686374217372,-4.224133151989483,-2.3274242760311727
5.531035256497017,0.7113054190151191,0.0795787598832271,-1.2988286768236643,-0.6070792670051215,0.2704074715351786,-3.921024804709206,-8.915470534873204,-3.686212833055004,-7.6594753168582494,8.11392173633622,-7.484324046608981,-0.9290565849454748,-1.0069610393076314
11.33382256915715,5.0079541990591965,2.90835985721574,1.4880735781974308,-0.3047693009281675,-0.0261515585201168,-5.017970918605959,-5.396492696921668,-2.3694649470992086,-1.2513993440218645,11.24554863098084,-3.196956923689527,2.930241096091752,2.988176505963721
12.736947411248384,6.660245432564416,5.278056736152543,5.243840001117277,-0.397607629482684,-0.5311829866028108,-3.6432305604781767,-1.1749045707968615,0.7513203263703725,4.704836888055024,14.411703896700766,2.6895272114012974,5.701077196700334,7.52395560710224
10.224633896114682,7.392070742950716,6.546584324761265,7.70996773001708,-0.552867517741441,-1.226488113990034,-1.3138475955025513,1.6712824543464486,3.2160977541270754,7.386420640370732,16.756786267527723,7.482253823789034,6.334665431257531,9.708163183090036
6.18719952183781,5.279568857198943,6.70117828310206,7.252229360245844,-0.2812101008152171,-2.083119241540777,-0.0581336696464147,2.283429917603531,3.455125090749224,6.300376874424968,18.146457987536703,9.490555723271775,5.330949627092254,8.485624941345192
-0.932248828223292,-0.8660749981098121,6.154952379504533,4.15332654849288,0.511175313915859,-3.178486706128406,-0.6617638563733428,1.3965214162346036,2.0817419025068933,3.434963958928271,19.159363464565946,8.935897524434392,4.136129969455947,5.3986147945938665
-4.868056282947698,-3.924956903459785,5.14680389094671,0.3136606040407184,1.2114982477045944,-3.98317224482882,-2.2729785399971827,0.4627331949459017,0.9424875270895418,1.5380483425226523,20.24658650931769,7.135614587579358,3.6278285473371055,2.985486941562689
-5.1699159680668,-4.30303169798198,3.48522287066581,-2.2924629828212035,0.8713665217936717,-4.477867930024259,-3.4455840578715167,0.4650399517576624,1.171729388456089,2.002995458145993,20.87825714573165,5.031068219335219,3.2478188195048787,2.4848595647371843
-7.683257835928046,-5.71484152767537,0.9616987963232,-3.057387756398811,-0.9468740537534162,-4.981494093123195,-3.414983079242454,1.421026346020356,2.278513495369382,4.023777361532195,19.680768295879822,2.604526940042444,1.6518695618572008,2.9485168012431973
-11.06556166811034,-6.830135394454896,-2.047318533357253,-2.9493629373529706,-3.620306053409332,-5.370800143363889,-2.463210282181892,2.765976836088675,2.9787509744346465,5.548362446428372,15.673237796630945,-0.4007385491690014,-1.7891172886397992,2.3625000807217007
-13.36424464568552,-8.1739793069371,-4.545351549059626,-3.487842046068685,-5.826443964030507,-5.101676937633382,-1.330278354724916,4.008800862632986,2.667880198564811,5.122453921897531,9.511100674959216,-3.500764262089996,-6.119035287513702,-0.4527899915503646
-15.232946162060294,-10.103210668538496,-5.621746222981448,-5.456946931074165,-6.595004117969652,-4.136468710495652,-0.5031352483423994,5.000699607905903,1.9816092822928284,3.1145689289615133,3.416343707822253,-5.486204556743727,-9.381888736533297,-4.872576596053678
-16.062128169230586,-10.540385201603783,-5.248366513978049,-8.370515293272696,-6.101899316665115,-3.3385121831267623,-0.0511593400744798,5.731024134367005,2.0468553382009738,1.4045951935306744,-0.3704256670464247,-5.491996515097905,-10.092213641245264,-9.070030921255173
-15.551926851498669,-9.561397580552793,-4.347256238399658,-10.930473042982776,-5.406972071417476,-2.616775302840504,0.1062908418137107,6.0755387027586805,3.3650095669095546,1.8481647228164853,-1.3089050495423216,-3.936887832944527,-8.261258847338565,-11.42842963272978
-15.451330892241124,-7.874764566275782,-4.006280392613161,-11.928788563786778,-5.32052174079518,-2.1909964105354183,0.0352001816373035,5.864807542192796,5.425130808159351,4.734083711659037,-0.8694629858629077,-2.254020884993708,-5.187962507361216,-11.52890612364889
-15.62829261577303,-5.029902396948043,-4.566503181237376,-10.880455291906944,-5.48348107074452,-2.2725119649186816,-0.0793024218490747,5.170908296252899,7.201747699916149,8.409438358724262,-1.1437354854989148,-1.6505168370639316,-2.406766418731565,-10.117997131615118
-14.45482796825965,-1.8515759719779328,-5.433378456168079,-8.10116607069292,-4.623870339360559,-1.1911723883824064,0.1593615270161845,4.39841612628602,7.844009183737792,10.34980626403848,-3.0512479493531206,-2.180040563120409,-0.8167996616481359,-8.37981720135534
-12.165264333016449,1.62990628217233,-5.739595976399595,-4.420066108087813,-1.843224021294719,1.0469002884389471,1.0623124297728683,3.965142050506818,6.948129882029331,8.886738138983176,-5.751533190469859,-3.043571805054469,-0.5932257207397202,-7.203365639180329
-10.220177609289935,3.285706863225704,-5.164979575575231,-0.8317066144245611,2.2653477557868102,1.379717716819806,2.3540618624557004,3.839220510275639,4.476250005095196,4.343615894852883,-7.655022336256533,-3.687467888543734,-1.6020000731772572,-6.8670968596913085
-8.44044465120566,2.668601627941433,-4.129880878064352,1.7872197951811724,5.79900696278852,-0.0522380288939161,3.0438995162397755,3.4336357058053366,0.7266860238325554,-1.21417269201101,-7.945690504511121,-4.4495743947689,-3.656451020579916,-7.132439801631701
-6.2111236817596005,2.409002561825417,-3.2714190042240068,2.916835929506594,6.959668383912615,-2.010268837463605,1.979897061325477,2.066114734131582,-3.550934559547564,-5.38439605204904,-7.1992043921104205,-6.064649745738951,-6.355067037470422,-7.540920952156779
-3.78757249490054,1.9235608766881327,-2.826114495709273,2.5655865778889275,5.445956940736371,-5.1466423757663335,-1.27243807256202,-0.3628469914584933,-7.223759751864772,-6.937723004006997,-6.66768579483455,-8.605335395472768,-8.847966709541705,-7.709071880312357
-1.623635422622806,1.7187031594910829,-2.54751650356075,1.256266538816126,2.556675081939677,-6.452350324345904,-5.935037637593597,-3.0983631031518324,-9.266093119403944,-6.368869617367775,-7.033954996997526,-11.022237729077744,-10.00437040310192,-7.459619157608731
0.2692093261494063,2.2317311156759847,-2.1388506733820325,-0.2356441250822794,-0.0472121147173409,-5.635472096001902,-10.306429099673538,-4.983602732511132,-9.39661538016254,-5.209267821931977,-7.792186724030332,-11.806989176343407,-9.02816881423828,-6.723343285469792
2.125542856914574,1.8896880948438308,-1.6309265200964949,-1.269743749768382,-1.7197711222600596,-6.1626523717273,-12.623552897848748,-5.315055247667914,-8.293981954687958,-4.763633964354436,-7.737662585635444,-10.186081894338423,-6.094481023629432,-5.364780781249196
3.823807878333756,0.8954127052399515,-1.2685658251414242,-1.6133521180974242,-3.066263538972755,-7.409495200524659,-11.948770516303226,-4.389570309608166,-7.1331773996455565,-5.283690929521768,-6.088095015645778,-6.78272579440805,-2.4877303531855097,-3.2379273279501573
4.459509389858839,0.1325944689572707,-1.0853000873188927,-1.4356438138521,-4.915866493857029,-7.817012079994876,-8.640955705457426,-3.271122328482842,-6.791283888131199,-6.1158945527493,-3.3042147518027782,-3.212692072910824,-0.028587930721141,-0.572102277719154
3.935545476813446,-0.6135903494360267,-0.7277223450740471,-1.0727186392567365,-7.137955443934609,-7.828402054282295,-4.246958260758095,-2.980475488254233,-7.347318193927336,-6.50974213477276,-0.9674052359436788,-0.9894417961091012,-0.0374243157335723,1.7036094127876478
2.529350899370456,-1.4815300437363104,0.1867970695244462,-0.7733137177490903,-8.51469349074813,-6.881736281805167,-0.83331135256985,-3.806791803403705,-8.21388208401362,-6.296199172622141,-0.7805207449712146,-0.6034096694762365,-2.453570813742124,2.2869540106185493
-0.04541344445205,-2.3505766236027115,1.5142559284677748,-0.6168659402607659,-7.804674034969927,-4.7055600226283545,0.0554104269009476,-5.290101116683299,-8.712631735279835,-5.894595935202903,-3.376133595091124,-1.414799954694588,-5.784337526108628,0.5241135922540758
-0.8007522328146738,-2.4798006151353187,2.44819690201785,-0.6194291900826832,-4.967635691287136,-3.835376740466068,-1.655160182229178,-6.773712910984482,-8.614302986827866,-5.7839982758434285,-7.76888641482954,-2.342183513818714,-8.095367642123017,-2.71458246268218
0.4810037724750544,-1.772859930691206,2.0538299211116278,-0.8549718778987847,-1.387223283757104,-4.239983842386142,-4.380777098206332,-7.916080850759747,-8.262093438910522,-6.019442708300057,-11.874725396410598,-2.7416872284685967,-8.405483659952147,-5.337534348387081
1.1648234021776356,-1.6621211062085666,0.0723275138546206,-1.3963501472095148,1.1124938203680834,-3.4269931708011936,-5.822101384166777,-8.678751767511688,-8.217215917830696,-6.224518578649432,-13.79025771358403,-2.755244215993795,-7.310763738158461,-5.563829745276795
1.9292874852066373,-2.0265177060255173,-2.706665961816495,-2.0872838772123408,1.5788564746651397,-1.8213823804101272,-4.580862397882394,-8.919912047448161,-8.681008754765184,-5.972146392308442,-12.969157109685272,-2.867528174819796,-6.173572131844699,-3.4233662055371723
2.0229976141007864,-2.218858600988597,-4.873509850245915,-2.4254315443145784,0.4804054095500394,0.2883183250044401,-1.2635716269717356,-8.167424438856008,-9.118057715439107,-5.124329299422513,-10.477887524196644,-3.1442238352764664,-5.581294433246336,-0.7694029156327358
1.0258944266394168,-2.501163571800676,-5.330036932037222,-1.844495493450723,-0.8514036726775682,3.3311683432456656,1.9275010280171896,-5.947007349520883,-8.445789017952904,-3.84441798962888,-8.17114445914405,-2.9907178581041447,-4.687595632338411,0.3251785209036169
0.8506335469111034,-1.506415163933233,-4.002952882315262,-0.3020099567057661,-1.30288049388394,5.040512683813271,2.943811300409221,-2.411543200564744,-5.814600040206853,-2.39872148233775,-7.424236810137753,-1.8116921608728669,-2.310233527260338,-0.6757825528798785
1.2747843747448706,0.9439157939268944,-1.7962250323645046,1.3808184657239249,-0.6907284722772005,5.327198236516774,1.5929738682302867,1.381124278999166,-1.504538963755535,-1.0462540765568051,-8.365589749631111,0.0325131278667074,1.2453720607908916,-2.493219387833961
1.794528473863,1.7751369262669765,0.1412544903599556,1.9595483858428768,0.3349526299815735,5.8728120840315645,-0.2763419954965735,3.938444053895556,2.8272570953194047,-0.0946128664275693,-10.108418885319091,1.1044616292476015,3.750400573361317,-3.377176440499287
2.7487750065807304,1.1443039646178437,1.214127660539598,0.8354230934516647,0.9559001092581888,6.183001910225872,-0.3148484631719734,4.280655244271042,5.014198306921439,0.117032949202402,-11.63710351902801,0.0747661749601857,2.926661385117094,-2.631132027066334
3.746462892307671,1.0420087030906224,1.621048846805086,-1.165137138508621,0.8388532783262872,7.812791345928888,2.3780612351538446,2.6527749337082835,3.975347532291009,-0.4983079496304361,-12.495151490270793,-2.7075451631594523,-0.952865643809448,-0.8501480521754882
4.788959184000111,0.9077570146575598,1.9309755214180029,-2.199889918455935,0.3401397060179465,11.10827589585018,6.58146407971625,0.4506441627280422,0.8525472575732238,-1.446828526654987,-12.712127371335583,-4.90183752753576,-4.497463370636312,1.099147869800083
5.109054541594816,1.133613280539517,2.4611210048300696,-0.8999836888188486,0.1961387561115186,12.015769036825452,10.078104937212816,-0.6100267581146377,-1.4480668932525047,-1.7762509471229464,-12.236371652395476,-3.8387347943515744,-3.734251254457352,3.005769359984205
4.534363792608362,2.0063192306492703,3.0370704341745696,2.304019457122485,0.9474660742058092,10.729218461383937,11.48454518087514,0.4641402703946338,-0.319893835859216,-0.8085999657584351,-10.679374102937444,1.0394358748800905,2.2910093300620518,5.080738011898654
3.387761980305519,0.655327331171535,3.288844927549049,5.327640811955096,2.481047082630692,7.902756698342184,11.147530920027751,3.3492735039025385,4.318934263774513,1.0993668360574484,-7.808422010224095,7.219676147001821,10.254512501109346,6.989086524567403
1.388846196307439,-2.9670102938250187,3.114650578416626,6.10477582335036,4.0251916831458,2.5922362984572214,10.451871715722204,6.618683447578945,9.570139185698006,2.654744248021341,-4.262408554067802,10.841828205429657,15.092295438852169,7.544604403296112
1.589374467565866,-4.279620014287366,2.832113537959492,4.379455258868871,4.673331825252848,0.6173744147553728,10.38200270472042,8.63352291914973,11.602686721437802,2.785577319963987,-1.4748509886017267,9.882382671356185,14.258572996822451,5.772458527095994
4.2262584899589895,-3.630814550129235,2.9056321763081523,1.98647625211954,4.103908602946726,2.2312845530316734,10.73526120144209,8.548522762669243,8.800501572136662,1.8855199610514053,-0.4840612909396948,6.0279267078241805,9.91855044399529,2.403208154569328
7.533462264938118,-1.9574930473517536,3.563465981991692,1.309367570298306,2.8926213777874508,4.183334863265606,10.569210325666049,6.769685543729871,3.3739401643537024,1.7791506921395186,-0.6358148797169498,3.41534860930704,7.0852181345444025,0.0757853405231481
12.308161710296424,1.729131761726537,4.6637738229144015,3.264922503826753,2.0393189754743344,7.873661945532309,9.2267326444861,4.561099743980701,-0.1831112671121708,4.113593393155886,0.3233965441411719,5.175419674917319,9.34099754325234,1.5757028976667535
14.73355804093434,1.8133356561190823,5.857646444392572,6.586252375330005,2.027438075289811,9.222976862433269,6.892437954265459,3.1274334499211127,1.2772162658181014,8.561648911531618,4.422128291619525,10.791345817960597,15.892762725985332,7.402699475377922
14.386547266495578,-1.998021431109668,6.825775842917978,8.967200626166672,2.301153666296046,7.709012096294467,4.3388126825562345,2.913994311858448,6.922892703288136,12.7370044468154,11.418243887598695,16.66055975159359,22.440854062232468,14.912423857573536
14.288090097975935,-4.465257442987458,7.400926771817005,8.96076039386929,1.7984073373964633,5.68611023663538,2.3990791035721784,3.6569059494381935,12.712923435040786,14.24533499923169,18.62044922376362,19.384362569957805,24.95263927039009,20.113638427234488
13.472987831392896,-6.747280072406365,7.596535186730716,6.951050034727034,0.1675332777607272,2.0179463173697534,1.7720984299359457,5.003146025422728,14.9831751114378,13.082244023330896,23.0645589071138,18.80182728526843,22.98424203850396,20.82660009054553
12.499212710500371,-7.188051621999024,7.62738974156854,4.50129693997616,-1.5450710102438396,0.9213421729055912,3.074797556099178,6.9686037999598,13.624710466528128,11.931314929080806,24.150676606924662,17.986151026030893,19.756386664784948,18.48287858486249
11.702340910979196,-4.820596962856371,7.870821108523847,2.8858189170508157,-1.6223497955490598,2.8191809891611346,6.586664523321249,9.694731767475975,11.928015996962271,13.756158654245656,24.14276043257288,20.20225614386104,19.114382387268595,16.837060520760787
10.362517658379522,-5.195885461841917,8.643572912909189,2.212276339328514,0.6566634086472235,5.815689068620242,11.563578216566407,12.761118593414974,13.24947315685447,18.79290945755644,25.872995893266165,25.62398122112612,22.149732160135294,18.56262641415477
8.709280739959398,-7.922190233760132,9.85467570065435,1.778305690050598,3.987741727392693,11.08845611235862,15.864640719117748,14.902422849981992,17.651330777027113,23.885605333947147,29.78957189288329,30.835805327832688,26.375086964661502,22.71783056111535
7.945799770342703,-7.325816307877832,10.857215617027792,1.063008387841443,5.827973132297117,11.71133479252656,16.786871821305702,14.682900584141333,21.68378925518411,25.021196343590248,33.28521736653361,31.595362046657957,27.978007196660062,25.43211976935983
8.140179544076434,-4.113219953982246,10.782136502596432,0.2703159476738053,4.495298631998216,7.1302665149049,12.961262297428677,11.702236065799262,21.488765636001595,20.83262815242809,33.08121327227924,26.39010517378396,25.017710401828264,23.297345802153977
7.589778174903188,1.3862171310298783,9.211572872885728,-0.0181397042742448,0.7227024835210432,2.4092354412076578,5.841427184678081,7.214416250665304,16.295098360904746,13.802058733360582,28.403788270625984,17.6759328509173,18.803767604785413,16.44904664617502
6.506513726686153,10.346502627531684,6.633110439120731,0.4480014259576133,-2.809022114549,-4.136758685605848,-0.802195611127857,3.418345414062202,9.10223076677592,8.033412279216256,21.846027594204884,9.835461291657513,12.504766014942104,8.571164044295429
5.91894429520592,14.017733498168358,4.194203831452533,1.3249196212880527,-3.604898002196582,-5.822544084291547,-3.4273085159684404,1.8719351486433475,4.064938462502566,5.721685778478871,17.064059351573803,5.769817397346275,8.480253723353583,3.86694608632765
5.578945659875067,12.043878343700404,2.8663609843066817,2.0619829049928726,-1.2678226206606622,-1.524864223731254,-1.4114531129801156,2.3634856983779264,3.091277101668755,5.625690444016115,15.550151747573716,5.04045355078303,6.701389471138878,3.7546004047286425
5.488027248805761,11.463077998185424,2.69378254764999,2.4168556944689885,2.441014570884837,1.3241137659834077,2.4349367124955825,3.229462236036804,4.646423799687263,4.8185647718167735,15.55081342619184,4.87695129860801,5.3483047884855885,6.122755657842383
5.8033319666825,10.394318886842855,2.7792081421612416,2.5228420941216787,5.270695106508133,4.399270592337122,4.138956883030692,2.806306692279513,5.494565489725062,1.7895387635247113,13.992395355959754,2.8122259427895124,2.665186970588942,7.477673323615551
3.526940521150552,9.97164834100647,2.0306095006431706,2.52339411991597,6.230658914877679,4.12285363641002,1.7675878561380731,0.6880020385712488,3.469746877934946,-2.2229005295805235,9.347802446537209,-1.4774604153504125,-1.7078901800940516,5.761341998233497
-1.5710935827375478,11.19846955955511,0.0264314906499869,2.2814550902878583,5.899824823109469,-0.9529636039404064,-3.19920503909779,-2.2749921719601858,-1.2080882572716087,-4.8694933971230006,2.67146046786026,-6.50666276360619,-6.879251132395302,1.3963595399669155
-6.673503767907935,9.346227968402182,-2.729618985693188,1.5102488499023832,5.295401324253604,-4.549855981224981,-7.494158759964098,-5.039052008472526,-6.827002893485427,-5.467000428520834,-3.898791098938875,-10.789652234312964,-11.820759623917477,-3.873495446697123
-12.45584427421921,4.732320822575886,-5.332932638489044,0.1274732099735911,4.64851284596848,-7.774686641386717,-9.14788366542152,-7.323170782320712,-11.95043922887938,-5.9683852831398285,-9.31618177019638,-14.247915194703523,-16.242223267980403,-8.745942823700751
-15.243560001527523,2.803054478934988,-7.261917540170119,-1.609328290900878,3.336417134604869,-9.580353949698992,-9.18088560416717,-9.555779525382787,-16.245682872990145,-9.056173556548652,-14.184894027006385,-17.967780736102604,-20.493807474298364,-12.998687952712944
-14.263385379790511,3.0187312549383694,-8.708953225901068,-3.3062849093772684,0.908051748905676,-8.794410511678125,-10.381665975778713,-12.056091855865471,-19.8753195283855,-15.225955050999511,-19.365588035315824,-22.71619341403626,-24.754688394427827,-16.811962137597344
-13.61425919756156,3.2863830678194104,-10.197903265447064,-4.664554325737197,-2.000153012969609,-9.518243942386167,-14.38642910470874,-14.450883823484723,-22.498552912654844,-21.798390098487783,-24.39899710656521,-27.742981522361195,-28.369587733826243,-19.93719954723141
-12.276570174873516,4.626341739199332,-11.889701874516254,-5.4502658842868446,-3.909848134266365,-11.262288024254303,-19.843148596558205,-15.93905462029575,-23.16581721446618,-24.96365786783569,-27.58114722415786,-31.05443259894158,-30.021821810428666,-21.72277678969039
-11.424540222739273,4.761690498973244,-13.24254829854988,-5.339216506586865,-3.737649106028094,-11.228184149850115,-23.381935876785363,-16.02407645659595,-21.25803170441609,-23.04388698677912,-27.623331010280364,-30.954108186682703,-28.714211663667147,-21.81030880331481
-11.712662908687747,3.427595341664811,-13.353750841644256,-4.011015259395284,-1.825135074499208,-9.946149518925012,-22.483219594864416,-14.884670378987904,-17.41258628811217,-17.981520705095328,-25.09245199761489,-27.492389735183245,-24.80083637161692,-20.55287702846332
-11.59679591359055,3.4956327705742263,-11.693793560859586,-1.5629291487273322,0.2599173599838367,-6.576498270023469,-17.625031523690946,-13.074192403248883,-13.345317126853278,-13.707922546926175,-22.0667242538263,-22.544444918200085,-20.119524049918567,-18.65501962095792
-11.574021126521792,4.51805898461049,-8.610472301990205,1.1833137108672114,0.9947385228648762,-0.5270821119102951,-11.851174717777702,-11.02380862520168,-10.606290323604966,-12.880906537250906,-20.30194700598338,-18.43678736339229,-16.877369456235336,-16.52500530156388
-12.004634466608277,3.828628327502002,-5.199672909292023,2.9597385659405706,0.0892952053487255,1.245737481177432,-8.297815920718502,-8.93653105228611,-9.421632613539266,-14.8484291827359,-19.705093340519568,-16.291134146050275,-16.012046889766623,-14.155940434188022
-12.80583521396788,1.6915080238109237,-2.6726134251013614,2.841265602243668,-1.4393842221763462,-1.4250068781258796,-7.947119419801008,-7.062215965867636,-8.739267899417852,-16.465431205575406,-18.57395655604017,-15.457028877879424,-16.39903605353083,-11.664195012862203
-12.20053341662827,-1.3979835808993797,-1.7098969102302917,0.9043600999667144,-2.265448931040278,-4.837975730307864,-9.425040839764486,-5.839139555961211,-7.431518760618984,-14.856609291153294,-15.34012764074124,-14.405807710398934,-15.748109477922004,-9.745659574893564
-10.082600233318256,-6.007305262539019,-2.210220586640752,-1.834342084806705,-1.8465213038033927,-10.6330700396846,-10.64561689948608,-5.593007857370719,-5.459456660793956,-9.708560286873269,-10.179785518359571,-12.178691531334,-12.58219592656213,-9.310383090628008
-8.611959289802101,-7.453013832959449,-3.4820117823099537,-4.141942140810158,-0.688289461450552,-12.423754522612269,-10.541804223926286,-6.098206706456263,-3.837126878014295,-3.33151008610892,-5.066571558222781,-9.084836382846651,-7.607613575527503,-10.489500864261364
-7.447704983707904,-5.4254708462666,-4.650942158153788,-5.321439525975157,0.2665202386296261,-9.456526560885845,-9.3897869799628,-6.548887600345091,-3.450540278931552,1.2825439366260838,-2.277171478770823,-6.154103225630388,-3.201582740232249,-12.066174429792175
-6.8901553766539365,-3.326362458342761,-5.044180888109501,-5.411921038260498,0.4158199225445518,-7.457444152363242,-7.835773926967056,-6.073895612251649,-3.977499355297696,2.667979147882013,-2.6434608028851514,-4.047612039036739,-1.4172171229679789,-12.148524018469608
-7.377278120856896,-0.0405269330520823,-4.437040289312773,-4.827912913055949,-0.226612775722758,-4.868660368155833,-5.955333357757432,-4.359091063248816,-4.089348253740163,1.6775048606292744,-4.941500139247541,-2.5474355317652773,-2.2880334107488776,-9.68979579542189
-6.539960937885173,0.3390246604742066,-3.110982651139216,-3.907021902437733,-1.2986286876640911,-3.712535441864295,-3.3673474837349677,-1.8413171911863715,-2.7999628846285045,0.4753868699796753,-6.820863425059853,-1.0353951122245395,-3.94725544928297,-5.484167903586255
-4.4527632079751225,-2.9137243415310787,-1.6797111115578622,-2.789801424942821,-2.4658722708899354,-4.881588665828159,-0.0961793447920991,0.6464801959760453,-0.5873500099199589,0.7203468293491373,-6.5156894770598335,0.6845292120511226,-4.3956628136438205,-1.6117321813717087
-3.1070147568471893,-5.220858105798336,-0.7313548289431624,-1.6272526276070969,-3.5624866155481256,-4.315803257644982,2.9796837098309847,2.4464254339389635,0.936772849713885,2.3828923631080583,-4.086498899189271,2.147384242823171,-3.262050064597677,0.2528501776094165
-2.1052625696689544,-7.622991917556743,-0.5053192900610637,-0.775476012227128,-4.526897808606519,-2.602395923647224,4.743077268048093,3.436272528653234,0.5775129450801462,4.008411732783396,-1.3386882533062554,2.773311171766042,-1.9813934991000568,0.1217924680024529
-1.7240122627604118,-8.23814134221892,-0.8635755823334277,-0.6925209360371296,-5.331033915930405,-0.6170899341627614,4.918171732661301,3.97738435049805,-1.190352815221491,4.080693649318889,-0.4876386219163375,2.514879375311689,-2.3177022942912764,-0.6181111220168933
-2.3275110048540686,-6.2143017547516415,-1.5716890352582729,-1.5830588976562885,-5.950956281945935,2.3138007895817845,4.425768644904327,4.533581624815052,-2.5529859176185337,2.3313701491073435,-2.4912013265112183,1.870937388727404,-4.632235565549067,-0.7403430307032339
-2.2466761752060425,-5.4994580649067055,-2.5800190529207443,-3.1113075696879515,-6.2870907482201055,4.448510592796658,4.559337890564116,5.231172719855523,-1.994105355776456,-0.0480373964423397,-6.23200938530449,1.320258486811165,-7.442189840503959,-0.3677311495772994
-1.5767908403064903,-5.5335845660238485,-3.965782145162112,-4.477792990507352,-6.04921809228353,5.719123750851061,5.785593132632137,5.689652536589746,0.3417255348517896,-1.401790988935054,-9.207655170931794,0.8990088286187081,-8.6118072868543,-0.6332006021402641
-0.6428454147417008,-5.267104383154448,-5.576468363150235,-4.873833429775781,-4.810970444770225,6.15578840999539,7.3888036160388495,5.31396989904615,2.853701757510406,-0.9303380545530484,-9.333299222186282,0.4109971187587034,-7.102100288749324,-2.2241513284645915
0.9191805208676488,-5.34172887044853,-6.809538312125868,-4.0226032939765375,-2.3627128374447848,5.264887462155196,8.297310108679504,3.887167852912272,3.986011571070424,0.7665427667414342,-6.564411178437938,-0.0718213117323691,-3.780373815163169,-4.381505446528493
2.800557092005019,-3.968849205757532,-6.896371176096649,-2.417255100671765,0.853318994090535,4.875794147632024,8.203337357408158,1.9653907378845217,3.5155800679436613,2.3026775167536275,-3.034642960276023,-0.1453643777218964,-0.640181326769198,-5.453164403444293
5.081499765405883,-1.009935708039482,-5.5277120374707245,-1.0524057369026618,3.677236341603839,4.90062198112662,7.821146651849015,0.6356894925534393,2.4501264857083056,2.6611213660825848,-1.44773931546947,0.3997066400740694,0.8649645092344542,-4.470700266013525
6.621863872700591,0.8103629086936952,-3.2158729402874338,-0.7867597668028479,4.7759158674938185,5.098743948093866,8.077117978267381,0.7310741466687731,1.844553515202414,1.905693561413099,-2.8800041128874354,1.1497132285651777,0.9531576352071572,-2.118143130956746
7.280115712141389,1.7632096511006936,-0.9568858469005068,-1.7344674528650774,3.51161736536217,5.88613086019274,9.136038869461796,2.157815229006174,1.8970731843672357,0.9596333073242604,-5.773414530978417,1.439696671876555,1.1846354326713635,-0.0458315743946062
6.737002787747744,2.549111961024852,0.5749654735215781,-3.086224278742539,0.4965551435868875,5.100170818377857,10.27121630521605,3.972114983581387,2.226160066046233,0.7773524132643228,-7.064482822210371,1.2658688980544497,3.009006242100395,0.8207984182895309
4.562553531377752,2.6362942352764063,1.562870176025152,-3.5133993685635194,-2.6346544571663517,2.6839095196507152,10.63501946143159,5.175882073272564,2.810334248733343,1.6314353117292333,-4.647063753823351,1.6457801930594576,6.469992791016571,1.2542654509065727
3.5527217713915165,3.0747661590006308,2.776045602523074,-1.967003942264674,-4.140472174532354,1.753286348431039,10.05934491055288,5.510071823216975,4.28334032397896,2.993400722780766,0.8349877739400977,3.7351793158680167,10.153882991076577,2.931298671141299
3.6539361713056007,3.87844841714744,4.703136892089197,1.570606437148348,-3.183195462754417,2.008559550671817,9.06771975490227,5.5160288516657765,7.0375685749285575,3.976300749760524,6.400537399166156,7.390585674176339,12.337914536215232,6.593156893304055
4.729462802344186,4.267885885644934,6.893063066693314,5.854507602565818,-0.2906500190527465,3.7459286178863582,8.169313846080062,5.835404485964034,10.094017380933952,3.961687588536618,9.043206887435238,10.717781620255687,12.269727700060564,10.975420533121396
7.499818535493421,4.4411007187625104,8.159424354222468,8.900222022039463,2.9844126792780328,7.697063911041805,7.224256380223823,6.43924107979841,11.2413388527182,2.9956005811383486,8.007673735317109,11.36444635828626,10.497751278716269,13.620152212152624
7.465806606974458,3.072575208047066,7.53126501183766,9.04963122611478,4.933423521254757,7.14663519070852,5.515651355183675,6.513115543035946,8.74704272833312,1.701442094923106,5.140388367130861,8.53425563520125,8.11831770305405,12.869703169269023
4.534402193678181,-0.0793699143201902,5.129539062470021,5.953514980959063,4.52889532184607,1.890084817029998,2.4071431597206003,5.084632402024691,3.147672535361293,0.7489294726661164,3.1244072264777376,3.783166590534997,5.772596311913382,9.211237021159086
0.7722894892441908,-3.37881926971589,2.172314146424939,0.7994827478257065,1.7846883188858689,-4.687473979647111,-2.051736617211551,1.8168435995891736,-2.7854126363212344,0.2519739475055866,3.2320626438565334,-0.2898570279074963,3.3382831444072583,4.788811802995711
-4.8907998974514335,-7.158234073729756,0.0733530524731636,-4.408836008116365,-2.4242378916023024,-14.205846721076137,-7.044574197852561,-2.679951369144616,-6.165427142236487,-0.3785742523704301,4.548942523013588,-2.2669684277526594,0.5015153140082513,1.6410952966182264
-5.903194299600158,-7.574383612427382,-0.5782210365348637,-8.003974864830436,-6.81667773265937,-16.71282399498885,-11.372974397330752,-7.168143378260844,-6.313121183047924,-1.880514140298632,5.2098436947013615,-2.8770644959894613,-2.4604356454242087,0.320216178462624
-1.6250174268565925,-3.9731498770257367,-0.2566949922079353,-9.377656356459742,-10.12743921547249,-11.16692701874697,-13.940757199005628,-10.37292468179624,-5.03955037840414,-4.268583826021077,4.383395977434057,-3.751878506029377,-4.522311940613692,-0.0026534769385651
2.0847403876798243,-1.7973248420904882,0.2077602247521222,-8.810544393075396,-11.392161406802224,-6.123148559507826,-14.087057430836955,-11.421859783597329,-4.60966287476733,-6.461321590403946,3.1632387340300507,-5.281753518125656,-4.602509642271304,-0.3427977973701157
6.778001097436326,-0.170440280764769,0.5430138318329412,-6.7659252709865685,-10.175800046135866,0.8513496467498756,-11.76093741151673,-10.036728646118316,-5.456512060690644,-6.917630166555592,3.602615912122495,-5.866319100379388,-2.526707495455719,-0.9162516865348528
8.603366250522166,0.6240330018848503,1.2298413013431535,-3.46868273843702,-6.785737880207002,3.827548718458028,-7.584426220778017,-6.625770968593657,-5.966836208954983,-4.893708577218415,6.801286273254734,-3.477716291669492,0.6050281390629291,-1.1788466227841692
6.434126084383974,-0.4410994465481652,2.8035663428582307,0.8020553853607058,-2.3231637560955303,1.2289122776103882,-2.738555163647311,-2.315306325096735,-4.490498336428358,-1.2528000481340622,11.74444259002874,1.94934990290704,3.0530170392862512,-0.5565983768157934
6.515343465929599,1.3673556230580444,5.0287819520762325,5.14884708605246,1.6446053949047448,1.90314702281252,1.4093997742672526,1.3009840966983668,-1.392884544497639,1.9711202850920924,15.897071584282902,7.78045639288375,3.6488585040189463,1.022237889671683
7.837396780764388,5.911487277630129,6.869704461833382,8.08642615074791,3.7931531903030695,4.3092349322896775,3.846556319600052,2.8709702932805863,1.067197822690649,3.004559340285531,17.075555565353906,10.572706618963627,2.6389731816141837,3.212724126510085
8.594592032291274,7.461398946781233,7.364359621674926,8.471119063687018,3.773206004035376,6.215585421133311,4.342812832053088,2.163431258009452,0.959399070014638,1.6274829205194057,15.099053822737542,9.003846433825979,1.4610227104996962,5.613191866591521
9.726627674170514,6.630172759673166,6.558612487918466,6.596167386402142,2.448871888191051,8.924948175818999,3.509435538953907,0.4070996978670198,-1.264497329015036,-0.7156718058869087,11.925304560009105,5.137314863781885,1.6005085010825857,7.89638113091878
10.056392782736296,5.110679803819244,5.553960045719062,4.30077285305901,1.3710444352875075,9.94402098522073,2.4577225455975675,-0.4204491207963752,-2.988689133207216,-2.0580135194973925,10.153460738120769,2.777873916574294,3.432170913348642,9.687340352622556
9.445301604469796,1.811901813810784,5.573396020250903,3.704353434223897,1.7525015854582917,9.06179210813012,2.247469557286841,0.9798402133990792,-1.746867209005404,-1.3942002251619474,11.006756189620376,4.312930433934984,5.967877138087907,10.555135915203069
8.273761106020826,0.6914469804514642,6.886032789053739,5.489739900391677,3.629909574890629,8.442094124053675,3.377395097710892,4.174811177437284,2.569221646088608,0.6176432498595275,13.308604075789496,8.772248750395708,7.674302303044911,10.277160678448354
6.21465658228036,2.0378848497774285,8.537054785570014,8.235584040903596,5.843393976264913,7.547274897386583,5.515548637518375,7.266475252462683,7.616377126954366,2.2275370433566786,14.27617081659672,12.703854954919308,7.651069381327535,9.062404162755795
2.4980019264963547,1.9693895895341649,9.078286887784111,9.481886025634994,6.898607497508169,5.827473074953358,7.612973709947731,8.362657638922798,10.59284457719199,2.0012171370826977,11.643436142774789,13.005875987691049,6.232038381926503,7.369580213906798
-3.041604219203856,1.3118337617506428,7.653172524021484,7.699024579740177,6.095101406095965,3.5172078010316143,8.450779419380162,7.065926428616931,10.457230745592902,0.0442654438977241,5.590498698665429,9.316702300171864,4.6329959766307365,5.45587992205533
-6.285716697500313,0.5090777912437818,4.595933704440498,3.51461616189159,4.047727124900803,1.572571479151755,7.435397376527035,4.731666284418757,8.51786256903571,-1.8787082693244628,-1.0279544693911695,4.146137175597448,4.061387475020393,3.2141018676899176
-7.1359613751801145,-0.9986606127020335,1.183074131752786,-0.7963190052233609,2.170319867407887,0.0466325025532365,5.141513011252819,3.301391283292082,7.113741091374408,-1.5272467031841954,-4.494115856242279,0.8808620783544061,5.015259308963655,0.6023075954613555
-7.862448616905611,-2.990504464039558,-1.1965988525093012,-3.0577928143796305,1.5271662775781925,-1.3345878629931167,3.055755737477914,3.7377866370505215,7.694812234195815,2.088869046156727,-2.8573622557675176,1.3621525199315858,7.179009110915248,-1.762176363103161
-7.494153204290191,-5.600383296029059,-1.876137845710442,-2.712476191648146,2.00435046464233,-2.289827075058679,2.480149402325143,5.376858947279641,9.89340587533844,7.742691193030495,2.5980852182983494,4.795072661598099,9.78311583533076,-2.635168286888418
-8.76712595551961,-9.674586031075652,-1.2617551836765868,-1.0091960160406577,2.4895992984123394,-2.7549049141308317,3.356964006161603,6.653513357510126,12.154279065505682,12.680592057585072,8.264615751529043,8.551493725631953,12.043605069706008,-1.0724771974854104
-12.041960158737384,-15.34034891633156,-0.5301147682928224,0.0464972617585863,1.875130149830512,-2.637276301528571,4.1127052505754325,6.477912792549643,13.171069693202035,14.608159594394785,10.8779552332128,10.077589378091687,13.419271875676156,2.446587490334622
-14.646757199369423,-19.52568843678408,-0.8616315672805561,-0.9887398019875868,-0.0174603354024425,-3.0656134233293653,2.9259134010399217,5.077393442901835,12.84646631887634,13.434359026899209,9.852169071275531,8.522995587878494,13.65904782484514,5.805820518397821
-17.235592004962346,-22.23071185768776,-2.6666237267690285,-4.278518708523704,-2.3775755229735283,-4.072354908024293,-0.4946504233243582,3.684623323236345,12.06714043966187,11.26309294685189,7.406877755155039,5.078349366251336,12.72723425289998,6.409473662061162
-18.35519995688862,-22.643462285928447,-5.293306219572632,-8.780553100526614,-4.165681486687772,-3.936690429172014,-4.251353969515883,3.447768289668276,11.67862641563974,10.54012969201628,6.4343634150777085,1.94107894560166,10.707305164860962,2.9899185485475512
-17.495525558953332,-19.823863201790424,-7.429727240879646,-12.815310326915728,-4.9039132090117805,-2.812596443891928,-5.56148417770319,4.5138589343020925,11.697620329232192,11.915285885543351,7.965973440681896,0.7084556997856413,7.773801472250083,-3.310652243406304
-16.251871109309977,-18.654971398892023,-7.960560459683666,-14.830060060596724,-4.775370761185115,0.0126588881008929,-3.0805649394179557,5.993098992306367,11.46698257194874,13.700051043268116,10.400049574724877,1.315963245978777,4.271321872952093,-9.49430347054374
-14.11964660131886,-18.875310386938693,-6.718864755048905,-14.161444546611005,-4.083404077124811,5.00622052895463,1.812870155152697,6.753965427141597,10.485411360298768,13.397667052188051,11.044332224002824,2.222647971458126,0.801477039163879,-12.591309236458308
-10.964774041749145,-15.326370865896584,-4.621083519830831,-11.465731983377518,-2.7843889410338334,7.271599335591957,6.047616781547701,6.347228646949939,8.985748094772596,9.916098282695796,8.474655814259007,1.6577281004972328,-1.8900080297475177,-11.57544252490083
-6.910063555264135,-8.65565463528702,-3.065676597250396,-8.371615705428262,-0.658685318770089,6.764226737198373,7.374850472172394,5.295140318561206,7.635985070602955,4.508919007803475,3.597360004488253,-1.00245365283863,-3.302740194816531,-7.970409409406422
-2.3774191933593865,0.2357764835717768,-2.9709804530454464,-6.311679367592004,2.094136595891821,6.052466042415364,6.097430615565296,4.527184130183011,6.696606095675331,-0.2831271218219671,-1.368004913369349,-4.7225737383426365,-3.5802607589089748,-4.715183588356128
2.580540803050848,12.346087557614462,-4.100105006816456,-5.312376909949888,4.599889910152993,4.022134451683148,4.440501803939368,4.4625746498783005,5.576128083784674,-2.628865195844787,-4.832610287782005,-7.494726204161893,-3.475987229781845,-4.062923075516185
6.547084923119837,17.668636169071878,-5.181068478956314,-3.894465431397812,5.840599764047932,2.4621492361009043,4.218388961809598,4.553289847568733,3.334090573872258,-2.601960669180992,-6.868826346498077,-7.691529657790321,-3.7683610058932624,-5.976979876141122
9.22228427185072,15.45996506544365,-4.805657276386194,-0.451564015170419,5.540888747814133,1.6401715640803418,5.061508098188845,3.710077904790378,-0.3263805163705697,-1.7510929935771902,-8.584980334005508,-5.136981736073204,-4.599588515418592,-8.182872024164318
13.800023222681958,16.846729023106995,-2.494863466603716,4.982019027095237,4.49805759349043,-0.196623680785776,4.87546401189626,1.2483044695142895,-4.5916601713516,-1.680299715704666,-10.747780169910104,-1.225137319587815,-5.410937706315547,-7.884746571453522
20.037846510754868,19.786889480810025,0.8885470873744243,10.324467035805029,3.935230262182065,-2.625041439301855,2.0153032557895387,-2.48546395426974,-8.117154369291143,-2.9126724988025936,-13.096022945277332,1.9139052170051425,-5.593100408438491,-3.912946347667606
22.219367302042688,22.15304200728634,3.7515389087942177,13.069303839298836,4.448298328579494,-4.092161850710328,-2.9643823248060155,-6.346076145455463,-10.118290359788498,-4.776454734842453,-14.837164498101249,2.643577175549954,-5.181077053244212,2.3245706225072293
20.50074895324655,25.651015003644652,4.947321971566284,12.592376530454327,5.552097754838847,-4.676546161173355,-7.638341078617772,-9.229332611628744,-10.919035880416486,-6.106110460720048,-15.555640549213033,0.7231018940189093,-4.807489820061987,7.843767146422131
17.2697949138824,23.816935719528143,4.53984822529233,10.869855792683747,6.22091692896726,-5.694932531307663,-9.74549351644871,-10.755940185587418,-11.459206521161736,-6.084613374384656,-15.524903759534272,-2.629035016987797,-4.931982346575907,10.246418055943376
11.245405108193452,16.26718652374162,3.5071025808728047,10.657888668121686,5.811308283523082,-6.872234189948916,-9.005143362486766,-11.289154267430586,-12.315246371875856,-4.734092925000381,-15.284260107604242,-5.575569039721113,-5.238405657297383,9.293979596384686
8.496000821117455,12.472703146105385,2.689502209458004,12.687765996353583,4.438858329766578,-7.652790756261595,-7.134013311672837,-11.463715962521489,-13.25083553689696,-2.9358295513771453,-15.1720566780195,-6.9350384179371,-4.988630647625178,6.664741006455291
9.593084637419471,11.453383393033706,1.9981274196425092,14.6314988358947,2.5720581322402243,-8.195785117955456,-6.236226822324273,-11.772948008844278,-13.71563742982421,-2.031373462041617,-15.352021283694476,-7.042380021537429,-4.036068393479591,4.268481238860406
6.811143090296659,8.98503707073801,0.6554880564766004,13.098496292023274,0.4820834433836145,-8.012452843510975,-7.140134119731543,-12.485237167616235,-13.69172762525568,-3.10456690059478,-16.05781353486345,-7.468342995381704,-3.3246780590161347,2.73042521786568
1.3256145676530198,6.715058276020726,-1.7625000535531534,6.99857685950845,-1.7631239557972709,-6.974624353587896,-9.066870673651174,-13.680519264929265,-13.913691306551154,-6.206335105466032,-17.439801446741605,-9.636003082826276,-4.111933610111797,1.3745875131348413
-0.6512097801141649,5.09229671537325,-4.525992109356308,-0.9002780824335002,-3.860869108850138,-6.000431686765647,-10.627328693075562,-15.12734003272126,-15.144267953431354,-10.0132320811497,-19.00751422864003,-13.33444490218191,-6.530079080461844,-0.4814924693398943
0.0479654235656671,3.8715516407998978,-6.050036472717062,-5.879011403876651,-5.116043741881681,-4.981389130394718,-10.995515293872282,-16.103082338588045,-17.192565140330814,-12.355319479267086,-19.431952945032307,-16.43382196475492,-8.974364611587784,-2.370131865955872
4.055521188089638,4.95916882160966,-5.122901985226223,-5.084919576392903,-4.95040800327973,-3.81910021990056,-10.214357255816882,-15.541007708064267,-18.68255074104156,-11.505138600544385,-17.30811507718652,-16.259102637586295,-9.13830613189953,-2.880554697684909
12.759711100221592,8.613313496759204,-1.98992315672203,0.1424538612372865,-3.558353929578872,-2.6934202713069086,-8.640940331292676,-12.645355850914124,-17.90640592936892,-7.421641884294559,-12.39965126393879,-11.655638308522676,-5.910173429494362,-1.021636952544105
14.367331645022292,9.324793301858104,1.696261836568798,5.511283879472305,-1.863742673204591,-1.4723920672636694,-6.37986287593375,-7.586964939333704,-14.118909040941146,-1.956589516397497,-6.1323343931789545,-4.0559456302105446,-0.4347841813375019,2.636842718632751
8.595484929646835,7.197678592232552,4.049688414671113,7.402474631087978,-0.6799541555401314,-0.2123967447702466,-3.393345461471474,-1.6863027554163743,-8.272922819807789,2.2878586313759683,-0.6948604924307222,3.376476235090914,4.628369772909439,6.178796952238708
3.1100256005440494,5.799828903835564,4.254449663095269,5.605247786524847,0.0429945546698862,2.7126432553247355,-0.1015748718409392,3.149481764994892,-2.687629901250533,3.664812242413847,2.48067621476914,7.818258839642537,6.989718043551379,7.715939532453122
-4.708244920583431,4.023094153350338,2.929129525485381,2.8687972364579446,0.9952193933701884,7.466718196209253,2.3351391287125054,5.397056224818755,0.0889969466904441,2.4211149310024336,3.410064415560978,8.38193829706185,6.150546625257393,6.682441480117399
-8.15225212726197,2.7452806792183755,1.3625903510560882,1.9808241818691013,2.4975409873525454,9.21230143389258,2.5875844090479934,4.693277718774191,-1.4311453942912564,0.148538849015182,2.866451847646175,6.11331426229825,3.321424421311333,4.012679408013385
-5.88637844046173,2.4311397240214894,0.4136076774648334,3.220111648889681,3.85061161314056,7.998892280943728,0.228880502239507,1.992571716625669,-6.832029099971585,-1.6808276671814628,1.2564374031077552,2.7566203005731005,0.1856634809636244,1.245998118110748
-5.3777250424208,0.0990314148251177,0.0482932517602829,4.41356386731548,3.872598433700873,4.551827049904224,-3.649556275880549,-0.9478547647373414,-13.797129200191684,-2.7539051173873235,-1.590582121547012,-0.4269684353403811,-2.2856484364654257,-0.5713436429043721
-4.870714873374244,-4.097429573298599,-0.2347709190563609,3.2610513983783296,2.153276572108796,-2.3765248324483594,-6.938989881651581,-2.48826401016386,-19.14201595398993,-3.700152181152656,-5.548737781028375,-2.925222881733715,-4.0993941670312095,-1.4081642755332702
-4.993307899950392,-6.2411118458725605,-0.6978250387706062,-0.3980251281757709,-0.3063776531166375,-5.019766342957163,-7.843691640575354,-1.9657410280682408,-20.58559719392064,-5.063289900878165,-9.453049022168598,-4.571201101752529,-5.709489548956073,-2.059227690299153
-6.8437188906584,-6.656881115894251,-1.1333604612039885,-4.401006160414184,-1.8259565592614424,-3.084150971511673,-6.019372510105522,0.0034871434598873,-18.27638847420875,-6.624497780754599,-11.641834567193571,-5.255596164044519,-7.425607101139885,-3.5502507106723105
-8.386147275401342,-5.331340041396079,-1.2406797119975437,-6.145371492547215,-1.4996078283118237,-1.3519638820234705,-2.647134040991016,2.0099156250857906,-14.821351164014375,-7.708219400835356,-11.433066199739704,-5.083378525503544,-9.276039082170488,-6.452214706653263
-10.132927076826448,-1.341647343406399,-1.0710561670029222,-4.759851629976051,0.0156152844163468,1.9749922951869647,0.5384727309682837,2.830463340423279,-13.40233832889893,-7.97512344879229,-9.950195424340045,-4.576038431790693,-11.20454805631338,-10.351237049820076
-11.402929674940012,-1.3517330749397172,-1.011203492568141,-1.766765524691829,1.0750532652430105,2.345766819585611,2.421252188606399,2.192048380952409,-15.168704983997642,-7.757181334721568,-9.228691143507504,-4.443712504719638,-13.16760026720408,-13.814485014130565
-11.897243091815984,-5.532381390424859,-1.371435241352934,0.1171486402030019,0.3573732677709547,-1.011549739769872,2.9786789589687714,0.7546043639026951,-18.030115435272656,-7.632162007129503,-10.318898873512614,-5.043572899144634,-14.960638324413026,-15.135328140941413
-10.674812498408755,-11.224541721812372,-2.101621233254381,-1.0672459639378769,-2.2846395936382144,-3.4501986740549064,2.8671423441155515,-0.5709741836619866,-18.062709220500743,-7.813470233761047,-12.220603365406078,-6.099912566159096,-16.042666564597358,-13.588313339071348
-7.300644836242064,-20.08026843224127,-2.945279189301079,-5.264022804234829,-5.963834606442145,-6.12702351764999,2.684181102911868,-1.266890168658371,-12.519100253852676,-8.003447451446398,-12.705020312623272,-6.9930002632880015,-15.698526503238124,-10.219329143427183
-5.186573622530766,-22.55818409353384,-3.765275664584511,-10.53103263316604,-9.406308139658252,-5.9609098671123295,2.613481339765503,-1.232471489226624,-1.935357187137221,-7.679145206389421,-10.221482646432849,-7.270766875004154,-13.506302146486751,-7.239924599592276
-4.157755642539069,-17.87976798538549,-4.566497436439718,-14.240032892745122,-11.398036482423317,-2.025498107964241,2.634331088836131,-0.3333600820264664,10.403335008344143,-6.325277259156014,-5.089780364861621,-6.811522327796387,-9.70166804961083,-6.236903221617133
-3.613998103676032,-11.531226639494324,-5.171537018965324,-14.510883288597736,-10.963122276431818,1.7759151777610416,2.877534026957573,1.8237897962692775,20.98578644341821,-3.465376542610695,0.9951219413460456,-5.550186720208352,-5.093442526826991,-6.710203084895017
-4.331616283248923,-1.0306392672663154,-5.034694284205383,-11.132672859868114,-7.736791753759981,6.381654405014494,3.62835307267644,5.446046330182099,28.23780747657305,1.1254398848038465,6.4427797478970525,-3.273814593246445,-0.6200195758106553,-6.454954132884314
-3.090628124340424,2.988004192625635,-3.6107801499308447,-5.620695678771263,-2.624672522486477,7.613849701988158,4.944567154668174,9.822020990783702,32.60016846076943,6.820916934133404,10.736700009281163,0.0703798021773138,3.0405365275139005,-3.676240737695327
0.1741839012582818,-0.6587079563857907,-1.0336645847467023,-0.452328399376416,1.996468187423467,4.52444301604298,6.342153865144027,13.193279721944643,34.98450120275989,11.745135110634552,14.14918791679505,3.812025799796846,5.531733844460671,1.0688592821701803
2.6064179382140136,-4.8038728242201545,1.6343685577132128,2.163125404357072,3.366431092247605,1.7281184217743797,6.985726671103006,13.683015065904332,35.51251513889842,13.448019191455842,16.800308146253315,6.516426535060653,6.680908295973989,5.065242984259115
4.817508511081849,-12.255898420375768,3.015035964711789,1.4171769873890838,0.3947737010127667,-1.9705496897950008,6.320704220274326,10.701815895020111,33.768618806538136,10.613163796960595,18.199148298973608,6.868431195195388,6.480771446376135,5.772069778603306
4.559019347991719,-14.447138033051868,2.4621026747690635,-1.6573856586910622,-4.988974719719241,-3.304271736800493,4.608802372353203,5.631361703305505,29.9356700549142,4.45380949659215,17.739326172374373,4.882957679935451,5.269940441442056,3.1731628807223693
1.149343612745628,-10.13987216341804,0.6086044341431389,-4.763112351471133,-8.770168601289058,-1.366636786741534,2.85087461240742,1.056014520340348,25.24903116594724,-1.6962340652405956,15.56422876511924,2.2644262709435026,3.8323261097301256,-0.0966248058331089
-0.1005550059147212,-5.452502246105992,-1.1172258853136905,-5.70930359157027,-7.788105685947553,0.6194532316616962,2.0949582076231046,-0.9743332797633676,21.12473634835954,-4.62504873716918,12.84007017163157,1.3205986066489892,3.1018880145282246,-1.0088295974791777
0.3641563194171356,1.9671628505965228,-1.5971924478186104,-3.809377075234071,-2.3734588720002243,3.701470566461054,2.655067724677292,-0.2975067097937121,17.925517378443494,-3.5932952479235283,11.051841100999042,3.145579077863843,3.5338241828975328,1.3027734672077358
0.1909699554129349,4.421717477482106,-0.8021204308632051,-0.391148108022378,3.7054570212168336,4.278886292354503,3.8528742219445817,1.45711047722941,14.774806159083951,-0.7970632391145287,10.865594938870316,6.5907266213874784,4.617653881018143,4.975480026399037
0.343467030349721,0.7996714943921805,0.3485200769545891,2.012997985886248,6.149497648966367,1.71541277839903,4.484033391038643,2.2717734368067752,10.663620758839157,0.4882421782423591,11.543901861254202,8.992171963534748,5.033188022821761,7.171304351656541
-2.816544184269,-2.824768202092306,0.8043354585298239,1.3497433359364237,3.484713041985557,-2.721579927983682,3.66610771705458,1.252597058497411,5.67838359046462,-1.451788672592084,11.50030493330333,8.15918817523966,3.517639601452725,6.388590337619
-9.79489607739017,-8.513027499533434,0.1351799757421581,-2.521665027421077,-1.974123101015568,-10.227147613522323,1.464115375523651,-0.9309193270408508,1.0761322336524015,-5.47001140391942,9.655429124423325,4.060251152318887,-0.0656741381755452,3.3293020936637383
-12.204237553181114,-9.414153318549053,-1.3111873607780495,-7.676109561223845,-6.231482706707121,-12.613662154170562,-1.1281334564972916,-2.8465630959961867,-1.8011915824942868,-8.523308103571061,6.536479847574597,-1.0877956625346208,-4.247164284201473,-0.0705110641309048
-10.446783526889352,-4.344549543028784,-2.779927402763546,-11.382397565515625,-6.7695060522856885,-9.393412148668189,-2.8183614453745065,-3.4781265799483485,-2.594733855133793,-7.994926062028302,4.148198282326778,-4.322822209152376,-6.573426646601305,-2.18446512658484
-8.221888939893708,-0.5510798147411407,-3.587371476742332,-11.857162563449466,-4.033391143815445,-4.042258615348061,-2.8251324661845985,-2.7839793390092087,-1.955364461396666,-3.531683566763736,4.552606153273302,-3.8560121872904247,-5.106805414089482,-2.424641117039778
-3.808371952619012,3.723848862548866,-3.3962527357424985,-9.229736939017098,-0.3263982850258777,5.603765511679826,-1.3329140566743742,-1.392601349682092,-0.7227245512350553,2.872208513889035,8.169239611985837,-0.0965495480352522,0.1496365661948893,-0.9662848173490132
-1.8213419370528467,5.844497690620004,-2.278625483023328,-5.09508438810095,2.416835590972628,9.22571449478635,0.6805376525779661,0.0086890623430342,0.6773374970218757,8.370867885549794,13.145462860857071,4.726467173414283,6.973188730086516,1.6955891760845656
-2.81123416341656,4.561973478651771,-0.6816285364578789,-1.1745176010728144,3.831896057997273,6.042263089604043,2.081994126519989,0.9548150808655452,1.975364813935819,11.054965787079103,16.386014733112777,7.912856410958353,12.13744126710105,4.7200586006878975
-0.5819879535904772,5.103473021464571,0.6960438585841917,1.748916351440556,4.564964968046223,3.0317222145777647,2.2173465987367127,1.0933944447699329,2.458269830469389,10.756645531361324,15.537690545058286,7.747220584624822,13.35896132666891,6.736033957485894
3.973784805380952,6.635658636176697,1.1951182316060418,3.8428926596840327,5.031697974907623,-2.3305868581419187,1.1319606752809666,0.1201316948889577,1.0565896975240516,8.568134735443758,10.478647941137757,4.328591809182395,10.608788297038767,6.24196295132773
5.663222170402158,6.580614610239119,0.6092198333784742,5.435302762259406,4.954260149912878,-4.209408296127612,-0.6660083884828403,-1.944146421078086,-2.642462494974981,5.798266660195808,3.2798618042701437,-0.5725639088080277,5.8938434378241045,2.6762571829859096
5.156862903198171,5.607722477764784,-0.5505242465689966,6.363911208747572,3.975172751606573,-1.5208999225245938,-2.589722570828422,-4.392306566398984,-7.462177681960096,3.311984180896437,-3.1997579882543263,-4.538754873892932,1.7874244061354725,-2.73217878920356
1.8691888391279572,3.908886029364048,-1.243023989042519,6.144485235684673,2.399648997487257,-0.3978079022748864,-4.175808341813572,-5.928480114886394,-11.029482343933912,1.54912879952265,-6.9857800948135065,-5.88620221697078,-0.1393956322478025,-7.347329975534667
-5.376518530234053,1.123582650956551,-0.5529108828446638,4.721723661054481,1.1105379385127891,0.6687936768743591,-5.071772101727916,-5.4047486087205865,-11.531204343497151,0.7698609238538707,-7.837672592952821,-4.598328649046872,0.0473235609725191,-8.752658479104962
-7.549540741358179,0.3357458434140625,1.583575509526537,2.92126597689441,0.7434978561866441,0.9482243689353096,-5.0379702439563285,-2.7215583969951327,-9.353998443593984,1.008108530584639,-6.948395466588252,-2.1790723657623987,1.12053570392445,-6.446901768220788
-4.52498474555855,1.7418573396361383,4.150671657210633,2.0003868635279707,1.05111881794191,-0.4459579978522086,-4.114851770539287,0.8627148641595976,-6.951558821751991,1.8049710061361812,-5.944385629013947,-0.4906065321771216,1.6950714818521604,-2.2404278898692533
-1.0115146638986674,2.0539547354897167,5.61319793563232,2.621519785962179,1.1422130127923331,-1.0078348104095356,-2.7867077527257287,3.369283105245623,-6.818224693496779,2.2509764056723465,-5.89528831453578,-0.4167036700257567,1.0619647274272852,1.0145987689489957
5.058543898492669,1.894848543028605,4.981355918850055,4.229386107843053,0.3488154098261855,-1.120752503173198,-1.8208295505679164,3.3138560808929505,-9.288509420128213,1.5899771021162294,-6.813919653579863,-1.3575485768090694,-0.4857734251611489,1.4240684777386852
7.995111925858678,2.602339239858236,2.6439666337471817,5.507166112092785,-1.115784227079601,-0.4776466308874119,-1.733890984624864,0.689818013548436,-12.173262933769394,-0.0645647154163011,-7.776545566369391,-1.882993543338937,-1.838204858772226,-0.6691532033387624
7.075620215395297,3.7553285929150384,0.2865649284840739,5.565321016616997,-2.2648388647518303,1.3971780342748956,-2.2904458068674085,-2.936189941228782,-12.600412818848756,-1.630415492933098,-7.537072291082413,-0.9115083492034975,-1.6493476130009022,-2.9907346975669835
7.436425330788136,5.749885157433687,-0.1881064647562382,4.763344941253822,-2.047374956193101,3.8771689062880537,-2.5535752395146485,-5.295177914103768,-9.405591494367997,-1.7799001440259694,-5.331772357622349,1.5804261526164414,0.8813713907151524,-2.961790542873164
7.691821422066783,8.790828000956022,1.950728192521293,4.352211424066178,-0.0785042722783799,7.237708570741269,-1.5714555800663277,-4.743458998762094,-3.971701269385584,0.0853149493654967,-1.4436418707738383,4.772701258326617,5.394836240122046,0.4681226338976714
8.40015502494687,9.231934795925328,5.595643601754539,5.236903152410726,3.06455844027699,8.824150853299493,0.8236007525331743,-1.2622433356719789,1.0625703500601986,3.398440246817181,2.8591023041648818,7.733471887420928,10.366913171759103,6.001412486131066
10.237302908320864,6.906529449752441,8.458096237815306,7.035550238663522,6.085754399413947,8.3662953585824,3.795570037737214,3.4966546527680507,3.874743891911443,6.803150765026707,6.049409839760379,9.92784760795594,13.85895853537257,10.774879930975654
10.752365318777027,5.065143785713203,8.672965818753994,8.363473091701337,7.615400060476155,6.879725760540392,6.080557807902789,7.208502958482018,4.471031724897074,8.95584739490775,7.278601853717284,11.188850119378577,14.608982095499208,12.29776013875134
10.171547369387014,2.9330968659857053,6.184769449332055,8.099008963968224,6.989406821157342,3.582287761254884,6.883876442294589,8.3395957328007,4.040631781986594,9.17968241169119,6.8281811739586615,11.46189305074375,12.709996476736432,10.238240655716282
9.378524382344684,1.5760221716750686,2.8254949888661613,6.425055611469805,4.746756418039794,1.911308579140051,6.362776154982345,7.11090710117821,3.6157230678525742,7.6742486131936225,5.706153448570447,10.754065510776236,9.383123908221329,6.695145664569893
7.936302580705338,1.566653224134864,0.962689803827459,4.6421880576684025,2.408988006018923,2.047190109805073,5.350311665165272,5.242295864283516,3.3577228817051363,5.31259167935637,4.721482981551095,9.296309277087047,6.053192993443702,4.603558711960755
6.840803170240273,1.057244273493536,1.717054456026986,3.932843003779809,1.4756444568438667,2.822246071187019,4.625729222048264,4.602577702458927,2.862364557269757,3.175195698471242,3.845031632460625,7.55424788433552,3.46962536458954,5.409261400505301
6.203790277588083,0.4477786049043744,4.117182629750687,4.2549837477455625,2.2437401981555567,5.148174328246669,4.363108776735068,5.743205582281302,1.834586444995395,1.9958782073085573,2.4225740010098065,5.892920025293314,1.5166963457701144,7.89108864843881
5.020987274471362,0.2355746391853275,5.844942409220252,4.39887550258576,3.434436719655224,5.442721682727543,4.151277832095161,7.444723086116216,0.371086988990811,1.7737632311086813,0.0106695237718383,4.207234555805222,-0.2690576463520955,9.18906761477534
3.5122538650686144,0.2075638373120549,4.995234652607508,3.1227859026213025,3.1285985160720315,3.5376204282165054,3.464174909758881,7.650831438690041,-1.2454378941779891,1.8225048447447847,-2.994023451665697,2.022105647370111,-2.0403218223960096,7.235057855015988
1.162840491795508,-1.3913735421027935,1.5023500399625362,0.2977287700921422,0.4076372256812774,0.8857699332028897,2.134017521165731,5.080240127696605,-2.8003135504862584,1.2967856713685322,-5.555664286079654,-0.8820942676800527,-3.445638875065839,2.5138530422719256
-2.2316384242209217,-4.705400419650172,-2.8295665846354936,-2.958234215832981,-3.6583509348998646,-3.4229765744769627,0.4681733007476509,0.2869043638562516,-4.138816380771935,-0.1401436136727767,-6.819245996072105,-3.904857429511864,-4.0127972545022885,-2.359450855821848
-3.495155291600714,-5.984174002230845,-5.667772961233659,-5.203182409880299,-6.6216364053174175,-4.965841561605448,-0.9992323442401484,-4.599264132905347,-5.039357159745258,-2.0159378696702888,-6.7294818559050285,-5.808577232146952,-3.675890363567724,-4.811743494491324
-2.551759583104273,-5.426412289452176,-5.807272634729429,-5.771433557536987,-6.481444583728944,-3.4065286682382707,-1.8558603545394727,-7.211105750995017,-5.2628495667048725,-3.3696460172947127,-5.880200034884581,-5.675711139242907,-2.9105367720515503,-4.26860597863547
-1.9684975865833505,-2.61601957186852,-3.899995875480471,-5.102930246154088,-3.258235003585966,-1.907706332983569,-1.9907573917251755,-6.392546528713915,-4.789583150109877,-3.4612098115892422,-4.856715031727774,-3.846919530039002,-2.340121719065152,-2.2466132271758568
-1.0840603503072896,3.4227207017098817,-1.7814645631073065,-4.1308712532171015,0.9761637876792052,0.596651747823298,-1.538457609514083,-2.8304445779514182,-3.9553842484967054,-2.3353527931715234,-3.824468565272831,-1.9095442044395483,-2.184639862739438,-0.7303779450971533
-1.3565450552919127,5.278685465897645,-1.0105736936104748,-3.398973178440265,3.616672480173456,0.8943248540091744,-0.7194148210175939,1.4225655265338588,-3.266324078074448,-0.8170861746251248,-2.740850209769391,-1.5726545845876672,-2.072836417831468,-0.4914336493221398
-3.2760366484767798,2.8531919015244696,-1.7927950317634185,-2.740661322359223,3.3432409401651317,-1.6097391653922604,0.2582260104264122,4.145246335453706,-3.0128980970767785,0.0672567979107583,-1.7924856918791434,-3.2839664835244875,-1.4093413436143862,-0.8258451968712208
-2.877236222739607,0.7210611206931423,-3.060029182401891,-1.7399516749317456,0.8441088236804859,-3.333640351957903,1.1832134401882826,4.144899475928426,-3.0273506982423517,-0.1675585984161713,-1.4048802547272672,-5.765532789756108,0.0153562320796254,-0.6640116608724682
-0.4104205552747486,-2.738777654215533,-3.499138092496196,-0.4205095421752816,-1.9616301010272608,-5.100813172083975,1.795410489894799,1.814731632210112,-2.808854305326136,-1.1112058178468232,-1.7424286963457405,-6.93623669536354,1.711302609501061,0.2537826079607015
1.2934241283225822,-3.096853973682589,-2.594985211251675,0.5967081033559509,-3.417398451530282,-5.525091242082463,1.8213024029303424,-1.2226903947791143,-1.922550071952415,-1.798616125630076,-2.317870250471863,-5.528270451096169,2.7737374136287087,1.260790931507998
2.890815092659837,0.4579890194095164,-0.8655606012396717,0.6648061123368976,-3.145224068048968,-3.9552324184468617,1.1158956897695518,-3.159286426390942,-0.3578592140487515,-1.5317814582214595,-2.3048001677578758,-2.102796523879853,2.553448551049904,1.5976296439819675
3.190447103889548,2.0626452136827105,0.7517183926072448,-0.1649366493672346,-1.960698665054288,-2.8588175996546696,-0.1838173193180026,-3.0956010797951734,1.425310655632778,-0.533529338121987,-1.3638800922190484,1.3517801285567046,1.1557030428658948,1.1850015780922405
1.637859866912423,2.745185816820798,1.6955851143820126,-1.046804680716889,-0.9821586738820898,-1.767145718530862,-1.6283951709609852,-1.4881630964211323,2.7915417908912588,0.1681613832423067,-0.129693920158445,2.908217426796668,-0.6612984771900727,0.593732446529259
1.0316572075117991,2.122684710998787,2.064964812862627,-1.044107359896408,-0.7382094264905277,-1.2544660569024426,-2.612718744444152,0.335348837951706,3.3534040636468063,-0.3794241904077893,0.2603401881360909,2.1020503229270204,-2.093492768112497,0.4223284803674758
1.039434843239071,-0.8665987323697716,2.2811254298323327,0.0158384357185319,-0.9069552046108632,-1.7753514820327942,-2.659875958737171,1.2175722190139346,3.232556196581413,-2.125122049486244,-0.739399787240913,0.1931994676865969,-2.850068104426086,0.8155373883512205
0.8369513480521655,-2.6447262407210688,2.584190760731829,1.3647572702541595,-0.759784345022684,-1.457975760287485,-1.6844081435924103,0.9831821879233617,2.9899701516181345,-3.8971973131075295,-2.3976494077463606,-0.8477994607423014,-3.167105475889514,1.4957912949457608
0.9099472555026076,-3.509170561098492,2.8488501866503952,1.957402476148257,0.110753098755822,-0.5085787632164054,-0.089746929265118,0.4230929351167418,3.2713792743806707,-4.301923053183508,-3.18368691324412,0.1636483079174873,-3.3407942841774414,2.0409388684058065
0.2172971914717668,-3.597749060745656,2.7814615094120896,1.328410105744933,1.3439740923052987,0.4395428506388462,1.37206188269505,0.5116051040264189,4.374242347793954,-2.916737437394147,-2.113881239361476,2.711724315924726,-3.361651811922336,2.021228836033572
-1.3178139911819586,-2.1386920962642333,2.1982870382044237,-0.1231951252447043,1.9961410330903977,1.7081550827120522,1.9443486125616207,1.519721228329031,5.971958424274142,-0.7263817413466835,0.1827162824049626,4.85746111402683,-3.1124510671914543,1.0267129528262924
-2.4784318549816966,-1.5587440159825248,1.1315747956497315,-1.541050195837835,1.2799074297979995,1.7846248449982125,1.2772181853752451,2.748477814889989,7.16668666849548,0.6271622640684473,1.7171998522046952,4.54346682771152,-2.890060226063529,-1.116263211865128
-3.4530403623155657,-1.7199015385031289,-0.2014853838318675,-2.1868382564748154,-0.6452430273242857,0.5094924565589456,-0.3101274239981801,3.091699584439999,6.929787989919302,0.1767930545938867,0.6926212957742148,1.1325001383625466,-3.4936447112769,-3.953466266085005
-3.305045989370133,-1.1152849224459598,-1.4151908381763776,-1.6907623929867794,-2.47954573146502,-0.0091048067994889,-1.9165291513795788,1.9642466989179068,4.794906980359914,-1.5718863815483797,-2.825938581087012,-3.827314438300175,-5.48484379144504,-6.321715988756285
-1.7074336558363443,-0.1568526412237638,-1.985037862272642,-0.017404407016472,-2.502865337071753,-0.0549668070894149,-2.535757636573704,-0.1614801748509391,1.410732924029264,-3.0264318534029457,-6.579622309412199,-7.277693042694863,-8.224757295760552,-6.956647627489959
-0.3617422417132511,2.75427669327919,-1.47595454598153,2.5211677170064046,0.1625868858228383,1.3115679204174142,-1.6951931097359392,-2.0610234491839794,-1.560077477612413,-2.730912170125848,-7.619977579572299,-6.578797251041176,-9.83778641218325,-5.441458639267531
0.9976585272382784,7.977107528983447,0.0253626775057007,5.157764461859113,4.665653400642892,4.609853393624759,0.1587316908367633,-2.684708725466681,-2.402877685017554,-0.4440117633439655,-4.619220368776947,-1.5266305650972214,-8.552724498808221,-2.6285988856055558
0.3116904574560032,8.61802530159479,1.6489353239468263,6.804497347727189,8.708318513515152,5.407486352085309,1.8466262928673416,-1.9921027117592052,-0.6792319689691766,2.687351920918079,0.862139715010322,5.05643130833171,-4.446821897778655,-0.0656000080972027
-2.942732266583177,4.602124638317588,2.094652575176788,6.616301628592595,9.94992645631477,3.795179119548748,2.1453472929299764,-1.055409117027473,2.1056606302407275,4.8381899865366265,5.286356006788125,8.867633554495384,0.0652987899771275,1.0573521565030006
-6.201379854056887,-1.2847388178572146,0.5383693991738738,4.583677765696415,7.557205526413895,1.27492574760149,0.5127214075846354,-1.3691398628058096,3.2471468737018725,4.476962443699485,5.58822423203317,6.924450855860378,1.7122237729527685,0.4390847372986712
-10.064482618838486,-10.71730149598302,-2.6236238248306094,1.5106732783842531,2.730660644225153,-3.167377403622568,-2.6666936800111074,-3.8888272715774255,0.6690776182839926,1.0050083406999448,1.210049839969507,-0.3898512966622149,-1.2630276715830815,-1.7089143075635531
-12.003129590790422,-14.688334448995525,-5.957761762909705,-1.7137365872284889,-2.188064597378343,-4.994169801465324,-6.440743520526084,-8.451556176746813,-5.4908922999238,-5.087557619253722,-5.855693081616408,-9.617059921985032,-7.821359465962466,-5.290670273112568
-11.403539164530017,-12.447224871656154,-8.087435202916069,-4.8364336110654165,-5.309138685524886,-3.890934606988044,-9.88541571453662,-13.865684745295674,-12.800425482092535,-12.37807194344692,-12.824129444115831,-16.643177755841336,-14.968935069288875,-10.284690184353307
-11.46948057573467,-11.205518557623032,-8.758888253859105,-8.151110774457507,-6.267263741564378,-4.159783138167355,-12.435097374849214,-18.485076138593925,-18.044489528648967,-18.862112279707414,-17.9664650764595,-19.35585047733862,-19.865804759333614,-15.98417661408807
-11.498318378669806,-8.825801043005491,-8.85882100676939,-11.661523327272008,-6.067727378235389,-4.836953589002025,-13.794587948134968,-20.89081598185657,-19.163619563653327,-22.547120201924464,-21.00033478584342,-18.54436406766177,-21.35179667445584,-20.507453138601008
-10.460470687644142,-7.611514487369178,-9.338831178023156,-14.46649989074706,-6.021537537473108,-5.868126408162691,-13.7413505933403,-20.4102730986934,-16.23055736946634,-22.244671185713425,-22.08648332355069,-16.586481139882494,-19.840091034244026,-21.52883442793396
-8.720402500422393,-8.57072588945696,-10.11050350615436,-15.206916024421048,-6.714876625596261,-7.891332577585655,-12.19983074334816,-17.355203605584805,-10.996378755623624,-18.186804266036415,-20.88867808923445,-15.267697806529966,-16.183325288403125,-17.94831678984687
-5.786670340069699,-7.19998046856532,-10.055752919403544,-13.282268161224408,-7.743212588881136,-7.863032720202569,-9.561758903544018,-12.895318615630517,-5.644836897188128,-11.965356407319447,-16.906273165730767,-14.590950135470052,-10.917581635663195,-11.04141648566612
-1.4951941826448183,-4.159001361810693,-8.186488957055758,-9.60454462127771,-8.212594310492221,-5.774258354605663,-6.800599257113376,-8.533417124444071,-1.726186660337376,-5.6825440458435,-10.695848312195722,-13.341867743671514,-4.539677598503715,-3.835385370237759
0.9458242982388848,-1.6063131277429823,-4.793074104345806,-6.005943841351609,-7.463467071026713,-4.307064867332345,-5.013616003846593,-5.357445049339546,0.2527284727067354,-0.8401533778292674,-4.395702106283352,-10.592524193475311,1.8525937754278488,0.9911001737608842
1.4209405617797235,1.0775504176444997,-1.393920878010405,-3.77240657622086,-5.482122438900518,-2.9073253015329525,-4.617209557600432,-3.501897249253247,0.7146232973679219,2.2491045806567342,-0.5241895914513606,-6.664067498660572,6.64492998422206,2.948153345196601
2.9953820067558485,3.849643147429869,0.5026724873071089,-2.7181433069002594,-2.845519272592228,-2.1204226243441484,-4.907882417759183,-2.221959289147975,0.6532905596751846,4.185717429681446,0.1280028125411405,-2.770878616203319,8.713915023639188,3.704241871465726
5.025707000500148,6.42252487294472,0.6249030587191697,-1.6983390713490394,-0.3760988745076759,-2.438992489304424,-4.500969480517739,-0.5602752735880898,1.1312123759575456,5.727331070957661,-0.5397719015772964,0.1457698630582768,8.41006328710452,5.248372041406498
5.946436289684283,7.553468650568096,-0.0049526722837356,0.0230363370535258,1.24400229532219,-2.165579637337172,-2.3780677233680763,1.901509063899596,2.69516460006048,7.243457710477628,0.6382983048318351,2.211619750325952,7.447738488684422,7.964899960874732
6.084664293022319,6.967061136019328,-0.1424041889151794,2.0036976255150307,1.738922511576959,-1.5340472688549585,1.3211156962523771,4.791451181474201,4.975970196842496,8.703205752083448,5.285827555940642,4.311081358539809,7.658583727116621,10.386022735811906
4.610813304871522,6.381268499414416,0.5942817139492433,3.2176589036005225,1.3085318362804514,-0.5557575584291946,5.405866136449134,7.334362035258209,6.828620838347206,9.92641358074806,11.786976906399389,7.015839378799001,9.644200766005156,10.755874209153603
1.1569625064546538,5.45374646578132,1.6184595986603938,3.273607587556114,0.4822373542860703,1.088614636230131,8.457599616218545,8.96354119067712,7.050260719223019,10.66664141494016,16.35843134720392,9.787173627618673,12.41671576441405,8.809526972982894
-0.97662073550401,4.927820763008491,2.157286732310752,2.847060493710501,-0.1770181793873462,1.6890548323520191,9.60963252512994,9.60987297219944,5.215673504182689,10.473918546081194,16.052603209527092,11.225580125556093,14.1914340841289,6.028914676520401
-1.8779178608599365,5.154377733405626,1.9943624518398904,2.83202507205084,-0.3565569166735258,1.2377228621369651,8.760661072492582,9.50130240981008,2.0099281111372704,8.712548989595433,11.071782547669583,10.198300202028946,13.590335883006162,4.199853314864953
-3.697809799388576,3.349161971913,1.476349414660035,3.2022485694635634,-0.100649050146842,0.6511243555322288,6.386389878848831,8.79433794305092,-1.1804816177476312,5.028848983092217,4.435681231615774,6.892493308925708,10.415034228415834,3.7793888144086623
-5.79829101615373,-0.3813620092355256,0.982358810492201,2.945233475815911,0.2973335939306025,-0.4462475898604561,3.406713763246131,7.477951637683589,-3.0819930039747305,0.0125927671016086,-0.5163662716363149,2.87717134271017,5.683186955304194,3.692353377641752
-6.891642253553816,-2.190771365873504,0.5631433300667084,1.2338118737640968,0.5096680264954614,-0.2880183187331349,1.152965134265315,5.653172821833636,-3.1703081702048905,-4.639118728386052,-2.464701284731291,0.0733570713819915,1.1011569726966002,2.641427847746627
-7.089316720802942,-2.387926220664268,0.0974868875005938,-1.4386038073971577,0.3579062227047984,1.3503987313005872,1.0046302004670906,3.8528431185008,-1.7763521164312124,-6.907099378862739,-2.4018938470985347,-0.567808597791128,-1.755529667242655,0.4666265154685618
-6.201201718298938,-1.5311270232218288,-0.3656516184551321,-3.467063053875563,-0.0963286917503865,2.6549239306392134,3.5043569447509526,2.959257304893953,0.2667729766776574,-5.805756151968836,-2.063532197704035,0.3645480564226204,-2.2816330761619383,-1.857158192389932
-3.880437353627753,1.2307310101351008,-0.5752638626876205,-3.552221196329981,-0.5576113432481975,4.045531103994732,7.585130214344048,3.625440156907701,2.116894149530964,-2.248964734945986,-2.248450827553029,1.3523229644524974,-1.273463012392824,-3.442446934213024
-2.477578408723074,2.182349450609756,-0.380106390218998,-1.865019511490658,-0.6227010451379158,4.393190703086479,10.89280594738591,5.612954820154755,3.267425393032198,1.428352516419892,-2.4749992435979493,1.2055491619358634,-0.4845621579294175,-4.448158472950837
-1.9885008309891776,1.2557779162274425,0.0675778045632569,0.2272458720669448,-0.0366892818115331,3.322269519071921,11.353971472166135,7.6648724060619315,3.6246100446026617,3.079914414441461,-1.878677838563064,-0.0758959641153609,-1.3507281394058168,-5.6375232464276905
-1.2537404686201803,0.7175171098282609,0.501562724352425,1.503683069710604,1.0432338349622512,2.7663853325030887,8.789443124181489,8.191407070044107,3.3614117601326825,2.234956391814677,-0.1910927230846084,-1.4957046138713397,-3.7620456366540935,-7.056217196301404
-0.7955283151416739,-0.2417580674344821,0.8958302601473207,1.8495171129918615,2.03520875703056,2.412692517218659,5.031025652299505,6.379665490803973,2.69604104687555,0.2204934277931158,2.076745674675493,-2.035032220340909,-6.0191144979840345,-7.461959526302934
0.512655592452624,0.057576626767809,1.5259261420178518,1.9342364702912391,2.320070494753324,2.836966540391858,2.302110395398856,2.896583843863766,1.771379973288873,-1.1455497114598217,4.134379976648262,-1.476796723024563,-6.222588768162595,-5.40141785052063
2.814612457892503,1.959983969364382,2.6377722900373186,2.200121294480695,1.7977732274905236,4.4456025256721095,1.3763526797042402,-0.4249071651155418,0.7215919306685947,-1.0571475604121332,5.446344690471648,-0.36431985528354,-3.9701251878342703,-0.9599272767927404
4.898271525918365,3.07317830686615,4.11457967648569,2.438786368535105,1.0862450852623198,5.280404668799428,1.3288688113825486,-1.7549064947664448,-0.1755514423937825,-0.0571803349600656,5.920617908617956,0.7596981241060661,-0.7763875776881832,3.749788764531118
7.0131185234618165,3.7816776224122415,5.542796878080722,2.388678922726598,1.0412045935417351,5.518843156933582,1.053112554989454,-0.4426415366698961,-0.4895226293754717,0.9370387782842612,5.861241026046102,2.0093488695013946,1.264484875888158,6.16486854271443
8.785089658647745,4.201593387475671,6.598163348170743,2.4737864156887923,1.9229039855949992,5.525720773621717,0.7980853825454872,2.650797681294925,0.105559784566914,1.7295797079364306,5.87836151372948,4.031158854216471,1.3595519180860691,5.560268023392844
9.984315578003772,3.908426367193668,7.299517566521672,3.602776351150368,3.006072798131413,4.908763563837059,1.9080205187340555,5.826040560240223,1.4865671570002943,2.8408184011900417,6.70362273905517,7.224991509133474,0.6520834214933302,3.772026839256398
12.791007409573435,5.27391811877132,7.860001760352347,6.0970499471537565,3.140528692298215,4.44021585202969,4.937239345681569,7.636475053201547,3.023613258892631,4.503194661738348,8.794164204910324,11.08268497436957,1.0115736674788425,3.4945368433979667
17.204938855809406,8.35037408247463,8.361540416026521,8.959442868265974,1.867024184040197,4.086415837921323,8.268533869505681,7.618645029181863,4.005117276651529,5.970536003089379,11.89961019025722,14.300903216558437,3.18087872365307,5.714316751988722
18.806197567887807,9.122530920075794,8.662451353647214,10.469869443328449,0.0381823899501281,3.3181664748059343,9.061320481662122,6.311685592137044,4.270031375546913,6.147355614761009,15.024910613919287,15.609916490515191,6.088305121095409,8.790825302600865
17.741194855530676,7.853228033615856,8.613284997057004,9.686023423508717,-0.7671591021225943,2.2605500006164445,5.927213505378662,4.757483227429857,4.456814443470757,4.981486654105083,17.007021539163237,14.652872021909229,7.95253006691207,10.120570395866867
14.713428600359851,4.898644502263098,8.255653363374165,7.378181139078961,0.3680498899090949,2.5093727270743136,0.6827111826754759,3.880338474090628,5.509157378121429,3.9941657148250975,17.342446458975747,12.250276721229795,8.042018863124845,8.747067344717593
8.637977630350635,-0.6794723225230896,7.727159498122319,5.411104907056483,2.7565363696541283,4.1501190815720985,-2.845053920152502,4.0297395421707805,7.749986164382612,5.060377754623282,16.549618513275654,9.88960503729298,7.358181113386848,6.318273542177408
5.731144349896933,-2.854269213246233,7.01718536722823,5.122477224969984,4.545080565240333,4.8486188735258375,-2.1234240685963077,4.827590797815404,10.346168740992283,8.446641490402698,15.68404883411958,8.804871747605993,7.619815437434966,5.445789233324938
6.218247403580346,-1.4284269087339607,5.940031741960311,6.238290882737289,4.2321650883343125,4.8671202687236,1.7464144220280104,5.4096995732194415,11.777762504008392,12.13546583734275,15.406569612115264,9.226683336332144,9.587348184373326,7.127681594651619
6.153185432907497,0.2958241622564367,4.406529515505781,7.307505868648676,1.9563914222667904,2.2664745366986,4.978062038726733,5.026865372980836,11.062945727032186,13.385602899119888,15.474080275642107,10.258306823866974,12.34951515239841,9.817295323401652
6.953516932710978,3.739909782466788,2.652350328563216,7.140496558100779,-0.5630708913409563,-3.654701011693772,4.537528271403417,3.674765955651168,8.709568882305177,11.254316376638386,15.145714341946755,10.482705426843737,14.202667875824403,11.040609092602438
6.858387339178385,5.237729056842739,1.099819371523438,5.831742838148955,-1.351740306734655,-5.827001256578447,0.8464172475882208,2.228489811468961,6.45597178850457,7.682234416339043,14.07852074610679,8.962061206795113,14.224374045391514,9.904912590055346
5.397583805097117,4.30463435931454,0.0031814874795941,4.483319782753085,0.382308106506855,-4.4551078344354575,-2.770429571628881,1.8217613915689697,5.878263367806284,5.948067948359466,12.75430181585537,5.977565314406888,13.046017276159176,7.978907498369608
3.955665092727393,3.564671220514469,-0.6592677665964572,4.069901513348896,3.8309780418884154,-1.4505677973438476,-3.271157761111766,2.861517242278524,7.018377835913327,7.763460661739316,11.94517005525293,2.939443810900684,12.161403312483856,7.680068108940759
1.977841546040843,2.047707295319054,-0.8934984400759163,4.62090318226663,7.33318522053932,4.825492681830747,-0.6260121157104379,4.513854950093673,8.283472345753779,11.642859630789417,11.766555669817931,1.4523969322747805,12.483838143326125,9.777928297446977
1.4941794687372711,1.3722779770131044,-0.4328315109863183,5.402465346153235,9.482340484867509,6.370002222364411,2.4148262319488936,5.209909759768152,7.784181430518487,14.084004886455205,11.367486920244572,2.1763416303045915,13.47915093504804,12.464239389935898
2.764286644312723,1.866051792411788,0.9796806203356994,5.708003312729318,9.717814218508297,2.747842203133977,3.0630719412532983,3.8567729868995,4.963788249982173,12.530693127577592,9.664489216041318,4.323437434846824,13.587984045595787,12.88626045888634
5.709456817826621,2.355273880462297,2.936287214327706,5.371584664241141,8.214810580772905,0.1552572974384596,0.9656384236406836,0.7675824843678072,1.0747061008115963,7.460966850229738,6.384936564879638,6.157664592525862,11.496936718114796,9.677842510592711
11.014042698303417,3.3157621407280256,4.160254462373786,4.5983130767029365,5.523260767304066,-3.18948374047413,-1.857146602773298,-2.5017715474643296,-1.8909443421645165,1.7766067216885233,2.3205110024281907,6.105446250694854,7.185608931466788,4.133123067000838
11.122435015780106,2.266781230641119,3.3137524035398656,3.497809109371076,2.377127428738504,-4.383309981673618,-3.241951184004108,-4.323425755282869,-2.807594542647678,-1.82717366757214,-1.4544661088824,3.681966576899924,1.9841238938631705,-0.9831526892766078
5.637078946997406,-1.090081790375426,0.2818138302407078,1.924908370223136,-0.3834342197501428,-2.424094123606257,-2.902609963823977,-4.243127287937455,-2.1491279305698754,-3.034376813633856,-4.515635221115247,-0.3454717308158024,-2.318674580532217,-3.788412661015741
-0.729568661107351,-4.066255460082927,-3.363312003059661,-0.2554511674197783,-2.083382808299575,-3.037117899504249,-2.3633279322809813,-3.2969526368688093,-1.3696759046779905,-3.722942290265223,-7.172496972694944,-4.5551947283724985,-4.658290731407362,-4.624652992608048
-9.808833258406755,-7.229738524475468,-5.4400101585907805,-2.885112902880678,-2.6732630059985354,-5.507111730910628,-3.1674793069038856,-3.146727981884794,-1.7062372624051818,-5.836755357500408,-9.73306643743632,-7.757792091468502,-5.39754614960043,-5.293155199715784
-13.968338916122065,-8.727023993225286,-4.99536405330548,-5.569673384056728,-2.9179241856049885,-6.575668843162153,-5.317634528903113,-4.725074179345995,-3.4911545878964603,-9.495605513545456,-11.931321848719165,-9.594258139924705,-6.075665024233899,-7.080004880411082
-12.162273042624548,-7.95022578206714,-3.2100586193648724,-7.969711153888852,-3.899546878430897,-7.060646297303305,-7.394578165434268,-7.463582892076488,-6.281945770838433,-13.06654758370064,-13.252960250676324,-10.50542352251449,-8.266010717770996,-9.499565732404392
-12.419380892466531,-9.21222718380043,-2.4175440224520344,-9.954553732849943,-6.069649736274471,-5.976036728143905,-8.001708227358051,-9.71548147889257,-9.272527547113611,-14.850273568792543,-13.750778457104673,-11.15655437919918,-12.223408026250866,-10.881459948407894
-12.91117446239215,-12.116045099540267,-4.055340226472652,-11.488221963547971,-8.676882028911166,-2.7391470511353213,-7.013291071305616,-10.049351115123386,-11.481215746890769,-14.523697654377202,-14.292821863165727,-11.788205415561208,-16.35892482127946,-10.15996663313456
-14.39783480603188,-13.700835651201668,-7.422421301331724,-12.490627476836837,-10.21665381669152,-1.4536988715695904,-5.554744485422759,-8.400639325979228,-11.884686643177815,-12.998003600419509,-15.83012566414908,-12.04584726353653,-18.203126991752868,-8.156093893694674
-18.12060734335766,-14.618238601272894,-10.371051283211443,-12.923334794168229,-9.642798817334665,-1.97057956240208,-4.957710914218069,-6.168235309717659,-9.935850997342529,-11.171467156533424,-18.449323122550997,-11.468287987218105,-16.381723419735806,-7.159000105759844
-19.5679659818825,-13.54029309245576,-11.236552600305629,-12.991219246201863,-7.304359596356107,-1.921853296646584,-5.731174284801796,-5.164646722618272,-6.301543923226291,-9.14890827160724,-21.282502191100264,-10.213470052811886,-12.0565184173293,-9.141768456193915
-19.11275496952947,-9.852486712595493,-10.205899055183806,-13.131698740875038,-4.739447175269163,-2.1039972291713136,-7.326718840086073,-6.2378992100551045,-2.961520243327641,-6.762254864880219,-23.39969868050076,-9.307314413351946,-8.412275213197688,-14.101908120191126
-19.66094634357411,-8.920933430155747,-8.969374578222244,-13.694430978672756,-3.477568786254494,-2.45025778379607,-8.696910348666563,-8.6524304960559,-2.0995586803700235,-4.608707471349248,-24.699155474762502,-10.069721191907432,-8.32153105588111,-19.884343431602133
-20.51485363568975,-10.60466845163195,-9.152215447948947,-14.626725660098144,-3.907150832423099,-2.736398397777831,-9.11754288195857,-10.708413960876442,-4.440871884381579,-4.171126212300919,-25.82295067775692,-13.1172237546009,-12.041042583516456,-23.638792215131502
-21.7429962275054,-12.198990430620215,-11.029301362490571,-15.529456929069228,-5.17267344822119,-4.303172598596359,-8.70057784709752,-11.076832511012356,-8.527307399293818,-6.604315223334538,-27.231894670103717,-17.75520558922932,-16.979852565780902,-23.792287691643423
-23.787473534073687,-14.823294309513804,-13.52345316452022,-16.03811600840737,-6.0849911452058905,-7.178594564627433,-8.26664614858953,-9.746889442729866,-11.76394000953951,-11.3130032678539,-28.50640604597254,-22.25022000443107,-19.832602229637075,-21.03078233225733
-22.44501180294964,-14.147645841578454,-15.184750266386686,-16.090564012447317,-6.124792876503989,-7.79242519868071,-8.615426406802214,-7.829729426365418,-12.414270685979886,-15.84111172679627,-28.65526183134909,-24.745721032096757,-19.21883416954347,-17.546249543075078
-17.522247870052617,-9.598996390577454,-15.11034797303489,-15.757504613571257,-5.6478903103885045,-6.159234024619733,-9.674116058575464,-6.452245041378092,-10.768237514930036,-17.423765086097774,-27.07083516074925,-24.15334025704726,-16.482829564067742,-15.153500223438982
-11.976884515153426,-5.36003842579022,-13.157341370832173,-14.833209218962168,-5.248978477984394,-3.3184354547606527,-10.25130559337299,-5.7650984410145725,-8.508141399781294,-14.996180207235112,-24.068657187330217,-20.529462843428973,-14.033577070580948,-13.802301113741636
-4.8434097965707,-0.3704004394209939,-9.6560345099777,-12.72294152607725,-5.022658540640464,1.615676553734413,-8.796559422548341,-4.964686649072689,-7.045642153295376,-10.002688714571548,-20.45340481403548,-14.905547348017535,-12.920450184989193,-11.736095156268874
-0.2115673999873517,2.832243447567016,-5.160615238013065,-8.892253922791895,-4.443395148506312,4.411710206869196,-4.700218858207279,-3.274263765351975,-6.489085983630105,-5.355395787906218,-16.657270269277433,-8.797047971651097,-12.003596473400478,-7.198958905097868
1.2269053094751443,3.443581782962022,-0.4019777725600875,-3.5239878111061955,-2.897127656980757,4.846798760492038,0.9865042727695368,-0.900953073019565,-6.06689257916787,-3.384742644749764,-12.45181207056794,-3.593564599932336,-9.448495875437343,-0.2478425735947667
4.688401871000456,5.361344526032002,3.812652429915104,2.2791986137669085,-0.2926822124678665,4.728773496413938,6.181652369384025,1.0175574571919128,-5.269424317477458,-4.33207834871736,-7.549544440126851,0.0051453906630882,-4.9562345313899385,6.921461392665449
9.211610437966868,7.864367597459714,6.901795862973813,7.0454099442141285,2.793780105122736,2.969449843691878,9.31215907901116,1.488542271856744,-4.359887585785884,-6.399761942123007,-2.365663172996747,2.25370964301635,-0.4115927533628252,11.465899903816322
11.968203256485792,9.25300144361864,8.757143642490313,9.83667443941151,5.479227946100934,2.4612323983979705,10.39334681754459,0.7293805738372221,-3.790189806014915,-7.163075201178728,2.0136886257515982,4.081030146401815,1.785744798768743,11.972718806326334
13.551395056878595,9.998227489208462,9.615619373935363,10.752719106947165,7.058833729183228,3.378483538740726,10.661660474445004,0.124207561476596,-3.351589991492846,-5.229161382841975,4.744856175512326,6.339039294092027,1.1057086397225016,9.427980970388743
12.718055365677014,9.59638766283472,9.67488289099802,10.638921651052826,7.2651085058249265,4.202012452779749,11.17477297842902,1.0188413445140725,-2.15868284045213,-1.0055928831870489,6.093159440309655,9.09508984591728,-0.4005661252447652,6.394512036164784
8.840324561076562,7.753930443749569,8.95144948763317,10.3217689545139,6.261238891049061,5.636835071018908,11.8029191610364,3.458090694651503,0.4154190846451229,3.8041241935566177,7.289065387513716,11.56298775632574,0.130452873348787,5.199820937048443
7.922412043785266,7.036643438247107,7.618462072469981,10.081313728803792,4.531962419350748,5.253907591175008,11.58584836923876,6.076938452780922,3.842968199629354,7.45077043713772,9.42872524381488,12.786666175006246,3.7481372659713657,6.5665125392375785
9.902548115503226,7.4214753849975486,6.388808424525877,9.762782037748591,2.7668043828180657,2.786828743060635,9.97898805282523,7.267247013819968,6.601160148730941,9.185367485030667,12.477181523338714,12.522534433353885,8.716578308905582,9.521919221687256
11.997926728210938,7.552585685490656,6.268839112199657,9.256172604760366,1.6756800688676208,1.1851528865199243,7.593162123749153,6.524097985252752,7.344542808038909,9.442405502167674,15.33440297312262,11.542273422004712,12.12886551266297,12.346531813181628
15.543592995297306,7.984072874669351,7.642919549836563,8.732708394902374,1.685080340677871,-0.048943276732698,5.612986817766341,4.73368233736187,6.014492958023538,9.204800271250008,16.8316316018296,11.04822617985451,12.513939474620258,13.71152244975599
16.343361199530815,8.349168467316817,9.54951324502872,8.369852810315422,2.6439730464064723,-0.6717677172630385,4.537019541116081,3.221777663606133,3.8511254034960416,9.159418934427322,16.615747910865935,11.662977643150384,10.89346765480724,13.29209872893091
13.942658267565209,8.544448236096477,10.099905434673246,7.945629340215305,3.7967191251456143,-0.1263719359003083,3.650912018635097,2.5627933832178087,2.324988086759788,9.289977048800324,15.122340797521815,12.855640096472598,9.353869991978854,11.657216572150103
10.976104136903633,8.143886053295216,7.973296484705315,6.90690518146107,4.162644499327257,-2.3231633785102432,1.8854720120519917,2.295101149059405,2.011007948019028,9.124572346784475,12.91424565857028,13.346355638717457,8.751048228200375,9.683421301002
6.339020295476565,6.967167843180472,3.747452643620022,5.017158101807127,3.1575159794105048,-7.301486929379511,-0.7903700677735515,1.7164069852190096,2.415298398900404,8.336452944174084,10.32598719582893,12.223574435852925,8.034486739688532,7.949216333828645
4.545025637375664,7.030533656352088,-0.2471478546802927,2.9591313580114047,1.0524651847155155,-8.6816242319771,-2.952736883190028,0.8548680125095416,2.7924914681664177,7.168845852463619,7.834980055662982,9.85873457221794,5.916436158078341,6.511630674937578
6.147399863071805,8.314320856222515,-1.61513143125876,2.1297729474169955,-1.0815510574575455,-6.9015113554938665,-2.870293722110773,0.58111931527867,3.032261660409404,6.340669022854399,6.51829699079849,7.769092808011237,3.0159444147109298,5.159866000788156
7.260033234833864,10.2283670391386,0.2286142583844821,3.568913079252411,-1.9714406327474308,-2.763879333354016,-0.2006141525712337,1.723656104612019,3.698024448008255,6.50794729053257,7.658442696152861,7.39842092971503,1.925401435571644,3.84229638905822
9.014793833429046,13.258447236796195,3.579260404056413,6.878045830041856,-0.9343973276038468,5.18807933274814,3.4354284304745306,4.067286522577206,5.229199986225922,7.701493403166637,11.513344865253885,8.759275436178086,4.728076214069688,2.81240263911468
7.742555185895751,12.493043133186646,5.749256750199947,10.168500102405687,1.6353188366654194,7.748650588124912,5.660129639864408,6.268753520812652,7.208065344508668,9.191833718688258,16.446789462116612,10.153728834298365,10.302166392021718,2.339503883343241
2.6456725325005723,7.537074384008361,5.05954994923286,11.258983560203204,4.414232954862655,4.555641810601428,5.277738191722165,6.8733701854923765,8.529759575775415,9.925911178688011,19.60195962827993,9.38910727386201,14.358013882572775,2.3097341207922
-1.8099799546029287,2.963712287038744,1.9386896621017515,9.2362246848038,5.875635599499674,2.0942692770393685,3.1721389275971887,5.558970591760044,8.366587760201355,9.24412368024855,18.89575808654536,5.597460292123969,12.735929086563829,2.186032187391902
-6.59763411791155,-2.338138751544516,-1.593922832883436,5.122536741934255,5.174296132442123,-1.6918613700660066,1.373095661593652,3.4576107874704576,6.971753419444667,7.349061977456586,14.6906573195522,0.1192886379121773,5.260842016112292,1.4156160012962573
-8.212328236482326,-4.695580016647151,-3.476948083847674,1.1160073704645583,2.651008583126668,-2.4357276331966453,1.2143617693543547,2.197273250029184,5.4955806809662135,5.160694385160696,9.599827748116468,-4.376139593727885,-3.430888420730298,-0.1039979347517601
-5.631320186817282,-3.098571515929961,-2.946392345655113,-0.9647738846051652,-0.3735812105951481,0.9433142440124253,2.281705294836684,2.47030224222226,4.957385074010063,3.653833882482104,6.513741511614171,-5.844479190428956,-7.19476622655111,-1.9334261595631688
-2.8061911165451296,-3.368573482845569,-0.8004730625068532,-0.8071608762897995,-2.407471286385089,2.257661315502644,2.988977479521509,3.4071030499828794,5.336680021830034,3.1811997803076792,6.520649049476788,-4.269300352826349,-3.2433478538507643,-3.412400889561468
1.3788186296767375,-4.548736018775608,1.3718708139233513,0.4769523381389717,-2.67714179411405,2.618124832568662,2.075415253702886,3.3478811350614706,5.612431239932903,3.293730228886261,8.399637687530458,-1.4286025068886374,5.500876600849551,-4.077556994987162
3.170551096257975,-4.762612204325646,2.295920292046958,1.4007419287938774,-1.4950949529204536,2.3431549232490205,-0.3945867015092972,1.3523494673693222,4.675934705079953,3.165569785908019,9.87048165052238,0.5824108790843638,12.578661253091012,-3.896992207298808
1.7567400438083836,-4.859161788031291,1.7020539046252452,1.1858897700140003,0.1352827869841348,0.4116926949198426,-3.267241152227598,-1.893730017934104,2.276619108023624,2.250868273143169,9.326771121759066,0.7030805491940555,12.90013421498088,-3.287345629347783
0.3932724046001719,-3.639778819536032,0.2813281594112595,0.0863413422919165,1.3335449268683988,-0.2915574235275691,-5.300082551407513,-4.581067160579323,-0.7763807609092055,0.6474899028976324,6.677577459798158,-0.850788198106784,6.385735528562691,-2.964156758984245
-2.0503001647765946,-0.8944784056161483,-0.9119233274731188,-1.1025570210672413,1.895459421794385,0.0884855865974825,-5.945099830446679,-5.234062314622747,-3.22356915005912,-1.0691370116708183,3.0019776944316163,-3.246033812788255,-2.4261138393052306,-3.591578552198939
-3.133490785244076,-0.8088835504082275,-1.157005304673703,-1.779612070449275,2.149021663116855,0.1913465641872734,-5.420705433773492,-3.841057500490251,-4.205582257174569,-2.33126855623334,-0.2963377981250232,-5.680081169045593,-8.131629408197796,-5.266665743740873
-2.373149956162325,-3.39662640056772,-0.4539414504110937,-1.9105448919244736,2.323675286160324,0.5572076674380594,-4.3331876023485165,-1.7223052959845973,-3.726560071413133,-2.95905106373084,-2.1357575029164764,-7.495211375831332,-8.315205879782752,-7.1815421051401245
-1.512328643752548,-4.876025137247911,0.557466113348255,-1.8841769120654133,2.110703502972683,0.3092982644862208,-3.324101905082898,-0.3576990275155367,-2.5186983000889995,-3.184102473510393,-2.113917586953903,-8.07475346199817,-4.587619463226474,-7.938723532942276
0.1782448454603949,-6.0309938892270685,1.02966192111262,-2.136908450190276,0.906598478577962,-0.7231451322301522,-2.899137662134308,-0.2682546116379853,-1.535094766057682,-3.402238551455412,-0.7674998191737359,-7.065032365660727,-0.5420733898224626,-6.545802333650272
0.3626597571854976,-6.042536902712706,0.416055296650029,-2.888981583418399,-1.4593911494764598,-1.0780177950213907,-3.308944620826651,-0.877022421905167,-1.4467591040024672,-3.915934595132967,0.3983683298499727,-4.870110315379861,1.1958683306202147,-3.364409584843088
-1.2507062357947003,-4.212420772728072,-1.2186814510823751,-4.090343427182688,-4.240337138288851,-0.9235073181646564,-4.436965582302037,-1.3058969711162265,-2.389411736714692,-4.824656113027231,-0.4712684881255882,-2.744824162078203,0.4072460413299268,-0.0662135436712105
-2.9248355470076044,-3.891182025493301,-3.24238365759129,-5.463972996026769,-6.080208515240429,-0.4810952194281195,-5.8399944000525466,-1.2485238269962338,-4.001254338481431,-6.024954933711115,-4.315914561346744,-2.0292347851418526,-1.4529003758761974,1.5861477517846652
-5.2694825722058525,-4.831609820070332,-4.824670460852758,-6.562985610845999,-5.934833573985316,0.5331076268493206,-7.005971716931526,-1.1177067125645408,-5.653418201047089,-7.2344987029187,-10.09638027485903,-2.9980719107111327,-2.9411109426664552,1.1694404971356107
-5.928777953638442,-4.674554254863311,-5.418643493586387,-6.893174595949176,-3.845070699899225,0.8619966821121937,-7.623821027380927,-1.4519960446236837,-6.7403177071551,-8.061236910220714,-15.043726775845473,-4.431023125759339,-3.6533048008600417,-0.0818030449827347
-4.533763854228914,-3.9446875755139055,-5.045257316971629,-6.154030121799679,-0.9229200176901032,0.4681732810234539,-7.608970376973502,-2.274369348735036,-6.922543770602033,-8.195633461672514,-16.429313656888326,-4.524436415112177,-4.024757316186424,-0.4500217950194383
-3.5728447412338795,-2.382629725654166,-4.170832295015316,-4.4842085074119495,1.4088180580283731,0.1973520847363124,-6.923513715722493,-3.057725514588583,-6.246183242083589,-7.667399349030347,-13.64723387941467,-2.4930967154368773,-4.515214266829844,0.6470930639834478
-2.458399700835978,0.4127484967798747,-3.2604661080561077,-2.4756996087307925,2.2974041617794683,-0.2246008018877958,-5.498923403793469,-3.2679609466440525,-5.0796236414332725,-6.919548042963925,-8.839407467294222,0.6058036059880578,-5.059707543803597,2.153935006648453
-1.0111245868165473,1.675313573709028,-2.37128988909717,-0.8411066441553885,1.8330720607502824,0.1139173650510543,-3.423155215191628,-2.859591239480324,-3.862457465061652,-6.4987602248688745,-5.319315404925419,2.7224944375204814,-5.109314010430353,2.5370843121077087
0.4409649983322987,1.3978026839632287,-1.1545940808591697,0.0855421156941247,0.7691790798558031,1.3860933463690492,-1.13369028167142,-2.190690929758148,-2.7815299405357337,-6.512465336847072,-4.923856534045399,2.670905411630315,-4.023220607142889,1.5238167739287292
2.9268966875279845,1.2262540013908392,0.7042080874664407,0.6315447592235159,-0.0749499631492653,2.435980268514578,0.776879776602641,-1.4880496239654804,-1.6115226986756852,-6.33936383870298,-6.495237626629546,1.2554734082106052,-1.4885934220790205,0.6651674108956058
6.442879356902241,0.5678547236600053,2.990573016035569,1.5679534964996265,-0.28138173868183,3.4866779355087165,2.116526714793963,-0.5064174664812526,0.0877698573494853,-4.990607668296548,-6.884062874869301,0.5108227980042557,2.171956410229541,2.004845768758628
6.718474585828663,0.1511524157999795,4.889628408491944,3.464424890303576,0.0563176252024959,3.21944555088747,3.435547592831881,1.1779336886330611,2.50012588660843,-1.964896368730024,-3.734487341167665,1.7024404558925426,5.906805813785127,5.96713924781875
3.5857533763534835,0.1748040335986263,5.470771903123136,6.052134300700459,0.5307995165317152,1.3092356926907072,5.594566932378939,3.5137949831905644,5.193426035722041,2.095678133577508,2.3115060934831035,4.025125826553449,8.240741516848061,10.463806652535824
-0.324657757636921,-0.3316773836029754,4.365443267561091,8.118693075630063,0.7331287397505548,-0.1941660687296408,8.731853488275306,5.693490506211788,7.254118781432453,5.59680389248615,7.956603569874119,5.328729799423627,8.027945270534474,12.232580231736849
-6.036797771027112,-1.1776252123410316,2.084228830759855,8.152426336340227,0.4846738784095805,-1.6251121889452405,11.573206683294076,6.651828539165592,7.891360051306947,7.007455200099798,9.913897411130051,4.2012035369498335,5.273178830461575,9.39637196589524
-7.533816828006412,-1.650270833310727,-0.2907912534261072,5.402500044095802,-0.1256459646876919,-1.8866062486065864,11.979481298251072,5.948537595439348,7.025241980695341,5.946023955308078,7.595921275472222,1.3452969307175522,1.354513599295501,3.0527246121250755
-4.049649475326861,-1.830816296337183,-1.7931548507915522,0.6076500162242269,-0.8903676485834922,-0.4959297642216365,8.605027452073557,4.190742784111308,5.340915954059483,3.4761289630498595,3.472163280764221,-1.1197826711947982,-1.702097611301383,-3.4979563788192536
-0.5932529876809474,-2.0004054910685256,-2.1067446741478197,-4.241534823815726,-1.684215975951986,-0.1299349370113561,2.3928727694886334,2.551333753870267,3.766622768554953,1.384171608289677,0.8278281733720689,-1.6971340068302825,-2.4780038516294383,-7.2059514825530755
4.398742710846629,-2.025419086648384,-1.5879385167758642,-7.070581931060673,-2.5382333184585377,-0.4962583439568736,-3.521395063796831,1.8034504956580972,2.859572471357154,1.0128346265021264,0.9992241684397812,-0.8258426692857483,-1.0136114600862527,-7.296734517517848
6.755241565651323,-1.9628782039663677,-0.8593967778537603,-7.030042020405062,-3.50869472501833,-0.4346772529875282,-5.755334604199078,1.7619937884583408,2.627666563905421,2.511352575509747,2.573348149062696,-0.2208452707685069,1.390045937764171,-5.25800497247252
5.567595225972163,-1.825106957127227,-0.3792043189536684,-4.9691453975492905,-4.454105230400167,-0.3883058994192176,-3.1259200891888668,1.6297894531397148,2.842121788537895,4.950848289411198,3.137811225119542,-1.0424726280396115,3.2071090964390976,-3.0852067881981924
4.743917459094033,-1.4764152742847347,-0.3128282796940702,-2.724651171266144,-4.952234661036178,0.8609111004656984,2.371899445066348,0.8818594974817504,3.4155703433519955,7.072251145622012,1.7691904754343517,-2.79936543501163,3.698917073164649,-1.5672915354886428
3.0691847886859907,-0.9197265707307408,-0.6850651749143637,-1.8178200566150655,-4.502883497619344,3.5247917228170964,6.9686116991174885,-0.1807563886900354,4.419476973616938,8.058725251929356,-0.1632379996382056,-3.973544123789118,3.1636357903096552,-0.1359514911209274
0.755747541937109,-1.1891971704124478,-1.526688878464569,-2.589868811132135,-2.9183146009201835,3.799203355498614,7.871307847549858,-0.7402874164373259,5.7529348259063084,7.852371736488706,-0.5859328288561727,-3.5507480586767457,2.388156395391789,1.837622173929077
-1.812156571994522,-2.355415538761069,-2.814128377178548,-4.349152739637901,-0.5965740829766162,1.734955770647616,5.165998418703822,-0.3302039792821034,6.867543457284768,6.939691686075562,0.9331306054323818,-1.8855359403606968,1.889373958409976,3.799722158984864
-4.9647606661045245,-4.239424349149402,-4.300791777043116,-6.191031979128695,1.598568640583892,-0.7157659119354577,1.381239261650137,0.5938892805234843,6.909996303578225,5.871817408273557,2.4419701701249323,-0.2350868695166355,1.576749614473698,4.179982349948631
-8.513189624368326,-7.153520996691625,-5.497983430502842,-7.640578979422173,2.844737575606757,-4.381253087818918,-0.776971188072082,0.9743549497780748,5.251707968017939,4.88977815636801,1.2838938036693437,0.3367967961011402,1.0167597804878596,1.8784739791036884
-9.175910061536618,-7.571536292872389,-5.900958496189617,-8.595836914171343,2.9093013194029425,-4.561273453027588,-0.4995337814004301,0.1214824804926024,2.0200130214671503,3.898794596747337,-3.2954161344654267,-0.382261663684261,-0.0230161214703912,-2.3373600840807853
-6.582460330126232,-5.261637318839519,-5.269209257498517,-8.83960419635227,2.294427821658388,-0.694042204393237,0.9400529289016504,-1.5554308049743495,-1.775243809960898,2.7647595699271506,-9.028377064222411,-1.8482423054443304,-1.2430399471012663,-5.926931250233679
-4.178678533307808,-1.751715157113476,-3.704991498396907,-7.823715212162085,1.819702022315255,2.2981397569569144,1.7942066038526718,-2.7760283373726224,-4.658191729396719,1.644557289870022,-12.120550402581555,-3.1496635797042245,-1.972551174766977,-6.269147641814357
-1.1780324172257248,3.9087390033152354,-1.5072295212312383,-5.090023704915666,1.9622492744204576,5.510437388395512,1.59030015690945,-2.433943475473427,-5.445727276024115,1.000021744465016,-10.18194411401248,-3.2687834815534416,-1.6953936412000417,-2.654882596175696
0.4512178987742655,6.4503740698937495,0.9870868481091292,-0.938938810194088,2.517810436345769,6.513802881783428,1.430712595969908,-0.5414777038688499,-3.9334206899631,1.2012507719692849,-4.1490447692883095,-1.3289466369327556,-0.5136286713319578,3.036745130411361
0.0047341493517317,5.45464558411763,3.407390148199795,3.405828470403435,2.878609565914985,4.326797267614574,2.729367985732779,1.776481146325693,-1.0924531784214082,2.035109336683604,2.3929108373923214,2.9046246597839627,0.8514363188705261,7.574551119924308
1.0398946379568808,4.703505763777397,5.286689963613867,6.457328337638046,2.649817093927709,4.3401425169419205,5.678169067272904,3.2126163955294373,1.4010502632484076,2.620262594417852,5.886334513858003,8.470729026148604,1.5636792613603916,8.612038078742557
3.00477844742195,2.9119567580906422,6.140000255963287,7.44634541050948,1.999195325630069,5.917424530376241,8.835070745542453,3.2557517551721844,2.08977482343272,1.938385368400418,5.259932311679108,13.240654404547511,1.2886592756122468,6.223727005273872
2.554030918251233,2.5539204344446143,5.718624156577675,6.7438524751598266,1.416488853122587,5.419209170096318,10.106815333649706,2.348194866362064,0.5656398144200807,-0.3710708812902226,2.260119050981075,14.890532409290644,0.3963724528046555,2.592543126343344
-0.0051864361953878,4.193639536116611,4.219913076015473,5.354479153028024,1.1748070184722792,3.57613654751173,8.217199743082745,1.201373295459632,-2.343440016614352,-3.623998590125666,-0.378687378870552,12.328524688539574,-0.4335855580202974,0.1570244063315158
-3.6890110831246425,4.38948960261213,2.215696016589277,4.014567500762382,1.0873373616016693,-0.7069642990004558,3.507568721915277,0.0646846454718002,-5.170033465304641,-6.499338356337148,-1.1993157601934854,6.515785285359755,-0.8465071127521355,-0.264860079506434
-9.18553628166109,3.7444328780987046,0.323247204286929,2.7926430864446274,0.7994646294973791,-8.17710605275813,-2.385822938485489,-1.3053988611123373,-6.766268302016897,-7.956535931196981,-0.8453894993282915,-0.0403623492429687,-1.0950717519381217,0.1170249016329876
-10.31771621622653,3.2146498211628463,-1.1084954745996356,1.5113858791014536,0.2460738826879378,-11.462736187535068,-7.552667918193379,-3.046603348068402,-6.945738733524536,-7.920785852589347,-0.9957934190939,-4.8124841020654685,-1.7068711884875256,-0.6236480910253022
-6.551846117745732,2.302220018498476,-2.0482124283204257,0.3940038943279091,-0.2667836918200237,-10.50497960256963,-10.752772144815651,-4.718519277592407,-6.392457066927136,-7.182858539217591,-2.592383208963213,-6.67222342302864,-2.869596024944144,-3.281824321234865
-3.553346775813821,2.3024304042050123,-2.569719879923809,0.0915941885151028,-0.4413301847721982,-9.555481182748402,-11.781348959441743,-5.539658552538981,-5.9999793980406935,-6.638876363030647,-4.959114767545998,-6.1904382183113285,-4.149722806386023,-6.726277915798676
0.1014843836465116,3.3607964203697485,-2.61046130233575,0.9702743151918298,-0.3715839045498796,-6.983197248338833,-11.253848343617108,-5.10887183240493,-6.202932732621491,-6.555212203621579,-6.43653457870073,-4.760068819814649,-4.840290217996937,-8.799045321516473
1.2270383031771457,3.141554158356733,-1.9510084066754416,2.444323428431403,-0.4846700810170432,-6.428109287797835,-10.114227691006931,-3.843367128803038,-6.772976621715202,-6.480899524427173,-5.830564064481337,-3.4287760277931056,-4.613603764429854,-8.090236517954736
-1.258533897489578,1.8280007849788376,-0.4814743475687351,3.1985330976393698,-1.123535675320852,-8.525527149727957,-9.162636230416467,-2.662332769836553,-7.114438250614626,-5.814616842583973,-3.432458080989136,-2.4302278322177813,-3.8413623129966936,-5.0844602392202205
-1.3512491086152574,0.2234317474122037,1.4406937481722937,2.2360572240384045,-2.2531707784837067,-9.331957438479115,-8.746676583886142,-2.2300620677058305,-6.729021488496642,-4.440458384494718,-0.8604062647471551,-1.6109747818047708,-3.255483422520569,-1.7902133477717823
0.121054573672812,-2.133966128316656,2.903037523931971,-0.2145062867140268,-3.56986706873937,-9.750672316956273,-8.658244155136288,-2.4928722058515405,-5.51080845780956,-2.8343087754019507,0.1044528541452223,-1.0601175386939303,-3.259162401633376,-0.2463513113818862
2.2764895474697475,-2.060172857803919,2.8744002466729626,-2.806999850355965,-4.774243732716855,-8.85113875563697,-8.276581452586584,-2.894436102805173,-3.770302765411316,-1.5982429277614187,-1.1403618606566397,-1.1450017259994638,-3.544776785286331,-1.109750669661253
6.187904139217594,0.7431053740888569,1.0074207797302392,-4.083929674638711,-5.615321909356737,-5.974887465130424,-6.970802555073959,-2.9557108340572142,-2.0766317740993827,-0.9462569230168184,-3.423150923029226,-1.9193180611551384,-3.3866943362839947,-3.297125670344599
8.213435559184493,2.60030333799285,-1.8014407509738533,-3.4377149273109358,-5.709828768057093,-3.0506030130547908,-4.616400927136084,-2.614434742283862,-1.008275400206145,-0.6611289494054517,-4.450849717529678,-2.6604729283057225,-2.3362634585307944,-4.767892438271332
8.304444500407268,4.175840246610744,-3.7165491737818286,-1.2533450695055706,-4.555292291754483,0.3184219750082078,-1.881889014271735,-2.0787027097006217,-0.8581567021953731,-0.4982379928896705,-2.4361750360938004,-2.2375902928136213,-0.6685771473202635,-3.799486700524909
9.332558843327789,4.326531650705922,-3.134176343450264,1.6490385966685608,-1.984937027143616,1.7398416129465246,0.0423071211167211,-1.495587477315496,-1.4098354461849851,-0.5236162352288147,2.3605445649458545,-0.1290384891212852,0.8151979744310154,0.03384070424039
10.592570082509194,2.295508182026593,0.0895445883998036,4.548610717590549,1.306853637764419,0.6825030201134987,0.2362093875706818,-0.8643338672210064,-1.999776508153729,-0.985017130732416,7.425750492883907,2.871437845410526,1.4058605975408227,5.632628495524727
13.902847799585498,2.5092911449998687,4.378043527703454,6.881700292324979,3.852546105679664,0.1320564709810396,-1.1625219894106635,-0.2412702123968984,-1.9597527175199616,-1.8854100100845412,9.554554697444187,5.043704270046192,0.936890672922516,10.904627390356666
19.85228611839342,4.701472353066829,7.451478212499893,8.073367666657589,4.319661993180802,-0.5604823183529379,-2.8524811272043564,0.1170848301308353,-1.1685969573587158,-2.7947793101301386,7.181456913255204,5.003936238449825,-0.2742886504298667,13.735303632968396
20.06820269418475,5.157961703124919,7.862262196048874,7.654690700256864,2.58231836222231,0.1867359424089014,-3.17294641384521,-0.0333263263033245,-0.195278982975168,-3.169588746417233,1.6400249565290892,2.774047626278616,-1.784464458422093,12.924304630804826
14.502691757757406,4.552386354646863,5.8554372725165535,5.7211034234645695,-0.0228795416170441,2.9801409755066337,-1.2936037694771017,-0.5249693431589151,0.2212214096717701,-2.8526783085659986,-3.771759038949028,-0.2641340314579423,-3.230680193349471,8.67710720608865
6.547765887806852,2.343325207552124,2.9658330398277712,3.202258382540947,-1.6054957160955752,4.986176247764435,2.136303442328241,-0.6829551600847594,-0.0364779472550651,-2.2030387962812767,-6.2064474630314805,-2.460470465421082,-4.248117728397531,2.490814655251768
-5.798171744649654,-2.1956907594163177,0.8221219000491118,1.4463735150011416,-1.1073391799817216,6.673274261340836,5.440331082146471,0.2077585150587282,-0.1800422484127324,-1.711517403977595,-5.138509830206047,-3.0697111291133297,-4.413396714354803,-3.445620930403365
-9.980382528286455,-3.4938131674372506,0.1654542940978203,1.303172782840072,0.9743696736443184,7.970698307126681,7.145948665953526,2.2087910722255373,0.8622163143063801,-1.5215646595154195,-2.192223603327818,-2.549721290422113,-3.521457055608728,-7.0830746011868655
-4.898110762698961,-1.512964730987682,0.7141620173416534,2.489031470176009,3.106597355137925,8.370745936675258,7.01992840975014,4.478065368434795,3.400912849563696,-1.3505068465430377,0.6558642076226562,-1.8716391414241045,-2.0047737852051526,-7.33766162584368
-0.665348517449316,0.2393403490944816,1.704848039783828,3.852128907345557,3.998743827529242,8.891169253106723,6.085501159683291,5.797634839256329,6.509435869761877,-0.8438981071373526,2.643268805646093,-1.5965799144355373,-0.9355386041349796,-4.652369515902265
5.73713968307139,2.9543020871120045,2.489402410769008,4.324846735510882,3.5433493741829305,9.348857183604355,5.64301110287376,5.485284121882426,8.647469846416332,0.0510972037405947,4.14658440260625,-1.5780538995357385,-1.350545406259701,-0.9566397975808624
6.534402307547613,3.115202637577572,2.75927533757544,3.6900144737356406,2.680150646359822,8.74609050010663,6.137177689473667,3.889524161515314,8.87417919402602,1.0524502149377533,5.372179518417978,-1.453271707923875,-3.3718490576643987,1.2066272024781617
-0.140599558335679,0.0565096693636428,2.450764098121237,2.476370182126832,2.4043785336575283,7.138102920516341,6.821815883834056,2.018452947629278,7.553598102650174,1.7936634150348745,5.491141920811522,-1.2857040649590914,-5.95019363375074,0.1171566221919349
-4.726410219732461,-2.531354414597672,1.6279068807693733,1.1795128561911028,2.8480926966850437,5.546888734948155,6.4814083651750565,0.6567169698459594,5.9345246522331365,2.0524399660897856,3.3207304063452767,-1.6025902346484742,-7.56186717935654,-3.99526497663846
-9.347508017654068,-5.580576007066804,0.490304091465596,-0.3145489910779275,3.2315018113173863,3.820626670259259,4.572246861815287,-0.1942451032284253,5.061882683678832,1.8026490054409687,-1.110565099212188,-2.7433736879238,-7.291528234927242,-9.02812402759436
-10.805225119063264,-6.412341552830448,-0.6142610305239344,-2.453115326366685,2.6687261517378005,2.6654137878892747,1.800138587377489,-1.0353307894385182,5.070131369576046,1.2055027698970378,-5.848302854706532,-4.217312919514541,-5.369992995199297,-12.353863920535469
-7.383622435987604,-4.277155622986273,-1.3325417597675937,-5.16782604683732,1.068527520503892,2.356791803126389,-0.3608424766754297,-2.058146473490126,5.440620026934724,0.6519557570396728,-8.122875430187023,-4.839588879857189,-2.774931573190344,-12.45441971242272
-4.734185603719579,-1.8059539466863304,-1.548813013472767,-7.416137500068601,-0.6761275163661651,0.7246851688823629,-0.8122843850127168,-2.6521919769236035,5.802433819325756,0.7334341929811785,-6.44817020327082,-3.662964274494129,-0.3809460110896907,-9.61815351546123
-1.659720574317115,1.8670765510862384,-1.4841766940562025,-7.767441664309089,-1.3704589315369873,-2.1058820121256523,0.3020236470783999,-1.8084004742468096,6.356449463481368,1.9375584057946045,-1.8440418477832023,-0.8862781508582174,1.5369662712629264,-5.34132429787492
-1.033854165456737,2.982639843551315,-1.5062047545108044,-5.640922799707283,-0.4931653163947516,-3.585039638354779,1.698619479533107,0.8582182458954435,7.486439407997139,4.155447057184986,2.918876717020396,2.1362326114361565,3.130840219860758,-1.1977198414161023
-3.977212758549912,0.9434677130343768,-1.8093366168836555,-2.056970774423874,1.3284329512699742,-3.9755625931122736,1.9251631412325447,4.396821419496746,9.037948020098412,6.453304717291232,5.380450094161077,3.854205547093045,4.519741961972571,1.811686255694312
-6.081056795389735,-1.092303796697916,-2.2938436853093838,0.8942759478267135,2.7167270117721927,-3.4946376894288247,0.4332193784470206,6.879986574754256,10.123031298426485,7.508852485167353,5.008555617263809,3.632687439386274,5.600350231046235,3.190767604566332
-8.28237619127586,-4.155784952775922,-2.7729270867693003,1.513310259186312,2.5204959716940607,-1.5928994415101587,-2.035877533086605,6.705783230354172,9.75575110782475,6.551196065674034,3.163358908601936,2.089122469844,6.249322945003428,2.740746285588159
-9.663994445075918,-4.9578697596014445,-3.2674644353680837,-0.3339809779035931,0.6647628377438366,-1.2639312664665168,-3.983217754905042,3.8515931412913176,7.724220507988804,4.063479734254685,1.7025702357450427,0.4528043623853364,6.551016292103725,0.7128465264283363
-9.479760941788795,-2.8889555182067435,-4.025597635470234,-3.2867872164868004,-1.7373242860078904,-2.5756056068300333,-4.177368872011357,0.0162489764453255,4.804491300519004,1.5457108888623452,1.547885800776072,-0.4249230604633567,6.685916975218731,-1.9419372016746197
-10.907269700523612,-2.171722031476821,-5.199510272021428,-5.641953892361698,-3.117977014643259,-3.1892649944913893,-2.461142463780078,-2.567323264817503,2.055477116280059,0.3892366908779934,2.283176688055164,-0.5929152420025616,6.570792843491176,-3.869112233550709
-13.633658571766883,-2.017202034375214,-6.511479554915354,-6.515106941311871,-2.545540784587644,-3.718031928705459,0.1747631752233189,-2.763801686411768,-0.1210326670628774,0.7579488890842185,2.8040189114695977,-0.7388187653645275,5.719272990422837,-4.207415542185885
-13.165469756784407,-2.8621118455104693,-7.2917951560285985,-6.068311054839199,-0.3823832162392477,-2.9314977479077715,2.272344920565615,-1.3029578306963572,-2.1894070254324163,1.4855046748743632,2.268955190110717,-1.4728997453764805,3.655340670015931,-3.255426465792453
-9.719489624625329,-5.458843369610718,-6.903630409233614,-4.840583060601205,2.008394523904826,-0.3992767432825859,2.878100065008113,-0.0462999065800318,-4.710479133601382,1.1624620637411454,0.6552540541717065,-2.743325861994009,0.6447860702779735,-2.066974071467825
-3.981906163330102,-5.470884391685286,-5.18939957068892,-3.04643257917607,3.2939959189641,1.6697062600668715,2.140828470646227,-0.3703133543070862,-7.37533962903197,-0.5064755768622149,-1.2543066816831754,-3.7770674050911737,-1.953116718000956,-1.2167690246417635
5.128874409035406,-2.9672943577844832,-2.5816542360950905,-0.6001697236801249,3.0911273698460207,3.610762133693739,1.1027337038783571,-2.047718691613852,-8.91468378624549,-2.3260869301414857,-2.2851888135016907,-3.5743240099454283,-2.273617240899142,-0.0253565151554937
8.43379132546936,-1.57402341710629,0.1387654396666562,2.247830193048742,2.003858800609009,4.118986077185669,0.8250176297131588,-3.5761193582830515,-8.143942821655287,-2.6323675665721566,-1.5123389151018785,-1.6723928610431074,0.7064364558197553,2.7342309146411026
5.402289341723207,-0.5208803169341782,2.1920391103153065,4.499447381528199,0.830551595204156,2.650975447268085,1.524080181354492,-3.620988624153711,-5.2419982499592095,-0.838719860172148,1.056917138326071,1.2862956426366736,6.0125300758065805,7.145897167988068
1.527966594383116,-2.4045436710228767,3.062863202589142,4.882126561291983,-0.2019693635945429,1.79127618364545,2.425826981861235,-2.248128094017943,-2.0030436768542472,1.9177555694271573,4.1656857346035565,3.648457630927055,10.766558739334243,11.223030122753473
-5.453440102828043,-8.074137453538382,2.6711149297632346,2.947851422970899,-1.3834851585090462,1.145090301380318,2.461643454086925,-0.8372173968110701,-0.6660408504255599,3.681779140404359,5.842990779716104,3.6621160893436695,11.792730699139751,12.030862704492336
-8.196548380157045,-9.718578926375256,1.458807321137655,-0.221438942996869,-2.778562519902934,0.2946864362491251,1.1968878488348338,-0.7960368479641033,-2.2307206661834726,3.371868347557111,4.756829486977466,0.7639971563679069,7.814201145078897,8.199820676847196
-5.718828974896012,-7.711695983976811,0.2625289089270524,-2.5363518157911784,-3.743027883790006,-0.3275223615504286,-0.8232379034274828,-2.287817173760729,-5.682530202331904,1.7425120088994248,1.461501331048325,-3.69802247481401,0.6740081256246668,1.585823929629015
-3.956367329300967,-3.622651476948357,-0.1457647725484179,-2.441135610523645,-3.40130524338457,-1.967768409011527,-2.581382640803241,-4.130117664588198,-8.782054754515713,0.7353116343035282,-1.6908021803727422,-7.087545561378448,-5.486925366972486,-3.6888853905981303
-1.0018518668991645,4.327619927533634,0.3480715206911924,-0.2715723708657265,-1.6880366540021328,-4.64314157283256,-3.436224041022612,-4.900337381343633,-9.745936146895872,1.7849130012705103,-2.2660494154474407,-7.268692955606781,-6.759926712344594,-4.285248033861166
1.1090507243718224,6.166901928998196,0.982324110846008,1.7866501056990955,0.2008659976398235,-5.292104094838425,-3.534061911844603,-4.182408795655888,-8.46267230800504,4.573509804764001,0.1765324770237839,-4.279961946462805,-2.064401984816584,-0.2380086598119533
1.6333358121879018,1.425683368079678,0.64009253023616,1.2874482222664485,0.6137705515475602,-3.9392447960192736,-3.4880412888732337,-2.826802029116962,-6.376739646693423,7.307409043067452,3.55134832816168,-0.4183182616139902,6.036818005903783,5.197262598910328
2.432771674257938,-3.5586010092494487,-1.1546662461042132,-2.4931163257927267,-1.1210704116660395,-2.8802179906628096,-3.737076836453795,-2.0620905689939377,-5.291081724329246,8.2316455901246,4.961972858361818,1.5814399014824403,12.979717826765436,8.302452324354334
2.791485574843562,-11.119124688080316,-3.591722780035653,-7.766610877741755,-3.986391083076029,-1.5066465865097325,-4.213744047176306,-2.34100307365307,-6.087703764830508,7.035832248030872,3.280266879079136,0.889891227867281,15.210834979254912,7.789491836923617
3.748728137708566,-12.015383509408275,-4.969092579654159,-11.350940275700664,-6.011307417825762,-1.1745463067447242,-4.5425910193331305,-2.97341448060871,-8.24637845441265,4.965160656157934,0.2439681768775443,-0.613204935568902,12.426275157989537,5.345256768069433
5.491671199165032,-4.869379448206432,-3.9743291255270776,-10.90461574388732,-5.801246309297191,-2.322118961508758,-4.452354612106404,-2.826558336799252,-10.351768958817187,3.635787121662588,-1.01703377030978,0.0399525535959526,7.432804800691869,3.637327882047956
8.317361251566197,1.4998885933146135,-0.8477560399100312,-6.5691143298689525,-3.50495241835506,-1.9203419056726063,-3.9750906383592977,-1.4184891886883833,-11.134795524146623,3.676357149166336,1.2534069121449676,4.139660391659675,3.835941203905975,3.908333743239332
12.621948268998112,9.457396472681788,2.6109579904934748,-0.7729812307975692,-0.4757461875452407,-0.2600505470003709,-3.3360553400481194,0.5674802340700182,-10.353445923416778,4.384218281529037,5.868388634582473,9.850784469573796,3.4288692174118367,5.381557318751611
14.08673538208219,12.173069014087847,4.320963216139475,3.576507830568083,1.8852718691626364,0.7369687730449741,-2.7637110741447515,1.783683319007288,-8.969478346614025,4.586528297905801,9.688712749105449,13.505846895698802,5.294044532774052,6.640620391868914
12.585131499560411,7.880282647159867,3.4985217248324645,5.041954329440742,3.011791853915369,1.5372273895825062,-2.4225452689118185,1.3127449173840162,-8.472968215723714,3.7900427310176497,10.19606858861215,12.617126970231176,7.098775849951203,7.182452352751518
10.417843593905417,4.726581692308383,1.2387500389700463,4.280207421682384,3.173733598555522,1.4771543841308448,-2.420340671389312,-0.5352741005140658,-9.723901938309616,2.51895128592092,7.354018315558349,7.980804005971429,7.219951157398562,7.483427237997809
6.555299445431023,0.7343862662786318,-0.3890856711986856,3.0687927614717267,2.8986240136080568,0.2016222210752092,-2.73712804696708,-2.364926249183796,-12.08549352882505,1.603020942202754,3.3042589040986066,3.0185395425941977,5.809992468436384,7.810645117103895
3.9149455400349673,-1.3343800531305852,0.0184761226852572,2.744415702536529,2.492553421706617,-0.0020883589522051,-3.0944652661533034,-2.678947596693746,-13.581237147381824,1.2186515011504897,0.4578011616291526,0.9668631756415388,4.103348169825637,7.4426726990771
2.849946775350026,-0.1172677961820868,2.163277295543965,3.351610549866635,1.9785965842167808,0.7340865972035917,-2.976580040655172,-0.9593146624429992,-12.146295880071374,0.6737766474291949,-0.2289020755647506,2.382620753051137,2.925868967476646,5.358957992325777
0.1147071976612065,0.2258767811203837,4.390642056636997,3.9852120289530912,1.2465922599000692,1.8370772135082545,-1.929095512035472,1.963938821452528,-7.149677704441796,-0.8779724904490482,0.4925935503029901,5.016231327559088,1.911180357930565,1.6122057981687767
-3.651755416056654,0.7283253506009827,5.025561587237055,3.765415562839027,0.1347683279931124,3.7984339442420776,0.0556081938868069,4.514311130278962,0.0024957445853113,-3.554318953067841,1.1949368425647289,5.928084707297287,0.0075288302798277,-2.30231114722225
-5.542981574526449,0.6756235469820275,3.578117627755261,2.533412645615003,-1.530294527561451,4.243897911868567,2.4424849476337305,5.473443342317859,6.749934485268815,-6.572132351220812,0.9559595562798489,3.871489125098319,-3.422889659066679,-4.669797261347588
-5.790260365201001,-0.5216030368374776,0.9496549923316664,0.8313948945337213,-3.7454456489887296,3.042480460479695,4.51001136802738,4.78018689442308,11.120865227469071,-8.895656999023002,-0.2045868142099607,0.0213998884447175,-7.974464241953344,-5.127163621209075
-5.008904589926511,-2.5998680429234,-1.3412155953588591,-0.5918098174134094,-6.053953180506335,1.0218250703600809,5.882216009184843,3.495452156121532,12.97371148572306,-10.003803359701257,-1.6404857992571245,-3.2346408252444583,-12.420902321646269,-4.871397830950876
-2.5488200363085776,-6.021232152635794,-2.197712981221507,-1.2557385845757525,-7.558386294362613,-2.451512079740948,6.74899501345886,3.029681037862304,13.798752491608372,-10.051010961780497,-2.602055541794414,-4.152070747882576,-15.378135323327603,-5.24137981723759
-0.0487458330513127,-6.4072915857292445,-1.5104495638800015,-1.131343563044343,-7.466132498754224,-3.116280922409661,7.566132477134694,4.207060584498692,15.357563553685129,-9.402679302610911,-2.5660795175722875,-2.6249850031011697,-15.870380652962048,-6.171058359430347
2.5100309020135887,-3.524040500107829,0.0053495449620655,-0.5516411067749374,-5.825114145595016,-0.6688151898754513,8.544679690476055,6.772145442183234,18.346191285074006,-8.157719901803084,-1.3845686414865526,0.1732331517399998,-13.64212918217013,-6.157307575727849
5.7036055232992044,0.6427534641439756,1.4440858418560083,0.034110267987824,-3.7062956647402414,2.529976094912996,9.466113987360856,9.604159960418482,22.082511254373443,-6.184032476958208,0.6045399563145217,2.87496657447916,-9.288893298253996,-3.789446423714992
9.171801200270764,7.230071821675369,2.337932259004752,0.3653723651997396,-2.4455372802172803,7.577417384238334,10.023626824972808,11.461320890674592,25.211762029169904,-3.566081639890335,2.566371129142766,4.75870578448885,-4.145629970688091,0.7166721062716945
10.01903831588978,10.072918844897758,2.8840505032103536,0.5880947765459581,-2.469879506217886,9.010926745104706,10.303932044495395,11.76852168679266,26.614871395116708,-0.9101451436031738,3.468930854319879,5.841798252663772,0.2152606812826647,5.484632085214528
7.904441011970636,8.638469351618129,3.6410771445585226,1.177714629572563,-2.800926676871107,6.2452506652443525,10.812486818322393,10.922515200186623,25.799022677992376,0.8824677611196279,2.69268953656821,6.40811293956417,2.737077453510935,8.405626106516905
6.32135446573842,8.224646972198451,4.902712510643255,2.4968924376494783,-1.859385752584416,3.4513070027930186,11.891518570883424,9.881880044868415,22.782261105333724,1.2095799001906755,0.5520885388126544,6.507867069281545,3.3644781288879813,8.617906479509514
4.605481154147073,7.394455551440887,6.220492267257356,4.262953247649193,1.0037894722927303,-0.7584381639532154,13.06739190666402,9.32325345794225,17.973479127050044,0.204608842769538,-1.7840232483504934,5.846515691948028,2.82813271105654,6.75181502032158
1.8407415981520332,6.693932925099034,6.520340657182857,5.431027562859583,4.6271122130337545,-2.756079055442766,13.070117816688692,9.029725526334367,12.28990579266081,-1.3607399124814776,-3.090822030136352,4.085522854408694,1.8857413888282863,3.976556925484765
-1.4810029310436634,6.822522201961516,4.847371744752849,4.775289304167217,6.736769164556378,-1.815543544250174,10.69552433374698,8.053128265048926,7.152028003957312,-2.6243044356001093,-3.0966881462542237,1.2291033945891812,0.6801372979929283,0.9654380420266192
-5.610414478891271,5.26493904558652,1.2239992250164633,1.852608076140996,5.75887723429652,-1.587517994932211,5.843359071610109,5.551238674796132,3.8831633631968216,-3.2015012678218118,-2.8954157759717987,-2.282228208692473,-1.2558297272546142,-2.262051836873397
-10.580503086709593,2.2483871816831638,-3.1110804805516,-2.4169139720706667,2.2201781155460765,-1.0790150681674562,-0.1971005128519891,1.5780581968108436,2.688938600766804,-3.376469750314996,-4.30173480791899,-5.862145025429321,-4.4353977452499365,-5.710941135094963
-10.967340047555751,1.9250763555551529,-6.402304153360525,-6.127875363550274,-1.4975847885059466,-1.6584064300676662,-5.525696333383323,-2.877264944861672,2.138349598963522,-3.832569538567107,-8.468867579501861,-9.164816055088842,-8.836687952812973,-8.870989151811479
-6.279203089327177,4.178026456245043,-7.547971704435099,-7.549218545914535,-2.8801444551859205,-3.891684843231231,-8.85402429278804,-6.607950487347821,-0.0346290707630885,-5.155610854341049,-14.72305536161462,-12.165182544697217,-13.732296133693822,-10.932533011867534
-4.4662409172393005,6.372445989754649,-6.796032108149802,-6.205543415379424,-1.0619623659227455,-6.169220464659518,-10.186810774319802,-8.971188889907062,-5.093315249407361,-7.433430245220876,-20.549907319125417,-14.821450213088184,-17.923952946995264,-11.5377276233025
-4.545158170728171,9.346538165466464,-5.34887949196829,-3.041005413907939,2.732809191762989,-8.986608948812542,-10.490338381575173,-10.05595163434664,-11.853973483337754,-10.133572781362922,-22.93761248218024,-16.650857788702318,-20.14075882923167,-11.235423690672995
-3.6437587335578128,11.317507203512646,-4.201958979565106,0.4244483675711805,6.302155359602168,-9.278606027128689,-10.744479322729193,-10.23912107364557,-17.051960169093334,-12.254369011226466,-20.298047037525222,-16.707952500410315,-19.475654489022915,-11.070032834481758
-3.1148666533006404,11.83484176771752,-3.2676362423285497,3.2110937648304514,8.099216701286565,-6.586511675308116,-11.203184645827136,-9.734170864714038,-17.553423483897426,-12.679300597907762,-13.659416061701016,-14.147107550907071,-15.869908737391375,-11.6074373072369
2.725598458155354,13.17665857716026,-1.621048991466921,5.363459658879442,8.1057628959204,-3.329157311924915,-11.384760439177398,-8.623516883607607,-12.826581339499384,-10.681795102222727,-6.210316052393466,-9.02639978142848,-10.495116268143406,-12.31188008375412
14.542706201126837,14.858569569045262,1.3325772839519203,7.509905137878874,7.456481679262033,1.343820154453076,-10.668479429131672,-7.225046780096839,-5.686806553357293,-6.458183358886636,-1.4017199970340428,-2.7171363962595763,-5.5903902862499,-11.927756869572647
18.77744717357096,14.65784076950851,4.893188046944701,10.007804114229009,7.331043986607668,2.805614977018596,-8.957228305620767,-6.226413442675472,-0.5948318823880996,-1.3673564935533946,-0.8756568906013342,2.522188999546451,-3.41131389749846,-9.592033060430737
15.946976292786044,12.688244919234092,7.322868116699766,12.458409925109288,8.038076216162164,0.4070218188468794,-6.910685770936226,-6.288504976488781,-0.6833348986746941,2.514820107441679,-3.6333531096999536,4.69538144802155,-4.649902382863139,-5.677305028306108
12.365778874220156,11.404457195276018,7.227349245292121,13.952581697805122,8.879157452356743,-1.16274686190335,-5.598583233529105,-7.439827081485035,-5.658853074749899,3.5530609883457167,-6.916594944028901,3.2955326082731062,-7.469752643306471,-1.5528354969510545
5.202863558528138,10.477747206257002,4.861216459243625,13.762098157905218,8.752027863534057,-3.05107823848994,-5.790628921441719,-8.870873400152533,-12.045763965171927,1.76940949376311,-8.015421053321376,-0.1955859944788684,-8.255838123570314,1.575983836379617
5.317419972008549,9.184913157968102,2.1315916594722566,11.900157769747786,7.005822238907495,-3.2247247414910563,-7.330464283830775,-9.39183260480075,-15.533741871565198,-0.8960929396724744,-5.673975061044686,-2.9825587585682243,-3.9764599082144585,3.726447049810023
14.009081907030906,7.958376908279341,1.2041556605989605,9.182613075236652,3.975406918283525,-0.8422292997419931,-9.04301316388912,-8.224672460962665,-13.779306636899548,-1.7728348652273065,-0.3290457187375644,-2.5360538339806595,5.455595033058511,6.1257493513975945
19.46952192638284,3.9197417361825857,2.864839270201692,6.813640470517363,0.8424613243594337,0.2672571401857576,-9.338750724673922,-5.52784168070442,-7.809264476289748,0.6004711662970479,6.559504999337023,1.8466821049100768,16.789709456164566,10.085480358006723
24.14284886180681,-3.198795569101999,6.003482077626101,5.765922220257334,-1.1033280311748612,0.7075298292125833,-7.20129115415973,-2.2884986054669305,-1.1665960419489494,5.30482396274488,13.312168583774106,8.53488268390469,25.55056434918468,15.686604943666024
22.933206036753774,-6.685792741018516,8.588095474248627,6.268251781434202,-1.3000355721769594,1.4162113821901927,-2.897953454723421,0.3119375772556516,2.584701381163004,9.71358699172308,18.51656847373412,14.529555208787423,29.060980379997236,21.35875113564531
13.454792485459668,-6.791344582666633,9.2302801645612,7.653285188279037,-0.2244904319489578,1.797905757629194,2.1259660553816246,1.6273260511047931,2.306208837048958,11.57489929449265,21.31671767416496,17.32226368047726,27.916123322420752,24.72423157023893
6.1351353256238,-5.855231096874395,8.031116250709278,8.681552566328904,1.057995544040514,3.14096723166042,6.126134592611631,1.9120309356935188,-0.0257980738116767,10.798060513414804,21.704100477247096,16.39508881045334,24.801964738367644,24.11305988662986
-0.6313038758942419,-2.389105898265108,6.126307249194003,8.206756351133203,1.7093585978802768,5.529432566419752,8.07219926910836,2.08088612228161,-0.9533756377681684,9.408818429977876,20.604506878130557,13.310550366238886,21.93311102943732,19.680358888473386
-5.366860567517502,-1.8967374296992687,4.48949634662878,5.7925083751258,1.5990733816872318,6.262634028322083,8.071404735084243,2.984697095266119,1.6324934886386189,9.695405659064914,19.351255194457003,10.343638567944788,19.512639366416387,13.34022617809146
-6.017498706006945,-4.764147287562874,3.104365270579447,1.889669635682626,1.1081060635382345,5.444815241639126,6.987215992801602,4.67461908544373,6.628716942865929,12.14403453370611,18.629756522008663,8.710328948393933,16.41713053443442,7.530707186188571
-9.64128462163194,-6.88149323957528,1.180832139536177,-2.4837508929666665,0.5887771169936062,3.691994390788716,5.683363166593214,6.231792901513526,10.415521072257253,14.952385046187846,17.7359714286658,7.785197295747186,12.038454438411591,3.632966051289601
-15.45225319371236,-9.522542746968158,-1.8651199371504628,-6.245318659262511,0.0905622437633741,0.3727252712185807,4.548309000090335,6.39963366356225,9.723993052633384,15.525582648895904,15.043874034891523,5.930976652166778,7.191677522215979,1.177663111075506
-18.95908553168171,-11.77883655520882,-5.596900566496501,-8.584953830148134,-0.4376146326117361,-0.6852777842134088,3.590363224520932,4.610225043762257,4.406310685452132,12.638648047589808,9.57518988862844,2.218553513831351,3.183607724616593,-1.521739465669716
-21.138185189024988,-13.147315849636392,-8.661209959174705,-9.10620238424194,-0.8552418359928948,0.7295763085864893,2.826100137734737,1.5649880850632996,-2.259421657902051,7.408150395199517,2.3485071239034228,-2.5070048941967857,0.1979564432564702,-5.745908472305906
-22.51932781957282,-14.632365450158032,-9.755383019191694,-7.980306258821058,-0.9107178724413628,3.0589929068205177,2.4486006614273057,-1.203626786308707,-6.120098309463936,2.3094085229042927,-3.9197763370315615,-6.2443958503383055,-3.0992625724534237,-11.0769960432922
-22.41689230158,-15.85401386518985,-8.6533317294049,-6.133338958139594,-0.6330999400940494,7.308780284864861,2.574028035076881,-2.498871951990253,-5.477340192695825,-0.798568353040185,-6.812864513566047,-7.630112418675242,-8.130385397448151,-15.606263960295106
-23.52856010580812,-17.36539444228581,-6.421560884529703,-5.110178996777407,-0.5048036245656853,8.508474990640439,2.8942669222215294,-2.352974991859805,-2.356745940075684,-1.8723124990012625,-6.268672526370377,-7.208253959679275,-14.51778051241622,-17.561788833726716
-25.93461671965236,-19.26555740821977,-4.634978336857039,-6.29127744834554,-1.0784065081074845,6.292370138819946,2.7483479586799984,-1.829857069697553,-0.6101768201425752,-2.155167045136581,-4.7550765719545725,-6.873856931660187,-19.71519210954786,-16.943585408969668
-26.05330166282131,-22.427136025291315,-4.246294241418203,-9.78017479540733,-2.368919483121255,3.059717007654984,1.7119880483598084,-1.926894899900029,-2.5118771118633525,-2.6217412974548715,-5.220620180785445,-7.971662132818165,-20.779536695669098,-15.63308391480806
-24.28752462740917,-27.134248751145112,-5.036521722458744,-13.92403560065924,-3.710973871638013,-2.500218571195204,0.1648247516365621,-2.652294941622298,-6.833266717190259,-3.011181923250668,-8.572772354191498,-9.97224015993504,-16.873369625934608,-15.784020767377328
-23.31121211802826,-28.629125898938213,-6.042480596652892,-16.214283754182006,-4.336317611089122,-4.591439193088948,-0.8628537404003076,-3.189850942200902,-10.034963002492727,-2.3705158082665605,-12.971800986077495,-11.152531225944864,-10.289002311561305,-17.90895053572577
-22.627554078692,-26.833620694855803,-6.496687995020224,-15.16430932182158,-4.14065986186576,-2.7081768388162573,-0.6255088296885418,-2.940927746467537,-9.409337666267502,-0.4254097428886449,-15.56877943467092,-10.610346663672097,-4.967039820143546,-20.401025026739397
-22.890555758325213,-23.15655041784813,-6.410556671036677,-11.674396938139152,-3.83489094408392,-1.0474847738365831,0.4523574575333882,-2.2867107013150267,-5.310216703823286,1.782719310309119,-15.006401685659196,-9.410819254854497,-3.617393332618729,-20.927162422592342
-24.653387552698977,-16.3757519469272,-6.333524821835436,-8.559670018022743,-4.269420869171039,1.813932241252609,0.9511104922002396,-2.178776890688223,-0.5602844563132052,2.767920296000064,-12.327805331388774,-9.478029746581411,-5.785613023559385,-18.4402228017383
-23.96462702478801,-13.26188165860971,-6.626414484526752,-8.422736942184056,-5.583523302291702,2.112672462482047,-0.2294517683124937,-2.936663781231029,2.2079235940116533,2.101837369658803,-9.58796155151538,-11.303653871123146,-8.453652239012188,-14.071561261131457
-20.893788851245613,-14.206723524739,-7.019823540266415,-11.58624701098926,-7.044268633517751,-0.8818806552667192,-2.569385056097097,-3.577328787827703,2.684202262200337,0.9080945266519792,-7.746516148696326,-13.001559735637434,-8.634196896462383,-10.231965121443558
-16.93056451770299,-15.451265966291189,-6.896200666990243,-15.863822249005144,-7.749060097987236,-2.325989421544448,-4.02364432019434,-2.543834327306765,2.586373104692534,0.7287363817514318,-6.009979583476795,-11.952794313546772,-5.734097691121022,-8.770646212837539
-11.18407826600225,-18.676579236454696,-5.984613994281222,-18.361331236239582,-7.476896156421461,-3.1288239565348848,-2.678748296648965,0.7598793526057079,3.4955991853275847,1.9044820542879712,-3.131657185645256,-7.493593920001093,-1.709947653259114,-9.653115961289885
-6.843428429623778,-18.09944002831358,-4.743011402432684,-17.709406560487707,-6.8249809932607945,-3.489070641638032,1.4302362328525646,5.154636037727151,5.145313535907071,3.210634486706528,0.8973921455172089,-1.8333817375909616,0.976734443321611,-11.005003482752745
-4.15018469415908,-13.04607670170294,-4.019861683699165,-14.827592021744431,-6.527714224787257,-2.6195098569480164,6.058631204165224,8.479499002061793,5.860034480849883,3.193414547984446,4.628047104706496,1.8574720433812784,1.6453211566709491,-10.318771318636792
-0.1293247701252482,-6.731419306592806,-4.308130637271727,-11.772167256476816,-6.725501057445039,-3.042769309150838,8.387722009508664,9.287960699624666,4.55023191165629,1.7941206360529025,6.556278587228203,2.281860867793327,1.8202741116318288,-6.002177837912438
4.53328709367446,2.4441151655545093,-5.304106119600732,-9.956048088205243,-6.98418205164803,-4.6671297304128965,7.134486459906192,7.858875038338635,2.093372640876275,0.4580915683417892,6.545594782954858,0.8956221940550577,3.4802033708738165,1.5510876851962294
8.970049364764908,7.961009071670397,-6.167421076988438,-9.367538749915552,-7.000977349375891,-4.938611125519136,3.3120808707791696,5.670640868552166,0.6328764203276158,0.5087086308366224,5.759028650219484,0.0621813268842643,6.862181998683639,9.912151496986835
13.524569495633893,9.188942466952488,-6.186590094155491,-9.164952679793837,-7.112504053415098,-4.213996838616107,-0.8444889220816911,4.027791306937157,1.5075612435150418,1.48418827129791,5.319224030430465,0.59899265848901,9.943368293768788,15.765385630514686
16.73347748439344,9.686511939355752,-5.195551151043691,-8.627855223639646,-7.894929943732258,-3.947028021642894,-3.5935267419508605,3.2333747160265247,3.9088204294237983,1.309297659755693,5.272834334977286,1.3617740740486577,10.134112945227988,16.860088146634247
18.367000822485924,7.703838186104162,-3.415225984606085,-7.374314817418458,-9.197837845176268,-3.7696139222877454,-4.488658629831356,2.9090279746672145,5.584438588199539,-1.6716793877769618,4.941163223885209,1.150972900629192,6.661048683240502,13.677606391310064
20.23672253229569,9.210692234906649,-1.024545653577043,-4.91411047074898,-9.743799704480498,-3.967370696034223,-3.891004121961752,2.7741208151383248,4.8486595233439616,-6.766798927936716,4.0718311375423255,0.6178587932255439,1.4876144043120902,9.501552023684958
22.003050860724308,14.793567021151173,1.9811465656225948,-0.5328686513490091,-7.997834591471799,-4.784291675836622,-2.150406074753068,2.8593525793223016,1.9420493248392676,-11.134565860348433,3.318860181943758,1.8626537552072973,-2.079752086560479,8.416236646988224
24.20295594291124,20.238889473334275,5.4734352860747855,5.943552083933195,-3.687996902038172,-3.2945327595101794,0.4905092876518679,3.0276449908469445,-1.4432336269039432,-12.11542474868232,3.452883235235962,6.019977152922522,-1.9355459744126868,12.366266107485604
27.19603453857161,27.0428782002398,8.833979301677157,13.236042549792138,1.495092053041429,0.6006597229547592,3.317133257292191,2.638173053601797,-3.8078238592239977,-9.603039938724098,4.267293114005842,11.455377640054152,1.2477479388208543,19.486753257677144
28.30758473609984,29.12259944597884,11.096408901538457,18.820480126971358,4.89562616190808,2.721292014084111,4.894125913203826,1.0398439764265603,-4.978574151353556,-6.241333310476783,4.559880758250689,14.70804848933786,4.667095647195399,25.24612925381476
27.60251067780496,25.54935005024461,11.615596812693918,20.53191038501719,4.907900042007832,3.5035980375618343,3.8560519267583775,-1.5201779263625816,-5.76930295192115,-5.217875946244588,3.34885185932232,13.494073970812607,5.6476061685342565,25.75659325494393
24.746659955532955,22.290629989407797,10.67485789623334,18.289016046070174,2.3090900262614173,2.861063828093084,0.2016890730116465,-3.69865416183062,-6.775499501727431,-7.606647995164019,1.0135277996954244,8.87893619776526,3.619651684675784,20.681112069109545
19.008312603157,17.792143976073813,9.38199980467736,14.28045526999266,-0.2711351561784632,-0.135346745959054,-4.249164031901168,-4.079886547328339,-7.670504658488231,-11.564340544249964,-0.9721420967510443,4.433334675689958,0.2632069015353728,13.33970736324828
15.136211533786796,15.758886566898168,8.823925614986912,11.289224844227236,-0.3444753683265293,-1.1890583037454336,-6.976973938261967,-2.570964831307004,-7.670379466512662,-13.95464773075954,-1.533816190444469,3.1039513549416533,-2.114167208704128,7.945835003461402
13.11100505856998,17.318320801833757,9.174459286291068,10.592100862504058,2.581514449275448,-0.3918986324764291,-6.696478186651016,-0.7238177267226433,-6.532906750545565,-12.853631434223391,-1.1392171613018025,4.726608838973796,-2.4306554264913967,6.389165011223421
11.76861276158682,16.401461247862567,9.559996997399828,11.26965105763653,6.705791422315336,-0.084234466324586,-4.41103812765876,-0.4803561392616053,-4.948714103742515,-8.80395971944299,-1.2922050872941853,6.450039910314029,-1.340809135151547,7.312151033207266
12.277658456239786,13.995273114521874,8.841184619872603,11.401653605346148,9.31661818673091,0.6041295863826204,-2.559982964676333,-2.428145892683135,-3.919169743014333,-4.01737687820201,-2.826379668744469,5.531845660798082,-0.1883788060997435,8.042323678027525
11.24277056083044,12.37435876142645,6.638338619320233,9.8918124706782,8.722242413721716,0.392473733738681,-2.9451546218867755,-5.24043724714336,-3.817949893648759,-0.5575884758227367,-4.803756005575467,1.798743077495299,0.3725605277547856,7.28540619985268
8.653274322344092,10.683829301522772,3.690373966359422,7.255872500553155,5.326702453054789,-1.0159752623224645,-5.269742741925555,-6.873390042293443,-4.118057718076778,0.8471145515700798,-5.286403231202369,-2.435476757693759,0.7213315955190733,5.932548186354779
4.820885906217304,9.390256764129909,1.2314288511200715,4.883740081700712,1.2111521743557638,-1.6464349939592715,-7.563870302688025,-6.372503320394288,-3.990279613527792,0.6832900822698385,-3.2919301715101863,-4.66661375803367,1.438121082383729,5.405986899232982
-1.127841772671875,8.738056770419185,-0.0384127750864404,3.740002055994756,-1.316635704964888,-1.784412100900883,-8.015015622205858,-4.5469878366178,-3.055254805820173,-0.1109284589320047,0.0911482284835702,-4.363732276219316,2.4165366327948057,5.548950982232062
-4.071509795864143,6.825245431325148,-0.4507447671302484,3.7677416713999694,-1.1123493996235831,-1.0240919037259653,-6.456244082816825,-2.9313347901556126,-1.506373942219306,-0.5883946555588633,2.6777971218408148,-3.0314608299939927,2.9974580167773865,4.489217216506296
-3.894101903110376,3.687105340327327,-0.91503834471781,4.310162777471989,1.3656136204155125,1.0542026664031292,-4.210917685635923,-2.186836646378974,0.3762276160367008,0.2051681779412986,3.324706454228057,-2.4137353693849706,2.9356972317765138,0.7199542491921944
-2.750424646217259,1.8636122386518412,-1.9956464418782345,4.82098623959352,4.662288090906772,3.030807813283977,-2.6519686224264545,-1.6208265540288496,2.595586306512275,3.012212674483677,2.993773686325463,-2.825937129125385,2.963887582348936,-4.857621160021925
0.6014719670456073,1.1136212862443855,-3.419749033330902,5.0743008144611705,7.33544073762876,5.099744334483612,-2.0160410059790608,-0.2770258328070056,5.172634368450088,7.607618729264923,3.531912864603118,-3.2243144566798936,4.103454419930793,-9.292813629904805
0.8633081017296346,0.3511557226721347,-4.44641359021027,4.883103806306724,8.597425573393716,5.276325755486169,-1.5709363649600547,1.6455163001333233,7.590371090379018,12.229917095608071,5.3715675317167655,-2.6936713627269127,6.316196694542316,-10.221175857131382
-2.401544831184307,0.0415857047616341,-4.65211290997793,3.955678550499464,8.323084542276364,3.0876770514364065,-0.7373495730757607,2.672018188155288,8.770643105304625,14.259016751702022,6.647276039785473,-1.6167230156702326,8.003354243698164,-8.152513547690837
-4.31494229167973,-0.9306042320069908,-4.293637923750419,2.25388073953636,6.764693800749781,0.5242885258608796,0.1681659224108092,1.5001759666227006,7.884090978612791,12.115409643258891,4.908796631930254,-1.2644420952583304,7.148908822571073,-5.978146425268171
-6.054078402647573,-2.730784656211614,-3.8911893406130167,0.4446449745402674,4.436213760409092,-3.026898774176242,0.3545390508976411,-1.4201953120203463,5.30157648739705,6.858148001071671,-0.1049085713704078,-2.288448002912908,3.2187257196574226,-6.066328666859208
-5.114718478933365,-2.820246338897587,-3.525595311982676,-0.264998858870038,2.2000712093026005,-4.361664357461922,-0.3975379135274837,-3.888418678762379,2.6464193478548306,1.790692657247925,-5.511026682554433,-3.758014544506529,-2.0018562542396934,-7.84911676807789
-0.5611074496614213,-1.3237501090585402,-2.663262603741829,0.9748158711932522,1.1558205172160356,-2.962791908862388,-1.254576954211879,-3.7479667448512544,1.665496152833022,0.0288006737172676,-7.470478858903053,-3.8264045943158553,-5.596805676071672,-8.39462469427876
3.3371726118208174,0.3930633840585085,-0.7684752179257066,3.774142895565948,2.048409589974343,-1.6522754461265858,-0.9618180536025998,-0.8805976268901561,2.7910330740923923,1.965109444145892,-4.7551231973875545,-1.4752404616299548,-5.820712520964907,-5.457592640531263
7.323215638032922,2.823570097239866,1.8995410671397817,6.538639453260867,4.529633421231864,0.4457359951319679,1.0184043908909794,2.5046486060305586,4.663362777850574,4.866411341881829,-0.3322812648113151,2.307204374691555,-3.504377676028993,0.0313935167373435
7.566327650335838,2.292799927859172,4.174633886165232,7.533744475034048,7.034686208992207,1.1638335848800752,3.932396453972241,3.665479960705808,5.1156199546409145,5.052772493698885,0.8167027400946076,5.0890819394794296,-1.3066543114919245,4.5545643150075765
2.9404424175230544,-1.68525141959422,4.800218468212432,6.120571083657532,7.684801756231876,0.0100076644939166,6.224185289301499,1.6641214323063984,2.891106917879597,0.873027582877177,-3.987444310783659,4.933234522319887,-1.4623002664434324,5.146637925841901
-1.144200391333796,-4.658666482741881,3.497708001890131,3.1395621015438824,5.695228828619275,-0.576427055397646,6.659098636718525,-1.8025210621558527,-1.248263475638215,-5.936287150834422,-12.401958636656158,2.11542890435653,-3.979198567805386,2.0725188552727167
-5.814178643720607,-7.455386069204488,1.3128224720075292,0.2002915203944788,2.132943737642368,-1.1931768644257863,5.221324379613134,-3.7842942148932175,-4.87786146452676,-11.479895346690585,-18.45905300132205,-0.8538913273337996,-6.780057606530997,-1.471951467802444
-7.607820836319306,-8.210686558305142,-0.1148520765486418,-1.4284359084179783,-0.7461820077882981,-0.3321057368024205,3.185481930699736,-2.4397926167370034,-5.482883294726867,-12.409511238417968,-17.106073245739026,-1.0316395912824583,-7.539648026291599,-2.2668883825034607
-5.34428962216231,-5.977376354465703,0.2382749513115509,-1.43956822247897,-1.1697948682847856,2.4832990014987355,2.3396842506840727,1.6260560409833495,-2.146336732475194,-8.052484459270786,-8.214520968644042,2.682400543947556,-5.553493466157872,0.16950542273766
-4.988672059190891,-5.313854475370773,2.088502031920436,-0.3404676903675931,0.8172919511147962,5.440828448801145,3.830118051203101,6.048441115680617,3.7731632244464,-0.6381534803265951,3.185792323494142,8.579583547820993,-2.10674297862792,3.395681480138772
-5.561501758220256,-5.663700452853374,4.182060026441792,1.055335627660372,3.4851425713182493,9.021612826672902,7.331073135146623,8.633382535704449,9.389859547566344,6.214449863406664,10.572614785919296,13.286686094800416,0.7641409392795939,4.364581909240158
-5.5379372150041934,-5.229012078636331,5.293587383607885,1.9987961201069255,4.89807274856868,9.81187278688406,11.135817470730334,8.820951400059961,11.96768681400832,9.569279563517574,10.522544653823324,14.169660183534203,1.8845397213353188,1.9892860636455347
-5.822694960529862,-4.743516918735394,5.046707394969545,1.9622307549133515,4.453970681752995,7.247795743984902,13.240841493138944,7.616047589694442,10.485857449033226,8.595550212470247,4.715045183456916,11.14975986054386,1.6012398666325662,-2.228445383338922
-4.415406848172589,-3.458989875087131,3.989949045392129,0.8057606380516802,3.171130975446138,4.223925115353724,12.749125513182914,6.394388836455811,6.160198259468583,4.741559776775187,-1.886614442353096,6.570485283614168,1.1915163098726431,-5.723441234154331
-1.1530290827602474,-1.1865537879968302,3.021739829968105,-1.0154678590333095,2.555074699742724,-0.2195971680179077,10.52285816259636,5.847650248349417,1.6365221074933571,0.7615053208358606,-4.887609766683019,3.328033576192553,1.776735420458457,-6.915105727283139
-0.5659989915304501,-0.4234644728436895,2.6910020419514806,-2.5253477981461234,3.133882167217045,-1.7496677772567135,8.4754433726098,5.879543933687076,-0.6249626541298023,-0.8224688383029735,-3.2548588607102524,2.806125309090655,3.646125618857471,-6.0194666600587725
-2.507694781540311,-1.1427435450100552,2.846963276711389,-2.8171028292007447,3.985486946540809,0.3189528316361965,7.999748753504934,6.154861053934645,0.2291664899459835,0.9616629783075714,0.8038438734171898,4.156217328405949,6.262391912853968,-4.273812018503482
-4.649516212974732,-0.9612635197713636,2.7872359515564984,-1.817739982068632,3.628594831855976,2.226524493264605,8.843572828508808,6.467171707211675,3.096249924538412,5.113616485534498,4.245937371656528,5.256864267613298,8.629557960839346,-2.650824166148774
-7.932508050420064,-0.3107187268133964,1.7736071439816423,-0.4731822414898219,1.4337694731808366,5.149168384146599,9.424338541807044,6.589520792856732,5.821606311488269,9.359280375710366,5.630377725489688,4.4030898412816,9.69081633097294,-1.3176076183634402
-8.451558246755074,0.1447984942870209,-0.364373210270311,0.0168760143406527,-1.6871928807186929,6.004197755645137,8.308455678431365,6.062995627110238,6.697673147031328,11.541019554871598,5.700029505757823,1.4424484740828962,8.731734399268468,-0.1089694942254344
-5.680951445784406,0.760991974264113,-2.907263349032995,-0.6689689769282545,-3.8764373629150106,4.121116543238792,5.508031943563546,4.455452059093691,5.49121987805524,10.815563126109865,6.012385436612938,-2.2795710963860567,5.816923407826623,0.7516780964177268
-3.131736873207358,0.7446811470309294,-4.532842440106814,-1.5924607732935034,-3.704705426577785,2.6365702623242955,2.4102955536675514,1.9138892627710176,3.302323119847393,7.899253811135595,7.12095743011821,-4.920128633501917,1.997863606092001,0.5585193473858211
0.1875359632432129,0.0108001458332388,-4.202947448038014,-1.4441539215888086,-1.2615283888528104,0.6796947448411591,0.4330186598052981,-0.7111299457582607,1.4716051688346967,4.297413321108615,7.987470435219036,-5.378792892099207,-1.0981515793190924,-1.235399185080473
1.2028509850700624,-0.4204433673365739,-2.090122917722283,0.0507073532717154,1.8124739359143516,-0.3632357313197721,-0.301513842182584,-2.5009907727109306,0.4928041769879865,1.2078196716954597,7.067642133636199,-4.075795976376702,-2.2599686984631604,-4.323493313146196
-0.798240935717487,-0.6988652561954646,0.2742399810172036,1.6198049315000191,3.3353628478855626,0.0035122303738834,-1.0132396629356144,-3.27549138699764,-0.1850023081375171,-1.0446226998592438,3.993621659615737,-2.8036320914015507,-1.5750220191748312,-7.527091144168026
-2.9475313225655437,-2.401400977751975,0.972679169693654,1.478789598538136,1.95119662910726,-0.6650541994142913,-3.0027648247412437,-3.671281377358465,-1.405679274627761,-2.74173515051524,0.2574918131894064,-3.5968258371123265,-0.3930981133405784,-9.526981136216456
-6.173502887340446,-5.493316359267838,-0.8378702835304681,-0.967449232008618,-2.0026834044430064,-1.988752177606844,-6.295253579797559,-4.3621692675319,-3.369440631942713,-4.131281004725054,-1.80915062023196,-7.185005691130886,-0.2745405702873795,-9.728698620917935
-7.892496646311133,-7.571919281147824,-4.186725431006572,-4.406755505023499,-6.643863843970847,-2.6132485683873226,-9.4776938015367,-5.285614005533981,-5.357611826719446,-5.100574526355622,-0.9353642378050352,-12.120452796979452,-1.7617817171127097,-8.553608720888786
-7.595682007107141,-8.819680244695922,-6.970905131401285,-6.670189755234896,-9.613727196684213,-2.845901393317781,-10.866998757825217,-5.761593808816075,-6.2974416091066026,-5.389930095012536,1.959429041719697,-15.484434966942406,-4.029401958659448,-6.970463576487406
-7.032712463280469,-8.431334124083213,-7.523258423235435,-6.622452825520096,-9.434598763661617,-1.8910114759591965,-9.9074219186658,-5.355270670102517,-5.612804184697001,-4.97200215741724,4.429647890308496,-14.948805327190543,-5.698975493837818,-5.710677417496116
-5.410865233222809,-5.75194412030137,-5.744062852400448,-5.108339087136221,-6.3497083899228,0.5557250249327752,-7.545459125669154,-4.4455027180518325,-3.660960075053577,-4.136002748790856,4.428606664797583,-10.683216079350968,-6.058002749208699,-4.817042812328758
-4.1608573211214495,-4.183694261803758,-2.9120125940874724,-4.067992401955523,-2.15114876861945,1.3364435696515635,-5.350890636401873,-3.7942464381248726,-1.4962464753790048,-3.253080188701283,1.8669052973374567,-5.417204811830877,-5.599246671829302,-3.838102680563471
-3.445622099312593,-3.485571552555177,-0.525313482153555,-4.698680565265308,0.8824731326689303,0.5088974448500253,-4.291787999606433,-3.611012105084134,-0.2206028416251444,-2.5660200769930794,-1.4682266643463728,-2.363871344071977,-5.470304333576893,-2.429722896346139
-2.993077982808164,-3.855965062214619,0.6859657806730186,-6.4192130929628375,1.2838705261805126,-0.1548999976781626,-4.246154186555225,-3.254857664662363,-0.3709120988579689,-2.203403466663535,-3.441791631801439,-2.623881391174593,-6.415891589047559,-0.8098577311926185
-3.233333129154172,-6.102824090529023,0.8190696769209538,-7.542017939258333,-0.8452951212066004,-1.31214067487801,-4.4880410440148015,-2.014878710169948,-1.66999557863608,-2.232526274859032,-3.1466471940760323,-4.326195702455316,-8.166702495868527,0.3400069220529271
-2.881013121392863,-6.7770132769769615,0.2117752439830051,-6.891496140228253,-4.038867726190061,-1.9852793065648784,-4.470717970382671,-0.128192896582449,-3.2469760299536854,-2.531636521176771,-1.248564745278804,-4.349168950218644,-9.713656779234864,0.4553951256455573
-1.980229333639647,-6.028916344417578,-0.9472899315700064,-4.796393656447472,-6.466488310006865,-1.9483903197802948,-4.1367758754760455,1.171111593901384,-4.205078315260186,-2.656275057126968,0.9333173014813204,-1.164337437434642,-10.095152296538284,-0.3384450555991529
-0.4011531376545532,-4.1697153303089385,-2.418487898734966,-2.6422202232049044,-7.084721023188003,-3.406545227065062,-3.656092217794498,0.7603707581059576,-4.200978960403295,-2.102670485423534,2.5371422839331643,3.722968055573421,-9.005223904731686,-1.177863418147152
2.1854858857073234,-0.3860806699886974,-3.569039762046269,-1.5998224036412698,-6.207567709517308,-6.213661797826106,-3.0959766732121645,-1.2176909458449234,-3.628756143840736,-0.9569712935155898,3.4362458363997828,7.026699748985407,-6.882670596896895,-1.042614221725243
3.21714088600568,0.6850182395985811,-3.566649291872405,-1.7928867806020792,-5.138953428408568,-7.031332931996968,-2.441247991302085,-3.392450038087909,-3.2487873403584957,-0.2562764620672233,3.685220630995136,6.483479876829675,-4.649121957079739,0.4481251479828456
2.6522572561978333,-1.064117572599433,-2.1278004961255443,-2.5179811669267083,-5.136741392284408,-6.04126503841469,-1.8335780878977097,-4.410574146620424,-3.5644879161846417,-1.3816841637995323,3.016173770993598,2.6965428446237487,-3.3701388815140145,2.662787601262184
1.5921798474246232,-2.64734863442068,-0.0519480203222081,-3.0336515822055885,-6.456626843193531,-3.9524170938094896,-1.6094026565860475,-4.1417611502041565,-4.494558112954701,-4.728217762435926,1.099069490286439,-1.5300142990609134,-3.863648473580296,4.3498256990570106
-0.5776794900299761,-5.0830798574940905,1.200060152122746,-3.047480753213009,-8.176932544639405,0.0025325303939415,-1.998532139777287,-3.636290690637268,-5.609031735684456,-8.863413792868645,-1.6979228157655966,-3.590561800633748,-6.1793241190692365,4.545395850808957
-1.2376655354244337,-4.584135925628291,0.7024078977800639,-2.597281322770313,-8.919392166045135,1.821410248214242,-2.811234410165871,-3.9196091789514353,-6.621709145899958,-11.219648525617233,-4.022861473998408,-2.974057077299156,-9.183337840761004,3.315208761262549
-0.1613781564360595,-0.508166141921743,-1.0377240056675046,-1.7502913959644733,-7.887651688785397,1.322506790437161,-3.494102040248494,-4.885217988386365,-7.57229625259224,-10.004534569833856,-4.323651093563903,-1.1216929928053714,-10.796858169335572,1.7355486938566902
1.0506855689061525,2.4313216907758,-2.426773830104356,-0.6070059876145502,-5.412184306856202,1.7848895717944355,-3.523975001326704,-5.398405377465437,-8.49230369609011,-5.734882601820895,-2.1594092103353644,0.2654264937584016,-9.138131514637914,1.0911842049590643
3.07006650869599,5.131860603263516,-2.181299010695624,0.4656160081060441,-2.6227897815904435,2.354187987844364,-2.7456827299208086,-4.45449420410321,-8.960792389052608,-0.9607655172095776,1.2258375053848245,0.674681487332143,-3.945391667525695,1.895023490425877
3.828820104925522,5.913274471725166,-0.5081902106006355,0.8575296335980425,-0.5948564112120608,2.149753899409001,-1.3737431822513213,-2.1959256160483687,-8.14787568574001,1.6860777004357534,3.7919330831547295,0.7546836782782345,2.9217817661107857,3.513906353519374
3.0581898284598994,3.820812458441386,1.081081679766247,0.1988884096168908,0.297228128757689,1.505856948367557,0.2098384514672409,0.1829717363339957,-5.480571448553484,1.466138525950042,4.389735097525402,1.2093622889969442,8.565372723604142,4.7239847852078665
2.0344144276647103,2.236902787306281,1.1888090900640125,-1.140974329054722,0.349771441115676,-0.6389587422044156,1.5468615487007584,1.4452923991616795,-1.4013969413590384,-0.1452696842271921,3.703268165550576,1.952436990975042,11.01093180364409,4.744842296454002
0.1859239597313563,0.5347795559341872,-0.1724616622412362,-2.187394240225122,-0.0033491584216553,-4.489835677730115,2.0311246799767915,1.189427971577504,2.512201904012816,-0.9698883095215108,3.484701556323777,2.2934300872217843,10.43429072239438,3.860398282443581
-1.202887957416773,-1.2630729876671924,-1.664152482961487,-2.196709273205657,-0.6350213983302033,-5.823656624734542,0.9589182897652816,-0.1474974104681574,4.3260794271925285,-0.0556578121305815,4.714851963542648,1.6999587132272809,8.614877645438003,3.0634005223058307
-1.9798793453486725,-2.606156920901457,-1.984521331880666,-1.4662535944120814,-1.6590337722615964,-4.605341234918888,-2.074449042238595,-1.904938524093544,2.949074338024631,1.6602129020605707,6.404952453120603,0.1941906039559984,7.192853069886961,3.035528981552172
-3.382767019700984,-3.420826068266896,-1.137304773148679,-1.2581680138394191,-2.9942581540411224,-3.720754943674203,-6.645130107227555,-3.625657077790612,-1.0918362759265683,2.413626387553254,6.242325178359461,-1.912883515688412,6.39458365727238,3.423082314958254
-5.117896888103492,-3.408051968097969,-0.3575031772369534,-2.7599817934444157,-4.097802791171283,-2.2707945848498823,-11.354312111398446,-4.929893321562801,-5.854536151679247,1.3247952498150632,2.6007034023853883,-4.393790700163984,5.3488451338080925,3.1423202811658992
-6.038312914153027,-3.3639394044949404,-0.8345285751095594,-5.964170149760911,-4.247919169903479,-1.897546710196336,-14.357479628458687,-5.26886982370574,-9.030445582219023,-0.7992653540060706,-3.837406667975912,-7.007172808364935,3.487589005177388,1.4881233363602069
-6.198949026737249,-3.153888783843024,-2.5754517023517165,-9.506744373205876,-3.184956701087774,-3.0657965501598303,-14.305969106705156,-4.146056040523947,-9.155412116833263,-2.218495670797984,-10.292159674614664,-9.104060786878913,1.4733597948113215,-0.990071320724118
-5.388216067794073,-5.075175375374079,-4.519350407634233,-11.654701357081075,-1.4924641665938958,-3.058862881474419,-11.093441035013075,-1.716886682860581,-6.272171819568295,-1.8169454256876436,-13.79577316249929,-9.63910631024565,0.6708547260666036,-2.736669222021346
-3.2801661565610187,-9.49723403850443,-5.650684826658392,-11.577603887932408,-0.2651984713982829,-2.281829072348525,-5.952279428869817,0.9762577854576217,-1.7536386503110435,-0.0587064744465823,-13.24925032545184,-7.893110513755031,1.7424714315221357,-2.4306118051663264
-0.9182187043699234,-9.531980951265767,-5.855105475919718,-9.805137793366413,-0.2579004475191002,-1.5232383116456734,-0.8748057585959303,2.638129122744812,2.497002314609756,1.460820116708061,-10.017357779747217,-4.311223645836649,3.86181710517632,-0.1412842068027835
1.8329980128336256,-5.319851285649119,-5.665675438630579,-7.562418094998408,-1.2326568443726234,-0.3540003887615551,2.330414189067702,2.7719227009954577,4.996529740589823,1.4278111964490403,-6.701040261545353,-0.5151580253356514,5.386529280742794,2.6480294122535657
4.577632186292088,0.8424368017093116,-5.345608660544082,-5.688957827970958,-2.101124225879861,0.925475775815451,2.9206368825162152,2.104672711135052,5.334479415177739,-0.0415864832896142,-5.165816375096939,1.7602342329822376,5.325860499870721,4.197034312554756
7.074213984964357,10.555119099013044,-4.470173752334103,-4.122282235507047,-1.7676279459266386,2.288987048170499,1.609499405491003,1.8712629934467149,4.252760248387064,-1.4656204119317564,-5.387709936262288,1.9744550450824887,4.154301247980395,3.854463445572146
8.325008487065555,13.803982036795674,-2.525914738320957,-2.2755653733729524,0.0412945823819594,3.2793621542765647,0.1625354809597707,2.6057568136032843,3.114517029757736,-1.1874017971793998,-5.909811534296413,1.1517876276267995,3.232191954707958,2.4588003706767783
7.984696627612783,9.819684756196397,0.1958180941946818,0.2097718361649715,2.646783950454248,3.7700020248488033,0.2850980818529169,3.649933531593145,3.033210302874472,1.2901449165959935,-5.359765128080445,0.9387027760198852,3.506966892421296,1.5151378375408098
8.42696940945189,7.692519588784579,2.544078149262414,3.0878812320776694,5.031209761839703,3.4568750360843747,2.453200730588698,3.8895917977178094,4.19931154113843,4.874538720379022,-3.658804792053608,2.186623166104096,4.797969400618024,1.9178508488728736
9.408000335423448,5.181649707966217,3.518193127480921,5.763685203693829,6.601220356001553,2.106933611314538,5.579353200401773,2.971994781354092,5.882774329306945,7.663445546136044,-1.913255359872137,4.341085278121261,6.215777079688164,3.3122823508206904
9.3792236081815,4.765042594239993,3.329621533742646,7.809701396925299,7.4495151650984415,1.4084796943925386,7.882787789012992,1.7491409847523445,7.093173767763859,8.29754391749244,-1.2152557128710717,6.139781022957973,7.0311159553674365,4.552932709815344
8.692675237560682,7.936313458651828,3.317087739787036,9.22368141327399,7.9921258585911055,1.311201973495563,8.32116691694367,1.4839504964720254,7.307205869596709,6.840848715123,-1.5900545113085158,6.864770225042834,6.977358486109973,4.741769189460314
6.668168055231192,7.735904969848964,4.653632169126297,10.255447487742863,8.424808120077458,1.956140184537612,7.362224523938944,2.6188897939535902,6.629482973282218,4.55169737896196,-2.1410681587860667,6.897272086666681,5.857787656754716,3.894049724948332
2.9905137858470896,4.891892141200614,7.081909485888939,11.04804956113738,8.538407194350306,3.792363536532972,6.404842347773643,4.339687266113668,5.365064473952807,2.808813111107072,-2.186610431248508,7.080349391732702,3.307964748629999,2.718049875878127
1.4866374083149785,3.8301119602661697,8.996978992864962,11.450049158622988,8.022732699138292,3.899364818458574,6.401427279872653,5.34149041448672,3.628812732155165,2.119776701240177,-2.0968762257339897,7.641293172061166,-0.6300142945763687,1.8471210719913616
2.19592877574543,3.5362796413543536,8.912324488758845,11.15820606816046,6.906044362812152,2.2699313893600923,6.996147292593278,5.004730928420698,1.5283356021185812,2.008961351293692,-2.806364512796088,7.875652850275109,-4.683362726103402,1.3142957287046877
2.4237636821059394,3.745177329550584,6.949701163115748,10.078793889254662,5.669910859700218,-0.2822719069721741,6.986207266177229,3.831203621458993,-0.3352623472973033,1.7666358366140895,-4.426851974564919,6.968489091418325,-6.569927809009408,0.7228063590432661
2.975100566720392,5.12700651655244,4.887758227389828,8.623706661015135,4.913931600463775,-4.476839598862918,5.614124262770785,2.797099141261778,-0.8673078739135645,1.2678584980994092,-5.521646677228048,5.075956569006625,-4.667497696448834,-0.1723312795129397
2.6487251755822654,5.273201635555086,4.634852543677912,7.647625154403454,4.883878530779331,-6.207204755690563,3.399004715582121,2.3605439586415224,0.6585243455692782,1.0605902093918278,-4.110943977537701,3.438061818475029,0.2208124185014717,-1.1352027574318535
1.025424505191343,4.196970215235985,6.489530844015972,7.929438733508196,5.309181140858252,-5.232988053912901,1.6949778692388051,2.1237967803943385,3.6024350282176667,1.67728402979248,0.295879736454125,3.2654122154941425,4.950287586949,-1.7057587502837848
0.3787958000047502,4.076553318258414,8.78074008312894,9.468544128157228,5.693356581900382,-4.378959007858051,1.4262988413922106,1.4069430280280817,6.014339542370269,2.9048950278626084,5.6061409291987125,4.447537226390805,6.346971543404811,-1.7240652594511334
0.403577555712973,4.498352839900194,9.22973923671114,11.17256311233036,5.754450902866852,-2.6790216256031902,2.2380776457461176,0.0700279292802812,6.050967887871765,3.781798683634367,8.307367290622494,5.415635486604017,3.813982711756245,-1.5391612502765517
0.314008742464039,3.766758167722037,6.829882718554099,11.391434563225864,5.557282745026068,-2.461633487931101,2.871827009059676,-1.2559029190778832,3.60896749702472,3.365245330916731,6.147637510029585,4.4212506485094405,-0.2621839584426038,-1.6855528551167716
0.4741045939957035,2.083465957041293,2.627290252581407,9.103820835979592,5.199607654828187,-4.197425234298875,2.380586663059794,-1.713697121269853,0.5633731361637522,1.5605006618580772,0.0860155753485463,1.1200802528409697,-2.782369311273268,-2.3757208882245733
0.2096688389116959,0.1611566959125913,-1.1848746383129471,4.86391783469365,4.424648932313584,-5.146148294876623,1.007137909748694,-0.9762931349589232,-0.8108495786439547,-0.742519348918707,-6.209156432730726,-2.980531123518804,-2.7155447926898044,-3.316262572982927
-0.5757176832671346,-2.306821646500468,-2.984419942894811,0.6008970756280093,2.693281290156083,-5.903401042443172,-0.0990175446906307,0.4841583812715331,0.1224401797492182,-2.328541837326922,-8.956299011772973,-5.638832806138247,-1.7111584894937597,-3.991221230437591
-1.1954805992546005,-2.672893800720313,-2.797728801475294,-1.7465411198062564,-0.1774104806629666,-5.562523074876068,-0.0210141265035064,1.7980945164728888,1.790579952994365,-2.527628576048131,-6.861407671316284,-5.607317383881039,-2.060708785207348,-4.104694830449378
-1.8064668669039288,-0.630081938906818,-1.975286727243379,-1.6917412480892455,-3.3617503331933927,-3.62224404665143,1.0531603346173997,2.360882079235512,1.932665593438509,-1.59971199670343,-1.7450660931392163,-3.521306959904679,-4.175641095955252,-3.784680056597903
-2.4714708142438977,0.3112251524044337,-1.917935692274324,-0.4755690499014502,-5.128995448259356,-2.0665813582157755,2.073358615612274,2.1970435108258317,-0.1692727450306503,-0.4112683535606853,3.074387095609781,-1.2632409817369243,-6.135632776458503,-3.4304387775611715
-3.0981004782771318,0.6939397054303496,-2.975567302765032,0.1208905509696474,-3.916383667172062,-0.5867277356897151,2.231438904733948,1.7950023008112428,-2.878657608242432,0.2482762104849976,5.186193384492119,-0.4121746162600224,-5.676698634829,-3.388533945389346
-4.875354780547252,0.3453125894431432,-4.338701405490784,-0.6496171846521477,0.3266300492467294,0.1014201029905427,1.8193987941940968,1.6277645189871142,-3.6589501677352834,0.153514574628425,4.455684895077526,-1.0974600262674157,-2.561718396866309,-3.717549529552844
-7.897768532148341,-1.4141663054077225,-4.87787425474336,-1.9912672480741456,5.654117899973947,-0.4336286988673012,1.973919676923184,1.7772659053586124,-1.4968240883908874,-0.3848683174975452,2.585808307539862,-2.155964412758058,0.98004889958857,-4.181863053604576
-10.851529328610836,-1.840506132985574,-4.181536417836316,-2.5447220842783254,9.096009811495676,0.0691382027459441,3.539467017422148,1.9419421843544369,1.9742775067755785,-0.9513912881117174,1.522351833817103,-2.3514938830664978,2.073640786581793,-4.465240014871721
-13.984864924539671,-1.062333649581227,-2.950230216839153,-1.8268467200097176,8.547903017380218,1.409584287201585,6.148947074790248,1.7767222673579723,3.762507797708887,-1.4531864320064598,2.0318490977593253,-1.522296544101052,-0.4860572477953381,-4.475177284572885
-13.91099301456812,-1.7315020983540832,-2.411242715711877,-0.682414653565405,4.2328612428230405,1.9422287665955256,8.393743441287512,1.245868965065272,2.1051139808071166,-2.1677963805793685,3.397355394377108,-0.6357630081178872,-5.41779932317007,-4.516900961794788
-10.058394443533302,-3.455252805217691,-3.181880696552529,-0.3434849598610259,-1.385383109829228,1.998453077352493,8.892012588047226,0.662527338823627,-1.9717916462102096,-3.3709202924240307,4.239814878232943,-0.7501052975120266,-10.063223958679636,-5.121829939401149
-5.773780452423328,-4.694773858612252,-4.519286353742349,-1.1268048975690563,-5.239524194379378,1.3701358972278357,7.259700710246936,0.3680593242046706,-5.5136614844386855,-4.89035071528752,3.718352713433271,-1.9079137863772024,-12.213851958544303,-6.537249386790095
-0.1363054579553869,-5.818055871652444,-4.712862869732297,-2.141657688467636,-5.690932110801516,-0.2462983239517182,4.206493916717744,0.3522639091013595,-6.113733853699296,-6.037622713458628,2.220896750488881,-3.0515926214448656,-11.196606281119186,-8.235311624920993
3.6926102099096583,-5.114071608065189,-2.486505205095659,-2.2785504394444667,-3.500448744446794,0.2186718473065569,0.8876203656127664,0.2083456514861652,-3.788040735938582,-6.057717145623475,1.096622355444108,-3.049520848097077,-7.7532899389383,-8.943841429212728
4.999494941662857,-2.1665136958536766,1.687851570095419,-1.390612100158704,-1.0743356043050485,2.864674213029926,-1.7637579361232758,-0.4741976317067853,-0.6769326050964815,-4.744516766360251,1.6691826242571146,-1.7982021089025937,-3.2683818738350565,-7.381407136732204
6.521715934219833,-1.5137167929200894,5.610106702248057,-0.4053926687108762,-0.6040255137667581,4.728296552147127,-3.246174632774898,-1.6217146303591885,0.9813859499719764,-2.668806621554773,4.270820498142212,-0.259767780348795,0.9335518195640456,-3.2632728105724738
7.288954329713638,-2.921966224539851,6.926162369908845,-0.2851745496534685,-2.513186756429071,6.409090411024835,-3.4062483827793946,-2.5960110680546244,0.6842148597321083,-0.7779291261638406,8.013619390819159,0.6199693293185811,3.968900779947041,2.221852322424689
7.469802856955303,-2.919821173753116,5.0536140367081295,-0.9908474053132066,-5.3327167778759295,6.465735799081075,-2.4511520765601427,-2.6914050967641066,-0.2494905548531039,0.3027076742247203,11.440549592988596,0.9681500318983604,5.559589591189173,6.972014004394023
7.263866398070664,-2.2715870954937825,1.75983107849563,-1.5596623485330454,-6.988108574087115,4.264467577591831,-1.0741970245137735,-1.8196755537716056,-0.1784156661504989,0.6572222447245104,13.487028316534788,1.835959121363932,6.019508746908584,9.28980379126579
7.829671817314132,0.5513384415919664,-0.2398556395675435,-1.1583336962186062,-6.4031781382074895,3.225556587590256,-0.3197762002596159,-0.7359132755531081,1.3197415983761056,0.8418001700085496,13.95540076746342,3.9094845518763774,5.9722030668906605,9.0274249825747
9.403004445033988,6.255695518781948,0.4772070460343292,0.0815222409982094,-4.162228957811313,2.962549057154772,-0.97910581727205,-0.4968546414022117,3.2427813554382188,1.2941370436359003,13.207444227983768,6.421759403421004,5.894150892176382,7.680917400953105
9.860658293723152,8.263873216609863,2.9275470937538515,1.3405923881231536,-1.8230395260747485,2.4142085267466413,-2.897049632695021,-1.5308881506906924,4.289118976346492,1.963239091573227,11.554005171470791,7.529578812831013,5.869540423758249,7.295698436560288
9.452986159665356,6.6958801963248025,4.714086046001282,2.107917742286474,-0.5930838298807093,2.181931005990927,-4.873487155280493,-3.132675314731028,4.10192476847362,2.462778171226877,9.058547594996131,5.9678081730224335,5.81601837379703,8.929343081808035
8.383832877983972,6.462993792049235,4.178386068136318,2.698947192975181,-0.5293604711463045,1.3383564700946458,-5.433783289585409,-3.9275123871659057,3.4646750061439766,2.5044448491826707,5.889068779698151,2.4102166595272507,5.868294104825582,11.778837753335104
6.231751934598957,6.325125584021714,1.726063017076216,3.6835082510003456,-0.8463896809022269,-0.1846772467932249,-3.956971561808134,-3.0284673858597264,3.384460745668905,2.120741677873279,2.609773477511117,-0.8945386710142138,6.281706339280249,13.642302946553023
5.985127805361014,6.275435405915934,-0.8054272148719528,4.910839841312713,-0.8847609765056528,0.7639380503339008,-1.2503289731097396,-0.9151712029581422,4.04257848230778,1.4852764500950828,-0.1655475117105016,-2.008417524508111,6.746456758408268,12.44311891369794
7.779937222620607,6.9902458887393735,-1.9696851085762948,5.339454231002798,-0.7464441435347903,4.236996928393363,0.9458605302433912,0.8197320519433458,4.6294905051967135,0.6338792748294466,-2.466011034130968,-0.9726256615954728,5.9478443201098905,7.763312010997223
6.483043534225161,3.690183845127536,-1.8886041285447768,4.00671902535944,-1.013265383628137,7.269835179201729,1.1692338526864976,0.768453367661542,4.177644607461524,-0.491090314105985,-5.038005736586751,0.3518935417612852,2.35724347004136,1.2958339384094013
2.4631962252406665,-3.789934074383398,-1.7333687749015851,1.1614097226021114,-1.9084782014224724,10.46889827589093,-0.7766840060975871,-1.0360958050505005,2.5584316897442463,-1.673097483487962,-8.352483465795387,0.1440290209563985,-3.9751147205164457,-4.116357124854976
-1.2972944928432493,-7.0901118487686565,-2.245012772315709,-1.7042005903413888,-2.82686627200005,11.948879535873893,-3.806177108762164,-3.0720927696685765,0.6889716791520528,-2.2250696269093675,-11.442967919185168,-1.614850118669776,-10.343713749725952,-6.183201187117617
-5.715943446524376,-6.754680710219136,-2.958623324093949,-3.0973359979689508,-2.8014711816499527,11.031739633780871,-6.459858841442242,-3.620236465372538,-0.2439578701354549,-1.4026126253555766,-12.092128544325904,-3.20771227056055,-12.680428620311076,-4.458821028540292
-7.040031222405105,-4.990689486364089,-2.9360352591117085,-2.8957948864884635,-1.532266149586482,11.585285533756547,-7.963879767394036,-2.265946360673832,0.1705592204345736,0.7862405986064323,-8.752243335408535,-3.03235295353051,-8.788371697685681,-0.4508527377084683
-4.552371112281957,0.0035856758964116,-2.1104200629895957,-2.521223504636504,0.0303741259024889,13.11955231487359,-8.605807913853461,-0.2279310225333457,1.1889630835555498,3.18065575208396,-2.608296525375589,-1.417199185271194,-0.8269490715362702,3.346580539173055
-4.940508759030578,1.4755977002665983,-1.649033664570574,-3.717663374807452,0.2423448009943472,13.797253512122966,-9.215013491055768,0.7931718333469722,1.519254646983085,4.083667681981899,2.4861243671155933,-0.5525491588107183,5.589156454429629,4.755147762514502
-7.4724523741239155,-0.8867567053703189,-2.8064019896398413,-7.016054374892768,-1.8610625096488052,14.204471967335277,-10.281104073917884,0.1523380705882857,0.3670840498871017,2.5757296502894533,2.7630015445176728,-2.469755717876321,5.51718819291259,2.838800371143273
-10.513732094945608,-1.9405819833082427,-5.435897763310865,-11.182437309781433,-5.521813422209355,14.758531479393966,-11.470234471538967,-1.2499588622001756,-1.9484414455577423,-0.5787112959823935,-2.136160077814125,-6.902388704483203,-1.2261723470758934,-1.8062252660327136
-15.323070872026593,-3.147314861047886,-7.809396723108638,-14.024410228003727,-8.540992303624321,15.298320318379105,-11.872952435554105,-1.90202387672844,-4.253999235627616,-3.326109544388288,-8.353670008385354,-11.078404857343823,-9.6183334242486,-7.316174006456788
-15.011961570076185,-3.579880687710185,-8.087325658629467,-13.844168296602115,-8.816794137786307,13.774749733251392,-10.689528922215214,-1.0570999191358648,-5.370639846619666,-3.808397147926616,-10.623505420164872,-11.799494501725842,-13.225395591483778,-11.27302880430586
-9.096725809792831,-2.546923579276898,-6.034705263367147,-10.496238560655923,-5.97583563761668,10.029134090241229,-7.791920762893804,0.7329696159050629,-4.880806742764413,-1.7452384660264493,-6.520022350659586,-8.09620739231909,-9.163629622492778,-11.773200586564368
-4.56903246805468,-2.1865899492096665,-3.2470297083095394,-5.475118741598286,-1.7571096327522102,2.756676327991313,-3.824995188178808,2.2560018290418533,-3.325672500056925,1.4113859042644157,1.4927640999944778,-2.168683196156054,-0.1749846883081596,-8.50498341142304
0.0032600293946797,-2.131622846352869,-1.619394852460015,-1.1176593318691257,1.2342627638913228,-8.850094892940582,0.1153810556387648,2.665325143283233,-1.8115002094168977,3.6240955813540743,8.03167548853085,2.258524756359784,7.697292873067218,-3.1589549990936314
1.5734285610172691,-2.223928519846163,-1.5625322617499493,0.6140937427246038,1.4558752202365248,-14.801670276257454,3.0049753026112,1.9584919950981607,-1.333635551793204,3.736087401823292,9.10524755182563,2.857451809948495,9.686136017520212,1.3722092347620405
-1.2958930381048797,-2.806226433651368,-1.7186817443492095,-0.8072562378456096,-0.4972511118372948,-14.903944652492523,4.393452280138234,0.7408771578720617,-2.191584110485344,2.1240049565222776,5.097044293469379,0.4948229680206515,5.427612404681861,2.75395966569428
-0.4833839604838882,-4.004526317910939,-0.4199627052261849,-4.126992900713729,-2.5255005288052645,-13.212330928039448,4.6598387339191305,-0.2236486874208676,-3.781652039501269,0.1783051637051849,0.029038284797771,-1.5728460108758853,-1.452382088564954,0.7920710479663302
3.237673581303272,-5.96598637891167,2.580134279169264,-6.992002452252784,-2.8042234062649314,-7.266288662136612,4.791728127864978,-0.2813041392115298,-4.915534136552855,-0.8131489797574734,-2.012789560079653,-0.4377732392093891,-6.372945254211494,-2.3956683878581795
5.297543611347511,-5.902833824723695,5.779709442697633,-7.401334037897087,-1.2104723977000642,-5.612871767697376,5.672457804997166,0.9074026825302326,-4.569767398246913,-0.4797470659330134,-0.108297504743259,4.054165447063712,-6.804204955821705,-3.865918462265776
6.998651665623913,-3.6631887632452025,7.254098607076489,-5.004588944833027,0.7630514969521074,-8.858083125407573,7.311198330644595,3.0329023435973435,-2.646479152824804,0.6104750232304978,3.20259177585198,9.201984115684583,-3.246989760642903,-1.926963954999359
6.678443856169745,-0.814575937537024,6.31284019984187,-1.244764624558628,1.444899603419023,-12.03791831306784,8.70634953372138,4.948251981272687,-0.1706386669409059,1.5460114209419915,4.450643798259442,11.674625574894767,1.8577877973348145,2.7561411491280343
3.590149371564455,3.344136444828195,3.972723579317396,1.841175169269336,0.4789509657348603,-17.27332425675182,8.64324716043564,5.161974487214397,1.3523001591880748,1.7291151318461413,2.181804839995962,10.141296133679775,5.952695591273406,7.789921453464066
2.284178300420365,4.07564321527321,1.9671736028503528,3.200358586550961,-0.8913921419199471,-19.014751988590717,6.8658201290985525,2.989405162566931,1.028812416718389,1.1491745497339307,-2.10337133152486,6.117964972036017,7.634904709336213,10.773811738926751
2.39617699717666,0.8591318354508092,1.3466903940100083,3.35740537386637,-0.9147668768766852,-16.534928380617732,4.551981673509729,-0.5652438563340478,-0.7387364870396791,0.2118434971256988,-5.468668952107063,2.462822822433237,6.9774200968818825,10.712684545262094
1.2308871676815356,-1.5671391950239344,1.9062277538165988,3.527572758025026,1.1880281505741177,-12.991290418743803,3.5157892721348425,-3.237444630492626,-2.592134382863561,-0.6199996886918839,-5.953060124377386,0.986206573351618,5.165115432590458,8.195494445514681
-0.4538111747453844,-4.310167778724698,2.710120128164161,4.165420924032789,4.572064463902672,-6.833658623462561,4.709925619266114,-3.195382890209519,-3.3386279427800005,-1.0772515058652772,-3.886457522494023,1.2634273775469929,3.771156682180173,4.5707359627355295
-1.8327532228352348,-4.7132974094856,2.979211952398069,4.4417473109463534,7.385717224280807,-4.6031942298590485,7.312394124800058,-0.6311735228526949,-2.8989028634895666,-1.123534749456501,-1.3272185238072265,1.4821521118486023,3.877421792242119,1.0558423516106643
-3.162174402421229,-1.8281922317718715,2.506821847679008,3.236162387737852,8.086411013237448,-6.942020037230131,9.212793543622906,2.2407486913406056,-2.264589684950567,-0.8817904162176333,-0.3790462686933371,0.3029223594526034,5.367192565116159,-1.5717130653700746
-3.9231287447344863,-0.4378101082664327,1.4726992945025326,0.6699275480290754,6.453509420336946,-8.839239125143141,8.496723293585234,2.9026338734021517,-2.547694256250713,-0.5772897907839787,-1.7730558947073796,-2.017382062656545,6.893373410403164,-2.853574900422967
-3.941824322821655,0.2012948372154451,0.1368045030101166,-1.460699960037395,3.6516330368418455,-11.910323612893134,4.72611866665803,0.5047000246966058,-4.027897080284893,-0.503657612759999,-4.59942277396704,-4.073820625310024,6.749119533925283,-2.6380372755148795
-4.603473861495075,0.4345810318622886,-1.1944466271912149,-1.0137705333992733,1.4075125408328055,-12.10050279434448,-0.8841796706894685,-3.614462156327853,-6.06292946755458,-0.9309155534211316,-7.128356039731145,-4.681884696406016,4.1276807569839455,-1.3446085717881622
-5.817640426862484,-0.5775035195843028,-2.0725320900518445,2.479430510059625,0.8990226493872229,-8.536571471731222,-6.309776778786183,-7.202407470687394,-7.868655045191423,-1.949758001309116,-8.025325468780295,-3.8734975587463754,-0.2435466016240159,-0.0995051112182556
-6.580247074706624,-0.8998847009043824,-2.065816221624689,6.993266834839543,2.052804683101071,-6.548080311572847,-9.815100197803568,-8.894699294972908,-9.340178999870458,-3.3863813816548407,-7.18998538732728,-2.810100093549615,-4.703488671936709,-0.3046992888235973
-7.117247367320389,-0.6810256396938332,-1.19346436912973,9.30464162699969,3.652415001263421,-5.121584195578504,-10.629022099669852,-8.949915120870731,-11.07242680635714,-4.9143043515683775,-5.760353119782046,-2.89535380120435,-7.995859916126252,-2.77621841518921
-7.076347741544673,-1.422403969284974,-0.1591636458599028,7.432183084455876,4.161936978633465,-4.785030667845536,-9.035317550116162,-8.490045705644388,-13.540098078029352,-6.28630398109072,-5.293307352697111,-4.831277238794314,-10.105174476879624,-7.106289530990059
-6.26411477360038,-2.8586180186871823,0.0463430932730903,2.1767525060692305,2.7314369124529865,-6.47078721611472,-6.059538207773386,-8.223176479693976,-16.237496575635483,-7.431524638774679,-6.597660304928781,-8.143845802703742,-11.79052167795234,-11.77099415753759
-5.803332806835385,-4.591118221181368,-1.0331925887851785,-3.5219460038491093,-0.2632770538921963,-6.968891668039757,-2.9612853007403683,-7.921986365739722,-17.66814045494549,-8.272775329254554,-8.971388179019865,-11.317711050009729,-13.307564562833928,-14.880697069219604
-5.610742838714366,-6.855861256701808,-2.831553529411888,-6.819134355792977,-3.4736495652047794,-6.582292784568136,-0.6987234158984026,-6.980654772191528,-16.33700304518359,-8.457369024123587,-10.448821555767232,-12.485492723395945,-13.685240129352216,-15.036853367706067
-4.8479689086543925,-6.904939403453631,-4.155762809530224,-6.899691024585804,-5.4080866956601685,-5.4262922897463,0.4160292748318364,-5.269480961903674,-11.998122156851773,-7.387147683893619,-9.047859770751668,-10.47635838684901,-11.4537759041673,-11.88342786634897
-3.687537780180069,-4.465984821164996,-4.175852630248899,-5.12343250532527,-5.262618616324007,-2.8272788786130323,0.6785460679279485,-3.343601951871284,-6.120128404936023,-4.68551445002234,-4.25332529728262,-5.726153311333979,-6.2809827229962165,-6.29400761448232
-1.7916630429508824,-1.678164156159322,-3.095169902290088,-3.5059214714061464,-3.264038368367949,-0.5859487698334007,0.620992734642027,-1.8658311568728592,-1.0969205760460277,-0.7293226987272217,2.3440896282772687,-0.3311155492173077,0.058957724351496,-0.2152212717819601
1.015218224900018,2.154256407123231,-1.8673810259975008,-2.999076655645762,-0.4351203257619982,1.4502274867462086,0.6272890186676294,-0.9342086636057628,1.3122125214149976,3.3395095255999405,7.853964747558949,3.114315651434472,4.529696247784431,3.9681582137854985
2.407294903259638,3.931800961167529,-1.265297363943089,-2.986402530615877,1.9668791050457275,3.471378330055325,0.8246229678364468,-0.0218842078488967,1.2228862509555638,6.298336831962775,9.903248793293406,3.3046584014548523,5.03984907556834,4.581164080545723
2.332189490485704,3.1442248382874496,-1.24565518627664,-2.1926560998582154,3.01920818077919,5.109533476392434,1.212163457076592,1.4610195639322003,0.6452079406904292,7.6976721501068175,8.206201029187476,1.283215706815227,2.228867444151393,1.81682151393779
2.7403559705576885,2.840645030421772,-1.2147087096222444,-0.0138778947755318,2.503060136585869,6.787957265274299,1.75578411830987,3.5890133318827218,2.2163294653293235,8.098080302776445,4.716069159191523,-0.2549181450365889,-0.7767915490466724,-2.014157041641204
3.1578231546068776,2.2057734074294,-0.8300440037823966,2.9069286359471933,0.9698172265250689,8.400743497747085,2.3240094049140723,5.862503576148836,7.459066423655745,8.43706983533859,2.2147575423785533,0.9466621111526864,-0.617780290395129,-3.668691532170263
3.7292609264705,1.7048669908609366,-0.4084030078321041,5.223101444087982,-0.5422052718970178,8.777394182772605,2.651412181344168,7.638823978018939,15.702485947868269,9.120269778488494,2.3910640530728,4.88801548980257,3.75355905315018,-1.0151175729959805
4.744391162780424,1.7533535708623966,-0.4669091453920295,5.940515366098506,-1.0688150180559894,7.838925057582593,2.533895156062828,8.598904957475915,24.353774397758727,9.712960283535196,4.835941740453036,9.344451415550708,10.246928544886238,5.469990354641491
4.86596310111385,1.041483170883328,-0.92429124878753,5.071211164019107,-0.2935235724251905,7.515470465394184,2.1172229180389204,8.876805753813905,30.325474469111903,9.490112424954454,7.611922117082946,11.750240404246933,15.14440207055834,12.852837399406704
4.140380716612284,-0.2355157503760444,-0.9346131629947658,3.443946158679305,1.2287876238225102,7.627182707190719,1.888916388905483,8.849742216860815,31.691877414078988,8.213735801603658,8.789964806069518,11.259569823916609,15.691398131883574,17.425275738656477
3.724793778829645,-0.1946768286599228,0.3143597306353363,1.976343036844157,2.393921939368348,7.293050974521556,2.2310391211276737,8.824702583966104,28.55565902400931,6.309299243677412,7.691511565759932,9.144486782509436,11.763991759720234,16.754978343674964
3.4026887020250585,1.1205781709176967,2.593491443184011,1.083118852862865,2.247389833908673,6.8580422747546415,2.934770211899377,8.828654452647445,22.68597232891005,4.325532555171884,5.025479123616961,7.275553054315488,5.54049433951347,10.878044202770102
2.1002554742656456,2.458038058663201,4.52475823791926,0.6527300058912635,0.610364829046222,4.802416573286602,3.257394391907312,8.594415582905507,16.31448092035019,2.3780911092250974,2.133011305243018,6.265905463862966,-0.220531096044704,2.155652466068861
-0.089532063929718,4.201641932493974,4.65986169348307,0.4623632728272953,-1.775871277765659,0.9108868607435124,2.598234372585709,7.765801652064026,10.96629562882858,0.261996042336355,0.141278230731479,5.128640475393024,-3.782688368013492,-5.911132861793726
-1.082425300016964,5.078513446408308,2.815444394380425,0.5361731651930688,-3.667706873878272,-0.3742640319993709,1.165760542967921,6.247308430447272,7.03394178553337,-1.9314735085299577,-0.444163835203291,2.7083773818532864,-4.900071843191913,-10.289465174012626
-0.9222795535608028,4.823069209153476,0.3797440058943926,1.0868651063014894,-4.015956738481404,0.8706530135411998,-0.1012644252680345,4.440418081970745,4.150780272805205,-3.538694423520642,0.2063872388469914,-0.7047681364899931,-4.319912601959038,-9.803206886729022
0.9178033128507688,5.044492886729377,-0.7874688712589242,2.1477158498302558,-2.5205509732137643,2.3719531484634,-0.3923126021972232,3.056545289409132,1.835312997234956,-3.9017407237249193,1.2746474814309314,-3.365745727335528,-3.1304886220313217,-5.685286781661492
5.0564448316059885,5.417268912356678,0.0728093577016353,3.3291825538380264,0.2368131088139209,5.089283007154602,0.1369684700415678,2.514235425740821,-0.1736442885663236,-3.2765912423335406,1.4762221732756986,-3.760952507263392,-2.4237489648434343,-0.8756993269506204
6.687818380834914,5.218216431092308,1.969618425678282,3.998543806515403,3.0889119313100792,6.4228382114908165,0.4172693084423167,2.429966053764322,-2.009205879972301,-2.98781264518483,-0.3133635195129987,-2.2454067208557835,-3.0691951879780017,1.7367372924745448
5.815974977331817,4.626783125446296,3.0063344234613965,3.741893430190076,4.815357610969683,6.010520928116585,-0.5597660210658906,1.814077884099635,-3.842012492715666,-4.396937831983713,-4.113923729965182,-0.8481727329516628,-5.279280865190513,1.12241649973421
3.940166654094321,3.6256724613876896,1.974202703630964,2.685316104256257,4.681473397533459,5.926412221860406,-2.7529303638480385,-0.0264717125922731,-5.7664210276168895,-7.515255702492496,-8.364134800396144,-1.3226015949852736,-8.174653173250283,-1.319574075078548
-0.1036851266458501,2.09745276783785,-0.6623359297724325,1.4044468365792202,2.80626823986758,5.491770613246714,-5.046983795526637,-2.683262180636284,-7.500579304828115,-10.627561790411226,-10.678350810432176,-3.3672259017523825,-9.968437278863371,-2.9619574471915326
-1.331104448216775,1.585746907773032,-3.1656022128955343,0.544672741535762,0.2082816900061755,4.631199813464248,-6.246102058443322,-4.826390308263494,-8.350026531418422,-11.459139474335782,-9.581539322920367,-4.851974157987805,-9.018830340486812,-2.078493991054713
0.5281353526532825,2.1858659823075963,-3.8992938261419607,0.4772200397093571,-1.6021029968873923,3.5154420494971585,-6.123216611890043,-5.344492672314214,-7.686426928028988,-8.979521209048825,-5.840267239284389,-3.909215521570422,-5.105811073059952,0.7761997464066787
2.6869093373498125,2.786407382722416,-2.5184449874807666,1.1749572153819288,-1.4500329798830074,4.0469188166951255,-5.493944382632947,-4.38345005272573,-5.6004684717296325,-4.302818381567374,-2.0582905449239988,-0.8783041336802324,0.1696647099975172,3.2788365393705368
6.358225090782203,3.75527962803652,-0.0762941526901485,2.2521081645340617,0.6438953655656295,6.466440524337476,-5.270634331402365,-3.2126610876140167,-3.0648083807035245,0.0811950480291137,-0.655201105488552,1.8092774100186928,4.37014359688135,3.324659288301628
7.341534893325116,4.033768783883061,1.9052954803021995,3.076264760552707,3.2208692256769416,7.1366158479826165,-5.494676602746992,-2.994081981143192,-1.323794687496232,2.0746893710449785,-1.9070687771667048,1.764186165840444,5.896516456901575,0.8129271960998572
5.126274056657552,3.415104430876964,2.562941425448197,2.9850772923787563,4.178920324837799,6.362316107981266,-5.357800065963708,-3.6686452049828846,-0.9817784568807024,1.300631877350492,-3.803736917922336,-1.1431835554182292,4.992196770695051,-2.2688904835960875
3.1277207072242383,2.472223743657056,2.1514319136692466,1.6411715304197152,2.260146955402796,2.526699508275604,-4.164367846595642,-4.074770439339938,-1.601533688516532,-0.9384731618691956,-3.857993967514052,-4.4960442150941216,3.2756277316818707,-3.487072576810268
0.2827784690404297,0.865877312571726,1.6142719994146493,-0.6502725616298584,-1.844202168013423,-5.372847067555441,-2.1713030304895478,-3.146030376503767,-2.149455866781937,-2.808536558595091,-1.2154054457715588,-5.263002970647852,2.3000584012011807,-1.8909888177074736
-1.5565706534048425,-0.6349537907900975,1.740837804620725,-2.975158553929288,-5.769113013092066,-7.940805075815366,-0.3770633158687777,-0.9444552993282562,-1.8222468206031528,-3.151117092441037,2.79569137612164,-2.325814419642999,2.445310948336533,1.3515427484307807
-1.8707147347680384,-1.9932700165460608,2.584125996971297,-4.304913431254841,-7.1047028242331765,-5.221783839492946,0.5115189388012382,1.4795679831624455,-0.4992352534277771,-1.9037376682801792,5.9910329906409245,2.487655726443397,3.005290659733351,3.969022166835371
-3.064448367354853,-2.635698993957337,3.47480998825154,-4.145103650567256,-5.181692591726067,-1.1930534536221866,0.7901103673442886,3.1444509596902392,1.4403446936427278,0.29181607436304,7.135337514503082,5.708027481495592,3.1343689322020056,4.228215015285267
-4.617934367639164,-2.281845855089476,3.4922429291798363,-2.8495710618968992,-1.5817911084973488,6.302092334746115,1.3509546516952122,3.943758123911506,3.5174841982963363,2.6974926412400184,6.602135991516208,4.845847199599466,2.584275171205252,1.8977486217722823
-5.723440569136654,-2.5675634539343104,2.033580409647249,-1.3833140327977795,1.05502952895709,7.771002178618131,2.6054612419676197,4.404946362814741,5.267337730804645,4.765023599901177,5.581808538943765,0.2925382353174113,1.594902478916413,-1.9069490748850253
-6.652554483290009,-3.3386461876009217,-0.8120951555687508,-0.7598775333044165,0.9696659130454934,2.3480113586411004,3.936058819002085,4.778597580858097,6.10049114575536,6.082379748377513,4.895417646210192,-4.983570721662647,0.3320014619218749,-5.487749846366311
-7.087258606489391,-5.430914011596646,-4.226136981118803,-1.5368056664393983,-1.5457984572756072,-1.3965218534237671,4.295574088395767,4.52527733373257,5.382291783843555,6.34271695890885,4.542963335365397,-7.733054308920056,-1.2845864665927849,-7.306713565140329
-6.899042631306431,-9.288794256676736,-6.98831745704816,-3.567337244335448,-4.549616631371347,-5.639869847529223,3.312918781469447,2.7884033735591225,2.939431880434677,5.55888241916673,4.08778628162805,-6.919827252378573,-3.127795495970424,-6.568212112063388
-5.616411414187314,-9.825840459995144,-8.05582588808715,-5.999139261073103,-5.947536524051319,-6.426581487187693,1.7209133060704374,-0.6198776572549447,-0.4686193583379829,4.298181782440975,3.152418182553726,-4.396661136732641,-4.457978041139058,-3.703233629447421
-3.04075386112931,-6.999519502832961,-7.093017674526626,-7.527428503141826,-4.873639000915636,-2.225103903555253,0.6733096574191213,-4.719296743428122,-3.3930403043634625,3.499513494776432,1.5045843480517185,-3.1662354626127645,-4.31914820065187,-0.4581998479851803
-0.6006066327293704,-2.6288208158587025,-4.599537326561704,-6.962466160055504,-2.037547887701738,-1.0826850855667631,0.6951241871485004,-7.864422587343965,-4.691575595327782,3.776401503672706,-1.0400014413297782,-4.658283037403945,-2.5652496500072903,0.9225555027963104
1.8085402099785757,4.530784446930199,-1.5331869622861838,-3.960592148551225,0.9852457212386584,-1.9438645420536025,1.332133723668835,-8.82867067237267,-4.437754988534376,4.732042365903426,-4.423362331778547,-7.371821503941417,-0.4390685912570973,-0.7155202768804596
3.163000633647999,7.330003813496208,1.2749339533521022,0.5834768037046856,2.841251239687828,-2.4978855730327902,1.756376909627984,-7.570069730854717,-3.806515186891607,5.043162800549439,-7.910931205383822,-8.118907843234457,0.161711234695876,-4.239907087100444
3.0251058385340928,5.234047555101058,3.454885087205614,4.961408830803954,3.1128604221290948,-4.093630767498484,1.598858431661303,-5.118433652009303,-3.929952469932976,3.5170869102959355,-10.028181805019104,-4.8234006501191375,-1.6537703729115627,-6.693894897424588
4.682269548480367,3.5326052387584075,4.998719892141956,7.7346921608790575,2.320661635544562,-3.376451758190397,1.1635928392604873,-2.7775370858289925,-4.781186793496064,0.3713949857321101,-9.278677283179755,1.6003790884034332,-4.627223330935248,-5.380033371998027
7.9406757108447055,0.5153329262501896,5.964210141387582,8.598145734584984,1.3773431628460602,-0.0730992391536824,0.928869109245356,-1.324462671297525,-5.206797270646121,-2.466400675814157,-5.252797725641435,7.955456227855144,-5.929499639451841,0.0497777446066958
9.414899726347764,-0.5016817639112727,6.331451892374558,8.203874616428584,0.9403391234729728,0.8732221893481906,0.9716560594744804,-0.7741083910810935,-4.133030163563111,-2.5934509988817505,0.7888978945900336,11.370995188193795,-3.242566760140047,7.26894609655872
9.548695859022862,1.3078283997077325,6.088104586102516,7.115215835511071,1.080294982308982,-0.0107358183058579,0.9222287222126644,-0.7479808323753998,-1.776032530190498,0.8791731253723611,6.433379663084306,11.42030969079596,3.229074874201406,12.947530563433038
8.499472560750396,1.045428473664283,5.328950214218354,5.053719455293701,1.414723788076714,-1.170503907585861,0.4268632492719009,-0.9939996019957658,0.3824694024627775,6.220864606254474,9.441878610190557,9.914425739723711,10.495208753313149,14.94653491728376
5.577195582210488,-0.4695699471035846,4.2018843664143954,1.4256107836030116,1.52295183554571,-3.520817628413337,-0.4061611474753408,-1.5392821928950609,0.9095289530907392,9.980106127363069,8.997407513127815,8.795318485169908,14.67402698593146,13.346023898091737
4.241772563553428,-1.5840037760047208,2.800163343435235,-3.27832316259474,1.284334973284552,-3.845288697519898,-1.0221256126090097,-2.361490969678853,-0.2122831529533053,9.410559431472112,6.104485621366395,8.307882361221806,13.76813269551048,9.889801265645923
4.5203905224392535,-2.9975859812816776,1.1956528269945463,-6.85249611468345,0.8927834092565526,-1.8739280713046256,-0.8741454888052114,-2.998610880876293,-1.5202912302544047,4.591504835785802,2.967017970125185,7.192709005640679,9.230535729298698,6.702431842364649
3.809224288214529,-1.7555723288518883,-0.4080744925825359,-6.724967008519018,0.6059108678388074,-0.6758582295835427,0.0750349298732135,-2.6715930769343714,-1.4390637741089805,-1.4982296545499336,1.7356169907266352,4.508414061841427,4.969055850697358,5.24986476292943
2.7953409747023747,2.5488938971407102,-1.650878255496815,-2.489103838395684,0.5053437787215177,0.4478714044201388,1.2016314294434929,-1.0182437901865096,0.1809131510236952,-5.13246493530686,3.2765232672285647,1.0293539143341466,4.336407913182104,5.8222452756173695
0.7744320060176676,3.893572473888252,-2.263425747424749,2.824783662751952,0.483052204330048,0.2998238171312595,1.5481231274369838,1.2003264974797654,1.8171887795812849,-4.6128019377611285,6.584999363107221,-1.3535609182522106,7.352037371484767,7.413756764399352
-2.663876516467928,2.687943629987541,-2.3824592278342767,4.520873644391308,0.4127644670557245,-1.6938123306069433,0.4417591034329646,2.2907220968900277,1.5882955749170224,-1.5132878842704225,9.221568037724978,-1.6605616144035156,10.477797398299147,8.094225754335477
-6.77164252212735,-1.9432466177318464,-2.561536402339824,0.0712485774805598,0.2897270508906575,-3.266130863642553,-1.9879683615913584,0.887112169344533,-1.0593101903576023,0.60826273885463,8.699205918571941,-1.092142795595056,9.392963654653505,6.08581130739806
-11.87204821391587,-11.528490201315217,-3.353715253880817,-8.287007331894447,0.1979547180638625,-4.815070503568212,-4.764274004213196,-2.6686381559244268,-4.792057262769847,-0.9315509694904404,4.179106853117364,-1.9808642796742248,2.704018809949296,1.1774514528791973
-13.53587923054365,-14.239330453812594,-4.774971323148385,-14.84118839749297,0.1755855710988052,-5.330646556260723,-6.580198635331866,-6.178369616406137,-7.382901798072512,-5.723166776805253,-2.5642410168879053,-5.224495481440582,-6.480462911330459,-4.629814160223452
-11.30045481648297,-9.956874790549165,-6.128285007088287,-14.84127686171195,0.1538839418175266,-4.32585184432945,-6.567700277490137,-7.098284392454536,-7.303362469338769,-10.440856171903642,-7.772577866060439,-8.763789878916501,-12.604865376430975,-8.15249407423515
-7.583205948487947,-3.776045059484726,-6.405666379912701,-8.320104089893675,0.0409238380564533,-3.3840042949954885,-4.793593899578663,-4.585295695579578,-4.590301914543799,-11.333133677026582,-7.904108193051881,-8.94340540618469,-11.845487837126566,-7.302048149189688
-1.1405092622385633,7.09689544677859,-5.022823690070623,0.1020306065342424,-0.1547213098260536,-2.125087643524299,-2.154408336679449,-0.282659039241325,-0.5180108630670741,-7.132246767876248,-2.187926953466172,-3.875833582234936,-5.059704080898334,-2.882762166300574
1.9750993856031716,10.525621107357027,-2.3571256738606667,5.21322300816961,-0.3074595424533095,-1.551027455567736,0.1949966143363211,2.9442773488112346,3.316863526711988,-0.128255143448567,6.309747249632484,4.221517608898608,2.8552630534489367,1.6925984943780126
1.192527708977232,5.429426002600399,0.343012295244085,5.340660537728284,-0.2914154596094565,-1.9703086902134503,1.430774764994184,3.2726333599909148,5.653013418260739,5.428048110151339,12.25840357554224,10.12932867768999,6.575093868487633,2.754704803947968
1.2161135936325689,2.520281753912575,1.7048413320021885,2.994378954220144,-0.1150029643879388,-2.4006114362021056,1.337206535580145,1.2241077070755957,5.754222366091224,6.343036892535007,11.57998263978859,9.569719963597729,3.975806792877864,-0.946186176318098
0.562414237381795,-0.9941592726838496,1.1947423907726522,1.826499074260857,0.0604778890093282,-3.1805584207505238,0.2972183000095829,-1.037673454173826,3.502936958639954,2.5999398209034323,4.4922896999287945,2.7356672665697026,-2.9082181700665166,-7.292485465980842
0.438562809415576,-1.479981703329376,-0.3735255966039466,3.100344071251891,0.0430659293224007,-1.8679499805866464,-0.8149250336877132,-1.6050923064406142,-0.3786064957669186,-2.935112467387824,-4.369344123109417,-5.635844342525655,-9.872676075447163,-12.270752568574911
1.4171590427692191,2.8018083347426432,-1.2475639289492082,4.97688000859293,-0.2166127900499717,1.857047092000575,-0.8215426320077821,-0.1400193014402617,-4.31074175201807,-6.776201291147641,-9.137812162290482,-9.750727881285275,-13.497124282134926,-12.70505793836072
1.4373688406555285,3.447861380324095,0.0814728248510556,4.909491212269344,-0.5261819186128496,6.320005619439483,1.320054463816958,2.398112997616092,-6.474015848741964,-7.157863815620219,-6.907010384858545,-6.928358508850402,-12.827618434056312,-8.249617538588629
0.8842865469254387,1.4767343109690938,3.691819628145709,2.463433403729974,-0.5065447276190294,12.20102107082227,5.836623469440326,4.99504971082788,-5.874408129547414,-4.760113933880723,0.3572735223570173,0.8116269092665522,-9.089511113170513,-1.352109021295684
0.9457592098200748,0.6890643583477694,7.941530241502547,-0.2172513696488609,0.2001130010634561,14.277448016580143,11.649849820269315,7.396562883221388,-3.0265225545922565,-1.6173111238240745,7.690469997446268,8.669631020905236,-4.351918541145359,4.540415493369912
1.4114761684165522,-0.2221507950199284,10.41705054576842,-0.5142763441275955,1.6645322091604906,11.944233982005665,16.646852340371574,9.810189186199462,0.4082585318708167,0.5962360398449147,11.132454599577486,12.607498419097682,-0.384567605836307,7.121683238703249
2.22713023099261,0.417577176269384,9.546165347998294,2.222416069733508,3.514040345221974,9.203648568201643,18.77922511632756,12.093029284428551,2.7822110843194023,1.522030834551826,10.455991838745543,11.729254966246344,1.8431717971802195,6.324936830839065
3.618369514653854,3.1490066068495257,5.734996184498238,6.180609453802497,5.037733763046682,4.687672742977184,17.29895299853307,13.475852139585015,3.45536686640758,1.8454863849463992,8.474367783111159,8.105603879960242,2.2895648113829927,3.926844662995826
3.51600776733978,3.7843810504456177,1.154726636719583,8.762498521572269,5.550622409660408,2.200622367713004,13.182644698807929,13.12862215342922,2.869138445997106,2.361234214760972,7.886976675257358,4.737868752984534,1.7901079280558774,2.178881280935736
1.8108348715846925,2.6110268090457818,-1.733944430894634,8.688359190416511,4.802990009477129,2.449601409673983,8.397220440631397,10.892090964831697,1.8315681349608348,3.2558631725531626,8.706010223421549,3.41462816862904,1.6078452910131418,2.3772054984644013
-0.5526830491279229,1.889024837715482,-1.875449631079971,6.685141848637787,3.1356869829785072,2.4829913051543278,4.605599817996207,7.383701930206174,0.7741670664317737,4.048176979570786,8.516118511728033,3.80606238134582,2.4739748742703003,4.096737447763514
-4.110130904436847,0.8641035752106145,-0.2788837749486528,4.442249213405739,1.2477110907317748,3.4053395626156706,2.3230698111462327,3.4560823818314512,-0.4294559419269497,4.016038474483616,5.0439180683383285,4.047656861443816,3.709244503350991,5.424359899493419
-5.680376969850308,0.9320656946842998,0.8633781782205756,3.0387918947143087,-0.24842194494857,3.433295720379499,1.0536036938629536,-0.3183664457868485,-2.127357909670877,2.676709216408504,-1.5510557212605072,2.196898743190963,3.40910961568997,4.133887464039308
-4.981322928072973,2.454099156423424,-0.0698762384503006,2.254662907044363,-1.133781348140659,2.21715964527386,0.0566931733938949,-3.631553614416825,-4.468092837535062,0.0399192203385863,-8.746803380633054,-2.372705795448061,-0.0311649064766115,-0.7172378585815502
-5.029639479626239,2.851870699150815,-2.858819563491994,1.1685589512792918,-1.5408063611611809,-0.3644097081358083,-1.0366055294590848,-6.120060577899056,-7.207622303321152,-3.370176002042298,-13.785054366851025,-8.430753208985742,-6.140413460978442,-7.721929979188605
-5.106527589355882,2.423140767580535,-5.64058786107863,-0.69443156225686,-1.6738371111602053,-4.973188057326851,-2.2006930684868875,-7.332215765285344,-9.7538132035272,-6.617992669611736,-15.686972108021656,-13.50520587381256,-12.038608379587464,-13.510650343677357
-4.23829048129204,2.019730142203697,-6.385151485116808,-2.72738383964088,-1.597881050280895,-7.040073212979086,-3.357768536877315,-7.129524333638614,-11.345427520243598,-8.569578167500527,-15.375407714638127,-15.284182707554542,-14.201619625401884,-14.678651682278751
-2.748659136202342,1.191925758225358,-4.442805264062834,-3.612108494800164,-1.2811699141481068,-6.522344184239107,-4.558489783672785,-6.0093790200085,-11.331126134054385,-8.291232997938563,-14.165747704890956,-12.932909679901591,-11.075152471749476,-10.116605200096917
0.6945109282519896,1.4305147309329989,-0.9527009286918444,-2.3500823674741698,-0.7819105261437693,-4.993459105563372,-5.797096650519281,-4.82222833234425,-9.509290378922913,-5.600440917949353,-12.439549179398911,-7.52146118593379,-4.347355353043411,-2.041647057829441
6.350120888535557,2.88529309441682,2.1098465652770884,0.8474750688263937,-0.3191458652731191,-1.3387439998265616,-6.7731022549809055,-4.060599098373336,-6.357303475668347,-1.455745393764917,-9.867132085508665,-1.3846811086602653,2.255082842859246,5.1952094740541455
8.502962583111243,3.600026978449564,3.3701216038376707,4.462738270827167,-0.1143014371631769,-0.4846834025895943,-7.028609144118901,-3.4780131944643644,-2.9334448873760985,2.258855619826733,-6.70390650325662,3.0907421822934493,5.637295381458486,7.813658848655249
7.0715095347598025,3.856621875690722,2.8255194147510334,6.478698921150056,-0.1700342304085031,-2.7423926539279377,-6.451692094573605,-2.5116350041700963,-0.4213789513092472,3.689161318663528,-4.459913875401277,4.5419958713723645,5.246092741716247,4.947944463479587
5.5307142813467545,3.057325771136784,1.494993318313088,5.62485622677101,-0.2508117831296568,-4.142004150713577,-5.626062895760231,-1.0933904257116227,0.4370884259373175,2.2003683609921545,-4.929075410458474,3.1210802579632717,2.8190927053638752,-0.9705030567148816
2.5992096078772677,0.7590976141181106,0.4379514487518889,2.2760603740875203,-0.1288556896670147,-5.784096557405446,-5.536052264699512,0.0495000360824251,-0.3124783224500462,-1.1022077486396975,-8.416797039495298,0.3009753647457538,0.5539705244555986,-5.955994082610285
1.084354630889922,-1.1880568994564265,0.0101025662704019,-1.6662821758943682,0.1372083672026622,-6.644488727896042,-6.753470730843102,-0.0003242552905273,-1.877939090474669,-4.067924094123873,-13.021551386535736,-1.9150144522407877,-0.5140491497692086,-7.059446414478231
1.516101125791277,-3.0012373509612766,-0.1596082485048011,-3.99438526813866,0.1930885028790525,-6.145285283586368,-8.843113595368846,-1.4158304153795038,-3.079248518709892,-4.997291663536933,-15.884295975318302,-2.1272920294437285,-0.7043766699769183,-4.090342946483301
0.8651570854860956,-3.8932981989773943,-0.6457568675729557,-3.795302581059016,-0.3041665577643817,-6.329966576011216,-10.626787641973038,-3.319064991508885,-2.844124610218872,-3.7917511121593535,-15.363031793828243,-0.4793441370007452,-0.7570499303548663,0.5371975503710544
-0.1488558607361562,-3.4080542001146266,-1.682039024557561,-2.249794665853414,-1.3499506619898582,-6.842381062611896,-11.15055828944909,-4.441018519551867,-0.6637047775382081,-1.835043263944264,-12.14796522647486,1.2950038676912046,-0.9635664734259696,3.583547138446111
-1.216711997680147,-3.823699000243433,-2.9945090195496595,-1.8528278021366424,-2.5679640260880543,-6.661358283158128,-10.475157678602134,-4.136386175736319,3.159445989691779,-0.7365973032320112,-8.377502699061967,1.0074606036811629,-1.1075983153179054,3.134926832516008
-2.722210112053308,-4.903559919963198,-4.051784236238669,-4.459489686513018,-3.530670183200765,-6.025756789888391,-9.52736360515786,-2.8337471824997142,7.614551851430932,-1.007772366200585,-5.741370415527853,-2.289797171754795,-0.9327022994433156,-0.2947701478099103
-5.267769413775291,-7.143225907395068,-4.484452379514317,-9.633222997043235,-4.092859303725033,-5.683781315976426,-9.152748755377605,-1.583205585801978,11.451610847247183,-1.7389630033875,-4.3867956788932565,-7.339132177900742,-0.4266533928625966,-4.373417628478372
-9.014377629070292,-11.077311568163308,-4.355700716340289,-14.71259281149016,-4.388133518349638,-5.545612850199891,-9.29298496027402,-1.178928426707759,13.801447294851716,-1.4511308128401166,-3.424103304756268,-11.360456303008744,0.3319190419179865,-6.7167153325288815
-10.385317679702592,-11.865982195730998,-4.093502984171899,-16.683688489691868,-4.51554656795977,-5.122377570996758,-9.07937515789076,-1.604055810246857,14.576977056879414,0.6520413907837139,-2.1664933924273986,-12.0068017818901,1.400809814272229,-6.447702558691111
-9.291024575456854,-9.444217167317616,-4.135067918193662,-14.409518892595528,-4.313242762644572,-4.533563327901067,-7.725046638626054,-2.1537484272572622,14.386543902386473,4.035229931992379,-0.6968658399576806,-9.086154098633031,2.8906896066239343,-4.433269868915643
-6.55532422759839,-6.817072744435966,-4.5556126422425045,-9.418641464349108,-3.541060462529572,-3.0195920017026943,-5.3348501618199045,-2.02568516008613,14.020292726614178,7.22765041370769,0.6527151409136591,-4.653891688432455,4.674714934025647,-2.211359413942229
-1.2152265984751376,-2.922659620733701,-4.98224153513287,-4.662881703598975,-2.3104832298294724,-0.4290510576695614,-2.870943493749352,-0.9011585115126188,13.87850288318705,8.901829894407015,2.061134321847401,-1.4125496466732574,6.309204469017674,-0.6694539430719617
-0.485428015173971,-3.3245479726916054,-4.877203061434134,-2.348735800079726,-1.2420055177487108,0.9421304012173332,-1.3331098556744876,0.8556935335028422,13.754880350418446,8.816006033025518,4.229122373599753,-0.7440069050937592,7.329303393361889,0.4002123878684971
-4.786480048676769,-8.83040869671508,-3.9683470950934767,-2.6158496422348603,-1.055512371388635,1.1517285881772803,-0.911873731587804,2.4773892983649373,13.122351712147792,7.935944016381914,7.6242810925059645,-1.9283374841779355,7.611387123117193,1.6565391632726358
-9.079890022954723,-12.43634153920215,-2.482758633631871,-3.95944590362779,-1.920297237263952,1.505885448059643,-0.8416481595520446,3.357176008589666,11.680164646588969,7.643344447672233,11.798652055321623,-3.022962375364633,7.40050070145333,3.246463722343284
-15.068016149579234,-15.395110302403344,-1.0196576911438728,-4.775273663783005,-3.231409429337265,1.5344121135921094,-0.0493828033578758,3.495314204891142,9.700658150327346,8.603950834562584,15.444602411967145,-2.507247154538845,6.986798276203869,4.46501734884964
-16.511311255688348,-15.177831127048243,-0.1981951689908059,-4.612792425114884,-4.105493082013014,2.001446357648784,1.9398734489469376,3.4454954802178808,7.849568039985591,10.16487794296098,17.05383680167795,-0.3263190453844806,6.403131561288292,4.301340941049981
-12.343302454534458,-10.30960466067578,-0.3450318391043212,-4.208536636215899,-4.150326790621202,3.0868158469535767,4.54461433665373,3.7425069545603247,6.595112235568111,10.797940265583977,15.624389353175731,2.316961932357047,5.472288721979545,2.328678612321786
-9.424999172187452,-8.032299050806431,-1.3700187816588678,-4.509268828472949,-3.744962005658605,3.0429823205822704,6.476094614052983,4.294902086753929,5.7291375983291815,9.291006304658923,11.139215409722915,3.968489312009425,4.134458386847516,-0.8264659168364121
-6.1810172634886165,-7.597826740045467,-2.805000774746446,-5.64547074058212,-3.54478546232911,1.9855225382443875,6.675341893165404,4.381416543858144,4.5064193176065634,5.756374034302766,4.853638975687497,3.797874181868356,2.6989042813806625,-3.776580091608856
-3.2945068912344384,-5.731575146575642,-3.940611439561621,-6.69208660675474,-3.720972059446118,1.4293415995563037,5.166150786681216,3.3942445343544154,2.3885661696147027,1.6503477330840175,-0.7673176009541436,1.845998965615648,1.7559977813265435,-5.164794849832539
-1.814362839587608,-3.6350280636994152,-4.061516703427903,-6.343818923215365,-3.719514200578221,1.1139643403794408,3.1440298369214954,1.6881680853093035,-0.2409351806756312,-1.1955730666391062,-2.910753403582389,-1.1430166387925365,1.8006241523939712,-4.395925485081153
1.8708041620495108,0.7130704242059489,-2.766740845128957,-3.95345153699,-2.803038227645268,1.6877066092684885,2.1391381639787213,0.6203015602140152,-2.1277655237855804,-1.7622502049618234,-0.0997024346036132,-3.904969468625379,2.832976845532549,-1.8751717852576784
7.41518385484698,7.789237271932628,-0.2308617014372931,-0.1562456289726705,-0.8500174516886183,3.4993470376832185,2.8449041393171486,1.5187418438991127,-2.0847335505785978,-0.4097050195316472,6.333594292165856,-4.871523337159596,4.190392817629322,1.3074690234500093
10.412027025761084,10.514678284144043,2.8137345624686088,3.4114604893131606,1.3741351416576606,4.744129603950528,4.575985343579315,4.382851231957438,-0.0950987966599674,1.4418512270696109,12.486688710347783,-2.765874970688333,4.739144509735219,3.981144017297289
11.176109134219312,8.944705789110095,5.441293437147847,5.178880072411048,2.7608624759386906,5.605231396876786,5.8856738897182055,7.543157394335782,2.413933690708718,2.181362946319773,14.26140820072152,2.431684689775272,3.412036904102073,5.407091693943409
12.415339635549328,8.60136024722984,7.030429651980239,4.78590320600844,2.75988422357611,5.804873922337048,5.8789589016856585,8.765351684752288,3.486831134870316,0.9051605342944792,10.35513389053344,8.898837982497735,-0.0958255066973592,5.466945173261779
13.334936508730154,8.119231348530727,7.556543611451362,3.4454190261246147,1.8777090023802143,4.928321834626543,5.067671116945991,6.978250008517739,2.0762837955597586,-2.052875679173283,3.4407640211624715,13.670301648192844,-4.851256309959813,4.555231818337054
14.679383899457118,9.709869567952635,7.508518056423766,3.152044520223896,1.3748110583781603,4.738420309692375,4.9356207774400005,3.155813999146352,-1.1687384411521258,-5.213297252631255,-1.630297913438162,14.561163916415872,-8.848195323651343,3.369538163531134
16.846708128585647,14.374951392773282,7.545120549474714,5.234981310970117,2.413937805333056,5.110528272621549,6.526619536453925,-0.4553389707198345,-4.428378544409005,-6.749806251659473,-1.3177762008741496,11.917572874481188,-9.95038030822868,2.718194832396504
17.302734813530737,16.07479968058378,8.134644544766987,9.327565081909402,5.28934747545277,5.940897937367347,9.31366321666354,-2.1489318211531536,-6.127871497642824,-5.681300091063676,4.121303263349812,8.529124480037382,-7.206700265694302,3.282901820987357
16.18606819067918,15.317082212264532,9.32394148760854,13.562291361304222,9.22920538734468,7.623578726722564,11.429464797862217,-2.0873461871508834,-6.086610723816275,-2.67637803902066,10.958959396510371,7.428279236587848,-1.7113506664875595,5.2414075579530905
14.474328919171365,14.058920633724115,10.659791588973803,15.849164623765644,12.810215282005542,7.566127679868778,11.135946127945914,-2.032186628786885,-5.488395324502863,0.2766273249135267,14.64351837097886,9.271047797583526,3.715224124726827,7.889701058016634
11.654072199138769,11.141829849687085,11.29513474619126,15.242800013906644,14.657553870638658,5.691580988900744,8.27575609094164,-3.729029026500591,-5.758282236089201,1.2615622611339583,12.63251167170414,11.630861688545428,6.053471156902422,9.66628336996529
6.942980969069151,8.231224684843438,10.35925177442899,12.398738871521122,14.044492745739683,3.653280098855362,4.444030938945319,-7.316466725033706,-7.3229194266230095,-0.172481054509376,5.529467065420782,11.03144758195274,3.96794565136978,8.88898585059133
0.2485242459300329,5.410592685178251,7.541110711936401,8.932071669955084,11.180796896152314,0.8678465974195988,1.75471998508311,-11.068813492133485,-9.274822703620718,-2.793629857833892,-3.771483960362016,6.115230558350264,-1.217384401366532,4.969055443759705
-1.991854549786248,4.411895211522292,3.548202200220148,6.361485782786204,7.146917968618331,0.0312388408383799,1.2947451252420397,-12.644960473504431,-10.15725481495087,-4.791963130963824,-11.8512906653905,-0.7939509839590286,-6.241576554121288,-0.7354902369481255
0.588444091269392,5.875271859124199,-0.0193738104315919,5.469904565453772,3.489829801009209,1.548847079513777,2.548657872564238,-10.813031018662263,-9.1534492542421,-5.140579170573565,-16.193224996774887,-5.208043675243307,-7.965201962559586,-5.29257757669707
5.477835482080859,8.645585348163054,-1.519007262985589,6.31876830895399,1.5510941459997696,2.3211646651056506,4.121729302862979,-6.322034517772591,-6.699778801156812,-4.011972216363207,-15.794506689636378,-3.9452981797664073,-5.382163907869055,-5.874088180899758
14.429844351735,13.45909177421856,-0.3775222660497999,8.497527651958942,1.7639744708614753,2.990377795434489,4.946761535444468,-1.3501577608338966,-4.120831049833477,-2.115491344125756,-11.220896386034193,2.2487403095066245,-0.1598756381894173,-1.726459263456789
16.62873897477499,15.049824795751668,2.353826385876061,11.16498088648338,3.33542384131143,2.4838258567875786,4.884193765979306,1.940865588278374,-2.715936593147525,0.0877288619249299,-4.427383896185981,9.059638811184048,4.638945507583228,5.038029541898725
11.27310576988384,13.000820312857355,4.519447322528951,12.988372564215872,4.642515642697523,0.2058648887712978,4.361123596380812,2.6540434067524785,-3.04641438426564,2.392647084240122,1.7227836587683925,11.668558135617488,6.626671186998946,10.5820240498135
5.504079556186067,9.843103810447072,4.190159586782828,12.48978969703988,4.222500779302077,-1.3239979020811814,3.6159566486124186,1.4230823174149323,-4.808578210649459,4.24802770107857,4.468548968799552,8.140572945803642,5.397394949852743,11.724365964498732
-3.356061549879363,4.15491359493346,0.9045104970995208,8.970053719374134,1.7306117637347658,-2.4577345110241438,2.345482785303504,-0.2972138447406589,-7.135742089901244,4.51838773016797,2.5014709227929828,0.5969626295928512,2.2648874489014226,7.873869015941386
-7.878919768544542,0.4187814720745211,-4.031291170964487,3.365014364809685,-1.8333342363487537,-3.57423056170959,0.0112540515022789,-1.28108888622212,-9.01378496567065,2.1988382735437213,-3.148708469955729,-6.561390829801189,-1.0514646990240832,1.1645178138919725
-6.859167639517738,-1.0234083103206204,-8.36079994144007,-1.957051222490316,-4.814107882869858,-4.233311263098726,-3.5858806096124454,-1.2043583810263143,-9.699814973294863,-2.479667955588379,-9.540815093038116,-9.866088436384947,-3.577054876025379,-5.152214746469556
-6.59260879095164,-2.2279581327101967,-10.235682954724249,-4.7083788285801775,-5.992104664809365,-5.28824619357829,-7.98275608460783,-0.606886404831827,-9.12815789453889,-7.736533397790464,-13.570347333981957,-8.973940732004259,-5.291736199451956,-8.736739779524864
-5.077602587131242,-2.01853402649177,-9.243967202586926,-4.45140467190546,-5.2910080214293735,-6.698374828737094,-12.149665635975428,-0.3101869005984632,-8.06685077776836,-11.26447676161962,-13.92529421159981,-6.372632118727768,-6.597715615374605,-9.196069257586265
-4.757730217157925,-2.7202576956349365,-6.526919827802593,-3.031885827127636,-3.674073406105791,-7.11412138004202,-14.836062556516268,-0.7580378630977558,-7.655544761333722,-11.849797055944276,-11.777774478235983,-5.130023493000174,-7.764682076196023,-7.708612912381463
-6.4549214908061305,-4.463105565810403,-3.992520258327304,-3.07703813453362,-2.4288087791191386,-6.592676896712826,-14.99355930448273,-1.725717371328443,-8.38967680793321,-10.201902113531457,-9.634199084191671,-6.6037246048590745,-8.781376096309558,-5.896814511056116
-8.683236068714699,-6.723174924681471,-3.1326875372873126,-5.72568400755268,-2.400703528399452,-5.833862217040119,-12.236022756120107,-2.551052469651494,-9.351686036392834,-8.255991200908605,-9.242385614386103,-9.787898906299931,-9.484010320191176,-4.875171290409273
-12.352421757571252,-10.11930211951441,-4.139565341555767,-9.58794775023354,-3.6241684996649592,-4.561584738763182,-7.23417400125469,-2.6707819193711506,-8.624563793091342,-7.558631659089948,-10.239781104838702,-12.476748777591094,-9.667783605222562,-4.908125512988184
-13.667007637549077,-11.190280953802008,-5.851187555897325,-11.887825888280767,-5.445578417721223,-3.933923637463858,-1.7235692849552455,-2.038396866291968,-4.875112792692061,-8.135713812989959,-10.603153610453578,-13.024257259826976,-9.154522952733094,-5.559896766687096
-12.375832156028665,-9.79168797578422,-6.600263883190825,-10.76191770901363,-6.952296877863862,-4.111712313382505,2.1671982012053403,-1.1130886819058832,1.1760193181505496,-8.757788515679206,-8.453919352555237,-11.282134252989197,-7.964285653614045,-6.076439626709855
-8.346574483939316,-7.523308654679864,-5.464910959758813,-6.692955163710787,-7.443263027826696,-4.052886908598803,3.0680881121909227,-0.4667702105164935,6.878730368185239,-8.233575602863855,-3.682459137256866,-8.264349412561273,-6.520900558014835,-5.841595609222171
-0.3986942108431915,-3.524225112804921,-3.0513739003213134,-1.9872797071928847,-6.727147302062305,-4.054328415275556,1.226136102877529,-0.3640510963234566,9.51907879846689,-6.481286581605056,1.932068337016428,-5.187682735791748,-5.548195002315913,-4.752315907550624
3.201115438688693,-2.122483396610773,-1.1347684224201418,0.968692711996848,-5.139831986027563,-3.408832757596981,-1.68360565550132,-0.6522356908803832,8.389724432393317,-4.441285114518255,6.150547746284158,-2.810656044181746,-5.500836104487515,-3.2763038907620974
2.323953175873188,-3.715038847547809,-1.2765949352499746,1.0800698683197716,-3.3079943973374544,-1.9277814843394556,-3.756121451653219,-0.9834335604667546,5.231916652684944,-3.049743205902411,8.049801515490511,-1.398083522939615,-5.9505989572075535,-2.079183700073038
-0.29932402349716,-4.775397813279167,-3.422394186342718,-1.277004070362441,-1.8169275101433997,-0.2853597637000931,-4.1257726519467965,-1.0894670615445925,2.6975413546986537,-2.341704144050425,8.718627805583779,-0.93552605347719,-5.63080984183464,-1.4732327450213862
-6.727590443666962,-6.342403393293521,-5.680753124042111,-4.801888723596413,-0.9714021197662444,1.7414935395036135,-3.2742817350920603,-0.8417546865319174,2.2929358621440734,-1.5042606411372963,10.359009087401674,-1.1325767734525822,-3.3402031462971777,-1.1605880244322826
-8.465737782822956,-6.727638135902663,-5.647219432149779,-7.758769500383806,-0.7430496041201824,2.7509768042446328,-2.233095878846173,-0.1169099964482409,3.608474588779524,0.303236242687575,14.537370464554645,-1.2507054629030083,0.9824999185515716,-0.5051399299559343
-5.052876953294239,-5.378045434150107,-2.3292443364115947,-8.359856038930596,-0.8643162696710043,2.54542842444244,-1.5487805037683344,1.267444835428961,5.254396547945156,3.2304950268332213,20.936071702671363,-0.2199858136391164,6.021479582459442,0.9202830491318252
-0.4795897359551607,-3.9030959347176895,2.907812996111556,-5.5324254108311735,-0.9810892049155164,2.7386138746773505,-0.9945331668599168,3.3664461651173525,6.310078670708965,6.713700482109246,27.480585892602125,2.6827858996643776,9.995161289544164,2.982667951899522
7.396397160812825,-1.726816687635896,7.238421294012692,0.0054082631233995,-0.8127579917137879,3.000632938556444,-0.1391104158780827,5.820677305836288,6.864331863893902,9.95090301455497,31.627485832120865,6.994880589655626,11.941567299742085,5.057542286208541
9.601235717371384,-0.6628205478640397,8.442968937153204,5.421569172537659,-0.2950315503108029,3.2068178665863893,1.009979991331047,7.82930679643178,7.405925591144715,12.293276536734536,31.8144177004774,10.91215052658892,12.245101307251122,6.378673443623505
5.333946731903554,-0.995683808802472,6.461171041564615,7.17994888398913,0.3601536773965677,3.6001321590137048,2.0205452539598525,8.565739386704486,8.014403607489928,13.314415176421427,28.14780371326569,12.279111060440712,12.014536171527162,6.430095990121455
-0.139303085193778,-3.4181109166354138,3.2137886593830487,3.635559789232961,0.772476573102427,3.082725480120576,2.5765303198352143,7.77417354793231,8.276222073471853,12.812581271604603,22.097382034501564,10.17014315050564,11.996327966034524,5.2559236181600255
-9.154016623741924,-8.646356806627798,0.9758899075672254,-3.269286893570154,0.6546091083326715,1.6299904621664838,2.7984741230057786,6.018625169088843,7.852877486215299,10.969375852157956,15.599741847314768,5.774182507773812,12.034458053173603,3.578933892585731
-12.257948158806832,-11.130045091924424,0.7445192419944711,-9.017502038643848,0.0504779964599144,1.4265880774018818,2.9451700073520115,4.291067422493715,6.901413303399103,8.449017959223713,10.142263968449107,1.6792649684802967,11.430862110315818,2.530320473419142
-8.368623794268842,-10.913928318267349,1.8580335213526773,-9.830064606194796,-0.6677407443809358,2.386325178887488,2.9445523120878505,3.266396269734191,5.86338785577037,6.092028658915378,6.240681044253662,0.0018726336612857,9.698276680493798,2.9368755400683284
-5.454319055884996,-8.316185897694872,2.9070535448556747,-5.664821737032099,-1.0736712495530265,2.84952100396712,2.4572115662276914,2.8707405722693125,4.9822317341543325,4.33440156147601,3.5275951715382234,0.9178800463273298,6.997979665645193,4.583165129692855
-1.171702811836326,-1.8698527961978388,2.944758630276013,-0.2776183045390539,-1.0023080834396725,3.2083631719626537,1.4777734482166949,2.5705560021795755,4.210278420111948,2.981998206897874,1.4199022139817998,2.867521745761735,4.045908109545096,6.163868044271034
0.234268407780494,1.2554214009832492,2.012863573389332,1.8593609945520555,-0.6137700360592291,2.5928656102315046,0.6795968876233474,2.072248896495058,3.583866944696084,1.7168959847601997,-0.0849199664188944,4.150401195139921,1.7489529505590014,6.208244586992063
-2.5240495013337294,1.066929683719205,0.8073711339830894,-0.7639667461403832,-0.1558238431000873,0.6672607877565031,0.8618066538768616,1.6542208607585884,3.451221810785924,0.8296155677715547,-0.2511882567021786,4.290716654325678,0.8238693811502174,4.312528814109808
-2.258286209023548,0.3806104209396008,0.0127256515323708,-5.545065878956422,0.3104729584439454,0.3316070611440505,1.9075941416477065,1.7016625022895298,4.057120204087681,1.2040966957294683,1.4976169560318766,3.861054667460252,1.4143384874161455,1.540273694502062
-0.0468342545619603,-2.454822438711936,-0.1263618947347637,-8.095421457988433,0.9111337684536168,1.466717195600403,2.4296989316298294,1.9197225930172903,4.858302965301142,3.268944005944192,4.273661779447743,3.1669403779931926,2.774476955933608,-0.490261242694622
1.7792223261043745,-1.8475315218754285,0.1638690229358133,-5.977607401070991,1.6842686584278894,1.9427064526469595,0.780890917230316,1.2168977837144084,4.521315193500378,5.90776302334185,5.466746403757348,1.4952762344521773,3.3912006788959133,-1.0464342635984565
4.323697324364433,2.6271455910138037,0.3983941193608444,-0.6150154121637925,2.370212913504403,2.271070043891486,-3.2767073201905035,-1.3175082968210958,2.002213262227457,6.742748810659549,2.391112120634993,-1.9840171944147755,1.8690989424939917,-0.8839114054357537
4.289959028064565,6.119778756620331,0.1278358123660936,4.159301602620317,2.5784781889194197,0.9361298366619472,-7.80944396962262,-5.138406921602204,-2.141063047624243,4.038375549715219,-5.16847566058135,-6.557745934733646,-1.805729285484972,-1.4131391275051328
1.2641975750264698,9.867275518854305,-0.7657795172358064,5.461043710329747,2.216063911346588,-2.5298193407858447,-9.794510868646192,-8.063219621132834,-5.62974338274719,-1.3109499402307918,-13.886237733917156,-9.605098640554177,-5.7331806383514845,-3.2221324474512016
-0.4276989413708394,9.7351353003061,-1.8994712435000525,3.59453060280444,1.6929415540045485,-3.85066021467518,-7.370561235224386,-7.7334248923830415,-6.02706543490666,-5.7797629300592845,-18.832306459433383,-8.461832207356604,-7.16070216091666,-5.38178989279222
-1.4511756583618238,4.661364576489564,-2.536059137349873,1.3442526264179089,1.5798465784635525,-3.2549691025598664,-1.4551282545567794,-3.652082234375669,-2.795393130255992,-5.719749874889224,-17.265604792359063,-3.0389765377100737,-4.646166771056368,-6.217129653842591
-1.348323515722663,1.1768225554623808,-2.078844279963711,1.2214143210942865,1.992981859601386,-2.1826192252129357,4.662385895741867,2.049421940233696,2.03890546878964,-0.5133814032738719,-11.097577753634738,3.420300090659051,0.4334676615074215,-4.851929153273261
0.743860248868766,-1.7557526239696366,-0.608401222391393,3.2764310473274065,2.378810336832636,0.2667597013196607,7.543714598474693,5.980829730843055,5.348610897403038,6.432417383675961,-5.661372451199544,6.54080664371352,4.551437345707036,-2.1278255817741645
1.1988785156146813,-2.1482082125602924,1.014596297126381,5.317423411819799,2.0428133348229918,1.0376161891158555,5.990169544004903,5.962070153139599,5.261479927893564,10.034539111530666,-5.604151695372497,4.254907582254781,4.602655920574694,-0.0662270181195339
0.2335902424067814,1.3971064968100242,1.684450703144627,5.0684035742498,0.9606020159882362,-0.085789329393638,1.8223931018638524,2.5492965658944264,2.347227017144302,7.49712984093221,-11.330919006995298,-1.538524398376417,0.3259332131916324,-0.3088705233861866
-0.9386478380841288,2.830980185576946,0.8793780680960452,2.189787360269481,-0.0095516263235886,-0.0366491387531599,-1.4850742311540444,-1.5720061181437934,-1.2623653042398324,0.5920301942595607,-18.96136169168337,-6.566984400141077,-5.486095084067955,-2.8227283263974954
-3.047649357122139,2.8383156244007184,-0.8793566056034372,-1.5031919808032264,0.132026493693516,0.5612799722840129,-1.27128943883584,-3.668345395923758,-3.7687888224979353,-5.727905220420965,-23.646434644299696,-7.590271854652308,-9.170516201410322,-5.90464729532976
-2.24322365368353,3.3610591094592404,-2.3520847451231184,-3.541143001121238,1.4891685292631394,0.9800095100740344,2.5161688815291683,-2.7604047235920675,-4.812694496652924,-7.247133669791811,-23.261018737967543,-4.6775691478602575,-8.895606078762484,-7.442896117475971
1.8053061080279,3.3557847547783357,-2.4650317839083016,-2.5954811391692445,3.015998574429547,1.6398950471345926,7.391197929895462,0.0848363599454344,-5.064235289831576,-3.649925688237865,-19.47064548121334,-0.61949185196519,-5.67374093197915,-6.396938188662652
5.472237680460423,4.770613465160081,-1.062859390371658,0.771857990034265,3.413408764004947,0.8491454909011698,10.089900589328296,2.803480728625315,-5.167429378386881,1.616329031643664,-15.729231711609964,1.6648483821168938,-2.099978697322573,-3.357171218296481
9.620281523305826,7.787646772971537,1.0391011793240068,4.677734427843608,2.355956392620936,-1.5597001285176997,8.720839590452146,3.6681696487950113,-5.29514361427184,4.397262237328192,-14.358726119590491,1.321396915012489,-0.194305762894789,0.1169451897629816
10.301295812243882,7.794172589077214,2.6713653763625995,7.144584506195535,0.815634256245561,-2.9590831009653407,3.859293141596108,2.051536271213184,-5.539328777274555,3.016154586777434,-15.23083316947585,-0.3300388992881142,-0.2296781448257263,2.664190422221441
6.598272714016936,4.918165002626778,3.0441862774193758,7.139270098498164,0.1079120933410928,-3.629662738964205,-2.0262243542640643,-1.5013069323570116,-6.28771128439479,-1.000711608419003,-16.73261512916993,-1.4395019433098266,-1.2147754563434612,3.788553136226151
4.058309817651875,1.6923598414585217,2.059085156132028,4.939893224598935,0.5828174344331032,-3.6529715818216415,-6.269878796545827,-5.599557978595497,-7.892555492971514,-4.820623267474867,-17.615250693631165,-1.300698504801944,-2.14552694865055,3.663636326421511
1.6606797420888375,-2.8361318638333723,0.1273606969758001,1.787683134335914,1.2744377950867751,-2.467525523471046,-7.590089459382993,-8.537014868023403,-10.000095030708517,-6.731397340379305,-17.861078287868192,-0.6409307233067678,-2.72170480503212,2.5848149581590345
0.1982161817353217,-4.600671763904691,-2.151943261022616,-0.9065468961261134,0.8703156965787429,-2.128268126289257,-6.523276605897134,-8.982882923198453,-11.489552863168209,-6.9398322398897525,-17.99206294341434,-0.5590925522028503,-3.0951478874140586,0.7829052281362747
0.6854566405098358,-3.009223202707436,-4.132334899607228,-2.346756944636912,-0.971812545745891,-2.562284312255666,-4.585952562069625,-6.651976527468605,-11.318926431535235,-6.480561322666171,-17.854937606137007,-1.301040054696939,-3.264481508418882,-1.2960579928067233
-0.2110728199575035,-2.0783793342722525,-5.120261585534749,-2.6652310671084933,-3.279066664084384,-2.935453290898398,-2.973863995700864,-2.5448150166551557,-9.477132716379383,-5.78055194839269,-16.34475292952297,-2.0126403860606743,-2.9028580775286006,-2.8088262484597277
-2.0802444730118728,-0.7860995065884869,-4.510847509512498,-2.5853535562197862,-4.7109093199713215,-3.671399060309739,-1.8531044217238917,1.5452582683385288,-7.0222857995333,-4.431100466746521,-12.485705585029898,-1.5867816741159224,-1.7463167950901417,-2.920572140609348
-1.2415709639409749,-0.0286792194325596,-2.1511874782001428,-2.713268703711986,-4.80986835392812,-3.729526588320915,-0.6789836001121294,4.053084310353036,-5.125103583961192,-2.1749702043408874,-6.834624371656357,0.2655175169702595,-0.0299737802619191,-1.5393481423447852
2.029109986592302,-0.415838320505077,1.3531681363272805,-3.023118376284017,-4.287284706132773,-3.006811249019544,0.9528516425265324,4.517976893662201,-4.076442833335676,0.2250664309138308,-1.6919340497706123,2.7093743052453085,1.526535291601398,0.4216997567611038
5.175048656204695,0.0780733082425317,4.7716761127624565,-2.933008661706751,-4.097893900797956,-3.2242259722984974,2.815541754808997,3.694096395816878,-3.220270347975557,1.3477778317823097,0.4086540288039515,4.485632779260662,2.1858063149790574,1.6980035588951452
8.827910805019787,1.1092075647769013,6.868463438123996,-1.878474547418783,-4.314999367816441,-4.227509557170181,4.330598723336856,2.8465550737300944,-1.7888184992483502,0.4086448475713808,-1.1658742325668712,4.962572174471475,1.719362014129615,1.740121006697919
8.484982361116574,0.94299809330618,7.094156659079715,0.1014337044059203,-4.010478140865345,-4.415698201246583,5.191355162337423,2.799695311043827,0.2581911618841204,-1.8467283433388888,-4.27673250393422,4.611861419403738,0.6086564151290474,1.1675433003125804
3.3125932647831133,-0.2545799027269962,5.820796008064079,2.232422752174344,-2.2842612249657748,-4.014421023414079,5.582652181871261,3.436104121357708,2.184134171254684,-3.6046652402720696,-5.4140377694665744,4.506026279337164,-0.2145882133184571,1.0982735660800529
-0.0367527171753437,-1.7097488908022758,3.94361089765836,3.422086343316792,0.6183624931620031,-1.8602639314110332,5.759256713570714,3.930636601340659,3.1572551102394613,-3.42372268047226,-2.453270630248923,5.278410949737257,0.0320582318833828,1.9470032483212805
-2.588787748221216,-3.750972965038383,2.1781348474979083,2.919832422132373,3.276730228350388,2.494384598419588,5.508157113496317,3.43696443325382,2.9482584026427645,-1.3656459908795782,3.473386979009028,6.438347653618955,1.3676335904167232,2.87570426072773
-4.23883206428288,-4.31140070303436,0.6165089274155022,0.7686547979197371,4.236574007457897,4.376768506476683,4.1960258124478,1.69994902942247,2.04649900644813,1.1348778028117223,8.685887148043953,6.654318783737232,2.86629495371222,2.5218143029880906
-3.7318750239044576,-3.140760268883677,-1.1108265511102644,-2.231181358281141,3.2419020434261085,3.877434287922575,1.4938965949080938,-0.7522151330392006,1.215766883517574,2.4603669330697717,9.848309217567715,4.832220123118702,3.2009154290319373,0.3989682263445218
-5.862897216936561,-2.2633462518047542,-3.2160881746488315,-4.97752471783636,1.4007027693343446,2.9402714785429587,-1.8954878822883643,-2.857192633175245,0.9598391123538476,2.0115214264281747,6.737739549915261,1.1392389774764666,1.6783188699894964,-2.366968715013158
-10.427475625329286,-1.179654955258313,-5.22483670609104,-6.600133573928858,0.1864136208211846,0.5257911089553036,-4.3138426014659785,-3.5507811173722814,1.301618470340415,0.4992040281048417,2.556655684085939,-2.899107835660999,-1.022773978126267,-3.7769000472354577
-10.53624827283717,-0.4239874441452417,-6.066872336434059,-6.72922890642711,0.2651083400748888,0.4318583064846206,-4.172262930812934,-2.3861496754941385,1.927865303754956,-0.7638960734495157,1.4317931615792645,-5.3963144188970205,-3.1585387867227297,-2.6232856675041205
-6.651884085790574,-0.3232353966879095,-4.838728105095953,-5.424362360660027,1.191979176875222,3.0064219679196347,-1.2058364658556826,0.0318977848919956,2.499630295765428,-0.9082113451287483,5.096569433867188,-5.450370964651611,-3.199310121821896,0.4013566800874883
-1.230719381669603,0.8885245883422951,-1.6778016913335847,-2.981155906216941,2.0777353334096347,4.311935826644299,3.0594306842084364,2.170192225192835,2.9198291742427926,-0.0881632891151866,11.482775520422903,-3.7374068197616026,-1.0753776248064495,3.1983752964938503
7.154027698476405,3.0796045002700976,2.026220211493822,0.1305286195696595,2.4187536263462164,5.15992787266176,6.108700675032708,2.43649460028783,3.436634145926476,0.751645563241496,16.38947848417301,-1.8459176812856557,1.7078572771546163,3.9477818289436186
9.352330222752212,4.070992041800591,4.400580220668815,3.2046819649160483,2.302428736185433,4.927448900380401,6.031217140992808,0.3873436627295348,4.516572920576266,0.6555931219106412,16.852881346110678,-0.937040335349394,3.230385111700514,2.4753947253748976
4.525239592488861,4.044012460414664,4.328121145316956,5.366182206775676,1.99637043995682,2.923815891461686,2.784013427050489,-2.6871519530810275,6.498332743431803,-0.6413030036104956,13.4462872713421,-0.9260756210785814,2.6122398056543474,0.1417903518715064
0.8324671887721707,2.703281595045892,2.1825807324655315,5.93443833054873,1.5632879681612906,2.397812464290716,-1.7982728454555996,-4.5377615159212255,9.205024721168854,-2.58643725691352,9.6726246797315,-0.8836932680882441,0.5598971432794713,-1.4641574269377884
-3.86768056507224,-0.4959727564340432,-0.5369458724605778,4.877322454141783,0.9605910650048912,3.15236788888896,-5.253250136171268,-3.702837339774305,11.844070561515416,-4.2649254847759295,9.063593154840405,-0.187323816994926,-1.3368736988968593,-1.6787253398266984
-6.048229681798544,-2.854306141041967,-2.346749115226956,2.913103083739422,0.3843972708541443,3.7434149819313034,-6.057900598170882,-0.7755342983360194,13.417832646578624,-4.985909454222941,12.463631662265383,0.7539832030453368,-1.835411732456066,-0.789097008923271
-4.3154935035321165,-4.4791461053496375,-2.741522236883071,1.0560488196731512,0.2749884659034975,4.790195042672412,-4.367096580292717,2.066390487922412,13.450179939091058,-4.516885403779895,17.688232049249642,0.913974600275516,-0.7919107985657661,0.7266414665972434
-4.678481412486129,-5.725624509220563,-2.263095311610485,-0.0663500391187241,0.8313065620414761,4.848463624258761,-1.5006138969002194,2.985771148658891,12.433113287736504,-2.9060285611328,21.627434704736373,-0.2454327620649294,0.980604862881215,2.6446124031916725
-6.069215728217666,-5.958794920166809,-1.7887325923310513,-0.5247849472927726,1.574132354690768,3.70827012265689,1.2099299640680314,2.1109360348870183,11.483792685693906,-0.2745820320340826,22.826341603735315,-2.1080163778727297,2.412849661502001,4.63979581576492
-6.046704957681086,-5.826763691801144,-1.772923095481204,-0.761268330043336,1.5974575774592878,2.639791651001921,3.1719622723841425,1.2641508952031728,11.358228838752112,3.0629677655997227,22.363259503409417,-3.3482409573671887,2.84963168229325,5.816222954223335
-5.373423508220642,-5.138750262493674,-2.0668668181948675,-0.9882788000303364,0.4354793855490371,1.2770622321635,4.3640913881246135,1.9985811144347423,11.647853583282624,6.28332719331128,22.500983249053757,-3.0788921317411138,2.335430061078142,5.063202302213924
-3.7212485173098537,-4.279583877417119,-2.3090453647525564,-0.961217684024156,-1.3082409380632145,-0.2036211234368239,4.675389256796201,3.851647757247939,10.966608054367669,8.06449437785745,24.50959046750585,-1.664383285763087,1.4653128475628776,2.1452055045424387
-0.7568702087016784,-3.332805962542558,-2.382110270164361,-0.3701559202620714,-2.3502195676440536,-1.6459083835673571,3.617699623036757,4.577271378467572,8.095975820208118,7.224262473283439,27.574839131858496,-0.5040497884531021,0.918257583664861,-1.6565241808123332
1.945086325027236,-0.4575161223205539,-2.4750030004405232,0.6013866993623651,-1.923037115553463,-2.645213752033764,0.8070619884355352,2.2196890582996573,3.137184521125839,3.620785609433831,29.56960677053175,-0.9684199821554812,0.9239987959348284,-4.285088051166277
4.469681959836569,4.388866542631418,-2.7372296936220906,1.2557449376766885,-0.6261265530951121,-3.0380626840189,-3.2707009443686275,-2.895857768420072,-2.3528894777299527,-1.4610574019565732,28.873511509762675,-3.291491977670031,1.04898378379567,-4.513554378173165
6.934103097240999,8.728801942979608,-2.911027770304756,1.08400476246959,0.0414253150036074,-3.27201411319293,-7.093258063501903,-8.10789874297933,-6.3690856213177405,-5.8702581198678025,25.7211376691426,-6.197727580200542,0.5869124218415926,-2.850738471577163
8.972204142457016,12.844521557915046,-2.347707485937157,0.5467597070548642,-0.8243425591320097,-3.179127333350372,-8.905494105720656,-10.354983930656836,-7.731701437764688,-7.733113501879497,22.092236694597887,-7.550221462491287,-0.6486770530490951,-0.810132093847173
9.222268390976415,12.934949660277637,-0.4798310512855224,1.0107437440148246,-2.437748629714534,-2.729829676713408,-7.918188571258174,-8.40959980499842,-6.621184753827039,-6.357238147891993,20.27510931036425,-5.690021158329115,-1.8502944384863405,0.6862347428494004
7.372118597057726,8.076227213039056,2.5863180450252514,3.608503675811532,-2.838300967770076,-1.9434208715733383,-4.865595028628358,-3.6063740987902,-4.154990410636971,-2.3716869900207067,21.10553586702776,-0.6689364259688464,-1.69368255627065,2.0636098884654483
7.124495817761442,6.355496434849214,5.85850674673849,7.898673069174157,-0.723643019770364,-0.6809578241758443,-1.411886744017261,1.2984508815317044,-1.6114776336898986,2.7449673951244087,23.0849257991243,5.495440654800216,0.4406275398333852,4.213383182661845
8.283358841611813,7.0241576211856,7.892771679313506,11.652495502204529,3.060481660581569,1.0768811978178978,1.0576366320208863,3.9787320389541407,0.0450732078909257,7.254299273768769,23.08540117753886,9.889588047530866,3.573692091012593,6.974728029812067
7.374319769645053,6.993607469361407,7.648790129782515,12.27009065312419,5.8760375735416135,1.2929463229578568,2.169789612790164,3.65498636470885,0.2641937783476038,9.610262095979277,18.351184733393254,10.497374907697182,5.558927104372314,8.717796962918122
4.9530763855462006,7.746830186933333,5.171188093282909,8.837197367051784,5.353882803429617,-0.1933110294494431,2.247551031849394,0.9650150651253072,-1.0373548024427883,8.880114312103544,8.510829498940387,7.4398966482970526,4.688945631771981,7.626380540024753
0.046623240698283,3.979138153425754,1.580333845177698,3.0428394248224286,1.4148420612288426,-2.131962238009126,1.455659170819029,-2.8413425587652235,-3.3643194204263835,5.199748860236909,-3.923121690688799,2.6854371169738087,1.1363926907314514,3.46105445323683
-8.112661524584466,-4.911209282747234,-1.6394827273576595,-2.002901262816458,-3.5340052517973106,-5.056927808398788,-0.5586956521901953,-6.554280400790034,-5.78222684905748,-0.0611384533031653,-15.12862185065434,-1.5474293447953968,-3.1337459423732525,-1.990423853127556
-11.161064716937256,-8.810988581455009,-3.5333475902807834,-4.173886936986662,-6.437863086043386,-6.199147921985471,-4.103917966843383,-9.2301692104106,-7.5237730566654974,-4.87467860280362,-22.555969235248583,-4.371248818801838,-6.021912453687939,-6.295433277759955
-8.923091931731495,-8.443419554872788,-4.11821685221382,-3.8967739216627706,-5.928609919367936,-5.234597595774142,-8.623249839612988,-10.29863709466187,-8.664411557160761,-7.780264033477678,-26.5136883885623,-6.512285963079599,-7.085042271917494,-8.308848953352864
-8.503665284184098,-7.877926757007815,-4.1231649200462925,-3.494180682812853,-3.2458137731952803,-4.058710645845872,-12.634112186731016,-9.809911992521464,-10.116688154850507,-8.884772306983066,-29.46359695527964,-9.18344134150243,-7.808142996994391,-8.861976276082487
-8.221334686385037,-5.13439806914725,-4.30769308908593,-4.907733980035005,-1.0781488280773033,-1.92897192402198,-14.64027809574634,-8.577580240435623,-12.692865197371148,-9.644951621127902,-33.612668809497464,-12.65202868274919,-10.03538567869832,-9.652392431298011
-7.855932678535007,-4.406989623404956,-4.88950826811859,-7.87718427269985,-1.3561320863411055,-0.5912222013316273,-14.154779097959292,-7.756735613539661,-15.973362100119672,-11.389077407029262,-38.81631788371264,-15.760665254063383,-13.933841050197543,-11.479944554467366
-8.412341348005036,-6.173788783216958,-5.447801893883593,-10.19471775330615,-3.767545360892143,-0.3188928557624778,-11.842938635022987,-7.902518026858402,-18.12856286042195,-13.793168368211909,-42.53028697062635,-16.716150599737077,-17.36454150736529,-13.477656931523311
-4.118310740529989,-5.236539423190774,-5.286892482245719,-9.719916343270969,-6.079405897783261,0.7670021108117779,-8.7543176175259,-8.295287423588874,-17.113255478391793,-14.80456179846972,-41.82724720810846,-14.387921811469909,-17.348385269769977,-13.919697501746713
5.186343693080524,-2.419209227131297,-3.956210485438163,-6.277611487845803,-5.923056676562993,2.2479589775922584,-5.548686869494645,-7.363237682314008,-12.370977471730384,-12.307719266855628,-35.82729388679013,-9.087468390462192,-12.472243284286606,-11.710617399677233
9.370291243665198,-0.3085039302907202,-1.5784765040993705,-1.7926380135901354,-2.6500352135731475,3.0266208039562965,-2.470635027758931,-4.0769663129056255,-5.58644038111504,-6.156801300770894,-26.614939345646743,-2.380820723171581,-4.210991271225851,-7.183008072167837
9.056307981566585,1.7967297221255396,1.1944787555176788,1.3084706441422045,2.107283755991517,3.266268629882983,0.1677582501992844,0.9003564325124671,0.2698273199177947,1.2970055204147286,-17.940935687363833,3.775683618404884,3.9846382353423735,-1.6572843035177982
7.1797982844405865,3.4277376452493704,3.5391898011739897,1.9221818165675015,5.555277683181174,1.7785407642805036,1.8383640451206984,5.509704565996117,2.93592586908008,6.781953806905989,-12.700990318501226,7.983643141851445,9.119922159015914,3.6105740871541623
1.5612423259830852,4.172078538229109,4.890574171411487,0.8159245715858106,5.708343822433932,-1.793076262447571,2.3145371242243584,7.928232787202688,2.3395904783721733,8.477173862724158,-11.082399474098764,9.976280382693176,10.638502831604796,8.059307799669881
-0.6431685592023871,3.9272644483212766,5.177516340222013,-0.332288822115288,2.775313181474388,-3.197704324267802,2.213512922386144,8.057872906230187,0.4259562832084782,7.160595445760208,-10.754318041171471,10.600397004730835,10.391587764615023,11.591565297202436
0.912830809260348,2.3481744967818616,4.738165751628088,-0.3819352252325529,-1.0349265259076788,-2.5272299074455704,2.7293346246293027,7.441833905593285,-0.4688035617590458,5.260447818044327,-8.928632199352023,11.189531562326664,10.724233879975344,13.922454596658213
1.333449777083572,0.2791363336315358,4.013498017268887,0.5496152727258732,-3.120350991098462,-0.2727091586410834,4.605093915976909,7.70516947027096,0.6292634639617631,4.7920092953646645,-4.679443380128532,12.579073973824336,12.342062209530924,14.295027503768438
2.2209821954479896,-2.437520299955549,3.262325638052914,1.5072674560677228,-2.296974337840936,4.639879381415143,7.351641134583986,9.078924993317344,2.8025022274131857,5.97091888864702,0.3000681609511844,14.353655496373676,13.742114772282378,11.940429973316895
1.6533490235651276,-3.3265402266809763,2.498728042412409,1.6990749017053304,0.5071050278547204,6.398398413878823,9.59258240496132,10.432548469997926,4.246789110006091,7.461494437908215,3.069903465629636,14.981041119621691,12.635488027595386,6.938623759764937
-1.011944886082443,-2.001909200022052,1.65733753898121,1.1633722645272542,3.100647940575982,4.875062214720914,10.27735204598872,10.65121635935526,3.8945561843749488,7.741342706934688,1.7931561339008797,12.961384758987208,8.116921851674874,0.7161507910019509
-3.523283225200643,-1.2036136745061057,0.8035604448309073,0.6022637650788738,3.677254727167508,2.856148831316083,9.578999354591588,9.842584328842918,2.3051100303276257,6.331940517841133,-2.8239515183412323,8.239028849329088,1.721485287326118,-4.383868598281026
-6.481229985670001,-0.3058888664086194,0.1703601063497331,0.628262254812114,2.001713991951874,-1.0266942457339043,8.595353226986276,9.13882113890611,1.1301811889827036,4.0651982239918425,-8.02776773301781,2.679336175121477,-3.5529250641973817,-6.343666883055164
-7.351271058679891,-0.5962306299216211,-0.0400788247339392,1.141493751987127,-0.6468995646782787,-2.242071604165904,8.192413793618755,9.397131497553971,1.645394497776067,2.432638740917696,-10.866476028980289,-0.99713192246179,-5.466594488549731,-4.732958505931606
-5.612492931786142,-2.6017231478139435,0.0776070868101612,1.393640134725615,-2.563021152355418,-0.3276476995144685,8.179778601777826,10.226781818166444,3.5842497169938667,2.5812245421476803,-9.903360938426149,-1.14178110541161,-4.153356533257522,-1.0540850448415426
-3.971903094495139,-4.469892677060866,0.0786673089338592,0.6544223166995096,-2.8241188948293825,0.8673504965618746,7.625916779299132,10.343196830261888,5.232105269112253,4.528293608788175,-5.749952421326441,1.56309850657658,-1.7951880866799002,2.1823096328267297
-1.72714176187323,-6.643335309032762,-0.5320209574821888,-1.1564635636079288,-1.770189597407864,2.41958048078199,5.934342717591278,8.832751414858592,4.698314499876176,6.985000590068808,-0.4752491795025548,4.584501216637989,-0.7003710057343255,3.063992086967687
-1.0017401070464047,-6.791858068422203,-1.831891830183736,-3.45058192308187,-0.547615423666798,2.73453932307584,3.55379513478465,6.027585406287585,1.3510420783931636,7.963631211415986,3.4260758960248268,5.386217377727007,-1.5130753510384238,1.4195802127102866
-2.349688271756718,-4.432228766335119,-3.2661884547662794,-5.514258139184335,-0.1814242609659686,1.2028087904013345,1.6185292854538602,3.1796009027648893,-3.68283403935078,5.987232204971406,4.0157147695744015,3.1417387034358057,-3.098465910873017,-1.308222819973878
-2.8228984555178465,-1.9279308784162987,-3.971351656015713,-7.000124700505978,-0.8792745616174784,0.0726979212586867,0.9244435116245312,1.35322755283795,-8.258411164147276,1.2429320768895875,0.744415569031446,-0.972664605884006,-4.023750211362994,-3.270415805371499
-2.997720289004127,1.3871702712712304,-3.449930935045785,-7.861230081879768,-1.9932678308953484,-1.170049942795332,1.283886345807133,0.6444266113814194,-10.5380646174319,-4.174467227429176,-5.008975537552828,-4.892847049355453,-4.033822316974238,-3.4955739784134607
-2.133795656624236,2.559030268608195,-2.021599245689117,-7.9146479131262595,-2.552597035117742,-1.9057835002886443,1.848045138927944,0.3786385607926945,-9.90460148833165,-7.322092043632779,-10.168842310454238,-7.0637988702901,-4.015932343025042,-2.303539541570217
0.3185195309459136,1.0222186567263831,-0.5995432538161367,-6.716284891968996,-1.9215258133188515,-1.760871920931331,1.971498470570225,-0.0645097548314765,-6.951413135392102,-6.240239784014079,-11.34376726400319,-7.0519176510200055,-4.601466608929684,-0.7195545116105109
3.141459890939741,0.7180890054153436,0.0538706430615434,-4.1022977596979615,-0.1534335525765016,-1.0757296734812447,1.6916452960938102,-0.6826233136044095,-2.830576162236412,-1.3469242297008748,-6.915865115255599,-5.269604794484394,-5.056693984210085,0.4362930524518162
6.704491795453172,0.931184356966154,-0.0754375041949231,-0.8855837626887535,2.093143173855026,0.4780000835415304,1.4066418753664038,-1.0359541843611169,1.3856285409751194,4.638258627153789,1.520217875094147,-2.4723993658933807,-3.832743666736036,0.9992688342733516
7.854521593592478,1.1982440008074762,-0.3433909063082865,1.2351950287381896,3.919632575654561,0.9707481028651344,1.2540656623677648,-0.8697778005078476,4.949196754897287,8.312560067561805,9.714709597465998,0.4552619843998116,-0.3067288762749456,1.2319079124542327
6.161129306137716,2.1440029044935285,-0.0931890804423289,0.8582784522226348,4.59640880527769,0.312794337915437,0.9899021371209358,-0.4522510623919515,7.428249209678484,7.747097683951807,13.368527501922443,2.572779895348077,4.185326273698621,1.3368809548950369
3.0825443839754576,1.814567032469392,0.8013922816379591,-1.7304070564400431,3.863246567618262,-0.8174940380066109,0.5168681213459365,-0.2707503869644938,8.753608616320292,3.7502538103040015,11.114656470094332,3.213814052285329,7.309831363862003,1.2514098206744109
-2.344807804210011,0.2021613323469118,1.9720996089765208,-4.344705655028093,2.045288195115404,-2.9280560120155177,0.3571049790108986,-0.4420255894163176,9.325706254313218,-0.6581995366689739,5.555816357289842,2.5082314778720445,7.866766967235321,0.8577028174350687
-4.05562955390044,0.3662548218900876,2.99032166586224,-4.376615162909587,-0.074986792353286,-3.5497086451529736,1.3195489905328373,-0.5165645297711023,9.872948276125555,-2.2757491486857475,1.3144563363785269,1.4872302687485046,6.912989094482015,0.2818351511495223
-1.585591820301541,2.0975393895683694,3.638888012529435,-0.9036301873597524,-1.6231035540591705,-2.5316750461678947,3.506987205058138,0.0413033481825948,10.907026419356171,0.1005726728114808,1.4599698728745096,1.3561911394740775,6.645208780339587,-0.0952790760975403
1.642546343977095,2.973843532212663,3.7790372852183225,4.405251791831915,-2.0556059090764904,-2.0879209382727555,5.705061810522324,1.138948663596537,12.141769135532243,4.86281335758359,5.194004993167539,2.3921094731026784,8.130241651151607,0.0685677415590362
7.1997169294060335,3.485017950754959,3.1649951704430777,8.513128186055312,-1.3500701242355009,-1.690518151222116,6.036233656672295,1.8502782926584445,12.49912214364997,8.74378158814136,8.76047317998794,3.5251094210698426,10.201663291657296,0.801806439051532
9.47574950393577,3.710835926599116,1.6568425701241551,9.43054567972547,0.1700069063280409,-1.2798261625709737,3.567023390275324,1.0253834645410933,10.895138325703345,9.091525422119688,8.77627553417338,3.204147014630621,10.636267418309842,1.8346034170494503
7.849604615488299,3.2492690715598687,-0.2823394282260949,7.763259027458375,2.1651623076474635,-1.1632141323472502,-0.5294499588645465,-1.7467422026329302,7.216982371308859,5.586573393570959,5.015739791915948,0.924600227776395,8.347898263975608,2.8214583444159587
6.971609820200656,5.957616970461753,-1.46521441644186,6.052933225310717,4.394925123833069,0.350218278745679,-3.481994319577751,-5.633172469764467,2.6017225802989685,0.1837867357334275,0.236351451603447,-1.9883967671137557,4.325591512545415,3.478208011498843
5.4635203177318274,12.048555520932828,-0.6775010595204378,6.524815679861881,6.513683728647813,3.3002431427164343,-2.927159816844487,-8.938256207476392,-1.2806641841960626,-4.518018893351616,-2.5411243157645487,-3.223542189616289,0.4606459323867966,3.5445889391262497
5.151468159302559,14.60813864454306,2.243148048226324,9.251632936182029,7.876640991186619,4.418768055337905,1.147487602457801,-10.077750349364806,-3.3024438771982148,-7.061727865577652,-2.536936830161295,-1.3766401974162503,-2.3075002987462625,2.8110208181747964
6.714305253877173,14.110387031332415,5.975173622084558,12.294277658617272,7.769571095157005,3.8526433750776623,6.164835660598104,-8.459497501304412,-3.365162537343597,-7.666627475428342,-1.1867459053909144,2.725469334350816,-4.441415283314495,1.40300357398678
6.292043199091618,10.593271188574109,8.51554493891187,13.543425705029602,6.028729258457357,2.76086563491432,8.717892117533463,-4.769535809073558,-2.008132840841096,-7.29242938485015,0.0103752461334067,6.501655955142148,-6.437148989603294,0.0611902002090722
4.323799875035922,2.399842518229497,8.660174989626668,12.495272355237542,3.4813685821263505,0.4308458287926578,6.992855140230417,-0.6147138422993166,0.2446868081003339,-6.310999542348826,1.2496018426375652,7.591208540320191,-7.373716521426257,-0.1130664333702862
3.6783861613444,-0.960078010881806,6.891618840930747,10.409513723665984,1.6308439629249456,-0.3837568558169237,1.9897216330426544,2.2240855670910578,3.025182011585371,-4.133783799369778,3.900177137031012,5.70534771514343,-5.329184813556839,1.4727584772452769
3.849128139045031,0.5798218433759226,4.877229414043649,8.901628916949992,1.6422247564589725,0.5262093377983644,-3.3325474089164064,2.6103088339585394,5.72659179269504,-0.1587777979173932,8.409477449322997,2.800045611521707,0.4443044899877595,4.160114681700791
5.657648090660583,2.374807779105975,4.019819649316927,8.42446157511433,3.384935785240078,0.8054992834304542,-6.222450638437197,0.6220697825541865,7.321589483418796,4.931955605950845,13.049322435642978,1.4200589649045234,7.8390184578196465,6.345233749248399
9.725120327084383,6.578134439077847,4.327425859255339,8.01975786715089,5.366382448071956,1.071240807543411,-5.909822965430145,-2.4422648530476394,6.96303015023727,8.935571942231292,14.996123266412104,2.583886460784925,12.784812828718133,6.810601283293142
8.95851698511316,6.08551886453321,4.527297522411338,6.390012818336501,5.717632755394693,1.3104325283498568,-3.745956602246597,-4.761615835186483,4.9258115586751,9.454669353739275,12.754134366016189,4.93529855628125,12.302334483983074,5.848239909510305
3.1893698054798856,0.0928876202091235,3.218537729529689,3.1367250474813773,3.5322854269533863,1.2221247660498689,-1.8518216095893576,-5.094539732640598,2.7636675581585664,5.80007918461256,7.530097847510291,5.815520728298129,6.981817224494414,4.90076242005528
-3.388751354415195,-5.067818757277489,0.0190873916716043,-0.961475259703512,-0.4561128382377433,1.5617006371040096,-1.5191992074977634,-3.5851481013649007,2.1260551244293566,-0.2082612074938268,2.2261024093424098,3.3513730646993807,0.4863695486440562,4.896615369932988
-12.402969348657772,-11.098807902511744,-4.181544161678275,-4.688588342044049,-4.373027259853579,2.260009312844375,-2.5847693633040407,-1.6421658982027765,3.106492779142549,-5.388053193756555,-0.9445587014630306,-2.1033576953033943,-3.534385403688198,4.978803798142955
-14.97452017331324,-12.605765059327371,-7.884920504989381,-7.2601889211724995,-6.48265793331398,2.1601471352094537,-4.00331636467596,-0.9056417516893802,3.778275914509301,-7.453639255407779,-1.95825700279908,-8.2284477724343,-4.248284446246721,3.160556325085928
-9.947967149747615,-8.263657877893166,-9.878855159043418,-8.50667255244688,-6.2648395878349845,1.3018123916500943,-4.861730203496428,-2.0485941696083856,1.6928389729926463,-6.542135917294971,-2.311274413099717,-12.370312753628674,-3.6330819158142376,-1.495095126210856
-6.239529831892429,-5.136994250591121,-9.714671891077389,-8.440262002911709,-4.518382286681877,0.8124998623684692,-4.931565993064041,-4.333373954437832,-3.7767014153070377,-4.783446841361183,-3.0349220281891007,-13.226486851349769,-3.956181246496087,-7.346096709584373
-1.6902483877703074,-1.7611512124186204,-7.675592499457565,-6.9576937306324425,-2.553443064989125,0.5029406992760332,-4.518617453410272,-6.260462115314013,-10.419624260058,-4.3897062153860205,-3.466996248434853,-11.407267994164153,-5.469116358715695,-11.093745549410322
-0.9888901881776874,-1.27460166823256,-4.5570795536349,-4.187090697564486,-1.264091268638218,0.1087895614320079,-4.046369591776305,-6.7687632274259855,-14.672539119310372,-5.958431618378185,-2.024221417471594,-8.71730365243068,-6.609849394939289,-10.6039097957578
-5.83669966854465,-5.087376645012708,-1.4858204720959165,-1.0991011292532065,-0.8422775282102606,-0.1867554058252736,-3.8531161155146094,-6.002652143517416,-14.494318305657274,-8.338069756771269,1.8183030407082867,-6.934529659910616,-6.240932588984059,-7.047159020098334
-8.598953995847724,-8.188766576499178,0.3350663202472077,0.5218909628557356,-1.155586855078191,-1.7422011109079432,-4.207934770938927,-5.030000279983362,-11.102006232720406,-9.912181121543654,6.418626334542985,-6.977332083489984,-5.298682586131179,-4.190811999774731
-10.677066420570146,-11.680906650354045,0.1184982803398142,-0.8465061060432291,-2.1403165602332024,-4.675814236240936,-5.234971962304492,-4.782703922736303,-7.9455146226016495,-9.970740437414072,9.062195679634762,-8.750179825609969,-5.939774304917563,-5.254092441743353
-11.849243223520634,-13.365956205121572,-1.971705501877992,-5.067610531405904,-3.67573267541227,-5.714592223694327,-6.665637362905841,-5.1636560427782925,-7.778640538173072,-8.99354205388267,8.439435615676736,-11.377291518080831,-9.05030089873128,-10.04166300692428
-10.826847165026402,-12.304450081698064,-4.756051498499907,-9.964187741308857,-5.174828985466732,-4.962045349380411,-7.76907025526171,-5.1440538061743055,-10.425532805129867,-7.857636447235279,6.1705194061996025,-13.515736682742087,-12.848986024271989,-14.90771054921833
-9.81418741141186,-9.297661935772222,-6.723143536841697,-12.614904266894465,-5.628794933020586,-3.0590478027885237,-7.792894703902135,-3.805220903213226,-13.185083015531603,-6.960114769070941,5.716413585002414,-13.787876785884947,-14.26394723068968,-15.63134474777386
-8.305404256516434,-3.3259466534779265,-7.052907997360023,-11.498882457146465,-4.401371229633298,0.7828064974641813,-6.675104131245007,-1.384538679263187,-13.38695370555402,-6.125063152596965,9.398327652137397,-11.46665678809748,-11.869382930702116,-10.78577891893898
-6.152718906394739,0.015655049624988,-6.12826993320742,-7.727879694016117,-2.093176104407817,1.9760448954740095,-5.308293603193015,0.7144755979957935,-10.705132801494791,-5.208729312880926,16.127328024631133,-7.1404508259958845,-7.451927354661805,-2.856035966682967
-3.611962066342474,0.5510441271281905,-5.051273208792495,-4.227765638744529,-0.4301360651836035,0.3134484202947127,-4.906201014137437,1.0990523874619598,-7.190104023414811,-4.562626480640184,21.97301169710402,-2.6867057027933754,-4.534092287157996,3.6599113560915058
-1.701287405911839,-1.784730441500701,-4.5867591225070825,-3.457416648231593,-0.9616520975016484,-1.6234074427964786,-5.899557223790531,-0.2359766572937118,-5.165415596876265,-4.712007656667261,23.215042271422146,-0.1835968343238292,-5.165284937721701,5.499750227125702
-0.6066473421223081,-8.622611703112087,-4.516767538086391,-5.5402012150110735,-3.623668313570576,-4.938580508651656,-7.37867265928616,-1.6374369038399903,-5.0483039145665245,-5.521303999054126,19.302623640577583,-0.3625191607521927,-8.003746170699351,2.713829626252462
-0.4724130291047163,-10.681483529812278,-3.9999889608806143,-8.330781484142094,-6.563504351391465,-6.267555140133274,-7.709949245114863,-1.0358620648196393,-5.085077683044055,-5.797958613233256,13.219225335541978,-1.909780932976922,-9.484805703384351,-1.767304986328675
-1.7170996564064982,-7.962542076668056,-2.5532576994977774,-9.265396713444431,-7.545435289179792,-5.178489683247765,-5.886761177004416,2.2691153171245304,-3.141588838972765,-4.006160817646695,8.998942096945719,-2.4467039336238017,-6.968889336131959,-4.431845261767599
-2.1388389087055786,-3.282613459791673,-0.6799936767447647,-7.377679126283056,-5.764320756702631,-3.9809054345296753,-2.4565793794383666,6.828197794839561,1.1637490511267288,0.2994667966576045,8.50966464369521,-0.5549811756213927,-1.0041193603694154,-3.5531663254288404
-1.79876615113898,5.598194707524951,0.4631624970723322,-3.867645245527165,-2.4727714116154544,-1.7724793023612817,0.7944218429824517,10.009546932881785,5.919158693051216,5.579024181281952,10.106346939291804,2.892679224564759,5.200012640780166,-0.1110476550726886
-1.6713233702441377,8.546014942895845,0.0394939292612264,-0.9575431385142535,0.0946238313972784,-1.0591740683945663,2.142882299147054,9.95749159318779,8.429918163540542,8.981281192644204,10.129223042142035,5.388301010086394,8.415801029307353,3.095520051475681
-1.2927881090676303,5.004399754795067,-1.749821809601961,-0.1574440204040641,0.4997681360329835,-2.2128073127207,1.1537298750227691,6.939582379172521,7.456427124390224,8.339278337504794,5.948973913193484,4.969910461607611,7.759446924707014,3.426435143821557
-1.9228080828072385,1.915927887293333,-3.807491130712876,-1.3366499635850744,-0.94350536594564,-3.631671595259916,-1.0934756967880404,3.0305724115007564,4.281832231198447,3.966742550182929,-1.863812855272485,2.0125148702755453,4.922508763613081,0.2421837573522154
-3.7029371270644655,-3.064051557497049,-4.954410492493928,-3.120807281560687,-2.703815013430308,-6.024966233194318,-2.841080620387764,0.4909964231444874,1.7434693658168463,-1.3208960893226909,-9.911150626400604,-1.0070591737858337,2.4395640844470456,-4.518791026102694
-3.5292169346409654,-2.82330501920039,-4.699932124810065,-4.0398873582377455,-3.39264137599076,-5.934192719327397,-2.834225775563919,0.2102300307567368,2.049099247753212,-4.163961479513571,-14.559584525072244,-1.5890121269009398,1.6957663365803377,-7.503330133815062
-1.4951817641592626,3.956439812715764,-3.403564058157343,-3.4467776106971115,-2.7095263153007494,-2.9752900209435333,-1.0099601297749707,1.3810938534152797,5.141263292425872,-3.097710576181772,-14.69728309935412,0.7177780863234702,2.2461321154249028,-6.2568652908340034
0.4800576201940983,8.164228204038476,-1.8386060642455495,-1.6490113204538446,-1.298478688577287,-0.2965851851218103,1.6581719771949075,2.4604990700823173,8.8579650098853,0.5203876038284392,-12.440946539697867,4.05990424644239,2.6750197233770727,-1.1422640358626523
3.0104982380236027,11.502912072982772,-0.6154470425113558,0.591092051252275,0.115215666080239,2.935202345312961,3.912370713953935,2.469468375112987,10.667361540244608,3.840699735038701,-11.208394419052071,5.972567265796377,2.00389881572975,4.667154819846356
3.509504630109391,11.090132425621515,0.0900732639469694,2.63786298244937,1.3861619568876566,3.965994705079323,5.001886870120799,1.5869921803419658,9.543810304828504,4.911655051931211,-12.786100099910591,5.437285375447985,0.4627035908647645,7.332235923231865
1.517948321052962,5.103269129086844,0.4103053229327553,4.218242725974749,2.825559617866139,2.1213778101960328,5.024491263573057,0.7284630083964707,6.5485240122184765,4.048031552012223,-15.943361871073291,3.5165426583275377,-0.8467967168930617,5.09060803525267
0.8620724815231856,1.826844558855026,0.5125691908128598,5.28766069314574,4.5355033948221495,2.509717291363885,4.654858367645919,0.6428489327857223,3.7949407692572006,3.095269677783873,-17.828978658522566,2.159809145861603,-0.9698942084898868,-0.5507460777685047
0.9759455725808742,0.3432475781297838,0.4862921711159842,5.812848744841455,5.964577819400427,4.5373479439434,4.49774000733068,1.332421151552157,2.7523375655430806,3.4538521658355528,-16.873866496286453,2.3879090641554352,0.0669888839417343,-6.065906555966428
1.9539399598462084,0.5581089558652284,0.4645310781206002,5.757779867516628,6.213533311034744,5.80343115936356,4.569532384676093,2.183321719880121,3.255211614443109,4.789387438887347,-14.502168113020169,3.4828600859490866,1.256286827111472,-8.44423353640152
4.536042221839917,4.18028957607013,0.7617761180292,5.279145516378224,4.8623726838228825,7.125334374382007,4.343092201079504,2.557594847729308,3.9005012485162474,5.562108081307555,-14.022842093452642,3.791796911120005,1.4268022520824424,-6.921271222350359
6.150244314847742,5.887292555420443,1.7626736517381376,4.852257402070502,2.5203410031629456,5.740433841490755,3.349975984249461,2.283348335005992,3.368978880864228,4.702707658756657,-17.68066659944088,2.325261283692297,0.2106864636165983,-2.81418663792651
6.954305138844031,6.037182105882208,3.565629664966613,5.05256738437693,0.4920575504280746,1.129231053605675,1.824088677805392,1.6851217107942975,1.537459757682254,2.7191991827101702,-24.531640844410948,-0.259499926584164,-1.6473967151858409,1.852481072891916
7.748287436388944,6.22498435009895,5.71828317041682,6.052630422264071,-0.2273677373913614,-0.1530736206306147,0.754183382931755,1.2477143853269157,-0.4827894047307923,1.194806128041713,-31.008750004397683,-2.0690744729521047,-2.921050819514276,5.4888223216282
8.016503599247033,5.40348778114653,7.3993694242696915,7.2703088638006435,0.2636726301904435,1.5340017883742456,1.1909520086619558,1.2731947555019705,-1.3328417963725236,1.2615574686380135,-33.60382321508129,-1.370298715409719,-2.952476544026812,7.194317340805867
8.199224402945436,4.532728785150463,7.9988870417208755,7.610184201930151,0.9457336286532704,3.886270720770672,3.3470588118108093,1.780672493038116,-0.5622643398613576,2.567881505651963,-31.337345815371197,2.1487911615399917,-2.2168521142939355,6.622364559153066
8.279516815871878,3.578517429023204,7.594015771177206,6.260703580087357,0.8516915871012198,8.27789492683905,6.279928261227937,2.595404653803186,0.9910161345372116,3.664918927815041,-26.098189721879294,7.133372902065833,-1.8999398136865613,4.11499733101879
7.244616168333345,1.9545452685428808,6.824245227284139,3.4321630167646067,-0.0843252278093373,8.937535522126364,8.470057575926846,3.418851665375355,1.877699855738072,3.337549049610459,-20.892457691036057,11.358224941663009,-2.837877689500853,0.9566678324263088
5.080497552048934,-0.1976925346535127,6.228696281412237,0.3380266488734094,-1.0946245812524855,5.391465086207523,8.834124532171387,3.810766644970617,1.185196400036464,1.6093453543737866,-17.656116984117652,12.90974528948407,-4.700058538866934,-0.9613798284626256
2.612825881544923,-0.7568796473003062,5.694207918701238,-1.6763508916737957,-1.4299990430692624,2.6934568514302724,7.373080245196338,3.24117494229327,-0.7907773119167167,-0.3888721554806551,-16.304841746668817,11.048302437184256,-6.073729177127696,-0.2560781112735846
-0.3665086517082659,0.4098632294230191,4.627756257573751,-2.1541480810334264,-1.088412800959226,-0.4634869569477156,5.024143380043451,1.378074813074111,-2.8620749099989844,-1.402752246890632,-15.42244203950305,6.467618296437738,-5.376687126069388,2.880318328207231
-0.6184419109493716,1.821757754705083,2.754037700953184,-1.7774958063753807,-0.6859478599695272,-1.3745015821462665,2.953617590228508,-1.5036119477308816,-3.9171582199136417,-0.9663683883573704,-13.690847563313572,1.0365837450408506,-1.925138803070162,6.7290014839263605
2.302884158455732,4.004208127243147,0.7377161250812634,-1.5949588484678294,-0.6641924635744516,0.8903865435762687,1.864729443401071,-4.382466669099539,-3.702833257250319,0.4204394061660217,-10.826074149914326,-2.848472726626809,3.5659868216592905,9.333765209705248
5.828116593246511,4.147477011682128,-0.0960921827688103,-1.9391904286439328,-0.731232707721734,1.9841944797136752,1.723215356267822,-5.928269435850886,-2.8308161907599576,1.8039867375331688,-7.443300423518494,-3.223734448394623,9.349204052770808,9.960840093759078
10.846822654023466,1.85241480964146,1.1799532814918976,-2.072099774961419,-0.1626373518522896,2.689104781686178,1.9468591135402635,-5.349246841735951,-2.1419456362228537,2.4819898905022946,-4.224710712879187,0.4256375764989748,13.624991947955431,9.47165945898914
12.044898931907891,0.2996392431069966,4.19132305446502,-0.9128612256115324,1.3565550057603346,2.915657334217621,1.8938704910644863,-3.024191788663177,-2.050409633799127,2.440193250732684,-1.2422974973418128,6.671437825599181,15.526635043316425,9.358749020208563
8.681907486801457,-1.1757363641108205,7.372928835386567,1.8419829331877156,3.2741350854639077,1.9231750808406565,1.4038069064942142,-0.3377597351397625,-2.361494191339041,2.334304976545805,1.996256449025076,12.71167440157145,15.494424369302198,10.380721660084816
5.868347863230748,-0.8805260327247495,9.043125790196282,5.269585266143757,4.632022796477504,1.3494638021747174,1.0478377878185796,1.2487424327697632,-2.561345001328636,3.0562465649393253,5.921284930451272,15.874120327249784,14.790980403291236,11.973304497414354
2.2570182149306497,1.8548967877784512,8.515288712440771,7.839230364701777,5.000031781879574,0.9515385794227216,1.757980839683178,1.1835031926190671,-2.249569163174012,5.079291642153972,10.328496811619775,15.09556485063678,14.47949970637062,12.796707539889605
0.1247267210332198,2.031535651400408,6.340487959353386,8.483109469848259,4.897837177523083,0.5588471550052675,3.8928111147242106,0.0649058677903013,-1.435426727221806,7.927587562377134,14.361032891901708,11.287550834698518,14.589151292852602,11.786599189397077
0.3381131184243914,-0.0385010093623428,3.6254475676093634,7.175123303158106,5.214559763215966,0.4409709313814976,6.442928533281989,-1.0285085276424084,-0.602262120707227,10.177648925944531,17.005602484617814,6.36817983827256,14.09569457779632,8.811461843866574
-2.4365018986834333,-3.252793675274884,1.1784601797455494,4.683694798943659,6.171942472673194,0.4360109390777317,7.309670168038206,-1.4752246236380202,-0.5132422746344503,10.171339324229628,17.67251892615673,1.8663324177709164,11.761154043786366,4.580476302001522
-7.676639313352017,-8.692455521670352,-0.7663679478122383,1.9736581836140843,6.897317900689608,0.621996447046691,4.8508984299787485,-1.4625435402262994,-1.758732934432171,7.121453931744565,16.49599651914042,-1.7161739930274005,7.226420290049756,0.1243920204440343
-9.872635186869024,-10.252902933909407,-2.20532971919922,-0.1435060685664986,6.120198980700106,0.3236503016799301,-0.40353572200436,-1.5171460735579672,-4.234517597662759,1.862350987030492,14.290435673079871,-4.458238934210328,1.5327099462385476,-3.6494139316414937
-9.616871911101017,-7.598531296739663,-2.9823080189551945,-1.0693933331106358,3.398194145230459,-0.5170821205153804,-5.537136650729245,-1.8054066036477288,-6.976830111058483,-3.4181431153348143,12.240150247905614,-6.265739319010134,-3.3663000894602035,-6.148932268860246
-6.150519921667591,-5.00561718496092,-2.8613918306680226,-0.5779300355326704,-0.2914170845491277,-0.9168199727221916,-7.168931433236242,-1.984902877031299,-8.679183919724435,-6.44630173881089,11.375458794507654,-6.774717623629392,-5.819410908426164,-7.178622690941147
1.8374650447481344,-1.0588760589675643,-1.935927464989831,0.8217638760576094,-3.206684193719898,-0.99343774501358,-4.184955200504064,-1.7356706042780363,-8.645211418755618,-6.302684508577434,11.984868784091535,-5.994793330026324,-5.5744671164666535,-7.014697397233126
3.86471648779612,-0.1517166534435772,-0.8301271279359419,1.815865525000916,-4.194450727417278,-1.1106809763711918,1.0931595202388067,-1.3061976825201018,-7.378513604183405,-3.966817347726618,13.362613776757794,-4.822376861181162,-3.922312463255487,-6.340765874334252
-0.2142186701532223,-3.114240159194957,-0.3660975088056197,1.0066357566025346,-3.53355261184619,-1.0998189068977904,4.550256103186559,-1.3606840660233157,-6.150099410127989,-1.5211343848209324,14.28365737080015,-4.609916085458742,-2.708543702235147,-5.895749844230174
-5.253867930204283,-4.767858059993225,-0.9578771944887556,-1.9039473713349848,-2.537759192067041,-2.0454736383327057,3.495503343792109,-2.208137004248906,-5.775269146675466,-0.6165137884957659,14.032551089538796,-6.008510950940327,-2.933240151443737,-5.9979391829218365
-13.69002046843234,-6.22124694039428,-2.308366698337865,-5.565131369350484,-2.335418649591743,-4.070592721030747,-1.3054324450271435,-3.267890281810544,-5.673237512934378,-1.3944934781537288,13.137140311164517,-8.202231863255768,-4.081257089070599,-6.367049029390664
-15.420967910426691,-6.371912125993763,-3.6920579009041976,-7.833900309756286,-2.9651823277016938,-5.275876911906622,-6.539624983109185,-3.474806700973124,-4.1792535632430265,-2.661261309697876,13.01329032130495,-9.41462327494299,-4.784803762718633,-6.463555478405787
-9.358311657981831,-4.323058422149565,-4.53645959834796,-7.486688762353458,-3.562088244579691,-5.832679792860467,-9.261904461938972,-2.329317450963437,0.0051859121874695,-3.044660503761394,14.698986593745309,-8.37035654879291,-4.236649634340221,-6.035526501521261
-4.385501018748324,-3.4272428533022987,-4.760157624318829,-5.244353983291152,-3.351787180456052,-6.079555235254349,-9.086502554449693,-0.5112493386281125,6.43098295484543,-2.0865898943436623,17.82626914244225,-5.416335581038094,-3.00438183128318,-5.2969267688378565
1.9276879993267224,-3.259567124968417,-4.626901861320829,-3.074577600011541,-2.447848528283621,-5.621534679026069,-7.779867479533786,0.6810895073200705,12.845923661241368,-0.4023065445881411,20.847356550586376,-2.253385694397503,-2.403882110873392,-4.545580608603974
4.589882688358465,-2.6325810272831265,-4.372792793038737,-2.368167757788253,-1.7133134870326303,-5.1057729327416,-7.000102914550652,0.599411613472963,16.620717410443817,1.049026002543341,22.32117935435024,-0.5002477748480016,-3.022113022607733,-3.690067310380304
2.0295179029882178,-2.081653945772631,-4.028537269576639,-2.729253602211828,-1.8737967621185727,-4.476545359907124,-6.645857546032852,-0.0591652361397585,16.537780268324262,1.7887195469670658,22.01511623305852,-0.4033191782925511,-3.929890654467785,-2.3279997713957723
2.4000060596173345,-1.2184506393372,-3.5576785732439937,-2.548671060090101,-2.7516729088759515,-3.6567863121503295,-5.414602863686188,0.0840873413503047,13.50994420668708,2.0090052221852748,20.800551973926915,-0.8626224222013787,-3.520726655070911,-0.4110015841729364
4.35480990764246,0.0445667216415098,-3.043050649259218,-0.7705246472427572,-3.327560956672171,-2.770292408483837,-2.733668176025942,1.6513053339526769,9.711990797332689,2.1090280453396097,19.559461558144434,-0.6945944375783926,-1.2421447935675438,1.2435761654993538
5.519937351263976,1.3242572809809523,-2.63445415166332,1.9225504333788697,-2.5621445865397208,-2.4292737937537496,0.1759879987571517,3.7287366166291687,6.921825988255031,2.1588745968101115,18.258997044421875,0.124209035785606,1.555518238810643,1.36902012783575
7.099714940527038,2.7155019134037803,-2.317455550927164,3.693101538331022,-0.2702126808433052,-2.743153064479096,1.3038778275654357,4.595706616816309,5.4486106885541705,1.8374909285049916,16.087482526814085,0.4624575649088078,2.6790521428171266,-0.5213801861934702
7.185703064181679,5.518072312878767,-1.837183272449033,3.3206379224539138,2.654525027422073,-2.314529498202185,-0.140495376649123,3.337356524694031,4.411189604632802,0.8534085090553063,12.451584265364897,-0.6953180764352567,1.2011770232348518,-3.185801809241301
5.539925780518621,9.81633513418285,-0.9521706977254132,1.417225905835755,4.817068210963263,-1.2395376188890597,-2.812116562244589,0.8255333931626416,2.9337077845945307,-0.6103162484152047,7.849298899839757,-2.9481851745937435,-1.396929293522276,-4.098291940978171
4.8513102531763765,11.12627036303075,0.2249306252945038,-0.0890496531016857,5.259766627862718,-0.1848317868524376,-4.31016354277059,-0.8753494716341909,1.100232558135754,-1.876835366608168,3.805202280321902,-4.468246198393551,-2.28572535866176,-1.2689530967075449
4.780538725660698,9.403704751347831,1.2143125987702588,0.3147396882835673,4.102153408489167,1.1134060429569372,-3.1268605754357544,-0.1549751079773518,-0.1533515885316458,-2.225661630628584,1.88356654640533,-3.418202569994158,0.2420768534387445,4.898848947575786
3.418814232747964,6.1760129986992105,1.5723464255972546,2.423705968638457,2.453230438850144,2.004360535359221,0.3664287292683621,2.8908258709441803,-0.0127489377308593,-1.4374587071291414,2.524917885683127,0.4083079077224746,5.064446947543299,11.344161741739152
1.1200675975224272,0.320274130324447,1.3182729857033424,4.59936637418345,1.646640638306927,2.379930728372936,4.550572742448399,6.603633761853984,1.3340453989391192,0.0214513533255118,4.588873238650003,5.173212974970968,8.885633283980091,14.16975076061482
-0.626466187297689,-1.7448342724581962,0.920641588304723,5.26483922696494,2.290245994297373,2.632525513943284,7.857307774482549,9.020119033571005,2.723165557935532,1.3254169489043233,6.012956125511777,8.200558641263482,8.807372600132421,11.34248198742547
-2.017115139137439,0.4276891856762199,0.8306598551119966,4.178640996152543,3.782926381900124,2.5703113045565567,9.452988144478958,9.107604922522675,2.910933109168832,1.8446212934347268,5.21411870839471,7.827474068006984,4.658571727279163,4.214152676169967
-2.7975020193664504,1.8009967937398266,1.0432654557491805,2.4119916293255166,4.687841086144671,1.6098972933452738,9.056061589668438,7.1075848891586,1.5467375142310955,1.468104891906612,2.2490860156142816,4.457094046115148,-0.9125311429149354,-3.3918940346627107
-2.6190538486000605,3.8618737767352993,1.1438321010496535,1.244391882123746,3.764758490847525,-0.3129843945363102,6.646846795857728,4.041695654549017,-0.588264862267537,0.4667704843147442,-1.1961569957589155,0.1075414578848699,-4.648441826736054,-7.873725050949631
-3.032170877472926,3.48331117950842,0.7799371043044863,1.1035491002199498,0.932083386683531,-1.6251545768431874,2.679909361834824,1.0311552566395426,-2.224300998344793,-0.8895659739604698,-3.090339188050045,-3.059082049682792,-5.244627149079292,-8.210852964837486
-3.935253844312441,-0.2020555897426013,0.0446933872524537,1.4261329857561007,-2.598941340523857,-2.373940510305686,-1.54559698410701,-1.0981456125995592,-2.557880869041454,-2.5372235200453765,-2.680996859592528,-4.099230368165951,-4.042567091566774,-6.166684544380331
-4.5856576116986245,-2.799081870507032,-0.6346882008496975,1.327472826074012,-5.172859116915818,-2.153354302576091,-4.172077061449094,-1.960313896773295,-1.7693398650467955,-4.461190515723233,-1.1783200156817966,-3.6789407051746688,-3.397350904074464,-4.364694836597316
-5.268213110147332,-5.159525494766664,-0.9736738292322658,0.2967164409422329,-5.876315148200549,-0.5099084887864909,-3.893793281388256,-1.7083607428007737,-0.7777912754850531,-6.421671328840448,-0.941456728045246,-3.395949982309233,-4.42819155723953,-4.0738105770700095
-5.891110487385723,-6.082433877703182,-1.155939486185046,-1.646946643242055,-5.1095350640428245,0.5225389412354977,-1.028526904475827,-1.02663037041592,-0.5177005564632546,-7.94999425862459,-3.8035624605587888,-4.579808863380118,-6.325843993716783,-4.63848940493893
-6.39418770508796,-4.736002745329936,-1.6522809992605805,-4.2057443235493706,-4.101395794824224,1.1050769496630917,2.5161501168153366,-0.7825723700150586,-1.3214478983384526,-8.676462978037168,-9.794458392670094,-7.3316828806591055,-7.6852273913264835,-4.798451326529177
-8.060618104581483,-4.141901054327813,-2.6990236719417604,-6.973845634401137,-3.842700398550237,1.3551083043363643,4.504516116784531,-1.4008578375658232,-2.819559780031967,-8.649668354736267,-17.117826776750853,-10.381180909437193,-8.217467268105265,-4.321330468746165
-10.975496201200942,-3.8387792624761135,-3.953262698504137,-9.3391372550697,-4.39543258877138,0.8264762414547646,3.840232425129061,-2.49271323926581,-4.337088830201847,-8.298276557102511,-23.288258792050037,-11.892739200123527,-8.911182305872376,-4.220184632500862
-11.901591379133976,-2.4627228522447515,-4.68492345064741,-10.4241646799857,-5.128217065541278,0.509532621910639,1.039429106368119,-3.2328869567578358,-5.424364187517993,-8.083383798898343,-26.626948208231266,-10.780719090606247,-10.556786060945688,-5.449694372942128
-10.91168766358015,-0.4202457082026138,-4.366887979830628,-9.4260094900763,-5.512032126200751,0.292127145077934,-2.5340876172265068,-3.262808512410204,-6.123011188292807,-8.21195673527252,-27.210456060999466,-7.651896152672748,-12.469823162036985,-7.628683534233227
-7.048477642817026,2.9826022207559237,-3.14206984000488,-6.233386170500812,-5.592675278207112,-0.7257493263426741,-5.796987152405255,-3.2052915872857914,-6.804119632046471,-8.653793222245849,-26.7187334122722,-4.568200418546889,-13.05085199389558,-9.27219416791897
0.6499556364076425,7.989523238247309,-1.7304626735613224,-1.7453445757547543,-5.656392147913853,-2.443195472856217,-8.383290216342903,-4.0828566347576,-7.736398216476838,-9.307283652070854,-27.21658354611869,-3.5802410042270374,-11.67803265711559,-9.324364160172095
4.68730891546785,9.81714849351709,-0.8269729336196967,2.5467131297560925,-5.520393964058558,-2.929367807398953,-10.196224490398428,-6.036335245788301,-8.7353903624656,-10.01184329535134,-29.56956815485434,-5.016361667145999,-9.75646002899242,-8.30712632679775
5.105991566560315,8.288226879048816,-0.5175618211188517,5.4894142043526415,-4.354067066286342,-2.185797777916916,-10.827822622598962,-7.669893989781346,-9.196453081056966,-10.388713304955992,-32.61632972232309,-6.956132693280948,-9.52122789966952,-7.75536447967542
3.894258924581046,6.946035787189003,-0.2621079303648876,6.951852138101575,-1.4217968860724175,0.2387922075947537,-9.657703497997,-6.98386174310007,-8.542673684467674,-9.82824730165574,-33.88839863867108,-6.571057844739256,-11.640067734658976,-8.43559721592809
-0.7792771992995368,4.722547038708783,0.5085822098959207,7.674510798308139,2.8872976163670927,4.9366770553288415,-6.597481533155222,-3.32980781191612,-6.781774658824827,-7.849101853010329,-31.51725036123117,-2.469366011848474,-14.101082740647056,-9.209500617585295
-1.8091516974100617,4.510562079238535,1.7398408889742432,8.436707581775373,6.857024943583875,6.736171136259728,-2.637429260429002,1.4318384174762726,-4.701437079918512,-4.591312189638856,-25.830680771478725,3.878878753188108,-13.682056788313414,-7.837880724064015
1.0516350088539037,6.985279543108573,2.7050761243722565,9.301561298453969,8.525701754695765,5.5693582412834814,0.5393667080898599,3.9650236840860913,-3.426217962297599,-0.9145002300770022,-19.188172371798533,9.027482306896657,-8.718527305519917,-3.0899799507979555
3.919358694762128,8.439676997120959,2.659899770682445,9.594505783668954,7.256316252566206,3.611135835175418,1.687852585047258,2.1317818896208003,-3.5500533480157417,2.132939783272187,-14.068616466112015,10.223419303337016,-0.6120387648495704,3.826349437892645
8.445645706215643,9.640255650426187,1.5802174475568176,8.571758046337347,4.372578711172196,-0.3779962508595902,0.9012336501059796,-2.9513604196672887,-4.498918177508534,4.074040177611414,-11.068006013555028,7.653302715315389,7.221140295778746,9.913664466064034
8.873179553888082,8.434177480482575,0.2370013001160913,6.1275612280473775,2.146610812669424,-1.5053133706114292,-0.5365693707596257,-7.465693070882752,-4.749716449322468,5.291085035044127,-8.652090501170296,4.252231167780213,11.878289186007825,12.586752413576098
4.472391037829487,4.0273752116922354,-0.4972548622832189,2.915339794794602,1.9046558459558216,0.6333187202032939,-1.2234088160858922,-7.848634392074804,-2.9260647027898226,6.535591676018405,-4.912636042752467,3.1504263971872115,12.756901494490874,11.505215455332117
0.3779487864092175,-2.0493021397240594,-0.4354737530774892,-0.1713715909057498,2.904060145613995,2.212012442473866,-0.7061754046474924,-3.751377245251096,0.98421046251697,8.100869069507695,0.3355987803199234,4.991623594221816,11.361667319620317,8.531746201240189
-4.838033313690357,-10.660283564062796,-0.1803386550112695,-2.6691526282758,3.029589801473916,4.383998672559992,0.3230495015367651,1.568868886776032,5.319162532919201,9.457539288892516,5.140596896325806,7.530479045971103,9.734785850707986,6.046639526536984
-6.39573585459533,-15.687407597188551,-0.4587023060946693,-4.808370699931439,0.7491180908979209,4.681216849469588,0.7636071749129165,3.849810079400688,7.776031269293876,9.741851184868077,7.126085930799566,7.840542216643111,9.02478308259071,5.213064924623513
-3.2096122512280103,-16.600698745727524,-1.3630919061808058,-7.190410189849972,-3.384854527078075,2.4518794079461874,0.0694096762031684,1.2764344274443695,7.128544676473615,8.664930723606384,5.756214564867947,5.048579446060527,9.149279556195369,5.583262917520258
-1.1109030190154776,-14.876133792430307,-2.235737148292373,-10.148858088667833,-7.024814509861626,0.8404029458580583,-1.3594668612458456,-4.095986203332199,4.273909400247265,6.960067522355265,3.038537814716001,1.0631459444489253,9.373915389172035,6.03915562708479
1.1954784156593317,-8.68555378083177,-2.270005729381599,-13.282134630425446,-7.866895192919907,-0.8411123439022029,-2.5976027442394125,-8.089722501879919,1.6474609662965376,5.873322462056532,1.9756847378983995,-1.2859001732410742,9.049915335309697,5.916213324051347
1.699965765432156,-6.401045654548131,-1.2383504949026678,-15.54914714473868,-5.452620123640322,-1.376340040898912,-3.0002844744683985,-7.792043851360675,1.3399764792011464,6.100806266835663,4.11431074641124,-0.8345128455972777,7.98186201660334,5.291159319990832
-0.6527586632811676,-8.2316814927796,0.2896417892125753,-15.955809458907291,-1.4360846226570954,-0.1796469145436705,-2.709674277380285,-3.7512395803363567,3.408170460528504,7.150109847306206,8.311044531917362,1.0499622672409077,6.39438237275427,4.473644935274509
-2.8418449840507702,-13.872689160556597,1.359501764053276,-14.382143644266671,1.7951017240147444,0.4631935701493898,-2.4606144088307964,0.7319071959994774,5.827701863000231,7.762699897738744,11.70820528722822,2.0017779976827064,4.7013615142641445,3.517225655329634
-5.662817480232854,-25.67818474121691,1.2909144051688115,-11.83207796430112,2.8777557433247773,0.9607317735599992,-2.8504078752875026,2.4510281728141017,6.209809506836673,7.049342947870388,11.994693157704654,0.9582585472444204,3.237196279043669,2.3151058138152445
-6.964010985368736,-28.478788568916308,0.1069801534046854,-9.70554862494252,2.1746727101723096,1.3229622961248946,-3.668443969267119,0.8224816959802331,3.8599769130985777,5.292447788228137,9.060289508169229,-0.9965838438194456,2.0566635918287366,1.010022070269878
-6.178150230143047,-21.97978088347638,-1.4899067081657988,-8.552136131539122,1.0516238404832388,1.1691652035021187,-3.8668479816661288,-1.914378536592832,0.3932409273758397,3.660312055289104,4.870632893150023,-1.8908339140200447,0.9475798645759888,0.0660188106031833
-3.8919943269130552,-9.408746345349332,-2.532221125553386,-7.459713583804237,0.5913034732722953,1.917397967132132,-2.282903838862321,-2.775451935722712,-1.6565495158132766,3.1093621316482123,1.9566493406525505,-0.8103471117953438,-0.2661779470380798,-0.1812404581064441
0.7250510047953959,13.220476280783464,-2.353154618852171,-4.895969343472312,0.8952620896970714,3.518085411171127,1.3721980438770518,-0.5023196020327898,-1.0199128011237213,3.5233239399963034,1.8471731682740775,1.386436951209217,-1.3274752376580825,0.0236668932686701
2.9195475518971903,21.435001736101626,-0.99415459217376,-0.468448360996705,1.3740342918346455,3.732266447377605,6.015890064020464,3.5846425135669424,1.261092139707184,3.88630126172953,4.435112828552491,3.09668082434891,-1.488085473869429,-0.0086967907913162
2.537302803466862,14.096698513116,0.8145109121984053,4.080874013311897,1.485834527072185,2.681792962339914,9.646388035886568,6.844300458419592,2.8300706904866546,3.270999292309253,8.31101900235827,3.5089087353947463,-0.0404759687966522,-0.7441495363244868
0.8520965122797942,3.833387281257057,2.1397636238815734,5.9378966502664055,1.1485340732111653,0.7961117605500625,10.524589797389558,7.441525965006519,2.1411111137194245,1.6715030358587597,11.567102484952793,3.0952988473025624,2.9054628492686505,-1.884690211402424
-3.3891515083085,-15.391287977350956,2.4909436983046787,3.736520393583641,0.5893167628139655,-2.44191360266068,8.315025941360071,5.588298468712834,-0.1643202969399018,-0.0532261805648914,12.709345677844864,2.7786805242522394,6.169114879320077,-2.509878587793807
-3.8367437207713353,-21.129962744324445,2.1383380371111818,-0.725660063036428,0.0166727621661055,-3.6649760390867474,4.401821127303903,3.0961178495806303,-1.7756321206405157,-0.9469539919220836,11.499220388600795,2.8745258176839643,8.209148785022723,-1.786604816677567
-0.2012670248600349,-11.02210668388795,1.8315873848000428,-3.4669190872900515,-0.4555412594983359,-2.695247457719881,1.1272201843364793,1.8557299103904967,-0.6110259794562478,-0.640028301882581,9.32191553830362,2.957147906419242,8.309219641419972,0.3651532799402974
4.678364895929761,-1.2504682305929824,2.1345667507542934,-1.5430452107424413,-0.6667284901799064,-1.5702985825067877,0.4039422794590228,2.537730572186147,3.499314379522893,0.5899178295084693,8.503687290888948,2.6145546736126866,7.149778206574114,3.1475466384045263
12.399943601086552,13.889624380708172,2.9268896637885877,4.169846362410179,-0.4219276256041291,0.5230957426232701,2.5656100916984323,4.370929122085331,8.609252793589016,2.19544382708184,10.60580925931967,2.058694931960885,6.151867416036381,5.313645622430421
14.66191624470913,19.36868146005525,3.4858927160399595,9.230197416226586,0.2033801725849127,0.9417334762884816,6.185908145189081,5.901754964580782,11.94884610386811,3.6409287622476825,14.874555029648938,1.8394380150132807,6.170129132070018,5.823038269081096
10.737394218610865,12.458771333358234,3.08032598155918,9.025608609694167,0.642078135863497,-0.6864831778916854,9.002255937465527,6.021210427981605,11.689183493860998,4.398371268767301,18.4276150420568,2.0575428731395795,6.795858299221521,4.387954443942818
5.923792499025245,5.680597477238384,1.6067201985700357,2.653699128557736,0.1710123705704416,-2.1711416482193395,9.37180748656407,4.59104050766495,8.017897891453938,3.980939767127813,18.492454445422965,2.1051750603570056,6.932410395137413,1.6960670650893963
-1.905228195131209,-5.189789847223829,-0.2041593079714041,-5.925999467160356,-1.297131592691811,-4.203631212347699,7.305682846330533,2.4327713306889143,2.957768993705164,2.323292117332257,14.964971887841903,1.353696398614392,6.015105874522041,-0.822111018087432
-3.151386419786236,-7.299160309727639,-1.146586814933583,-10.535785951841095,-2.739183537026923,-4.6172021344851055,4.373718548980675,0.8139915995419664,-0.8635567826560355,0.2435356424971204,10.84116275783903,0.0721241759653708,4.62836200807469,-1.679393281083862
3.414296968376616,1.6559504506982283,-0.2325656280806356,-7.246255746161513,-2.571395260687873,-2.985339844645331,2.545163849132816,0.7296432414241312,-1.7418136475868975,-0.6932417177353671,9.775838019720975,-0.4977423722840428,3.949351403847114,-0.1841792618063213
9.976550576212844,10.960857400378895,2.6767523894265057,2.745125560804735,0.0020303142623139,-1.2138819614496,2.8071102205044327,2.3135231458713763,0.1742021773937661,0.7939036512688538,12.75926936931626,0.85489866783543,4.639067059296734,3.082713437422741
19.028630200219578,24.240478959967326,6.635831747748446,13.96584475416982,4.004237171403618,1.3207356100430132,4.574594280480575,4.696093933083022,3.1292987668448657,4.43855617349952,16.969615426432664,4.119105225530448,6.258084620099144,6.587272775247193
21.336795224074145,27.82317102935709,9.936432427822634,20.5186111997212,7.1303378727417694,2.012025407969177,6.285254471848336,6.461802627474407,5.036950438232866,8.14520946874298,18.017241333095534,7.812145584900135,7.6527753197117905,8.829483816720499
15.235098503428135,19.46706923420355,10.914137113594096,19.997917395514705,7.466206718810371,0.4319205183441207,6.63510914890117,6.513245232654777,4.893226833643318,9.287930055179997,13.68137769986668,9.946057798717524,7.83702895942389,9.300115784899244
9.677901822362813,11.986211710070078,8.897739892477976,14.65254868969436,5.070704002576065,-1.4239790988819294,5.445104946419039,4.804299597496662,3.2703231764594274,6.765312319274609,5.8165392205549695,9.417415228685115,6.590982685035239,8.652346171073091
2.159198115749509,1.749588824636363,4.747387105748023,9.189039183494408,1.980944937159488,-4.29745344991424,3.542028459131157,2.385211808021797,1.5194356450406177,2.0599671692267045,-1.2464456964916657,6.714850929228958,4.398742898675444,7.920802541818208
-2.1272017652973503,-1.610298811427705,0.5041970226696404,7.123857319596469,0.5367724304843873,-4.975181812314296,1.9129004473057387,0.6383508296754599,0.3918042232069458,-1.8238951697891723,-4.328147408579909,3.442041953875175,1.8940085725036544,7.417066553217388
-1.6387766460130722,4.321380540792027,-1.821013883070341,8.48985359066947,1.435603661678599,-3.00892939291451,0.9500827285656426,0.2123056159013296,-0.6775456518276339,-2.834261189194674,-3.849607640577406,1.07243588005616,-0.7304948587657218,6.272359758312732
-3.0904312627803083,6.5768141567568685,-1.5898714758935384,10.425753678881811,3.212427424907802,-0.8220194994144766,0.3793011404796245,0.474115098793384,-2.943062277968976,-1.6309399770672588,-3.079341892385205,-0.1139380668664218,-3.8763051441661727,3.1414013269729706
-4.950779833598453,7.735621488445524,0.0218546454412797,9.87555416840772,3.597244386480785,2.459725740876268,-0.2405149398652724,-0.0233670437591531,-6.92836069394718,-0.9749532357902996,-5.039605728077695,-1.118959897157855,-8.00957034764,-2.402447173496988
-5.573918636271095,6.884620770071699,0.9706640860063258,6.13128192481394,1.5594536415453302,4.279004469772522,-1.031500138081297,-2.338313708194282,-11.551753720400164,-3.204703695275377,-9.879241015606786,-3.256031155720729,-12.747318802136189,-8.971461639346238
-5.7311881634249975,1.8716167548445897,0.0378857910809586,1.2969615502690734,-1.724483712594305,4.211468381482461,-1.7506823452550924,-6.114626914950788,-14.70751641105696,-8.085246626203787,-14.9149182793205,-6.853954345859114,-16.461826680436435,-13.930888161119128
-4.445697933291456,0.7704050089597632,-2.1344286673313317,-1.5073104636009376,-3.782841668870881,4.648241518205161,-2.091422718531481,-9.593306164346904,-14.899796376036136,-13.03511300626032,-17.104123899072025,-10.714552437156533,-17.22010524336804,-15.23247776199934
-1.5243086737506264,3.0468656457902745,-3.628302858677952,-0.6713496690571561,-2.839339915192158,4.915713000335559,-1.9474422767620376,-10.7574264168306,-12.510695974206964,-15.49708702234078,-15.671265937277544,-12.896813936120932,-14.699758173969643,-13.117010817480317
-1.0420205246065564,3.541537522509167,-3.011392798675778,2.6299420479940907,0.7588145381223446,4.574172149428804,-1.4248868224562132,-8.80577926360205,-9.53964770280719,-15.167778991323871,-12.654096362802267,-12.298609131610814,-11.33984837969728,-10.158705473875974
-3.0693595664861606,3.5863228217822094,-0.7047286784576299,5.356578123855481,4.755512462301198,3.845929593626815,-0.7306231097137781,-4.842410460388625,-7.993978572652166,-13.97577154536345,-11.056484302839806,-9.713358696039446,-11.064349698354208,-9.374508287610505
-6.016352858399173,0.1273336660824873,1.3214046907497683,4.959687386977571,6.551570215330562,2.89599134901653,-0.1561260173619478,-1.2303641851446132,-8.331653853778473,-13.941399267570304,-12.323557964313824,-7.359649144810798,-15.998442585969338,-11.789918798345242
-10.894678008709745,-7.863156591811882,1.2670967727875344,1.3177810399249483,4.858825902921546,1.7137042750395737,-0.1392748894562956,-0.0598821331910142,-9.311254782643388,-15.111216007958568,-15.2760308896511,-7.166403834396749,-23.93486807385292,-15.466038772024344
-12.866250374150326,-11.26774640721555,-0.9530042183839492,-3.2710374329254788,0.3146861159672234,1.0173503124113483,-1.1790299400281583,-1.828353273837147,-9.3143621007608,-15.584436452105278,-17.249994903275358,-9.218148687075669,-29.279355535113343,-16.89066007452233
-11.566954266724816,-10.530181419872306,-3.744652847375736,-6.001873188016699,-5.125479745649747,0.931336798358284,-3.4960890402100366,-5.227562476864457,-7.863223569216808,-13.492792916598288,-16.302223765893704,-11.664284996927735,-27.25374053929365,-13.696733903913383
-8.131436097554161,-6.946476211356948,-5.325473008424231,-5.773996938510095,-9.346113551773367,-1.138862660025958,-6.673843769407924,-8.088627981289175,-5.924008691622379,-8.889626138557556,-12.583429583790974,-12.142608394870155,-17.86694500247493,-6.55642431281247
-1.1571349658526966,1.60918795856452,-5.193891034966517,-3.846552412931716,-10.975652913570098,-5.188195760600869,-9.666175809597178,-8.731404088431209,-4.771667167445831,-3.723692741645226,-7.866445197740196,-9.516423709351352,-5.979559157077725,1.2294924238828844
2.0191699528540523,4.350774711936283,-4.237388596731686,-2.455103857371643,-9.703439047906286,-6.773280082935942,-11.302596816767611,-6.796469375554809,-4.561853084913599,-0.047256034147423,-3.845067851425373,-4.5650681017233286,2.7516309903522664,6.074916672862326
1.140433705800021,0.9962362591134444,-3.5635925901068006,-2.722705875010873,-6.161559180380427,-6.156522939442804,-10.974493725743953,-3.1427149245294093,-4.019269546527475,1.725772601161404,-0.7766724648419454,0.7603669588113766,6.37293197050599,6.542471674535761
-0.6524810277990204,-2.644829035755269,-3.358144931318725,-3.793610968173077,-1.6320755554529185,-2.990959743826854,-9.00074754136077,0.8913465243857928,-1.592167126180229,2.909492853883316,2.3933095015297137,4.747908610471453,7.469006435278832,4.081927460593578
-5.17805779838088,-9.065526547222026,-2.9021082563617497,-3.909182950225595,2.331632360029634,3.857110870730198,-6.430122338939466,4.201447718162686,2.944933023695708,5.053840016387099,6.630941289094512,6.85589560453411,9.779052147726134,1.6891629609869194
-6.186234802884053,-10.8928441594293,-1.598084519623609,-2.283651953950764,4.386033120012958,5.778280797205149,-4.473758396779878,6.158508016799278,7.890802131059912,8.35197503701286,11.445242176157546,7.591093241295489,14.094580535732284,1.650803237955564
-3.2008976519041594,-7.171781054834819,0.1661724877746291,0.063531735041912,3.892735501730953,2.61829263578787,-3.965444679960344,6.460247032893817,10.635166378558864,11.344517351835613,14.830947663872852,7.680178329000824,17.482692881812504,4.068665678756166
-1.6401245798780009,-5.300379592825678,1.2424764017493783,1.261303898024458,1.1965883473425631,-1.624430948401297,-5.09062736411944,5.024173559072715,9.581017082837718,12.065550694860963,14.698483590441445,7.371252090908585,16.445469771188616,7.106174299224676
-0.1190992563738101,-3.5402800886124397,0.7955352728360554,0.3105061068280819,-2.500182423982368,-8.991120060306368,-7.36942145306003,2.1931690871492884,5.531718275886284,9.614631958886504,10.677624864975549,6.437716832906554,10.719036389736738,8.560116380704278
0.5950012926364338,-3.0572959148171117,-0.8679256667368309,-2.094294823261028,-5.639689538899974,-10.885585729465657,-9.806493002674454,-0.9739981671906576,1.4765801228775173,4.960986697482488,4.769105837851292,4.7464175232498285,3.9109143911074016,7.466135858422842
-0.286128459549935,-5.0129446757975495,-2.52605366283254,-4.308004988608311,-6.958024846135185,-6.471787198251088,-11.215095915527666,-2.859473868515758,0.8227300069174459,0.4826853760726921,0.182430893626559,2.737235022973896,0.4216213037755698,4.597819661000473
1.6983353348130026,-4.316490302868235,-3.081286258757,-5.162105954463442,-6.002475149635446,-2.453899092171281,-10.725937607935704,-2.1220905074785867,5.177321192489465,-1.3948734944074084,-0.8204051365911966,1.2900281942055625,1.7239976623122848,1.683942535961195
6.406283170289308,-1.3537079775119305,-2.4171815449878693,-4.678486311752023,-3.303269204318661,3.2741876653981064,-8.282254379723183,1.2654059542279588,13.123295475102424,0.3784853859282377,1.5994526125419486,1.077506184074581,5.497007853174956,0.1296366016114838
7.82989682054768,0.313088936956861,-1.325839962218445,-3.582150088408616,-0.1012551912861974,5.250592981457495,-4.743879904846471,5.67494300115145,20.85176462560517,4.803408943638607,5.18659837912946,2.0036298634045338,8.128023946600496,0.2347961944126397
6.48578211125278,1.4729260385200642,-0.6827500370018389,-2.3821724745706647,2.290202030521898,2.270659415948411,-1.3918860182518893,8.672248811800772,24.351652274382023,9.317162438038896,7.341230389566926,3.2235785757584057,7.878253069039037,1.3083800830739605
2.9579096498597006,1.1346679084093707,-0.7097794859934352,-1.076497923623241,3.182386568475191,1.0113168902976748,0.8876369000656079,8.568945587817636,21.80785527753141,11.243464615054236,6.789524707192246,3.680541329107392,5.727282841754908,2.313290608451926
-4.092118813769314,-1.371510486166544,-0.9720174453289234,0.331864837095178,2.8322947178093822,0.0363137645312177,2.1082941085140483,5.516845789208761,14.646106258661714,9.414129680152154,3.944515486615244,2.687428791302185,3.563767695070782,2.434750021660124
-6.7931524922474775,-2.540957578586676,-0.9755718390295932,1.303848126185106,2.1330334393915105,-0.0549021552378492,2.946354959296385,1.297151725030716,6.527228353860071,4.934919860686909,0.0373586539989196,0.2055275978879769,2.035952335490479,1.3212499129959872
-4.9106296327667724,-2.636909264924628,-0.6832623006347764,1.015671062842893,1.873324865116694,1.799266019164653,3.979473623166068,-1.9773945340554604,0.9989103450055362,0.494595589262619,-3.885702223571035,-3.1459583410158585,0.345900307760128,-0.8369969774830905
-3.779476686518964,-2.533762756116112,-0.4478246720850467,-0.7648075095065148,2.144548199101744,2.218778449206434,5.105694162221193,-3.179454633230631,-0.5594764112015331,-1.4201668438796606,-7.217341696038772,-6.197948629454275,-2.111132186076385,-3.2503728348035423
-1.6669027191759265,-1.5185852816505236,-0.5195864884164969,-3.159033382138297,2.382855160856548,1.5634048540203018,5.6786010030729885,-2.5482160232985724,0.6569354440765101,-0.1830214557825908,-9.44969375489251,-7.536576976843039,-4.377796888641527,-4.689412117632468
-1.0790745620602935,-1.1072193311204528,-0.7076493574651246,-4.733096068615478,1.9950049210722884,0.8428946072182739,5.202187708311223,-1.0768185647910364,2.1976153486136605,2.661853538214677,-10.032310624388746,-6.181310916045696,-4.508498361585124,-4.119505947991808
-2.7726009471606043,-1.3066669189784854,-0.5656443806611096,-4.722403732167069,0.9939888216964504,-0.5336921680666529,3.8880472719006742,0.3474795862135547,2.2246469826965525,4.664743380489803,-8.792452988121036,-2.424357429854906,-1.5330981578705138,-1.5934329126247675
-2.539040591060579,-1.6568364995222595,0.096816869679599,-3.731649675739827,0.0593704536934716,-1.9747576257540989,2.5191469502824058,1.2986775455955786,0.507527242822472,4.291737453638067,-6.404928110835479,1.8789839857342043,3.2523842061405657,1.3645178784580172
-1.000592588654473,-2.507119379239652,0.908257507476327,-3.169338478331359,-0.0463500054723318,-3.456418341414402,1.7518837926639326,1.5788558049288168,-1.9961720464386872,1.85874052206983,-4.176021235372143,4.159938458827828,7.001011185803965,2.522498102642082
-0.6654355849737413,-3.346245661897503,1.1563243375106689,-3.952401300313511,0.8015802738946087,-4.448841490065812,1.5417707744900184,0.9225285568640887,-4.322711042656937,-1.0595342687663516,-3.134828513099797,2.811695561446601,7.3619402782899,0.5608813137102349
-0.9999462515657443,-4.192017051393397,0.3581927972684067,-5.7739887216885615,1.8576007796367264,-4.744969896752881,1.253859527512418,-0.8714694499930218,-6.292050996716752,-3.062962823334942,-3.2538427771870344,-1.5289336908294748,4.046994701898885,-3.6781053424438976
-2.5015077635465053,-5.588442911103899,-1.3015054171594151,-7.617422889450241,1.97382507104088,-5.281780736454936,0.3489353562546657,-3.4709004781667296,-8.282131375678876,-3.888270250633487,-3.5621612703061576,-6.2295983968583535,-1.1971268218196718,-7.482710882242493
-5.649729386039311,-7.474212286095606,-3.0251500195016714,-8.849308127578487,0.4187869153745858,-5.887785435546241,-1.0150419114887637,-5.782959172389198,-10.364663546428911,-4.1738063630775954,-3.0079791255062,-8.395410252454326,-5.819702167397391,-8.096076586549515
-6.633203637219731,-7.84979506010402,-3.911129400214625,-9.620937395284662,-2.550556926763265,-5.189029582329067,-2.029166433135474,-6.418946572540227,-11.755122256849113,-4.470790362943697,-1.1821701047123303,-6.7848797671978005,-7.781490057043335,-4.730065984756109
-5.448240021482166,-6.627950556567573,-3.541923213378203,-10.159707803635506,-5.75271055856086,-3.199802469487237,-1.8606546864465123,-4.638070728877002,-11.203551628731894,-4.554659860686787,1.7363481918896095,-2.432337210484759,-6.272881549265005,0.8404419117815518
-3.516353236033737,-3.863740276454304,-2.223319036137669,-9.905562682740236,-7.719260994723653,0.0645877844074178,-0.2668668678443531,-1.004720180787908,-8.055486808763069,-3.6561829408346593,5.51027471980909,2.4024825410802464,-1.858873702032982,5.604684547504448
0.0661779981251177,1.051083731740455,-0.7008806530304987,-7.7454763151986015,-7.496316137656795,4.988022025902861,2.317348829848182,2.876325105884863,-3.0540814834119168,-1.2957890611394376,9.998051172216243,5.954716464367699,3.7729053419952017,7.508840637034087
2.029008387662757,4.132726230039261,0.4250979354713138,-3.3625536798850284,-5.144727185650712,6.759966099227567,5.17643329749383,5.415287185859839,1.88248114400443,2.092246778446832,14.592946688865762,7.899747167391407,8.487331857110217,6.780939943112553
2.152038686620425,5.306588484534736,1.1052362159465865,1.744025244345412,-1.6834456385900456,5.099249641472959,7.719257185760174,6.043373647949984,4.813816821910434,5.273045778318728,17.634572496201667,8.914262907901962,10.720718147917664,5.408525957077899
2.0779122472967173,5.672242159635228,1.7084157655715675,4.963983094164128,1.465127486199739,3.2159498900341186,9.545289544561658,5.360477473640932,4.962474617082972,6.929834525079178,16.834728872799552,9.532619549245949,10.302657125449818,5.31502996083805
0.973648371027616,4.209908634361722,2.472374955236127,4.689791880443647,3.21090196814032,-0.0527047368368603,10.308151750878402,4.389421332626501,3.002526801366852,6.440101868081413,10.877371809462144,9.525144778677936,8.4096501208609,6.791192737108744
1.020255841238305,3.750228638124151,3.093177072287471,1.884549376789828,3.311944537954446,-0.9034158578250092,9.765361914574903,3.683810303214564,0.3037891906933829,4.212405781093867,1.0022743805556755,8.361985995144469,6.592223776579903,8.4352587307583
2.418176391040717,4.308208038402925,2.942144975258941,-0.5670880388135657,2.3916165668993443,1.2803772888256038,8.111478147247613,3.0854240903878907,-2.125553057222577,1.419618374188211,-9.023921574784382,6.153271935205817,5.651485101119938,8.554568438112103
4.015414155673816,4.964909524959408,1.7884455716462266,-0.2920062705011954,1.466200316766047,2.6371167916918714,6.204140013856987,2.2263799060330456,-4.084256853316242,-0.6893541720997209,-14.975274595718004,3.9506235578895073,5.27580710546734,6.773218757017016
6.381680288939516,6.382055114083904,0.3209228438678764,2.6096672860296186,1.292832985740585,4.135204734240026,5.222020857287556,1.1497316413369525,-5.778357190121492,-1.4868901880348655,-14.872010586696764,2.9669155114175503,4.611352164554589,4.447907646930978
7.180081094551613,6.686765254827174,-0.1635429348059887,5.933017923825354,1.9627155590368552,4.850221086009922,5.822292534305145,0.3790954814428691,-7.182679438118344,-1.236785316377202,-10.169269918380502,3.436513322936589,3.1104084363047964,3.505024709870233
6.180815961982507,5.806375559378951,1.2232879095630729,7.627544709233783,2.9866833227476643,4.183611253593862,7.476499911560165,0.3924545040853893,-7.913898507698551,-0.762057610763673,-4.439533907910921,4.277809404596239,0.9099090703303112,4.646653254005557
5.329386672441651,5.804456702816838,4.099143446994381,7.643213103712046,3.755206362064396,4.118764047228356,8.672205691088624,1.0626271785280004,-7.707055823369789,-0.7772943027186265,-0.6769340668973669,3.960962881310365,-1.4027594261391627,6.464624037899361
4.0651416348007405,6.356627794576935,6.916137363406669,7.549542737914646,3.977239927309885,4.303486326495547,7.963265403722943,1.6338093395238469,-6.874945795096782,-1.4253618248702118,0.527043512508417,1.7930229993146565,-3.229185913100599,6.347498083830159
3.946785064393263,6.538877470043755,8.018672092400019,8.450882131450832,3.760445866198271,4.2093049670649965,5.066960603112758,1.2631591436187026,-6.15424381057448,-2.364742433047168,0.6144379666415922,-1.557771472739999,-4.203980742459265,2.6223398456489164
5.350599061755338,6.647065602513243,6.804874976173238,9.485206132532564,3.3444496225324887,4.110230046061441,1.1052935007213236,-0.3500253888863582,-6.056868685212137,-3.224512136715628,1.2148101842664012,-4.694587924117908,-4.2097383050932855,-3.739758432175545
5.418781181384973,4.075168101151147,4.074409427667051,8.564347811195262,2.816642917986819,3.852312233789048,-2.204300347960398,-2.749986063812848,-6.418711556413751,-3.908009717271821,2.7118558148391934,-6.579862155314498,-3.3423616839229453,-9.364651696672134
4.483573149265589,-1.5506426142243124,1.3606069484308598,4.664730607631764,2.1127583239768057,3.4114202254563097,-3.727103514040429,-5.029570693515737,-6.608155219918238,-4.450763053181557,4.388855455312449,-7.084575803234401,-1.9163187995755564,-10.735271676854364
3.751162484556041,-3.701050108527871,-0.1485066727545732,-0.6655502780092419,1.2599666725808802,2.7688005201078463,-3.525207004438837,-6.364692139825545,-6.109939445266152,-4.687526725308887,5.607878748330229,-6.702558109183929,-0.4481594081756341,-6.8711868881437255
2.7502148563954703,-2.635182075530085,-0.2810191374600901,-4.1964343706019385,0.5326271394917033,1.878145370338528,-2.533312039316158,-6.405257924281125,-4.823983324770289,-4.240350526781482,6.576234211102035,-5.961805969416467,0.4506728137845215,-0.2997721318664634
2.932028348101481,-0.2908654754140244,0.2312632976573834,-3.5954666934423667,0.2839408073393059,0.3620873090812284,-1.7320714318422628,-5.353348518153789,-2.8419681896666003,-2.98046687787871,7.932516551229073,-5.167137940294605,0.2659823234001255,4.610531266222713
4.531072452960883,4.800461638782779,0.4016804583079114,0.6159594372575743,0.5961312981541411,-1.8510023078694635,-1.5777705920990712,-3.79747806285401,-0.1505225320731966,-1.5115542858458966,9.72724401517312,-4.545501374097189,-1.1894660973813416,4.786311294115578
4.110015297115396,5.845340347287244,-0.3629045808823967,5.43707824536048,1.1298504473271225,-2.872859560174536,-2.045438798862442,-2.455732821578886,3.215463352346598,-1.054497543389747,10.936981424930751,-4.395577900387309,-3.600801001150826,0.5997736825396753
1.834522269880166,2.4261425298746624,-1.996057237260704,7.682807626545259,1.3669719520465795,-2.658045397866353,-2.988571454421997,-1.917301574663984,6.703585355027755,-2.619390157254081,10.025671257654874,-4.959810861506437,-6.198281700791164,-4.702381628942268
-0.9006036200297041,1.0781819691693415,-3.918391033609289,6.207783323003316,1.025443853229575,-2.3624615504558064,-4.283732605584529,-2.403403831566269,9.17038237570264,-6.070475840716572,6.081933361809298,-6.161708108545032,-8.144358749125576,-7.780057984881832
-4.8115040520755645,0.3963504407401278,-5.389525915339789,2.3488775125494072,0.2529289202258766,-1.5523636319772944,-5.620915594546339,-3.603478120749301,9.611497409671852,-9.9049689800679,-0.3303004586610356,-7.51818356139302,-9.079097558520996,-7.797134025776927
-5.850910834016545,0.2457720539023697,-5.844834441616424,-1.4697025611882957,-0.543943511235998,-1.171453364720178,-6.346629228297758,-4.727462811664292,8.14462988265079,-12.0449729387546,-7.160828595725256,-8.326252321073872,-9.335510639785689,-6.631482704655355
-3.611480590782845,1.6266675404692217,-5.111912437054681,-3.5942141398233147,-1.013140142944806,-1.3919010237634788,-5.8065663057728045,-4.879343013914141,6.182035834038956,-11.1304862553567,-11.751393151738291,-7.974812465040582,-9.49233320414805,-6.661949132928804
-2.1574359358151893,-0.2767719541489624,-3.481460333103525,-4.001100755787707,-1.026805957057615,-0.5908095670192123,-4.043148366443942,-3.617930648447558,5.382525828089879,-7.385415498641359,-12.263686621106528,-6.2262068211323705,-9.6034960046596,-8.30398691708655
-0.5715229479904459,-5.492285481603521,-1.6051512809367523,-3.756678453266364,-0.6595362061496175,1.0556955887070336,-2.1036296477209437,-1.3059130787964772,6.237455926211604,-2.4392075983215733,-8.976096673038395,-3.408097240808461,-8.96605208746917,-9.648160595420563
-0.7153337070433513,-7.770378931535245,-0.2004830940160573,-3.811000013795202,-0.120293089697526,2.3265703761121443,-1.3694709288729356,1.117053936435365,7.663438810169339,1.7441325727592345,-4.548269871530973,-0.4198589231350595,-6.919639391196856,-8.511860761875905
-3.3795779861465998,-7.789561057253506,0.3480807383615314,-4.194037061176282,0.3012501551558095,3.4433656494413603,-2.2560887015827085,2.857439590732461,8.071537009586645,4.037369240890346,-2.685938084922526,1.6171285919585203,-4.067209884847351,-4.861158082254853
-4.58819698759804,-6.734048827217475,0.252248024652566,-4.144956769007791,0.3727289059939203,4.485281287994446,-3.473526083160909,3.8942553642021416,6.897813173905682,4.589025600121911,-5.718331878532812,2.050946830589776,-2.5744991191744013,-1.1763081811863143
-4.863318033777134,-3.3595328838757084,0.2061758420287525,-2.886711158316089,0.1502051007723182,5.23593508004384,-2.8003624581462176,4.891106307466725,5.066427156440845,4.288829418969229,-12.721351124637165,1.2935826385242295,-4.801609462810802,-0.3170875367981693
-4.496813765362491,-2.089225284939496,0.9005524669040259,-0.3248324820743935,0.057550054737554,5.670734239001813,0.9960321679634384,6.396244292706985,3.926485909984521,3.803894808844865,-19.79596386399531,0.7025669173367763,-11.0935803414045,-2.881515903332799
-2.7366656028039444,-3.032406302115406,2.487256112922857,2.846644236750725,0.575812499265453,5.696163055885294,6.703143292529594,8.068161103679564,3.793137085042815,3.074850386259371,-22.588142807661946,1.6080571532475822,-18.640589328449757,-6.56711774256787
-1.1039714822952789,-1.7844641415531357,4.402520556382987,5.591165935679367,1.7178680095180692,5.023887593320954,11.153178777393109,8.745179652003664,3.6475985458288456,1.7238950046991768,-19.27052659908725,4.1653099798880895,-22.73997606599112,-8.148649901433139
0.5676438179617472,0.8611342541201858,5.694238102064379,7.093177949510508,2.837321978741034,3.5540364485679268,11.535063482160506,7.41263613286397,2.3208038694396613,-0.0720917075630147,-11.71177338929376,7.057974846604079,-19.87660018182789,-6.239092621317351
0.8349622354279297,1.805392899262262,5.613202744234375,7.060050471170678,3.084932748906578,1.5535383807546783,7.685402903991616,4.210295222772277,-0.11582935117484,-1.2243700804542144,-3.9877897609275728,8.447529370035687,-10.387430568718104,-2.354782344671108
-0.7481127063372207,1.508290901107427,4.058422218429218,5.708424636980549,2.1194616137546305,-1.0923384774426552,2.3224165418890195,0.4962045816924956,-2.275569184595465,-0.4426111352612309,0.4867569914610321,7.446427757006518,1.4380359876436373,0.5291983708207226
-3.636423975882193,-1.4624355967336202,1.6163826594830688,3.5788047068796622,0.3117908391099675,-3.919480473646213,-1.1335982918456473,-2.157306545471183,-2.821016032533672,2.5187844524096974,0.9689141239030424,4.849769338055328,10.0988568026836,0.4920212199500167
-8.425790463878098,-7.898367949147384,-0.7756361020446896,1.262514425418905,-1.7941915514148548,-6.875208798667052,-1.3647489994447977,-3.1404555295418266,-1.8441103934687764,6.287770025677762,-0.7676944555328795,2.47842841513366,12.519403972615848,-1.9331323543900591
-10.065803006503591,-10.66198751084346,-2.313312378908284,-0.9381974802333986,-4.106109851372025,-8.157937304474443,-0.1456715215043917,-3.0947314944099027,-0.8063091763721832,8.689239864131872,-2.230667470250042,1.719193664352746,9.861136464793034,-4.413894940987365
-8.243906227151095,-9.851011974209204,-2.685849413864153,-3.232043354973822,-6.861567081830222,-7.427166116133883,-0.6140986693051733,-3.1162633928974284,-1.0995544697244777,8.372199056485591,-2.007778973528982,2.543610297600809,6.179003236741007,-4.666483773555557
-4.801998183460355,-9.131522220067543,-2.1179312279795006,-6.092194736698968,-9.81468695734453,-6.915857854838606,-4.337660591788019,-3.700942274080191,-2.706190578291673,5.8534401574476735,-0.2945250603393958,3.800862413546183,5.09996702427466,-1.9241016212736923
1.6390135760009663,-6.969263397440412,-1.0780562584205953,-9.471989743628484,-11.757082219377669,-6.151464061828789,-9.800495804371826,-4.429926617645948,-4.264705993251171,3.0724644096303404,1.8654287617970235,4.399679083652149,7.269769269759965,2.855198578432285
5.036977463521336,-5.445958308085662,0.1118776839577284,-12.100838079294263,-11.221883588308916,-5.684319279413052,-13.672354310151771,-4.589053196623338,-4.362425435767709,1.894060232189976,3.678217008274873,4.24391724097325,10.544995356155765,7.8097651672126895
5.0537992547492765,-4.934539494187656,1.3978930610177138,-11.82332905156276,-7.913920737154823,-5.912769009875691,-13.700049557284814,-3.994910267094151,-2.718513137870588,2.860227817661364,5.098333514606711,4.11863351893761,12.435973082263008,11.257893764772083
4.777555062864879,-0.7776245641232475,2.694704010931944,-7.236161120058457,-3.4012777973891946,-5.576168507489165,-10.598380855655924,-3.1868778929952564,-0.2431491693358776,5.09947119515877,6.520792095239402,4.738554209351477,12.36475864949333,12.427907120087582
2.700471161369342,6.777644548410247,3.490619032185336,0.5061369535463447,-0.1411413107795369,-4.904708446730549,-7.2852965155660545,-2.871146530222351,1.7936301408207775,7.173674832884339,8.161587132379864,5.887246101519601,11.707217416845436,11.587677721485653
2.2799313446530287,9.795408707700084,2.923817716979168,7.526982716301131,0.4292472118869277,-4.473216149410175,-6.268557841562338,-3.2568184405205765,2.529331503354063,7.971175211262645,9.756378685871004,6.403006137723395,11.90669386625848,9.618892938969283
3.8632562295504393,8.608202313606055,0.5062685759680292,9.466921492364042,-1.0157347908488177,-4.136561051406283,-7.611133590317022,-3.940303768603645,1.6961434628761598,7.073196746145575,10.80376004784193,4.999472943166111,12.836906363079372,7.342321047457705
4.6497149228286,3.168237224883139,-3.095799754008292,4.755427888279026,-2.416893088682915,-3.3487939194254825,-9.197130213802186,-4.353794291640506,-0.4741594158215463,4.731597519083914,11.073378335938692,1.2826673433822346,13.145868866584678,5.096172191423877
5.450364859744567,-8.5789955962909,-6.121028355172069,-3.730137405063616,-2.113104132914524,-2.1429098362320103,-8.80006596775775,-4.241845033739619,-3.2233940072566174,1.8118229076098888,10.898096700014731,-3.736357575682881,12.060940115429446,2.917590369389368
4.778810303316083,-11.946201173436853,-6.845701314664108,-10.280310319716705,-0.0015980614818928,-1.7336560773947975,-5.925216332794967,-3.718469688973361,-5.300101527982278,-0.3439981990853287,10.977268960663876,-7.973679682429022,10.513883069540473,1.1105358385159114
2.174339492178788,-6.591467875838051,-4.932980357889466,-10.293524203073805,2.792381110644598,-2.1049432498130343,-1.925105685935556,-2.9874436912183384,-5.525895546766364,-0.469006076855468,11.828629497806258,-9.343053299735184,10.195103496025965,0.4963981011844218
0.6469126591606454,1.4541549642966451,-1.7670445207811891,-3.582650920894947,5.059182977941386,-2.129763455174209,1.3201329821723036,-2.1353498590113578,-3.771530735554796,1.7043709955641262,13.30519102154633,-7.065681952191337,11.471328184700914,1.862583683267541
-0.1363848686092353,15.793622573426047,0.6034860387052969,5.515105043473264,6.19030627569188,-2.025476173667351,2.716790304407564,-1.2107299881908329,-1.4054599618647252,4.877056996120029,14.560127249877212,-2.4424424683378625,12.486432568580408,4.990038483391052
-1.2805593723113162,19.046800332508283,0.9894159658102613,11.272690122834677,5.981171932884436,-1.3962497756133112,2.2802607289163834,-0.3956972936109899,-0.428403352054552,6.75446679330186,14.532699749376144,1.6141833398144971,10.67484823992269,8.272007666561976
-2.265413278789258,9.802208012164142,-0.2899956186236503,10.48075406855336,4.253953815433915,-0.0081768294161621,0.6971719414803514,0.0331636217459809,-1.7538512130053778,5.629446485607208,12.662238269664794,2.301641787824789,5.422684781116333,9.553313475209178
-5.349633576089089,-0.5900597961299435,-2.074782187291862,4.214882223816988,1.0679391165326892,0.3255693219024282,-1.1147445256439656,-0.0307462536027243,-4.186373899285523,1.77019388191637,9.35476563658517,-1.1197236706059923,-0.7434293534122007,7.676335846151541
-10.794552974862096,-16.480218178656852,-3.518555426299915,-3.557460970029834,-2.709716537965241,-0.3471134164122142,-2.2085897225036133,-0.3260331995620209,-5.258947192852612,-2.664423598523074,5.85837003995849,-6.652162003698388,-3.844216626778434,3.43650566199787
-12.667759733117748,-21.057398207663677,-4.564275123538006,-9.023818550055116,-5.43736216474244,-0.4598670271666805,-1.9176419679747292,-0.3418753773899103,-3.390434698624669,-5.255460871867461,3.5786863415658807,-10.894159098747712,-1.7378130753927017,-0.935007714962929
-11.117832907142503,-11.95085769963392,-5.449428984218281,-10.699991291077817,-5.7721751606941165,-0.3224084510072996,-0.3839389065188108,0.3263541092845319,0.5463936484908984,-5.165823135055685,3.2571269058671177,-11.480403036811264,3.861223342505125,-3.373236848426357
-8.742457037636854,-3.7795955584574537,-6.017610929696842,-9.384063198630631,-3.930465129922028,-0.5465007433380616,1.2672246772654665,1.6985608612621237,3.7560548485593177,-3.62278871938996,4.561953264093607,-8.682266601178277,8.507404155517673,-3.3444627292643285
-4.240338292768932,7.823041768302565,-5.72454704553757,-6.649639859140214,-1.7533910825188848,-0.9298198518575198,1.6906118302173274,3.433348870097838,3.7856239137435783,-2.6894782270012367,6.380862635309334,-4.874200280680912,8.44746635147696,-1.907547278859528
-2.8327035696662257,11.727123562099033,-4.3363506613957306,-3.6545507157849215,-1.212977148916185,-1.694519135920447,0.6273675289021714,5.09284301586543,0.577637818165039,-3.487682538325135,7.600455469272997,-2.429279774691805,3.490645460592752,-0.5684500340892491
-5.05090749311116,5.282459298749873,-2.466401041007879,-1.1766068445216185,-2.627140952783112,-2.9340636725264373,-0.5424628452006228,6.404834170799353,-3.4399916209122186,-5.414665086733391,7.790030322090244,-1.947117346527504,-3.038078865723941,-0.0260866106548789
-5.743125165266617,0.5902150246730611,-1.226929036933937,-0.1632541475620588,-4.343548799070716,-2.586686446582336,0.1395231898475444,7.341744633271084,-5.240121261132266,-6.8664180874555605,7.293917821972503,-2.265155435740475,-7.103880221785033,0.1195656095596753
-6.0880444521683925,-5.539208828790797,-1.228259883535447,-1.5363848434311898,-4.315007740666886,-0.5465323265683608,3.286121664300156,8.023635700870386,-3.433565639455395,-6.62468219740215,6.74006139672621,-1.95663824111781,-7.059621616894811,0.5915561827424867
-4.28275511152221,-7.33491744667321,-1.9033949504900944,-5.09553554131862,-2.0780353189879683,1.68324899953033,7.255713286093497,8.57025804894132,0.8990546990819883,-4.666023469404774,6.466295069332109,-0.7071915803670166,-4.476514781639947,1.4732585865972003
0.607931998730523,-2.746720699934324,-1.8797135058824832,-8.791907993068168,0.8471041900172604,4.58282044274987,9.39296640383008,9.012976943698137,5.235248627647657,-1.9006153695453636,6.385561936361967,0.7055030640914666,-2.272902002886344,2.0467146698350707
5.042015380599111,1.568234100211191,-0.1309004853191062,-9.649873461407816,2.5681394234505,6.419587317189997,8.459642406463619,9.296681943550889,7.493321447144535,0.6606543841481152,6.324824179045915,1.5867228276821237,-2.05118162183628,1.5754793189224363
9.64020180932036,7.567380738436959,3.093276364993976,-5.9965794584094,2.8005892628766222,6.871945775263139,5.940421547218291,9.33777747280779,7.318006844232848,2.520657105583899,6.357415329633575,2.2762249927761005,-3.0266847797639134,0.1969501741850852
11.655572244331022,10.31387005122959,6.355562820631661,0.900986340327142,3.1365807921106192,6.972161239211378,4.799391677356402,9.075425625352558,5.9951377276452735,3.735687000003919,6.655082977583692,3.8075122090715823,-3.258999743864978,-1.047846456597329
10.20804520839045,8.641345613303471,8.040205164273516,7.441395603188384,5.258100857955082,6.178751850491352,6.69476811115398,8.465388964157679,5.274077965518432,4.56038091522726,6.951799696908752,6.580026263011231,-1.7717375276613367,-1.1564720824537176
9.278719418539502,6.649269213476455,7.4550135493180605,10.234857684420309,8.909597143142197,5.492647180477727,10.26299383458228,7.423826911396269,6.021516714596409,5.044830890462773,6.261005399196435,9.421119251943566,0.4689569796584862,-0.174450159798571
8.032830836520047,2.798486630618975,5.225045780296135,8.522466068272404,11.77055316340124,4.98304911766366,12.19754499841753,5.809870245062887,7.6134049858122275,4.8495385458676505,3.3843948651528137,10.15653037966613,1.4831263641952503,0.7616194342869349
7.735274875696664,2.2926057822515222,2.8105303581332137,4.535067392201299,11.485587704616425,4.54429709009899,10.229178770705932,3.545774687606764,8.444637857196728,3.444258396313007,-2.008918006388523,7.43506589454881,0.0985981411116725,0.4611416210931232
9.11730731284431,5.886623059922962,1.6005449701078405,1.6833203039164442,7.927802481091453,4.46107160370875,5.267318992643096,0.8475432602400161,7.200552065100698,0.6818542162378343,-8.665221585885732,2.282318965946388,-3.0030976531986973,-1.1523971183809536
8.928397860046822,10.067480944383824,2.185988280414051,2.1895825939051186,3.5057317782156545,5.401451435204379,0.7004143709867421,-1.6528648448736334,3.965118139710375,-2.639923368366848,-14.213517563157197,-2.13223337679294,-5.84173626977686,-2.851426510406087
7.567725633335823,16.294210464264854,4.15126108421201,5.909603684230795,1.2037702474368004,7.570086232211706,-0.5081531310818583,-3.144721776147694,0.2598178120623782,-4.900151992952578,-16.6755607736994,-2.6384352733068805,-6.728693013705327,-3.122006062556311
6.712354088291203,18.122899009505588,6.372877833559359,10.832761095774384,2.155152010771332,8.655619514618095,1.7281806669599362,-3.219029746111202,-2.11970366811107,-4.758243926162429,-15.88942297182699,1.4289200585434365,-5.590338867126004,-1.5417761834417494
5.883669654239596,14.770888744581642,7.614013642483624,14.48092792434144,4.866585063113579,8.737507089155484,4.778456800225321,-2.3636350125113346,-2.554864387644521,-2.5271337216381387,-13.645196747398508,7.412425416037703,-4.042902157847706,0.6522932034262805
4.887011941505356,10.26962441131179,7.1480690712506565,15.174205597658334,6.612047915452351,6.511605478819302,5.763339316460694,-1.8210970634852155,-2.050817646904637,-0.4325699781764314,-12.34104758850382,11.045153873922644,-4.199334601072577,1.3427170777783282
3.9185485917524807,2.8457739549520054,5.142260256833998,12.694220140744244,5.653163316583065,1.2495277473519728,3.987867508626485,-2.693055246757297,-2.202539277030084,-1.0549637071505824,-13.211563455094703,9.52000571948814,-7.071404945112768,-0.8423631126633602
2.9100674096161416,-0.0350296718923084,2.5850816042117213,8.36143113022207,2.4669531640289435,-1.8499177299161136,1.226491706220035,-4.91111583705206,-3.600439161428014,-4.990060465553423,-15.554217009578236,3.576772372985239,-11.723213642135262,-5.246404335611901
1.8897637462694872,2.4800395561138404,0.727883584043461,4.536483017838393,-0.7958973752919505,-3.0294972907748106,-0.1457425445307496,-7.027554835719995,-5.220660025195219,-9.888666692411412,-17.52208952456418,-3.0331528406004225,-15.84668747126451,-9.324004212633463
2.267301855706068,5.447623094356942,0.3117413024223037,3.476980446756002,-1.9859984788894511,-2.858245548351757,0.7033669798118876,-7.234045590099642,-5.461781222615404,-12.118914735285813,-17.717212290618253,-6.312063643732662,-17.414871968420883,-10.346076025342692
4.193735462474066,10.859582820673792,1.067682124921571,5.862118470098897,-0.4750891591267585,-0.1072078365177984,2.516821357538124,-4.923584389095284,-3.865943812482177,-9.8900544503269,-16.20868257982679,-4.889789462415173,-16.199468227720644,-7.558182316885672
5.288012938878662,12.739489705545926,1.8922046177070744,9.940805769452313,2.451745970245131,0.9097632739526256,3.232466775830209,-1.4656345432394584,-1.8190029027461243,-5.064300955134273,-14.22727121245922,-0.8311731596566911,-13.93525293032056,-3.039419369143376
5.788239728241232,10.259659680441084,1.666827826744898,12.296733811431668,4.500881443786104,0.2786344422445932,1.756441406606525,0.6234648805360692,-1.4653019517760448,-1.825701827778314,-13.006143754525526,2.1625450239851167,-12.927363134748331,-0.2678183679539136
4.261909581610846,7.103295181021825,0.1803268107964468,10.154516168985,3.9738602607296576,-0.6962202360534415,-1.2775772306148552,-0.4129386128628791,-3.799348266758387,-3.1916082105816512,-12.87624199457295,1.678063293482671,-14.164744155534052,-1.2769429544989848
0.0358747956097643,1.5912885890367277,-1.5747933896168993,3.676330990472348,1.044561947283956,-2.986029246622815,-4.157858487107766,-4.111212139075107,-7.694914019780248,-8.401582044818262,-13.263889758492782,-1.66754078037925,-16.446217944418766,-4.761965320861575
-1.258500367976335,-1.2044112600987982,-2.073854074785173,-3.721534884359172,-2.2035994148347786,-3.5326143645368733,-5.378681541778847,-8.007999953141958,-10.733729426623704,-13.492816275649275,-13.28581057330041,-4.97664024727922,-17.22621643032589,-6.986899072320222
0.1833080485384842,-0.7234596690551285,-0.4859716735073158,-7.621403342023545,-3.1647358978222604,-2.2049778821525265,-4.519419843868337,-9.411387649776856,-11.042482319142865,-14.518024522978918,-12.228408567191398,-5.5937445206677845,-14.520716605064694,-4.966175487443128
4.201968101029616,1.1906861583325234,2.5051264900768797,-5.828142687919294,-0.6737647538570837,-0.1392927558594091,-2.266011587956015,-7.336661958493319,-8.547153243859777,-10.570148182988016,-9.65152025765845,-3.251627436706684,-8.431222300806853,0.7876436690433142
12.219551752681124,6.014496171511142,5.040307795692758,0.0265108202581227,3.887802243782937,3.436067764286841,0.1598424287522331,-3.1349380012242625,-4.7571338923754185,-4.133352283286508,-5.479097927442227,-0.0759435412782005,-1.2163788393893662,6.458063699791206
13.748688630783898,7.21016693159944,5.425530783926448,5.809412212507953,7.3123865790873825,3.904643024036065,1.6325172248894706,0.5627632096889292,-1.5386705161311889,1.208025816538064,-0.3771121538483157,1.4174092461904326,4.052999260902785,7.979349722011948
8.467230614778815,4.455084256213602,3.4153595728271258,7.968412820342925,6.750989944171809,0.9183999409267348,1.485964124082065,1.6745841670342911,-0.0079376754300026,3.457305982053316,3.965729548626817,0.4336930408886656,5.29240865134339,4.279510671307903
2.3471193389116376,0.1311425871368285,0.3407285338674661,5.797545795598577,1.812793695877759,-2.6454349565109334,-0.3903107928183749,-0.0921929129980743,-0.2270698839570308,3.0830258599357965,5.3989736744561085,-1.7789802800315124,2.5372695293021126,-2.081400996679509
-7.05943716581934,-7.467959019096818,-2.051349847678833,1.2491747245627325,-5.00103937481007,-7.949708422623062,-3.5644469814445827,-3.337073453648271,-1.527624612734729,1.8256826768120344,2.7974273272187737,-3.510725420350371,-2.174207071988913,-7.237900411860196
-10.360002679470078,-10.518358402484958,-3.0201266264584747,-3.07869889733414,-9.895027424482024,-8.946354157830731,-7.098172709165767,-6.09772684746927,-2.93091923135526,0.97145190555755,-2.606751862996525,-4.341335973733767,-5.996438546742912,-9.05829706854636
-6.322139441089405,-8.534051598181188,-3.2379024036738384,-5.763930044228009,-10.26023983722398,-4.884315658760544,-9.689897971189312,-7.077450881139808,-3.436383667753669,0.6812395978431773,-7.475248515977533,-5.260773534675399,-6.823561914741068,-8.263463214785517
-5.446714727964488,-6.838899566256625,-3.854727943868487,-6.815543823763997,-6.274334749031593,-0.8122866623757996,-10.075645285238544,-6.172002170911208,-2.320420152366161,0.5774507391557955,-8.472451635343852,-7.134638255529255,-4.323071170511302,-6.988835949886269
-5.587507459244909,-3.585765753135337,-5.177700040608552,-6.729477543298822,-0.5820354181299847,4.822831070554498,-7.671649818378728,-4.149008375910592,0.4749237537827118,0.5772059182707849,-4.754230159647507,-9.27240758515542,0.1085201211027184,-6.460749515563816
-7.120425798583943,-4.760585644602511,-6.287740181523401,-5.701981029990683,3.547812992671532,6.5992942726889545,-3.129258925984126,-1.9296551921231784,4.130256594967635,1.0373478108606702,1.2662183240580491,-9.765555483230631,4.401558259806469,-5.988562700632746
-11.75137522510865,-11.398257811572632,-5.980822948877847,-3.799215642943388,4.186899381637917,3.46201940381235,1.697118357246139,-0.0618858421150481,7.261982364816958,2.2525251064642333,5.679023214332755,-7.376714427532836,7.163890542528568,-3.994769722627797
-11.889919669105304,-15.32891952318993,-4.094808003978073,-1.6343619524428297,1.559859786207765,1.116890447137797,4.60388237887206,1.3257157842400114,8.704681782168814,4.01584287088947,6.008417259650972,-3.055005853604529,8.389711504811757,0.0956368182023652
-7.734502782514896,-17.897367229089134,-1.8835899464871648,-0.5576370911515731,-2.556445146659383,-1.9011592338772476,4.32426563336375,2.2335507221149555,8.205532487522849,5.706434998767897,2.919826783200744,0.5651079739233316,9.055895075868014,4.922972376744964
-6.922321167685205,-18.269309874385787,-1.031714115926925,-1.9450313609715824,-6.1239593500885805,-3.589529031179275,1.3618096928783894,2.5283766757424564,6.455250185265479,6.711518616000269,-0.6199409607846089,1.3211596548294766,10.02537886362385,8.047172851675862
-8.30022917714875,-14.879889820347769,-2.237804058470479,-6.130015493630763,-7.873764779480235,-3.0243541923939183,-2.339713515324012,1.9638177042068772,4.437796011125728,6.737103536448774,-1.862126121890035,-0.7034856505636444,11.271803341894712,7.84125328804055
-12.18775262988349,-15.492432179618282,-4.698249824747661,-11.897832146222395,-7.638181242211874,-3.9523270102650856,-4.748391306221642,0.4568234991923692,2.699703935451345,5.8681034241798935,-0.2904852599893424,-3.4675151124780648,12.136369548093096,4.839946717318616
-20.11326398791336,-19.841183326909483,-6.915714028307454,-17.017326932675388,-6.147532112957291,-5.73738179842042,-5.110365159110697,-1.6251598999923529,1.2025562102530678,4.5534765587525445,2.4082518080181474,-4.963372261208356,12.314059305794004,1.4384156102431405
-22.848150596946407,-24.622697387300835,-7.968326612552693,-19.516432949869323,-4.61361011688012,-6.105500968664543,-4.238831070287207,-3.420194638556401,-0.1582134964953665,3.603364109536576,4.105859373695598,-4.893615815319091,12.48699850748548,0.1473687965510635
-20.35083626901109,-31.45283460850821,-8.006870897051373,-18.90246783232905,-4.215860721021172,-5.469178720847988,-3.5138697340150227,-3.869085455247328,-0.956692420117622,4.010208392623053,4.082293007772918,-4.380684995621682,13.82427123791122,1.7352848949055613
-18.44719406535406,-36.08849168015994,-7.637101238210157,-16.54055541670169,-5.519988552750938,-4.016122636677217,-3.5007556056379947,-2.241930380665016,-0.2619661850984105,6.44564648195836,3.5257112372253614,-4.103703539741381,16.750761704488298,4.695301593124894
-15.192684123520348,-38.07487903073862,-7.021232587446729,-14.876350121670368,-8.082241800828873,-1.333256367165444,-3.4463877970592947,1.372139300963882,2.5898641076825677,10.675450630756703,4.51596231088001,-2.942968081492316,20.264297802496262,6.4778381444843
-14.613309162360762,-38.93724352608843,-5.758754436035051,-15.883814171298829,-10.652109347931225,-0.8719148915834266,-2.119061538878164,5.9218617175397705,7.104348030491262,15.404811716064089,8.422635001036468,1.186759689447463,22.640774293898925,5.556934011533491
-17.648052951454314,-37.45633985173555,-3.657187703734076,-19.68657826684438,-12.033465157886464,-2.82342912798732,0.7918084221719495,9.775818223067247,11.472845703512371,18.81650935838402,14.833802275370378,8.854230529496485,22.95608053446059,2.693694895660034
-17.629244606294975,-36.083408237422496,-1.4268067848077337,-24.31170897906274,-11.988143520841929,-4.3454928979654746,4.051213308268908,11.508370081516077,13.470562998685134,19.511658242092423,21.593761688559297,17.434555688841996,21.91854831327877,0.3369844695940696
-15.446896889797475,-34.78265316051208,-0.3427736569187276,-26.84461413226616,-11.328059317161957,-6.204576230659033,5.683781924363104,10.651787340364487,11.861237131798552,17.24901274163462,25.871519782914103,22.29146654040896,21.12016748436508,0.5967089807705666
-12.377342258275132,-28.584610617104104,-1.0507203975230182,-25.249426745357383,-11.009935974251874,-6.40971651495493,4.554774225982538,7.913839384902881,7.290895133449032,13.065262575121126,25.71697930790756,20.289952143293213,21.419780727161356,3.4554997829588388
-7.230900953851359,-17.58941553063103,-2.7413549485395343,-19.58857391530358,-11.06857042560192,-4.403989306097246,1.3520620653586182,4.6978231318523545,1.988009208871525,8.77044609630267,21.301058254304134,12.68777054083181,22.093769968297515,6.762099662123648
-3.6069248028793934,-4.553010122475883,-3.682157890126661,-11.80746760896718,-10.498659653000008,-3.164684456835228,-1.874687247577162,2.276338909854002,-1.5481356088750422,6.092721333053217,15.045708929675335,4.631631049961481,21.61650288139056,8.054936039044863
-1.5966392685873774,11.580573397086097,-2.731126952171202,-4.345966728876636,-8.28257275020242,-2.1569503885353285,-3.198461890692859,1.2187078343005675,-1.979410228249593,5.825106803974607,10.346834158938552,1.3527316819814257,19.24931582521521,6.638271342576401
0.9447761926759072,19.516158108120585,-0.3777327296162092,1.307819242203376,-4.542321646935752,-1.0019781479309977,-2.078434423128374,1.3921773424255122,0.2307762381146787,7.356484827508507,9.509478215219549,4.161562457870999,15.784937506773607,4.0590054465199366
3.230322018389624,17.915071048479724,1.746467838295776,5.088263383813699,-0.5895149126774637,-0.1659450753735625,0.5234300636860567,2.321195477156868,3.259192359803327,8.932512160095444,12.237586727517764,9.631467510197828,12.685774358228898,2.5637968087887515
6.563693555752836,18.69334183077932,2.4229339108829704,7.717429062163404,2.235235699960043,1.484901412902959,3.039769419352033,3.4399200532134726,5.019561919423008,8.670944997387515,15.82210794002711,12.583274815758298,10.521598624888313,2.9957954180347084
11.228161062374614,19.19163390059421,1.923625449152196,9.73638888044591,3.7577669893861545,3.932332168148564,4.313545133292147,4.063901741106893,4.195274296760774,5.784305017198846,16.99082259408594,10.208106034002704,8.323999998612125,4.1210676814449
13.483179486041678,21.968292648271422,1.5698164140728252,11.109501873253867,4.962311706085926,4.502301124270831,3.9904957922837374,3.380586207143396,0.7238512848802108,1.1069269545873346,14.098147368419582,3.883283626668885,4.524380224113292,3.9864870915030695
13.435078767713346,29.05361777708387,2.2858224495986628,11.638346738366042,6.798319897322512,3.206008390541623,2.2889513698041477,0.8165737825525561,-4.317281334461008,-3.5897799299336817,8.054215911966491,-2.50419997118682,-1.454956793027291,1.910934298194633
13.404732065215468,32.70252194844924,3.650741632237352,11.608025051606775,9.062127980105554,2.114305558302016,-0.3340386137596023,-3.349674986267436,-9.219859140453869,-7.027104878496544,1.402119669961568,-5.890254378239693,-8.517744315085011,-0.8980268110622385
12.654600667220365,33.87162716841649,4.3709137927406765,11.880444214514398,10.526631876197303,0.6951982061321336,-3.249765759406668,-7.755866942004518,-12.333023557032952,-9.387528244546973,-3.5807132445708474,-6.126584257694491,-14.759826150974646,-2.6806770281436423
12.901355510727086,34.58065303247653,3.616436306761309,13.215459038976658,10.188883878237156,0.9294700734150017,-5.592249962677754,-10.579396630503863,-12.752106806637316,-11.92386771792476,-6.209848901386556,-5.443972870960643,-19.02337887846591,-2.9655704455606298
14.55749597493462,33.502158828930206,1.84320834521976,15.40507508541993,8.366712381312468,3.299468852865298,-6.432510147978961,-10.71086673305637,-10.754286333653582,-15.50733580879595,-7.261345592712288,-6.230510685534924,-21.658474359684607,-2.953637122256508
13.62852789425524,29.979576106921765,0.3449698876824238,17.104613470140826,6.551154912627895,4.190477991531246,-5.280295119864077,-8.525156396021792,-7.673274132536228,-19.4340746694185,-7.819320619236218,-9.137790228430244,-23.82436532802317,-4.044418667179242
10.386557567883376,23.799251665220226,0.094048316699252,16.725799844412155,6.16546832677823,4.037132540434072,-2.54007042742807,-5.530712662656091,-5.125143696292231,-21.655049674102827,-8.32345526456376,-12.793491910019087,-26.067611025320303,-6.101740012560172
9.471377185997383,20.42129244963495,1.0504443316997438,13.827541290230696,7.410547129416125,3.907688100350352,0.5650275666780424,-3.1642802912596544,-3.987746312139752,-20.339486643471563,-8.612346920110307,-14.949101023156253,-27.579121519486453,-7.354808788653577
10.413337578338822,20.04047747952809,2.5017080795102835,9.881041127833688,9.21978854165832,3.167397504677249,2.6861824975784327,-1.8023534651630009,-3.889531461495392,-15.465164794825457,-8.646006577004625,-14.01342358870656,-26.86991722906762,-6.106646358002521
13.422457304261789,21.15360460265829,3.902878038616598,7.617152132408901,10.26325505408059,3.991836102677024,3.187551933254816,-0.850350784841523,-3.7113599088129,-9.06933575690362,-8.941465741847914,-10.002535916570128,-23.27400679043747,-2.5183858572726567
19.56756850014073,25.24005334925352,5.2698450987696965,9.204740897475729,10.019702080900254,6.562812318800045,2.4669894405012758,0.2804262403314763,-2.776227145020621,-3.9453929939494095,-10.177101356705707,-4.521886198931903,-17.91185606675484,1.326467768893285
21.11617420943937,25.52751719701229,6.77429735647336,14.493033774293531,8.986836814801428,6.744789351380932,1.481539327938895,1.3553373303073069,-1.6773551541937035,-1.8643939492096104,-12.397012578495632,0.0637741378982128,-13.19986782331167,3.0951570789004643
17.919302989899617,21.749609237891256,8.086286244109102,20.68414747444261,7.975573377647214,4.797344266358216,0.8619786200263309,1.506415544613824,-1.8492583400384104,-2.6916780558864266,-14.70034529445135,1.81711151420102,-11.232520664564372,1.961028964194461
13.243538855163658,17.877347476097246,8.281444375299431,23.88531095555029,7.265701547133542,1.5918883500515422,0.3762987859786513,0.2292877237012662,-4.076025579461822,-4.891953656517833,-15.774570951955218,0.2227335564518711,-12.297981651274345,-1.0728597646103406
5.218533264077856,12.3343706007735,6.549819947728585,21.619400779330658,6.4484778633815285,-3.786465921261102,-0.7573152040799345,-1.846386271587356,-7.247015432987294,-6.766471144156919,-14.757176158407242,-3.482471596875503,-14.662095847803451,-4.205363364104935
2.430422792269499,9.266253702073476,3.1137414436276902,14.561410424341291,5.059045690093503,-4.98503552554335,-2.9354491326248207,-3.2300670795935966,-8.68912141427733,-7.373016055988706,-11.655182036214663,-6.853225914288141,-15.750045455154478,-5.971276077919445
5.606462988232715,9.303207813027033,-0.5233010596499366,6.204514070636583,3.307637602107929,-1.6151432824415928,-5.437095500708397,-2.681211821083356,-6.10792587797369,-6.63039415583649,-7.114084335696284,-7.466277370838319,-13.83886289971683,-5.614839147751645
9.950305758390012,8.500959280347896,-2.3672243821678904,0.6108958130627373,2.1048304379607963,1.9650428629916388,-6.645791463126736,-0.1660478238586993,0.3672992320788966,-4.913870521849227,-1.9822692546229463,-4.276006844515339,-9.097970151827331,-2.9979477919489703
17.707430311962725,7.904245368234779,-1.2723130787518118,-0.1892991744521293,2.260594037830539,7.269943976615871,-5.218672363503375,3.130538360208548,7.847215134713631,-2.7171081914159165,2.8713907525022524,1.6280036311010306,-3.3782129790862703,1.2794233055247073
18.78335826143181,5.9670883238577925,2.1502510698222244,2.677878778290961,3.580474912403794,7.759992621016002,-1.3449269287154566,5.622377415268178,12.512325326924064,-0.605323350225583,6.537135487399281,7.381923525988268,0.9676836403347736,5.627381867869049
12.106669716182324,2.0478988382516787,5.764640409644151,5.995606587710341,4.763013338287667,2.4201726645423345,2.981346515621245,6.198254120634572,12.202163075391097,0.7620642361628978,8.197016455347951,9.78905156547918,2.385203341811362,7.843508592312946
4.3861435120113965,-1.0585700992958225,7.181972906938045,6.80570861795894,4.312932050355154,-2.349178564843074,5.076813387408322,4.574116811764249,7.697611259917413,0.8073665460401376,7.506796511341031,7.140455057494818,0.7610541254092,6.38259507443322
-7.029327452562181,-3.8165226816861,5.237434598474374,4.291862050992372,1.748058713762738,-8.234386839806353,3.3921010182934515,1.2016601331970724,1.8001891289348144,-0.6250867189041713,4.899597736923586,0.36281463025903,-2.80898696636687,1.6075464416365826
-11.674745325814625,-5.908013944057552,0.7152950181095301,-0.0283611768845126,-1.925015854245768,-10.43851364828832,-1.2741045851808217,-2.864458456340269,-2.8022757705964407,-3.0473075075961376,1.474176545850086,-7.279725281926835,-6.767307064303076,-4.226466495855301
-8.150839566414435,-6.809995255097823,-4.1120867868881446,-3.67645488928172,-4.884182457286654,-7.679459496426443,-6.126356719728085,-6.055576646106227,-5.042148580700104,-5.45520155024523,-1.4795208378920774,-11.896021366674102,-9.797802270375591,-8.412824230748825
-4.97153342283145,-7.240588058496919,-6.811208227954115,-4.973877548788003,-5.77389490810226,-5.746196841662011,-8.122739878874263,-6.678685821662256,-5.376457446249298,-6.781965888776401,-2.984429672220271,-11.182297401726634,-11.17279440276005,-9.45381242567231
0.6008170699535952,-6.9074927969775946,-6.170128505077783,-3.9713005416272313,-4.587391512343006,-3.2342701011165538,-5.913425086908684,-3.810102901751293,-4.683433388567573,-6.443919469486226,-2.681344330679804,-5.8374155014101134,-10.79764323366861,-7.625788328113603
2.653981358578694,-6.784577183168161,-2.8412887299141696,-2.1069544656490216,-2.5200330946657745,-1.1765926355345775,-0.60860919928977,1.787219631931496,-3.45102663193543,-4.682048660976546,-0.92469674283699,0.7782115775080358,-9.132105444272137,-4.326649027923128
-0.1850200197468655,-6.982916643707361,1.110823102397097,-1.036331059885475,-1.0007070811024068,-0.444669454293248,5.113378975037668,7.636153845468705,-1.8710842831931416,-2.466746592081173,1.3513382870941753,4.712879261836381,-7.007577999845101,-1.1347602292758374
-2.238240437849388,-7.872484716651104,3.501038857303829,-1.4998256403235055,-0.70140845820716,0.5958957682933019,8.831101354544398,10.833561332351133,-0.3122781177322666,-0.9250660768461172,3.1101485983683785,4.056419698738042,-5.236949288469589,0.6976627591863949
-5.2381366395658056,-9.81466668041348,3.3896351000388165,-2.947771846977968,-1.2499197553526038,1.390915534174493,9.789416243021336,9.945743110925688,0.6722664777759313,-0.5649167571309732,3.939767372819572,0.3654645039440964,-4.083919216749264,0.5122176989578371
-6.8713873128925,-10.318359176115184,1.6433939469161434,-4.113608230848547,-1.7598556450521468,1.2431864499612082,8.966164988123214,6.061059955057573,0.9080441417623656,-0.8333447598557697,4.482947445935809,-2.3370361716345838,-2.973054338748158,-1.293821716632337
-6.35711240665259,-9.442233339787558,0.2586769394088755,-4.089169952961177,-1.6612777730372557,0.1836165876424429,7.945567582222692,2.0230373861093014,0.9967905401007896,-0.4558769338062411,5.947626417730665,-0.5564715435151637,-0.8346316333644577,-2.951538426747039
-4.0107195309130805,-7.764398193802021,0.8616126961029575,-3.0666967607170346,-1.1318789847210642,1.0017056958746813,7.604478475021814,0.2957153759599418,1.880236710302984,1.540703928657155,8.793123132793154,5.806811259732736,2.999155417956178,-2.049993756483847
1.150425684189412,-4.695104200226838,3.4651006142154746,-2.117759860487661,-0.8171465232983088,3.780986640333128,7.623346257668214,1.1136273803000742,3.833496019241603,4.8595161070748425,11.66855778626345,13.078175777907084,8.009980178109714,2.5886259567893326
3.057759894227065,-4.359697454238734,6.4492924689684745,-2.167071765895429,-1.1500652544472023,4.9200120793213085,7.069819691580857,2.4466820747446514,5.907828097064726,7.881152535320322,11.83141011611172,16.486431626249953,12.556749287354531,9.3306633327089
1.5944401054879398,-7.011446919210566,7.799662909168706,-3.0933917011819823,-1.9068938845076069,4.88025445119217,5.4377774044267735,1.862307904412673,6.545367247995386,8.748510423208723,7.142944187460216,13.89862132026298,14.892994983095411,14.26961688485227
-2.4415013517875184,-8.59011206876942,6.619540247769395,-3.86153963046274,-2.3921468765803064,2.665444578861133,3.225024759243478,-1.2502404817262942,4.953838590654518,6.841039560898796,-1.813461398555754,7.518072199502118,14.419866756580346,14.014669530840862
-10.693020766895632,-9.953216273723928,3.715323667630399,-3.622243452778843,-2.061514676916989,-2.570983443108057,1.5760936592227246,-5.01134269737774,1.9802796277339685,3.448040904001941,-11.417668731848323,2.0442376699345264,12.183651408807668,8.549626012016462
-12.984539601361076,-9.946821275829013,0.8551963312495054,-2.689275658941499,-1.009121029930732,-3.368759694200071,1.3168294893879953,-6.579228806154967,-0.4283269004145422,0.9989798999290028,-17.152725686251813,0.842173664629966,10.18403508591749,1.5220948410933293
-8.987041417869303,-7.813021333759074,-0.5966319378410798,-2.3217750954022787,0.0993655345815733,0.298727751116093,2.2319341012905376,-4.595136147405931,-0.7983342872907286,1.3685264547733589,-16.767535621211106,3.4312700277669013,10.000068071657203,-2.5204373956114505
-4.940639470018075,-8.115361362940025,-0.5367539633198017,-3.4266222363112178,0.5552142062038161,3.824956030091704,3.258465127808549,-0.3962695203520923,0.6672799212394729,4.563201672974913,-11.950291926710833,6.3981822304504,11.783029344961877,-1.615114079860856
1.4810804169480285,-10.60680997765867,0.1060399777964526,-5.487073611661911,0.1252145066540304,8.80636661109114,3.47884507835491,3.1091881870443494,2.3720738340958887,8.80811193685413,-7.024165397967604,6.722855987253232,14.352869228785728,2.423437088447301
0.9204850627654848,-12.669393359582642,0.3061093698155499,-6.9161734328130935,-0.8454815126476447,9.494249887703134,3.0230126437212306,3.90175421588942,2.824058050781363,11.903074612118692,-5.603692443408363,4.37417778734193,16.217530210142215,5.9420659973885375
-7.9954760581394035,-15.139034485113951,-0.2973400209229933,-6.621736574764977,-1.771940284506211,4.915395775925439,2.950500638589353,2.404196891421244,1.904062235418249,12.69166152069982,-7.942757335451041,1.8524000578142756,16.584383086255187,6.491174277712865
-14.342414109547876,-16.73932722613089,-1.3896999579726717,-5.261359053583556,-2.295007224708328,1.9906077987847228,4.062264159498973,0.7336874757103562,0.7003395056864581,11.489301040436914,-11.18770494595748,1.3091475344407268,15.518580035955026,4.188295070126427
-20.298965509112165,-17.069322139985875,-2.565972512700705,-4.8497567435669815,-2.5122895849808997,-0.66322932157491,5.698318852532745,0.4480885543915303,0.1662115835002837,9.318607573398864,-12.222788061616727,2.157201116993325,13.291580834074123,0.5920411089441213
-20.286017572891662,-16.18950838061036,-3.849851620493736,-6.942858758761464,-2.8225835294526744,-1.9611700143150088,5.822975607819092,1.019679395673958,0.0705535893586088,6.860173352206168,-10.45776639158531,1.5585878169355878,9.82097893101278,-3.2053618728232225
-11.968149474111232,-13.557557598419178,-5.6024720954337015,-11.034778129459824,-3.5231175486123743,-0.6822284014734292,2.6422131730326983,0.5328649423204324,-0.6180008095968983,4.153315935447177,-7.984201694445858,-2.617444426700387,5.012206349857888,-7.09110880281105
-7.606249120805227,-10.08092638479197,-7.88149727993009,-14.673449510277898,-4.476102505259706,-1.1935915169611238,-3.529014301950768,-2.117381857686941,-2.3392528102053145,1.20568853815353,-7.068343661244192,-9.2003373462644,-0.2702051551961641,-10.787055005388952
-5.664343239454618,-5.542250589408973,-9.903684274813337,-15.262636851661805,-5.123121437809772,-3.007452665391363,-9.93632288876357,-5.761800880925536,-4.1234872031864365,-1.3132166213321437,-7.580770760134527,-14.086910354763685,-3.8621160312417615,-12.835341095025246
-4.605232457841364,-2.8199075884914917,-10.301963455726185,-12.042581885717892,-4.872444992620928,-3.1052246874786884,-13.176799834852211,-7.763701890099762,-4.3720998840413525,-2.20961720040091,-7.051325444246691,-13.471775004236616,-3.52404278863656,-11.376393407204402
-6.729310541789111,-2.31601116906578,-8.211878657070084,-6.647398468703262,-3.5805316698020526,-2.067846386553997,-11.753524645451934,-6.394647839390855,-2.5243659381410444,-0.7624538677334218,-3.375456798834054,-7.1558301250399685,0.9509566040818528,-6.202947776458
-4.659846515358723,-1.6051888410815962,-4.340632998305483,-1.894808674651106,-1.7416592594301503,-0.2328664139896071,-7.196787194017431,-2.5109050126069,0.1629840168235086,2.359987862088552,2.598544329064877,1.0274305473951255,6.765831646235129,0.1958531499680074
1.5526683423251102,-1.4651959334346931,-0.9086545796146996,0.137647631106093,-0.2066414986489437,2.9035058421950533,-2.734475712868817,1.0963889368747015,1.671064824838548,5.257356274761555,7.404742408298511,6.1115973829223496,9.726497586248623,4.146637699131917
3.8813266150207006,-1.1069244122689847,-0.1609631743803063,-0.6917070961638299,0.3741088801468653,3.904596982743748,-0.6750163983878714,2.092028747982143,1.154437307887182,6.075774170958249,8.117045308423139,5.75439276447257,7.537453281908681,3.785985367514206
3.436201441504588,-0.2303389841356793,-2.4894520180946067,-2.8073663821951307,-0.0303405502482174,2.5825083965023765,-0.8027819295519887,0.5145608108039443,-0.1793624354220924,4.394091479181586,5.276533064264607,1.706715495532693,1.9669658027484007,0.7194608832964047
1.8109826513187293,0.7442528618986344,-5.833092700386038,-4.148455602988738,-0.8464460875849245,1.5627074569756916,-1.098166094128434,-1.4918531073077013,-0.1759933213474624,1.5427085041397337,2.588078660714535,-2.041810735520942,-2.331028545343882,-1.3810343748086833
-2.4529375739052632,2.13046204454761,-7.137311210242871,-3.45905036897018,-1.3060086333755816,0.0666510424967582,0.0544296285248648,-1.764977841780773,2.2103685033339677,-0.4349780520112389,3.5012442721551835,-2.6046844340606725,-1.6326860022501002,-0.0399453862047565
-2.7002779946221978,3.3004556115255284,-4.843563679035409,-0.8879637390187121,-0.9473105896275112,-1.0427855432146935,2.2827290452762554,-0.0237888112035449,5.871616701460763,-0.3293844981774505,7.9029966279337,-0.1517675246166057,3.678456809587175,3.9142299477331832
1.4205759272075489,4.264278877111697,-0.2969735037308574,2.271437811040151,0.1117407663432246,-1.3923956919656508,3.646003202804884,2.1104154496549725,8.462582602648247,1.4135092759849108,12.137199892277865,2.8640012958886985,9.473017783877475,7.286644064173856
4.245750032652381,3.633874240334126,3.253916094421076,4.402666007967827,1.268072081809816,-2.044024283928646,2.5148562163047536,2.807714890423455,8.37783787496496,3.180866880085283,12.399000236294183,4.085072565624699,11.505282473072072,7.489122262996247
7.194067917518771,1.1102672158603564,3.309392875179409,4.470444895823807,1.8163561244429864,-2.687689935079706,-0.8923684693224381,1.719336674582653,6.00374631251011,3.5031186938620458,8.32482007113935,3.0114864238866765,9.015736595275584,4.739914815362614
6.940723213970444,-0.2841663313675799,0.1549022213939075,2.5712923263670326,1.390198630085461,-3.0238511275857154,-4.64479892139811,0.1155257047241526,3.2688775826064003,2.110894922124043,3.4287275399437505,0.9085327718712896,5.047019430446532,1.617641353561179
2.378814639292075,-0.7980586481571383,-3.479561331498332,-0.1351051423675997,0.2004724023124566,-3.1258129532013075,-6.651076843420263,-0.4851664296863163,2.06344178209903,-0.0224152141534688,2.023955259170304,-0.5785626470525109,3.316915834620339,0.6438000614933159
-1.3852896667417172,-0.2054212762622371,-4.795056090145078,-2.089411607955306,-1.08394214049736,-3.424929107648729,-6.212050590811884,0.2419069327363274,2.90545522166476,-1.5615230973874858,5.499690480880432,-0.6695004407484859,4.691870521662576,2.2063818692168304
-5.325410905857847,2.209939108880242,-3.2078080575189567,-2.227950340487837,-1.747674988798277,-3.909056685002248,-4.348803558652712,1.2614963670375126,4.771402212135236,-1.8508318053763877,11.273599124203852,0.3168926517091428,6.561084570635824,4.517959418337025
-6.201326099125832,4.113373647486412,-0.5707559875985346,-0.5645157391328155,-1.4637546721861838,-4.002084093113298,-2.831315857109153,1.3006044269516472,5.955000044036872,-1.3289730872213,15.151319652502693,1.5235315681374535,5.553331336044543,5.329934301947102
-2.8522956797385968,5.725047995730756,0.7171631845949626,1.91831265671604,-0.4611674119095106,-3.762254121470515,-2.8308084669653404,0.0778549665922128,5.171340050572844,-1.0699639804240384,14.77412131295488,2.2032259636161484,0.8754628395661257,3.750829854489336
-0.6333656660288819,7.01615931245781,-0.1245063607374667,3.976416603008619,0.6627429343716322,-3.728843664865597,-4.223960381682463,-1.4998998628993974,2.2251544621276054,-1.850998134352828,11.132892286237954,2.036738949570566,-4.899706613966835,0.757465951520981
1.431118707342946,7.48683689752437,-1.7830257005443748,4.892499567012251,1.3194450561395392,-3.828285562060321,-5.919751070221849,-2.229849703104115,-1.96697148400316,-3.4749561754251737,7.163415553492822,1.161090378563994,-8.209778008005724,-1.7340009252713386
2.391243777402285,7.03118777592792,-2.3446669061113248,4.792646222059688,1.2397031204422255,-4.575938313771252,-6.805734641665865,-1.6636723384431562,-5.866313728333868,-4.890282982477693,5.075932422027442,0.0519472248519576,-7.672273544381305,-2.3150014851633145
1.2557245324224215,5.355261145620634,-1.177327572657905,4.327398214367385,0.5692542270668604,-6.136964069073071,-6.552287946130591,-0.3765354698020857,-8.069189065321112,-5.068673452764614,4.868149286003465,-0.7261049178658183,-5.106554586367444,-0.9878997438029024
1.38531720827185,3.625941770710027,0.6258328893352072,4.049392113464915,-0.2429900333513224,-7.037630187492618,-5.706736539449629,0.6610354437802073,-8.028650596847914,-3.979399310199653,4.995848167791209,-0.8771468991507021,-3.670968483047965,0.965385775062007
2.3387926898335047,1.742966986230509,1.5407027991305,4.016314944386227,-0.6910972548325311,-7.361735898062743,-5.058828981879415,0.9333975915360356,-6.37029496829425,-2.8033860473456684,4.126757196295444,-0.6132964383239035,-5.0599669611333695,1.9314655571865276
3.127268663598097,0.8618256075858475,1.2061519145880624,3.9127084223666273,-0.5044693210990943,-6.391334642938361,-4.817219638044428,0.7079970663763859,-4.521263645481007,-3.035470269230835,2.2184503018698223,-0.5010462440789212,-8.326786993144196,1.063468274464519
4.295194666643116,1.35833485474991,0.6770835773667976,3.523390462705727,0.1543661371441658,-3.694189071974897,-4.313584566681904,0.6679901291541874,-3.759248868442107,-5.073299187830507,0.1843591815975784,-0.950356376578295,-11.10334262348798,-1.188182074534513
6.445800030794535,1.91717002048132,1.1852632194673447,3.091550701623415,0.7645096311709061,-0.8628504208547698,-2.553557961827277,1.2784931452498045,-4.280214163998863,-7.519288416544562,-1.1601493080620455,-1.7809702345040677,-11.75312209971235,-3.455913239901477
9.653782677701068,2.937058301693772,2.8191475262719905,3.193839464495319,0.8384936342496232,2.382975130607972,0.7993436412040609,2.439622460751817,-5.018254796270327,-8.025682092419302,-1.739472498584476,-2.315164257445783,-10.433897763505485,-4.458416220978595
10.539386445075522,3.798995272114877,4.515667296731841,4.194578734259682,0.3759131730771514,4.3163980998656095,4.874547440540532,3.631669291945805,-4.470300557708139,-5.2307047820266455,-2.01538261995465,-1.9802669520965035,-8.410331463265052,-3.8577993121708616
8.991723281436226,4.314702522087153,5.245981485540312,5.7487176553406485,-0.0496464391349391,4.492325381819497,8.04891345144966,4.326133456827172,-1.9649543723737397,-0.2151805351450022,-2.398732706407923,-0.898935341178845,-6.654607120570745,-2.3200994892772755
5.3411210113925085,4.725996326309645,4.991733610395158,6.852737682487291,0.239709073639883,4.557600268682944,9.102275281301054,4.290246191975303,1.6390737193849605,3.921421681517419,-2.927365977796647,0.0831370237531281,-5.184509478494377,-0.8275142714739694
-1.3870435687982248,4.794950816705864,4.475717933810088,6.52031899142446,1.3519633891608116,3.955977974673433,8.110017668009686,3.598183978373818,4.456548676853412,4.263584815831919,-3.3891057261608566,-0.0059892277295219,-3.5903807779089085,0.0466860277105105
-3.5057666429728007,5.0396174741082405,4.130629768568376,4.601027672636469,2.603964062985664,3.289223889839179,6.308296958773774,2.4510051684634604,4.941335395963684,0.365255544379174,-3.595347179579681,-1.5197745464458414,-1.9882799319963385,0.2436071487510922
-0.6920393726593116,5.436848712157569,3.648413017461177,2.053621109287363,3.0702175867646844,2.743886827705704,5.07031717364071,1.0288146437500425,3.031929788391228,-5.288330971953101,-3.502330789922649,-3.887415658185176,-1.3347122337958697,-0.2221266130482817
2.241072689558303,5.785815296232019,2.645500991944541,0.3631444721935395,2.463418502162309,2.511948897601645,4.8985029693971285,-0.5082042882033306,0.1535595919449299,-9.089031895211338,-3.186478847948884,-5.968215468868969,-2.741988150134293,-1.5599081189323378
7.095557791567908,6.1871345409064125,1.5092169120989318,0.4789236834032557,1.4850988487389571,2.86291560129062,5.248805260611846,-1.9447866286051896,-1.909059884081202,-8.941778089204394,-2.858884475914518,-6.810583299226039,-6.381414748072711,-3.887235858143878
7.219482038635554,5.76052230898174,1.1860269139933912,2.073613094589689,1.2008736649499312,2.9315954706208105,5.191764231442509,-3.0105792414039527,-2.3539549855258386,-5.632743864491959,-2.971224099916228,-6.312381586222209,-10.969746695618449,-6.669492801097915
1.6195456688604302,4.415310343751612,1.9783894488017568,3.7076380713052153,1.9358403390704544,2.8451183827949422,4.200148738938269,-3.506481843503924,-1.884130107784612,-1.964422334653765,-4.2244068225707245,-5.350898891828129,-14.43516362210048,-8.749285370299393
-3.2186482852139275,3.929319421705437,2.794612015586239,3.7967162832107695,2.75233578738062,1.1963004687248933,2.3922512201684434,-3.4524627276261715,-2.065773380155383,-0.5413910484550168,-7.259821499503126,-5.235272696727884,-15.429725356122455,-9.235688299476422
-8.978580637455277,4.191333630984775,2.003453959224821,1.6900545364345891,2.1428511175709497,-2.317688065994327,0.2211192807902842,-3.09988840259366,-4.050640126533019,-2.03663859008516,-12.06744450489611,-6.719797249652999,-14.53296358807432,-8.462032141852651
-10.631938900605682,4.720507429645072,-0.753748240678191,-1.879186618471767,-0.5386335386160841,-3.4818331105222016,-1.8744226040614904,-2.760412280498471,-7.592627758309297,-5.115925379791722,-17.502585174874817,-9.183277408929928,-13.985524956792933,-7.891041688790416
-6.846249279637207,5.898843120748043,-3.7422023237107567,-5.232344014289893,-4.17074685909485,-2.4241892149044104,-3.479165914452796,-2.57356885402879,-11.038505586955008,-7.721524004873961,-21.43641447478764,-10.675577210853708,-15.859730547908878,-8.799922285338287
-3.3382033950509644,5.777693966480572,-4.454227747267019,-6.74393805670978,-6.432168052711106,-0.2964238425238678,-4.058113959872205,-2.417188509272286,-12.33544844801234,-8.489296944870903,-21.76159239312992,-9.103534514210436,-20.026937484040737,-10.920900243281755
1.397910178424456,4.234245045086525,-2.0109198326941344,-5.773822310212305,-5.552417813366873,3.879260076199341,-3.124430970576407,-2.0636377697252684,-10.444347605368186,-7.326985076585527,-17.812087263341542,-3.9520451619844392,-23.785240135803168,-12.472642810179646
2.6699184375923517,2.900613324211655,1.708409966601407,-3.0112007605471343,-1.8489006326825892,5.08297299454331,-0.7940092507769192,-1.46690430867377,-6.209893637249525,-5.096149386683073,-11.197275728045351,2.7508269842976176,-23.78431040959416,-11.746320291407406
-0.6899780976468717,1.3452675702515606,3.4732373631316777,-0.0740003595658027,2.3014222520375416,3.026475740418622,1.820331157863074,-0.9136549128312454,-1.9720675126983915,-2.9457821203770878,-5.1722428698980245,7.264241749275585,-18.787863773171548,-8.811405152085047
-3.9872953369262527,-0.0381650878390778,1.456144158063306,1.390694144001266,4.154946568325043,1.174721782141109,3.0081493727234623,-0.8504673706242296,-0.0244829250744755,-1.7598832571556038,-2.641086283609132,6.519453098207194,-10.833234484650966,-5.651837446633607
-8.652853996147032,-1.002740939133118,-3.1995979319829617,0.6017110315562277,2.632400360281504,-1.644310521935618,1.5953552685498549,-1.488300943881525,-0.97087254754058,-1.8185293274827008,-4.093028025912739,0.4305869780727276,-3.638856263664028,-4.489755938503389
-10.36637010246242,-3.259832471178249,-7.40999818822603,-1.967245178386364,-0.9660329818012698,-2.561064361915704,-2.057662180634328,-2.5401820512909303,-3.287185345121081,-2.6566438023071584,-7.123577983694677,-7.722836859508121,0.3702981155670617,-5.803254175570402
-8.235005472393137,-6.754099048368354,-8.741913650296489,-4.921946722001181,-4.103065512542074,-0.989138372375262,-6.110859636137164,-3.383780570494704,-4.531963805687731,-3.2403091105070487,-8.137209210730383,-13.346533851455302,1.7471092783795683,-7.849581493441626
-6.212878528293685,-10.232233679724294,-7.176262948465002,-6.78953342470497,-4.968658500864159,0.1147799794811426,-8.409007017507978,-3.5580522579166853,-3.2611319779561363,-2.543283936249935,-5.05815480581213,-13.57832394998892,2.996009111519342,-8.07748329253267
-3.050738561635189,-14.002752500431251,-4.6228460860935385,-6.838472855935159,-3.615467289310367,1.532471682650651,-7.85060423850409,-3.1441839208481213,-0.0465530265171203,-0.2528249114620777,1.0769853236920175,-9.023892717236656,5.994149581961484,-5.103247732133823
-0.5325082142318954,-13.770210064960391,-2.9500759038579645,-5.380112514033311,-1.4831063611448414,2.544359788926217,-4.919500415450095,-2.6364145172049867,3.21122181949778,2.944595574390896,6.940200599042512,-2.9008109447978967,10.358269441268432,0.4237979553029838
0.8016890441640069,-8.914033351366575,-2.5048834204386523,-3.412463685939336,0.011261611311184,2.719180211589932,-1.110042868515592,-2.3899186455997707,4.941990013025276,5.807599538473312,9.453368596921656,1.5860506223258994,14.110283130624827,6.54272900402875
3.3234371967613985,-4.005287990916733,-2.302834787293712,-1.8972965980499763,0.4807057322616259,3.0840564325492106,2.135842294812392,-2.187486958303836,4.999632822523097,7.389930790427343,7.961689960707247,3.445413538398512,15.6792830305613,11.353379351834583
6.525452025100655,2.031144696962117,-1.3173895492199463,-1.162980442932934,0.4833011137135941,3.3326989174036195,4.1509863175406565,-1.409537131084278,4.346114788002922,7.592890504319513,4.378988853620115,3.999748121419266,15.173722381097114,13.833857911107629
7.386545395759263,3.729751294471912,0.5733750950823051,-0.8010192506571769,0.7648426076089478,2.9355912305543503,5.071058847589235,0.2759390516895195,3.89230308088041,7.0126126225253245,1.4323726582818566,5.095204987150403,13.89274400034499,13.786883114090609
5.947362950581003,-0.1135796853124453,2.726239167144413,-0.0894304568615069,1.6738947848184154,1.932054210644196,5.380002734909816,2.331756179161985,3.7392550037112713,6.336332790647745,0.62522614709723,7.185265206593812,12.899822250386896,11.503398407753814
3.809120805895676,-2.4459392036821748,4.450852360787273,1.3525173119396785,3.097920424075973,1.6117977096199854,5.386839926141292,3.4902172162612857,3.42820480827492,5.879891166189374,1.4995993761164923,8.967115903308965,12.205506468802298,7.714972550202603
0.2883263591928247,-4.713013097734438,5.4110996760809655,3.130789739639745,4.640430792695469,1.967256071349525,4.945453342337515,2.6261255740390226,2.692060700969208,5.586178382461419,2.488006389497727,8.737263825852501,11.187265542446047,3.710235045975061
0.4111852995205746,-4.552384655032803,5.5074788200689895,4.214487560800322,5.733613780031384,2.253309972035576,3.5790732081446777,-0.2746004312576673,1.813088177726101,5.3043492838383415,2.4021556935892363,6.132870676744282,9.544580160449726,1.0905048184931303
4.756621892527252,-0.6207968349200008,4.7608337589934,3.649777640820517,5.791058457645562,2.752824255860544,0.9988989862447326,-3.830726377622973,1.2984255125299455,4.991316107332786,1.3806890497850333,2.7139703423442114,7.752256196253768,1.0348403725061317
8.388227893243123,1.820178606635933,3.543616789981172,1.4138034050112085,4.61282498972767,1.723745742758901,-2.2916905321251733,-5.969829111540825,1.3634921042567711,4.703653448160054,0.7760432671582649,0.939740534495769,6.719676009568559,3.621804724711261
12.507664410385916,3.5917764653129978,2.764423681916924,-1.253707464571434,2.821568375433749,-1.0614399639931331,-4.873339038595837,-5.214067354650695,1.8052537218365785,4.508305081968054,2.2280578137958003,2.416601615839141,7.157036937250872,7.834339569061996
14.221725305501977,5.321525636115907,3.411888237421337,-2.4521922496035278,1.7385012263031072,-1.7860991932849608,-5.148318075587362,-1.712726109973893,2.292277118813232,4.434660534829035,6.532075521501156,6.757224561961394,9.178782649842232,12.225306913098422
12.55876135496091,6.127076172559016,5.612655791818796,-0.8859150805770284,2.4733779554221726,-0.6631833909476204,-2.598587149333184,2.6937957077039343,2.633870425591766,4.447200053182165,12.91093627483314,11.79340621707329,12.211627191646592,15.5866453767716
12.3107421406722,8.037084891356868,8.175194300139935,3.1007939835349205,4.870224742630185,1.348484401067662,1.456023208020575,5.510083240203635,2.7271039640670978,4.3977139821186455,19.13555701756748,14.89223812377697,15.074162795911375,17.107168113648456
12.65979964482442,10.971077663466248,9.346316000780362,7.593025476440765,7.353558889844074,5.089756523107389,4.4722259080764815,5.140620964096506,2.3639847765328525,4.03568828512401,22.58434555824303,14.490840723455143,16.32730264974355,16.237880222814198
11.552492198965307,11.3976544232213,8.276336909178973,10.36369709221252,8.042622112994984,5.94270240546361,4.469346739843218,1.975556175393642,1.2871200884053593,3.1742920915665707,21.757110056377734,10.958552756672454,15.064137760849327,12.878632638103902
9.611578635815317,9.43635354819713,5.798715365073612,10.419164638758645,6.289776605532744,3.6325860140680426,1.653164435267655,-1.7745438837930436,-0.4359737887929711,1.921999753125874,17.285431854599317,6.343030060151968,11.79913870328896,7.981227647367895
6.64082170338745,7.246819247238363,3.6753229513996,8.609652851417586,3.269196114973802,2.272985201067447,-1.543822617218197,-3.484597409958454,-2.117433489493301,0.7290640958633219,11.637828245206371,3.1565858669972258,8.551852476210811,3.792585802747247
2.361106447511608,4.124432613629952,2.973538481894288,6.793125333324163,1.0054855200271433,0.8728881411250422,-2.234681957806494,-1.8559237383278744,-2.687732803917882,0.1180932540211259,7.597972221007744,2.8896563234093904,7.55980269944731,2.89464896120829
0.750254104768704,2.935672651579147,3.147109848871054,6.240085551315417,0.6385724581094294,0.5113249033828124,0.6453682204764561,2.2390857293553736,-1.4432701929227465,0.2950375362358457,6.566758368488941,5.153641098473905,9.358569509674382,6.310212901442782
2.03207547824254,4.185510352465888,2.702975174812366,6.622121718317814,1.4519454761395991,1.8763441407621408,5.406738441768908,6.446439482410803,1.2939310470959953,0.9945315067846608,7.92483912033277,8.039238865795383,11.973739534277795,12.213984254569269
1.1269602302895534,3.0742162736706664,0.7657274455003602,6.439611576401831,1.5466520786185356,0.5005454869298914,8.86771451320935,8.654069319845682,4.263164074279878,1.708452153798234,9.858706040798369,9.485454246601172,12.327827290732852,16.721513814132123
-1.2564207130126848,0.1680584497065682,-1.988908933139406,4.508711697628556,-0.4142613635912227,-3.426155037610674,8.872127802136966,8.442493642041661,6.154048612378361,2.0857740546930543,10.88537464506463,8.703508715270928,8.928573106767121,16.554712646254597
-2.5646872221700967,-1.61702783019523,-3.874268891787267,1.201507611385196,-3.9245265578977424,-5.873121231691901,6.0174858671270535,7.169603226036781,6.597783711916652,2.161363730634047,10.81984685289375,6.620871905831358,3.428527111030853,11.558342738574192
-3.5465690179755383,-2.9821651280157577,-3.6276694647396814,-1.675602414296872,-6.955456809672366,-7.539665660349899,3.1128765827647555,6.693118088321306,6.382128852480239,2.26503884356001,10.505205113964085,5.05200823832827,-0.5620757393659339,4.907469586124044
-0.8417309681284378,-1.7820622925338834,-1.4244304270217256,-2.32954423266748,-7.617675691432421,-6.333983805990926,2.7448797807839327,7.812726621663828,6.6627266573780695,2.732797936598107,10.715525432323094,5.284185554837528,-0.4985244874553629,0.7211688314815312
6.218109193709815,2.6488801286568635,1.30851412685519,-0.5583059968614279,-5.733694134265633,-1.2993255510034556,4.967885360962743,9.67484751359964,7.857625186267612,3.627286750808445,11.297929762000432,7.162743124188093,2.95308243872282,1.0152667241500737
9.77867021066366,5.023843170269887,2.9582538396402533,1.9204711838414568,-2.976933418585741,0.9540923333436492,7.126523405302583,10.528296859176065,9.218585028867006,4.606452389306009,11.32268254284925,9.279980394756668,6.568775983526408,4.45174849176734
10.321566182118142,5.748267568955966,2.755389983702374,2.7925200162585444,-1.4808741783053492,0.8466117729008424,6.067416297719575,9.121057646633986,9.458493922466616,5.0165297308462815,10.076679828756692,9.994454916921256,7.3032342262946575,7.73383294466818
9.18985453678913,5.25487759372619,1.1103500953136596,1.1356122002652462,-2.119423276807129,-1.2234794084419165,0.948259530586677,5.615918106322841,7.864059460285874,4.256643277707783,7.970248195106702,8.486296104258564,4.573220515970975,8.283016336044465
4.622224510522088,2.365870604082443,-0.7761286507794658,-1.58453326416989,-3.886282566296405,-6.787161513905479,-5.733549419560925,1.428426219676501,4.93643052801704,2.3091055355984853,6.459788714460744,5.192398218973588,0.2581189555847185,5.969715285981926
2.543362958637985,1.2312105274457454,-1.6665488612023849,-2.4932597422069467,-4.812411921206414,-8.40441952822784,-9.844287627232694,-1.7207951895815192,2.0859537785028444,0.0603228163351303,6.89472626189135,1.4720545138309742,-3.123060496505131,2.716254848426523
2.9577712073204108,1.746450983641431,-0.9967353404628404,0.3369644745506504,-3.5806708026090925,-6.051460926560315,-8.751499457308899,-2.780600780356011,0.7117942790593315,-1.0358708301750998,9.137524150820902,-1.2157448360106082,-4.166041583243692,0.6236372503276186
4.178331134125992,3.455354282920202,0.7833154493466346,6.003577430050706,-0.5183257276273596,-2.3000453860924885,-3.4152073957351803,-1.8164951783322276,1.3808603949877036,0.0259635028326759,11.123898086057396,-2.161684366009172,-3.0115912731119296,0.2971410794029245
7.616201529775053,7.362252904710506,2.447205026842392,11.0241603169805,2.7206989081635715,4.6169323638372965,2.2091501820559727,0.1377100136149388,3.5766561690444147,2.7927791617773297,9.92389001880957,-1.825579206412792,-0.7821522791695605,0.6196116106175653
6.899327209832012,7.096542132837137,2.748516993397192,11.744427570234397,4.386455538768087,6.529450213552565,3.989149880801487,1.6165467318317832,6.02208092381695,5.3109020711227455,3.727650804301191,-1.5335541154845838,0.9969912472152382,-0.0705590171677648
1.7032266704039718,2.44240345746539,1.2530215816703194,7.113289759241747,3.767535705268824,2.883504427273171,0.5247676105760783,1.4408786784248455,7.312713582950644,5.375691135397567,-6.636582966671007,-2.55179379036446,0.7189445356730375,-2.497865415545258
-4.811545365559164,-3.286788938828049,-1.3580766872652,-0.4085855326074776,1.4642644672944574,-1.0802095688234803,-5.9516725820994205,-0.6047542230858687,6.566448008708503,2.2355821365866886,-17.855272517621355,-5.125035087255951,-2.742735599125947,-5.871938668808451
-14.228679087192043,-11.615328074330328,-3.7792313933753863,-6.607211441516499,-1.2147570988586134,-7.350553553194482,-11.216664790049151,-3.505276782899116,3.82846699593739,-2.6803143608110007,-25.99451966118535,-8.239936040718636,-9.071674128435966,-8.615219694995407
-17.26224373761677,-13.866902127538102,-4.995065137383129,-8.561572869978205,-3.1463300429455217,-8.840479130436979,-11.943342142808165,-5.520803748379164,0.0282578469975423,-6.7542454243866095,-28.81918934216307,-10.39374995515145,-15.977525099527249,-9.726340809729018
-12.987301862041036,-9.097546114575138,-4.8974160497720725,-6.534393101743076,-3.923012678609021,-4.509054619969993,-7.785562351345989,-5.356824533573555,-3.521079124732582,-8.152672758656282,-26.914403274503265,-10.783552525996251,-20.10638093172648,-9.592583653662002
-9.649095523108649,-5.601975257254961,-4.1724187332055855,-3.281353072612628,-3.765488628702128,-1.0640709962371802,-1.3535230527818278,-3.215627823553969,-5.796746066850794,-7.125050091778869,-22.87040103155271,-9.881963317418556,-19.202223497329427,-9.543183949945576
-5.034757442246578,-1.3299719605511673,-3.6658070474874993,-1.5701858244585942,-3.061110728430638,3.2958043342590018,3.670090608337926,-0.7917086129857296,-6.500160151797239,-5.5514721899472015,-19.31351457261579,-8.879200424747175,-13.90720463804774,-10.566785620766256
-5.415808254210614,-1.3120981482554284,-3.8149282354971774,-2.1451059659057634,-2.004140146377601,4.622722722206489,4.832894694349374,-0.0356814971280776,-6.038056226632225,-5.23426565344484,-17.403052845895516,-8.558035312022021,-7.567359710083828,-12.4099601018331
-12.447898169891504,-7.182048386325002,-4.542509929564385,-3.7770369355779465,-0.6433049484134656,1.7024539200344264,2.143109342502722,-1.6314692307747478,-5.18625845712813,-6.514457449382505,-16.826847882663824,-8.740230163230631,-4.01529595254058,-13.928732185820737
-16.80491774851118,-10.094192853737034,-5.525925856750103,-5.024209225500673,0.7794758576813798,0.158246444273428,-2.334042871037329,-4.49984444535794,-4.719907834601408,-8.364600898341592,-16.885322916408175,-8.844137698854755,-5.043426900908681,-14.328824087313322
-20.130034601947823,-11.3877344254467,-6.482974220899788,-5.807908379752096,1.623780305249266,-1.149045488195393,-5.974503961701309,-6.7735215242525975,-5.159531833194265,-9.637160527680958,-17.354612608749832,-8.879219388369929,-9.499495535732825,-14.001518003050744
-21.295149869432755,-12.128637195144432,-7.243901988420685,-7.272549287644566,1.120549219369039,-1.5780977980537212,-7.1325430443711255,-7.346841775426704,-6.609378306610893,-10.102492508576354,-18.31982808599187,-9.670393763786103,-14.475498726800993,-14.04726237447248
-18.579289956825644,-10.78228231173779,-7.676681334330137,-10.210366035139533,-0.9852377024485895,-0.1898000065501057,-5.880625453923351,-6.606263415837244,-8.6814871419081,-10.288795658773063,-19.446537750769405,-11.908880902037222,-17.365186250879862,-14.963853864380097
-18.1657984605158,-11.55643603277086,-7.656250332841221,-13.779177178979523,-3.95097081634734,0.0229225547791396,-3.700365402056118,-5.791757350986273,-10.613964929007809,-10.465459722230758,-19.787944741522928,-14.983401671607917,-17.157263642249145,-15.923903511492714
-19.46849667118643,-14.369823617009692,-7.144663470537559,-15.930505580158236,-6.243598467302046,-0.5847491096555388,-2.4133530813398174,-5.749304454593236,-11.641091618406955,-9.992657790743367,-18.521382323428867,-16.97897832281468,-14.361429012649475,-15.522372740068658
-19.51197516814161,-15.38051947515866,-6.268979065090569,-15.237080854157512,-6.471825611298328,-1.3152488463851022,-2.971448913924746,-6.291821595756435,-11.434634923087003,-7.834770660664635,-15.822399800846624,-16.146881198051894,-10.21479004168664,-13.329216806136024
-19.3123723300788,-15.257391332685035,-5.265256602596438,-12.372793389543215,-4.449451587338267,-2.6912247351800485,-4.809471096373166,-6.623323509397707,-10.284499255460888,-3.7865818146807584,-12.836089187524102,-12.580983464482737,-6.08362193569797,-10.654077507407568
-16.67520602801054,-15.544653278833817,-4.311638975908348,-9.749209164797293,-1.558473269647191,-3.321200986797792,-6.212095833535496,-6.199923155105093,-8.861308201030813,0.8287399680190326,-10.702970999411464,-8.424119070403702,-3.254827806785848,-9.635374827842956
-11.091865027842491,-15.70042756399338,-3.4242751908524944,-9.512444467609182,0.0195291302046136,-3.147864463070564,-5.538090091313826,-5.122383368757163,-7.764242216448494,3.800747092326368,-9.671933349755331,-6.221852593800456,-2.654061115836715,-11.420372376179351
-9.626650255367696,-16.448635163584377,-2.553349918246244,-11.653524604852644,-1.175045199630688,-2.5181482259448704,-2.4844117992208687,-3.8245770358093294,-7.22808643355091,3.611369520207937,-9.208104622900317,-6.821030898609866,-4.256416873215265,-15.111706514195948
-12.147296498241898,-18.019023193362663,-1.7995363228471852,-13.943431696687302,-4.636074145014074,-1.0684803313682094,1.5745118090856955,-2.5823385982548963,-7.163565368151652,0.6885578981797451,-8.830106371790706,-8.712202116368022,-6.727007314421321,-18.42687376545132
-15.533088713679884,-16.446326259333564,-1.4936220605525854,-13.810647562406851,-7.936157490190503,-0.6641537826151107,4.5052411934778505,-1.406067889069725,-7.3685378401013075,-2.715360249693944,-8.597832188656128,-9.398572753191656,-8.039785684982512,-19.436473636284656
-21.34717532308128,-11.631729904242151,-1.9689259592157635,-10.565484928620863,-8.263413803144271,-1.3845688874001956,4.9261792656700045,-0.3027110200328522,-7.63616313205473,-4.0046520412441815,-8.680592684441141,-7.515754758829722,-6.96805942925797,-17.877760264251428
-21.915904086567597,-8.656080328828311,-3.175972048575737,-6.056963717607392,-4.522907916115592,-0.7532935178745392,3.141928231907592,0.5480033858659752,-7.696574243837855,-2.0248554980369846,-8.63005246025083,-3.807364553921584,-4.23583803158127,-15.09102782323621
-16.458750142026492,-6.883377298793145,-4.52176655404897,-3.181799602037408,1.557020403548396,0.9323610414583516,0.7994961049565212,0.9695065635096752,-7.17987321063789,2.1474617601111845,-7.394004058127919,-0.2260320962772937,-2.0806069585186258,-12.858049465624331
-12.51376374865641,-8.320252232968713,-5.169868334091149,-3.4902066924354003,6.368299574632808,4.241959067040344,-0.3888504707777613,1.0785992939446345,-5.775074596850683,6.007356691562471,-4.22193317299725,1.8258034031868784,-2.326779978635148,-12.137937548929438
-8.329327385765273,-14.232346902751134,-4.610768028772128,-5.883134074951581,6.976412304511527,9.756130070142778,0.193900769913796,1.2714123706497382,-3.491555538942059,7.462210053718437,0.504240834647586,2.4512100266747883,-4.588968021770093,-12.486753227252096
-5.55863422036524,-14.80362748462874,-3.0282241536615366,-7.466980988147686,3.422819465678078,10.83742418284206,1.8647912775084663,1.8442470693974045,-0.7306448272643653,6.352510126037153,5.4749670307773926,2.703542427591413,-6.328908086761334,-12.342481578072343
-5.453138292602942,-10.279628754055835,-1.154445634952193,-5.842719567983659,-1.1564249458108442,7.280011515622045,3.3761574973740096,2.651111923871017,1.983603459612548,4.462780992906026,9.508070854484114,3.308378850853794,-4.909207349980772,-9.95163805361177
-1.4052071113918363,-3.171015867237188,0.2447420341532602,-0.9763008526742762,-2.918666013800731,3.610041353895308,3.871283193976064,3.2127357348449106,4.388111242453688,3.954083514631524,12.3233166962407,4.003932659543429,0.056157660904013,-4.533849701983401
6.168011909530213,8.821237041856474,0.8392826820000732,4.784248773156428,-0.4002503820666163,-1.6606530068042735,3.3287091790695875,3.215757879668155,6.562234025503967,5.452683449601725,14.267750667480874,4.03634234608103,6.107896726027025,2.90310010790477
11.77724014196621,15.632501748906568,0.8708038611067259,8.459127405722048,4.288641120949366,-2.9903379312415805,2.320073024649309,2.8819483650445648,8.562988739462371,7.423991257991911,15.46321913920617,3.133905518815757,9.67006238083284,9.754921362736342
16.416974668808148,16.821894067180406,0.9681176123855142,8.558790723052471,7.274846665939732,0.6038372332359943,1.4586631649691029,2.772036002499524,9.991355226057944,7.470925629521604,15.515180169237937,1.8973658566961769,8.69560631153702,13.224153077627983
19.174886672068347,18.72827523610992,1.8028966051809885,6.074703225642917,6.248011947319542,1.7683095171822565,1.0307796531753937,3.167739034089122,10.066915099444662,4.521010019090799,14.219046184052903,1.2601092695695106,4.107592597021222,12.198857867681308
18.964039393734154,19.032920441017037,3.7132807256264417,3.8000925299141777,2.399666953229937,1.794023118939181,1.004317362127746,3.6694756028352735,8.339333561681517,-0.0304831333115513,12.413153037773291,1.6403383284551305,-0.9991598009400784,8.230256933541309
20.72036644082593,20.700724041156928,6.42016262216891,4.567099735269255,-0.7369826386157374,1.6184631692294391,1.250166510491035,3.4976878124609154,5.425095106340293,-3.342115252458802,11.758731007094475,2.633965541601717,-3.596442513891009,4.701194197377722
24.12163884683456,24.473684084364915,9.038558183029274,9.484893207270831,-0.4589206393126082,0.0551999341534588,1.6964484474480868,2.2816358605086755,2.915075249731511,-3.513742507129951,13.307655940370289,3.468922967323841,-2.582809567470095,4.670327823786092
27.08757909490092,26.32623710639761,10.51920032873266,17.08565017216535,2.8268700296859945,0.8732261141465287,2.298479129407543,0.5606547860231723,2.2591259687512326,-1.234243335516794,16.16873752044441,3.707230329250086,1.0222138468596975,8.986210511306272
30.555975625464757,26.99290119229417,10.32427103480336,23.81682125939472,6.216248151492659,4.106398587085719,2.9294127904181906,-0.5700744430967766,3.479567558606868,0.8177286070340273,17.80483299826172,3.563817674307737,5.364491083835553,16.024057649079737
31.40802628842256,26.43251211259993,8.829952055022641,25.795785954080674,7.066037102498788,4.347084032573841,3.3692945177907205,-0.4040065817599672,4.951532877674308,0.3046650098535561,16.062681210441845,3.683101297282144,9.224002536521308,23.01900439395404
29.258729626668806,23.963766305143967,7.0734423118365095,21.128667776649017,5.2187707928748,2.061490357041433,3.4417425803372934,0.7328462680814851,4.674951260916876,-2.7891986959256947,11.261980119547076,4.6822745338789415,12.46926038925566,27.753803992858717
27.54941819264759,21.15919951704522,6.021918175410283,11.51087965245215,2.723390005712859,-0.6859788935815339,3.165926202763745,1.7732524597275767,2.0803064736167167,-6.246097458608778,6.348379545436364,6.812273090710233,15.37518142160781,29.372966663863245
25.582314494659144,17.814336946216994,5.985892005711987,1.823288843202532,1.6109406134603252,-4.933494757679631,2.7499979146324773,1.855759986731936,-1.2463180444491382,-7.5597301574775235,4.719141132379563,9.842850026175118,17.702341351309386,28.13848540165451
24.787176500614297,17.123039671119454,6.644010492106623,-2.524145944268102,2.06110572619858,-5.586861851785098,2.397528011247249,1.0207249696144731,-2.723027209751987,-5.907036880470191,7.456180980819347,13.131713570363338,18.52203122459452,24.86215000105602
25.86159971649562,19.707564322171333,7.539116155682635,0.934879816657726,2.643827359788073,-2.1128334050213518,2.104748772051094,0.0503588115789506,-0.956593510089746,-2.491936887836684,12.35375753704159,15.87194115735419,16.9600527009638,20.68720583235651
24.37213722570771,21.2440537644231,8.483477561515798,9.872250278717338,2.0946901172072243,-0.0441915147553841,1.6787046253258238,-0.2691158611005861,2.931056392950297,0.7459307614121338,15.633283689733805,17.496419959110618,13.143926185551912,17.1127002355974
20.6295953720682,22.52956457202376,9.493259280258885,18.54737821615269,0.6402733081287364,1.7360597738160324,1.007444166945986,0.3166420297765642,6.083566693385617,2.6506474629457824,14.927870462194246,18.02507956989328,8.473737170802469,15.658186729171875
17.359897015575893,20.38115175536397,10.408127460803652,21.666379658960487,-0.4132898058320151,1.4562158272033994,0.322695646639517,1.6034071979896591,6.218238230789851,3.29010399866263,11.063886004418835,18.012486036240624,4.942597185242451,16.965845474154346
13.80835233912897,13.74054163105636,10.665308697275652,17.907158621547417,-0.2048444776044391,-1.9577465368198672,0.1149010718914116,3.280796890868256,3.475666008455808,3.2727734945661577,7.244917697266408,17.996071298708312,3.9886713593023657,19.99599024176916
11.416727187046831,8.754462366397217,9.516512550551145,10.422002519831857,0.7322890569630323,-3.284509380713465,0.6504637364376316,5.013627893840724,0.1656543427973842,2.9176682765926367,6.416225785420385,17.8428705587281,5.640930495914757,22.27336060121837
10.682560448844596,4.595136659735593,6.547670227798114,4.040529195982205,1.03157314584584,-3.0451838882727094,1.4997874506163351,6.217975743245802,-1.3607565043364085,2.1094196910286485,8.957157991382118,16.630274387435932,8.458466819352395,21.37634189894561
8.21918278073903,2.063218627088772,2.103806055701571,1.5910541962541398,-0.1013150579409627,-2.134966902961298,1.6407217531706006,6.053423358784739,-0.753344691746928,0.7638112235826275,12.409802300424785,13.317915348118609,10.286077832024263,16.665763289610567
4.331801075990927,2.4459358450245587,-2.703180832417222,2.355394817298923,-2.064075045522774,0.4731945649687852,0.2790980830554899,3.9950094835599934,0.2756260725458277,-0.7656802322328975,13.281342527162025,7.750198869221396,9.451257168600051,9.8202052011872
0.3166687425698284,0.728461173604225,-6.445407981810114,3.625774773484389,-3.3395468331429647,1.9174168702338377,-2.2055501543323537,0.5808558960624026,-0.1135893741529259,-1.7894322455808531,9.48279323810864,1.141541856050334,5.781908900033997,3.641225446397054
-4.446590649095141,-2.684546511192284,-8.051584088109752,3.5511444243821177,-2.7376502607413205,2.2135996194163776,-4.12373246856039,-2.543022193760573,-1.8844440372119815,-1.7356009042379412,1.6960286521678665,-4.455165961080342,0.8026904333273848,0.0624940419329185
-7.018019378970854,-4.659698768116056,-7.329632613367099,2.5324833529774047,-0.2833552289137415,2.259054649491866,-3.5592283250394456,-3.651984869285036,-3.071797841577199,-0.5157521514223511,-7.129038844558672,-7.387269156060947,-3.1597637855733263,-1.0275962785215995
-7.070880547092566,-5.99230808348645,-5.041587116666314,2.1201366967138675,2.869891833937387,1.3990240409761483,-0.0052665526747164,-2.322073587925418,-1.7772370002247655,1.4349762067797087,-13.638699267138684,-7.45189638957856,-4.491513813223047,-1.302946586049929
-7.753981238551255,-6.607885827751864,-2.491673342950407,2.891580950493676,5.246335422081888,0.8120384179561507,4.795247515557665,0.1117691733266221,1.761161943097842,3.3621396136787647,-15.972616344644011,-5.976400154918438,-3.3570734391158705,-2.4567222407210787
-8.408271065546359,-6.054090179234877,-0.8829145052413399,3.627239919953776,5.8837444105783305,0.4986142736066028,7.701231699397553,1.5805046199167068,5.122769105504528,4.473554215106974,-14.49859172339876,-4.863885869993588,-1.4456738390489985,-4.967614742160704
-8.781347852932482,-7.072174617710309,-0.8076581745695286,2.550760461046301,4.707470589502243,0.3970096785200485,6.280652838286102,0.9623625611262324,5.792804431717146,4.229481105723385,-11.10466769683182,-5.300489021923121,-0.5699455414829835,-8.03650861466191
-9.340305117380469,-9.701987832887111,-2.090105807397763,-0.7850745427793848,2.398237131681614,0.8019004038884885,0.6384062679344149,-1.105685170412741,3.391279664297162,2.6063113413574266,-7.773941360914792,-7.058291702703036,-1.3073531942102845,-10.433204088530228
-8.283617498569093,-10.015531180481648,-3.951022470764002,-4.936551798251406,-0.0090380695540357,1.3715438590352993,-6.445345479410053,-3.0205575612189755,-0.0524380468979046,0.2096493832696149,-5.513435184686918,-8.859261587634855,-2.8388438814182653,-11.364219727050182
-5.591075532048904,-8.379976182376257,-5.351981082630097,-7.802593820586789,-1.5420860544482364,2.221517891832336,-11.204179245678354,-3.777363516899868,-1.9209557717460264,-1.920375722693404,-4.199855190168165,-9.438734046100016,-3.984536559322988,-10.744185069289117
-5.077077898754137,-7.278992195306748,-5.421903447931342,-8.311185186759758,-1.5932272165271435,2.902472479142188,-11.186653562614898,-3.711482355941298,-1.1012698713378146,-2.8052457349232327,-3.083942457203822,-8.423863691615827,-4.282289934174628,-8.921079811880919
-6.638454529036286,-6.076741635101757,-3.8913580180975593,-6.969958322939634,-0.0966468587989561,3.351689070545832,-6.6014645802800445,-3.715770330419183,1.5043745722458972,-2.058855248808225,-1.3395353660440072,-6.377621264619839,-4.018897338531396,-6.295777638781452
-6.942824095466063,-6.719104097591156,-1.345324440040116,-5.052824918549707,2.397898630201292,3.8365774808048094,0.0456070568358217,-3.8907404985257754,4.159649614837156,-0.0879542399211459,1.6380232434369173,-4.145321766488513,-3.367006405144746,-3.2003225887998905
-6.658245602415502,-9.757876657061397,0.9776925090512742,-3.52416975240124,4.798187476631168,4.228060257270801,5.565502303794604,-3.240404127857307,5.714266981671909,2.207254800148842,6.019846732797599,-2.2314697791088305,-1.850161274761863,-0.0985999993336195
-6.105383803229709,-11.424920716633244,1.902365445442027,-2.7441414518705423,5.795098518860096,3.19941058982371,7.812905243227112,-0.8860056067566635,5.972327908081998,4.035633321493824,11.26779309573554,-0.7521969088816496,0.9978972125574544,2.135574796435104
-4.7579979027015415,-12.164113015157332,1.151038262882956,-2.882501020320197,4.457801341004769,0.612635741771691,6.553035458356501,2.4927809117301107,5.137950566650227,5.170303815822157,16.051674903172156,0.2121888110024006,4.400781583013563,2.285358528227386
-6.049220522385152,-13.033037971466843,-0.3829027174029855,-4.20414222979746,0.8487148554323194,-3.097435487108524,3.165332937645153,4.716864903558864,3.389004504833298,5.901003097593636,18.750599119941366,0.4670947168762023,6.125661227311358,-0.5235261053443283
-10.153049365262302,-13.361244530800793,-1.2876587079477124,-6.762872861450703,-3.799891468735878,-8.343144142080277,-0.4563008951550129,3.90426584368924,1.1048583386859012,6.535785204029231,18.42389692670541,-0.0009395343347335,4.070585093518758,-5.827492607789472
-12.24032833350917,-14.14765189148276,-0.7989787102024835,-9.93549477053126,-7.648322870519857,-9.673268256645624,-3.075973687689789,0.3441430144402284,-0.8396194394161025,6.910206175751563,15.497008950596548,-0.7257247279205097,-1.523173184429956,-11.445219078314278
-12.852816715365144,-15.43001974681505,0.5036952945223296,-12.519589097727843,-9.310533614119336,-6.646152974098253,-4.631600407968894,-3.461991085654944,-1.501836550075728,6.400633425573763,11.479042968410488,-1.0062713860037258,-7.460939087291685,-14.485071628870063
-13.132519521823715,-15.237478069402956,1.1897169624651611,-13.49392321409542,-8.682915145941202,-3.1219222016903805,-5.767796545446878,-4.750040429963147,-0.8050820250384145,4.521098648462299,7.913712058464535,-0.5572854524444741,-9.615639131968509,-13.338513521595928
-12.15825685696932,-13.63828908526592,0.3603274543295884,-12.753686804974231,-6.873537029305143,2.265369574892685,-6.762962048161247,-2.64194539879111,0.1542802401128336,1.639200246802618,5.552331015247234,0.2132168775805354,-6.107744189412947,-9.026014973121296
-11.703108158172906,-11.549339795857293,-1.286705813235132,-11.076511868590975,-5.238696981521203,4.464005517356692,-6.801682040552419,1.431358344924325,0.1012493837603729,-0.8497213248758602,4.470909167579583,0.7751227466693251,1.1566741176547255,-4.450252059944803
-11.769722115210204,-8.55238282430269,-1.8123573386870584,-9.30849548492376,-4.280224696586444,2.6696912545926774,-4.415419211127338,5.195780369067026,-0.9450083128847666,-1.1939210689641035,4.747529708644063,1.329027763730446,8.045504053962215,-1.960883569793947
-9.193950005628746,-6.63099274149909,0.2871220642571161,-7.5361223342335935,-3.317162991755413,2.8170916552252505,1.0472189443447475,7.294732704829903,-1.368237792148742,1.538225098996025,6.622393358679648,2.8298320002038206,11.463117688947994,-1.4436083554181214
-4.107003808315476,-6.011344299866063,4.47787086956414,-5.066491157806723,-1.22996568654281,3.702992661577967,8.152097956665033,7.757861883156659,0.5177610376487511,6.559093216916391,9.701470059256652,5.848447573303634,11.347725833423633,-0.867140010471473
-1.226298016687885,-4.235418228532073,8.198496000999437,-1.300763853334704,2.3300851565826592,3.6515545891939674,13.67706213139908,7.14631550955596,4.413262041612917,11.43896889692702,12.121403371159044,9.349046223935522,9.736993106661323,1.1951186317967315
-0.2240707851546172,-1.7168221334135656,8.702426922189208,3.287124745607545,6.308454583079637,3.433121255085448,14.632404231383092,5.655621410290775,7.594697100201012,13.286423282981124,11.063628141686529,10.89313958202094,8.128983176125525,3.699533423964693
-2.105988064074113,1.861298397999564,5.269773021772092,7.061500440927345,8.804512556519802,0.8424050290155963,10.537371301324017,3.191201045353645,6.885767812761799,10.426897415389732,4.777694520243227,8.514269344624172,5.944845459109454,4.023802459586922
-8.119012357228542,6.9753126678731565,-0.1391172602184789,8.295074866794513,8.438218404781958,-4.4340506961652215,3.992516557737462,0.0978428866647523,1.4577107140340728,3.5257254882563114,-5.538387407921588,2.686009779425394,1.5987558907125838,0.8269237189817975
-10.823237943519606,8.032056538522278,-4.41487188483321,6.580345800314044,5.416828258006923,-6.593098653024077,-1.1302025036741514,-2.574228556212551,-6.127573700117333,-4.689949069020121,-16.034415070005515,-3.633458674842479,-5.110741985415508,-4.164931540523166
-10.431297105787984,4.7974327097534175,-5.706270532455388,3.299999093684767,1.3889087804016662,-5.7998534155157,-2.517710105637093,-3.796895979781706,-11.740975376914616,-11.07312531461721,-22.91450538928532,-7.2668595913652,-11.966164154121378,-7.559605498048239
-8.840024122750027,1.966724193805187,-4.636338076574624,0.5843302211376664,-1.8033748317972185,-4.791858246127855,-0.9750918867325362,-3.589474800770424,-12.869310603384836,-13.987087350976829,-25.384275719230708,-7.518791409665023,-15.904969429521175,-7.666087538746023
-4.33464935022018,-1.6585763291458413,-3.3935634642006827,-0.4561436765188733,-3.4029232582812465,-2.330332753645409,0.5026227124678275,-3.193862848603796,-10.403018043020882,-14.10294042030826,-26.119359549112904,-6.785895733894561,-15.712799076709956,-6.341514412831815
-2.2276889500731305,-3.0842149830020635,-3.697852767843671,-0.6656922479981797,-3.980479502345599,-1.9259763213238592,-0.7517875205786199,-4.07257056123656,-7.569029838617081,-13.452253445141482,-28.6480352007038,-8.31554758035357,-13.123052524726996,-7.170618647764314
-2.6302681434264024,-1.3781731652068636,-5.522402939017059,-2.029919475944115,-4.5644348157546055,-4.009753847378863,-5.107854776035107,-6.605797924687918,-7.106432095237066,-13.543730531625298,-33.9289405962767,-13.0082466385737,-11.16755381392404,-11.575649365030626
-2.4874050448107328,-2.883500682518475,-7.5396659718094,-5.75801468908409,-5.60324101451465,-4.956505374787002,-10.674114875425277,-9.698916978459511,-9.190586479341956,-14.164574889689746,-39.26950699692297,-18.20459266912065,-11.371199944868124,-16.77507486234183
-2.9605562051481566,-6.93607440358241,-8.575568861567223,-10.955160677601404,-6.742283840295959,-5.5674750171352665,-14.982549534231676,-11.658756374230514,-11.695169226621212,-13.869094110218398,-40.62774801122184,-19.73848864791452,-12.53557193997133,-17.896577880398425
-2.647592146223252,-8.780216915538942,-8.577759110157366,-15.109471827240018,-7.46110796675248,-5.961938584695545,-16.716161724051066,-11.534031363257125,-12.220945999742447,-11.616753596632709,-36.22757266405264,-15.590058906862396,-12.255385941677982,-12.483575946452524
-1.214076652749219,-9.285493892924205,-8.341070711047303,-16.028112475854048,-7.732182145823606,-5.611262801512922,-16.181396196861662,-9.748989220373009,-9.976751940962622,-7.975663354109076,-28.243109578034595,-7.926902254280976,-9.579601674806131,-3.1544863518685404
-0.988907877902276,-7.730266621083443,-8.537073475134653,-13.590835285095867,-7.962739466441975,-6.635099761785738,-14.5207870081113,-7.567428790544746,-6.093198516692804,-4.753314432042854,-21.128549481062777,-1.6481482161184005,-6.112904677569581,4.208743425278119
-1.6808624436721498,-3.1705608094766062,-9.113806376586457,-9.852939380354814,-8.382195997750474,-9.020473669747249,-12.634157024107225,-5.966985731649781,-2.49270815776545,-3.420629719628081,-18.184980730963733,-0.5991552298989989,-4.462279208977485,5.189609094029202
-2.3587292622673024,-1.2292585190546037,-9.508112140808873,-7.429642174071677,-8.66842836704214,-9.257148741337716,-10.691381439472432,-4.930627383473369,-0.4940198966790237,-3.82437687613944,-19.33878404617527,-4.647658161059703,-5.624587741447636,0.2419095889129934
-3.3989832486870344,-1.784162231236021,-9.214555327325844,-7.489127087591187,-8.268718021738453,-7.547154950930039,-8.368861143636963,-3.6849716671716974,-0.1702940046783831,-4.383767741004951,-21.750391891485805,-10.005358730257338,-7.965091226262024,-6.140948539644121
-4.015596417371559,-1.8934220687858896,-8.060686924417945,-8.94444166670662,-7.018659655432392,-4.683356644181284,-5.367227220427602,-1.5559468059104242,-0.6298446043249193,-3.563387075926067,-22.3007723867633,-12.341006659446414,-8.79955352681993,-9.461390467786847
-4.0675575394442,-2.719655144500462,-6.086183753028016,-9.428719521766697,-5.3227016205066,0.1234555960289371,-1.7658790512508418,1.3559875072421417,-0.7550833544966564,-1.2444391019610626,-19.666417060465243,-9.962457289405943,-6.959838968664403,-8.675435106443164
-3.318682611116043,-1.432830703027978,-3.4214805631169987,-7.225681143232173,-3.707450047724133,2.904118077183084,1.9329933897327092,4.229051926586384,0.1201848959640483,1.2487598412234298,-14.572803645032335,-4.584004775802687,-3.780640917672352,-6.196695256002757
-1.4608894775942367,2.426774268744528,-0.4182045256341342,-2.6080269115184587,-2.30166506494109,3.4683125182892915,5.014307921628023,6.181836331869976,1.890986587498836,2.438428536992538,-8.68293107841971,0.526295753276683,-1.611212430124425,-4.970853186672972
0.7808116061946734,5.759578483225445,2.2288718465996302,2.453394049959959,-0.8476178244991739,5.273677069009796,6.908262698302789,6.933984388172496,3.815277274634658,2.0654942788226767,-3.4941698899195126,3.121130861666,-1.4610436299724938,-5.665553634722819
3.580295420362942,9.249742059377493,3.7721815966644416,5.929712112719383,0.8235897540856012,7.489585560065814,7.525635767288926,6.91845930017103,5.029307127270231,1.275565405535668,0.0304916013831419,3.198146589138487,-2.151052031471722,-6.44682801245273
5.687461356240741,10.784798849417466,4.038626367896172,7.350638499663686,2.484428437105488,8.971810196572093,7.319063870202595,6.806941781128191,5.142099557732594,1.492212703091603,1.4847874457847317,2.3314550889349497,-1.671023359469538,-5.085521235681277
6.883436956911745,9.68849363419391,3.777412926914172,8.05434287136541,3.788867818364471,10.090767327829234,6.932092045507946,6.906255218883461,4.4739059028886725,3.085202896103407,1.2747322954875655,2.1420397844553416,0.7980366143786752,-1.0870354691467847
8.661223981928769,10.961941267894115,4.212740868752151,9.87073099711408,4.812944957337479,9.07545176751954,6.6667300732360655,6.954856358432631,3.722072201291277,5.093773043126946,0.8810299444144383,3.2511322251885204,4.2211974191069945,4.037698213205536
10.706719852093864,14.172650597835212,6.037456167204724,13.35983288709379,6.1487325058478834,5.595397800184075,6.279394069694202,6.452960864702613,3.333998703131078,6.206552570017267,2.3247483812619163,5.232521803458868,6.819323301379029,8.173819546635249
11.24232187859376,15.151591868095304,8.724928285004527,17.102871343647386,8.282947759463813,3.848871903258087,5.397780856467335,5.174117724280148,3.157268075528731,5.971753566838784,6.67155364654694,7.178642204225995,7.560509479520027,10.055412241603236
10.314986069828938,14.595859063672618,10.845696960975411,18.66485869512863,10.814468387722169,3.599387654200882,4.218021046870081,3.384846062231732,2.683886460886425,5.038273694061303,12.713025113987651,8.275219231134336,6.558020984064374,9.594903018572854
7.787376784130661,9.302510616994542,11.176527762056349,16.481102035102154,12.382615418247656,4.25440786365961,3.72127860872006,1.6360674427657305,1.6232551945228963,4.27117897730203,17.35463408460775,8.117497820886948,4.387229690320127,7.364525613764033
3.158653595896558,-1.8508503616883305,9.649518332055845,11.196918054800538,11.592307242681995,6.78146652925384,5.000011296817762,0.419930533483519,0.2380086704556161,3.756658388208113,17.91024190247775,6.823740020678961,1.5192735798865271,4.207646973996338
0.3274914155335281,-6.118535438966297,7.333640959508126,5.439071294507064,8.25337244805978,7.891560920336291,8.174485861367339,0.0446144324452106,-0.8454725512031251,2.7828129731246216,14.548646274053857,5.012312957941621,-1.393586247907269,1.2966122093313928
-0.6268541670963432,-3.695864747423165,5.523469786121799,2.1670793518973337,3.82210561125478,7.620741055632225,11.926091054567436,0.7218752120910583,-1.1141472767192655,0.7951589877894691,10.588889603522848,3.589348332019729,-3.043536036395116,0.0084378476367428
-0.4571041813407218,1.403170234198271,4.7673672400853375,2.741169806539176,0.5191806373515266,6.455412677250617,14.230216727166829,2.538276512950754,-0.4827937266522752,-1.746603101968662,10.040851831752398,3.3141028680619806,-1.9608467159051,1.0983083377419502
1.875922267444364,12.180541984002264,4.622446750349046,6.021675591977249,-0.2587625424744746,3.5873697911329727,13.779253908185236,5.132637112047267,0.7414213428830738,-3.589163638488301,14.320648790583022,4.308338079514288,2.01622481305069,3.750081233500573
3.483946399340934,15.233150651361772,4.203635763307291,9.137965976642734,1.069466225291194,2.385502470668802,10.901577110245707,7.408036385276205,2.0785762906946865,-3.806351151379624,21.007824767061116,5.84642502171948,6.786905464336803,5.747554853291068
4.45468281500088,9.757664738183472,2.9426677037693527,9.463357228257223,2.7385224291718355,2.873838681766601,7.207389952167055,7.842872977163526,3.060390922937695,-2.670340116252416,25.832530282549683,6.693630876786674,9.008627486802672,5.164264447029447
3.574697588067581,4.220602212603168,0.9491397414383402,6.467555660480336,3.1789816042957657,3.754874839083905,4.327231775731783,5.502874609822719,3.360618133809244,-1.36976127846871,26.23945920959751,5.917095865954243,6.716103894828901,2.2888003193966897
0.0060768957586262,-4.589366217323193,-1.15944482332943,2.092471850074744,2.291304406266224,5.817350198325366,2.855908302423584,1.0426052925847196,2.9556112827974688,-0.8525210924781739,23.472009540483864,3.67468430452568,1.3193995394912816,-0.1569649589434174
-1.023876811149817,-7.48110187733625,-2.666700161542076,-0.7104070491993286,1.3457140171320088,5.559725074526891,2.293631127315269,-3.3138849148386416,2.2514854624858467,-0.947865969026088,21.425988217241816,1.3370214011995811,-3.058077945007015,0.8948016104924337
0.2083815629573654,-3.0001758704851977,-3.091830027655311,-0.2251778912986606,1.6520440087622528,2.708274839738277,1.7945348070063614,-5.1178703860244505,1.962949089580696,-0.6135540851056727,23.323146930894943,0.6645189858929021,-2.660911600377408,6.091732944075551
3.851759539815788,0.3129090123535089,-2.362226234840352,2.764893113422767,3.2552158808625684,0.1193342594984234,0.8963792098759854,-3.473547393091524,2.662778261698268,0.9686386449382376,29.03403639346604,2.495607725087336,2.91039899813641,12.727113185996348
11.192857985212193,4.8411318003615,-0.863404687427272,5.72114444598866,4.847693816402913,-3.0159282717900178,-0.3530495186481971,0.2051681387432179,4.271975472373881,3.520411854732439,35.160723645657185,5.934902191672728,10.356556636892428,16.643784855064816
13.084710216548867,5.7712134954526695,0.6648681567547325,6.435285825766144,4.929348573196281,-4.700802003505354,-1.7404967067366204,3.1870541065904137,5.939386020496489,5.822999708624005,37.58202015645741,8.790463211118817,15.231541077120424,15.422511329539486
9.34868292942853,1.63608971308231,1.4519717821881692,4.642822971589319,3.1160990273803844,-4.401782827383366,-3.1879768691342822,3.427442917923832,6.514486116735503,6.722820949134983,34.256233995004834,9.055086987647275,15.147590112375674,10.125297824947914
5.149004090931904,-0.7861627889989052,1.1410172673107757,1.8464547893758936,0.4363399095842779,-4.916624619018773,-4.744048460880569,0.9550676469765688,5.323930346355712,6.057640555018491,26.19325402546056,6.321137651843186,11.021016907412816,4.199296298453096
-1.5933390661624869,-2.876222431058094,0.0362855234082085,-0.273301777213998,-1.5598966047299383,-5.705688215251261,-6.444055250247346,-2.4532198261063534,2.6719753330907814,4.701821860993367,16.26101491162292,2.0079293846095387,5.705595666099869,0.6890658283580998
-2.7756809924394696,-2.816356501122274,-1.11335456694319,-1.2331499284765406,-2.017170157299267,-5.722349081574464,-8.295622842916165,-4.904683810752103,-0.3329602945263126,3.736888412131997,7.1806587406344375,-1.7517519872821006,1.6455129917846163,0.2536452899481254
2.691832844108778,0.6284517610646807,-1.6794158707450393,-1.67837902889955,-1.2828957414673603,-5.311990016997294,-10.334420274354558,-5.823417106362113,-2.5046553284134654,3.5159569618679187,0.3206831227932252,-3.606174470672147,-0.3520466367727666,1.4777475738475234
6.856921967018324,2.9374472355877086,-1.5871581393419287,-2.2037637679301847,-0.3944281663636246,-4.422942872046555,-12.494914012822376,-5.97796390273232,-3.3025044883970653,3.469303485479527,-4.176468939367247,-3.64644302488706,-0.6348410831688764,2.750514650132209
11.701696907101717,4.796463318351055,-1.204017837385425,-2.482433164477324,-0.1022910908064309,-2.9282245127588147,-14.283247743986522,-6.272380645295753,-3.0030718523155517,2.838170775775069,-6.597491028193908,-2.835936245026624,0.3611199080993266,3.723165367833455
13.305408718456558,5.318138947693284,-0.7795435961392845,-1.6504782933926294,-0.2779346363333426,-2.311400796554419,-14.654409035030667,-6.603160588156461,-2.224850495089785,1.6646383481077005,-7.133908835843766,-1.9036312830902256,2.4439167688568606,5.102421876608032
10.212598331952435,3.589964841360561,-0.0219518228579826,0.5396554758112795,-0.1486934358032314,-2.654137254332369,-12.503730827733682,-5.922580997835258,-1.264146361741873,1.0512032612055882,-5.967420998759593,-0.7755945063924968,5.169187185289384,7.322784466637697
8.624307505736242,2.703622483760697,1.6639201805923105,3.116156267851995,0.8857595625736119,-1.535995605865632,-7.6105214271376465,-3.4143320689614685,0.1253612929896402,2.2764965184297763,-3.612425670647225,1.008433997680198,7.479784125030887,9.641952444052244
7.339206471708273,2.2393438130158305,4.386514486178548,4.534323685681754,2.5430458709780352,0.8349386333322828,-1.2536855974681402,0.4006314897438683,2.2732970003414,5.419616357311079,-1.0272324184709598,3.4220670543632288,8.181899385288133,10.575563645443866
5.793835877255347,1.184907298581022,7.177539613053433,3.920034805486437,3.658216631786509,1.7099493447570626,4.229505255982281,3.738486707790353,4.881667394070063,8.762472621713027,0.651991915366597,5.551968207968314,6.849002090141713,9.159395270042818
4.918940966450137,0.0226849557942339,8.336008581671136,1.649408114220238,2.962864756573084,1.363175248599744,6.835534596548432,4.809181184494527,6.807086696682449,9.736574145082445,0.5667236946310048,6.107614551354767,4.177159276324815,5.78942768232184
2.875950185844917,-2.442503111642036,6.6495795167391005,-1.238799311947382,0.0918556397105989,-0.8588180169644075,6.230474969078303,3.194955535937984,6.702524083468703,6.859618574173243,-1.4715415562265726,4.412711523015249,1.4134988242526498,1.9420353945721225
-0.2069929572401455,-6.36204170863356,2.5293480540134645,-4.0428989138144855,-3.973487008681634,-5.6481730552670015,3.9342952990639137,0.206783427016143,4.097726447201985,1.1091558245981346,-4.822035115851673,1.0248439880842826,-0.5363827093608222,-0.8258371169182109
-2.7665319819406085,-8.245192400593435,-2.0274344054886275,-6.68025889089749,-7.432451158140271,-7.160673538002894,2.1586855412962427,-2.0379885521355843,0.021247849266714,-4.5054387944008125,-8.20842026483106,-2.5179426141164645,-1.4781266793178416,-1.70069034798674
-5.042001639211105,-8.13232823585516,-4.807409731649709,-9.040890320032473,-8.820014773911886,-5.36034912177792,2.2251250590517526,-2.060306420246449,-3.4337653719306687,-6.95558356765896,-10.298696105149368,-4.587857898853377,-1.6126937580150398,-0.8008177138539176
-8.026969229658008,-6.80424049323687,-5.021350994866182,-10.374164662138886,-7.933947850222097,-3.1302784204480245,3.823388273349873,0.0945950992594251,-4.364839809357348,-5.236588719385299,-10.45603153335235,-4.328567498079316,-1.0955390837381336,1.057720652233904
-11.515420427665257,-3.3913129817818963,-3.7985625766456734,-9.72189438910041,-5.855396216376641,0.8621340949074219,5.604698792320656,3.0846198897776054,-2.25991032143316,-0.8709643142005723,-9.18394135517428,-2.003236036740489,-0.0130603843744465,2.653953314595399
-12.951310549770495,-2.716128376504058,-3.077813142168595,-7.178244615631506,-4.109111371095409,1.3542117527081976,6.441438347836295,5.306085365358083,1.6727228073044058,3.383765560758355,-7.862655560771352,1.1742533221438225,1.294506416801305,2.7041620844546825
-12.243984331535318,-5.000164435643924,-3.8910708658881097,-4.562311559313255,-3.65345953231521,-2.2434451093306462,6.194404595288133,5.896391970848772,5.212911394771883,5.43612323099931,-7.8772556723357186,3.481785825421804,2.058119602077598,0.4241221345132571
-11.146623210851702,-9.088281700778971,-5.595470219520021,-4.383897248697263,-4.4270114017078654,-4.944798836689039,5.420174755399817,5.007784991644143,6.370253182902306,4.871574927138666,-9.757277854091717,3.2851975645106304,1.3628360202596044,-3.8669269571621134
-9.060932060810654,-16.301763465017196,-6.690311526626726,-7.684919199456713,-5.647768764355601,-7.988903561277183,4.504223501819345,3.3078160961720755,4.404882466418253,2.5521866124245616,-12.950082766083964,-0.1973436790657725,-1.284966906324529,-8.692181759874822
-8.910203680910918,-17.845601488839208,-6.342449181726613,-12.737673886177188,-6.47725940528113,-8.049545383182368,3.1914843594204765,1.285082459525869,0.1031455063290776,-0.4668816508209126,-16.300751708960348,-6.167343013133426,-5.527670672358374,-12.265858130142105
-11.142119515447158,-13.25398335207672,-5.119292478961166,-16.064743228658685,-6.494933903162508,-4.11838055579581,0.9761986709475532,-0.9824552074936552,-4.76157924719818,-3.602482364965302,-18.74881893506958,-12.143414202867254,-10.147962415773378,-13.729225509672478
-11.686803416499018,-6.456354805660894,-4.2931997634851164,-15.120765527787755,-5.724018081233915,-1.7594360381486105,-2.1146826257969886,-3.4627860344524826,-8.433935926455108,-6.599228032819847,-19.71797103294275,-15.00779085221572,-13.505898013211292,-13.67903143035178
-11.173814734830785,4.816780001800261,-4.511063910570711,-10.309999452006313,-4.367224744242181,-0.0935441867254469,-5.202335059976409,-5.709069272445381,-10.079281769738111,-9.104977272768568,-19.110154089614294,-12.912938702835527,-14.268452721566929,-13.39540601777685
-9.61039714529479,9.55568631208837,-5.170990819667221,-4.540616790228622,-2.588092100112908,1.2447752403283958,-7.057205570758121,-6.909387062312425,-10.072801321964562,-10.663982967623218,-17.184606448127035,-6.7754909602423545,-12.146308331690772,-13.42512939259102
-6.2343896228169084,6.839776821637527,-5.034916047720802,-0.7737532732965913,-0.517823623501876,1.2789243139418838,-6.956183512646776,-6.494502727231618,-9.510003950780533,-11.151693561438831,-14.523862988503634,0.0079012277113621,-8.21913711571072,-12.91522179445106
-3.47591112536207,4.903334973295504,-3.364154910271981,0.2153247057797206,1.615194509086893,3.088211406712192,-5.139528807536217,-4.702160283408947,-9.275471432350722,-11.016587038658017,-11.962257998214357,3.7676606765253946,-4.481619648342631,-10.449926687405902
-1.1814051899026023,1.0824607866708582,-0.4696421007587097,0.0354364442847914,3.460239306316426,6.575653355354407,-2.5589143648570496,-2.476601723954281,-9.344963332369858,-10.854586787617825,-10.256694381124348,3.172152520006645,-2.6767059787205283,-5.665799291887177
1.179743245844883,0.4579853021655198,2.6992288337109698,0.9835291962571856,4.7075767505190855,7.696203840696036,-0.2504276271965175,-0.752306025245169,-8.864055879584843,-10.667290469045904,-9.56943689255138,0.1527930162312243,-3.110995693843825,-0.0599780720313662
3.102568456949788,4.302884092863599,5.3325625452172405,4.128130233497828,5.280190590852756,6.797734933171775,1.1476599489089634,0.187403395545302,-6.957463292065712,-9.667384453179576,-9.172873378905622,-1.704908655856817,-4.387965982490179,3.916043161610682
5.110068268340306,6.137189783400522,7.119660665835592,8.645998504800144,5.33541264519099,5.872064650493197,1.5263933359131765,0.6860437357204283,-3.6002728276668106,-7.006144033733813,-7.749565599737519,-0.0514308045181017,-4.426530051230806,4.776825553960287
7.124103084267405,7.323759335818359,8.044551805842861,12.55355684368866,5.067802707968919,4.182567596618603,1.2160420986890244,1.163663467520521,0.210781554826605,-2.775547422114825,-4.223486962932864,4.421796574272388,-2.086313634299885,3.22707071894916
8.241193805544071,8.073729053681063,8.109350850593328,13.9979193235937,4.548910858282245,3.404652886800754,0.8074963672155409,1.701916845524453,3.1626552771315453,1.7621975154718124,1.3864271759445828,8.703109653995552,1.8920690176914867,1.5479153669696206
8.44737395053649,7.425514278512711,7.406936493790207,12.29068079310636,3.8093863183637775,3.865827174974117,0.8586066230276599,2.1562407794406546,4.5917536667690975,5.020807751790674,7.684840442540594,9.984081818688576,5.44182031943494,1.6427282479884149
9.984460562557905,7.296666242144426,6.3619467407533055,8.319849051729141,3.0547410400615327,2.628864334203173,1.4945062315783626,2.4909639967408577,4.84133559782145,6.206638042524531,12.453826819018516,7.7890711361724065,6.778709345298042,3.4565502620559005
12.818008623439669,7.458102897955928,5.630014627316172,4.187715930866937,2.680805123611088,0.0146810367471545,2.16292141825304,2.7869158255160533,4.717306893749622,5.664900068974511,13.799130995645164,4.006340789345694,5.71351505838981,5.162295061210214
13.034322830471217,5.87444788152643,5.528799608742543,2.0482265346597983,2.9369679034620613,-1.1870643661145557,1.8823040374152145,2.87743459298421,4.629000864898761,4.297216379037752,11.256726143604576,1.040480333650723,3.604580313222968,4.927805793639006
10.839630618180625,2.699635437125247,5.547176278167108,2.614823637810402,3.539828922608134,-1.3157169688335384,-0.0326189507370016,2.1781678582370225,4.294845702421524,2.8467610908977043,6.170110861893344,-0.1285744292129996,2.110908626257973,2.652635732467175
5.357595610975365,-1.353326597818195,4.597624385656111,4.431457238484057,3.723866372214812,-1.410938245869621,-3.2865600305020823,0.158576083785258,3.276986506956775,1.76651221698017,1.0138884779466255,-0.3323039792165692,1.917181784661361,0.0803005839111103
-4.484663940930551,-6.705193569254741,1.989043958945229,4.819306681567766,2.8412134286772543,-0.9753636295186756,-6.5826307357078,-2.894362779383884,1.7106860567815287,1.4757830896325197,-2.0019245522185365,-0.9556015266058172,2.484353694099773,-0.8230852389239594
-8.544743474925971,-8.983753830213423,-1.7309768786905957,2.093440004637547,1.015724505342093,-0.9442347051102352,-8.384738108202068,-5.700209056119617,0.378346874262875,2.294918937140949,-2.1687384532611302,-2.399371254870367,2.8333169383465737,0.2884425939440989
-6.627102257645755,-7.771692228261179,-4.952340993879002,-2.7377426460202607,-0.8098983947431447,-1.4376335944135636,-7.909875530568629,-6.806961313191789,-0.0002587795812822,3.925008514256014,-0.511029805869375,-3.701852375992757,2.472439986242932,1.832958248922309
-4.392800327115397,-6.176430027482563,-6.173007095115306,-6.465090777242669,-1.5722669006295689,-0.3642235373844777,-5.576191930671341,-5.752386692049174,0.4977462166639228,5.230884853592665,1.1349133529100437,-3.5487096305500074,1.6474072578435184,1.8564928480372769
0.4849640772478994,-3.0717301446608336,-5.158001415684706,-6.192852298217837,-0.9496869210354232,2.183096431674546,-2.5836816466886603,-3.4183934856585294,1.0640545794903156,5.0029688797087655,1.4763880395130735,-1.625843244418157,0.8941472062097133,-0.0203231320532164
1.266140971006991,-1.2395877197333285,-3.046291323205246,-1.7789277690236178,0.3794270788201275,3.3837115745513264,-0.0113067542636787,-1.1611350397212692,0.991719637852358,3.203487791893461,0.5217921648365289,0.9449218010988508,0.505761679633109,-2.1767527212158035
-2.996246526294781,-1.1771942401316071,-1.356298203110646,3.955968733011526,1.3034976559155005,3.475897000986638,1.8310301189436415,0.4384602579784935,0.3913199769274592,1.3258183257694154,-0.7579625746798921,2.436473787046776,0.4076194681251925,-2.5800499126089385
-5.198907992219102,-0.5161369152552231,-0.8597692109092393,7.428970631154721,1.154377252981003,3.014379355224285,3.3275993119695904,1.9090533917995,0.0094830523011932,1.16253466049174,-1.4445739307555794,1.837269199557728,0.3745784396004308,-0.9079547581430144
-6.935921129734732,-0.0253938155352047,-1.3117949779663127,6.950638662090692,0.147381174547593,1.3960337403392995,4.917652247830751,3.9362614596739887,0.3383966526706081,2.979916094168944,-1.443439852221717,-0.4659048717331328,0.2146595034686274,0.8854914091262098
-7.350587209714897,0.6621085037066956,-2.076612045834463,3.6249560343327936,-0.9176184005261416,1.203498143587025,6.506891290110294,6.1397529497900205,0.9839787853307782,4.957845014798158,-1.4071432609549603,-3.1479706125409344,-0.2417407919956811,0.2418536495671759
-5.313295698397161,1.787606458727166,-2.8227651571706014,0.0387416688931958,-1.349107600584308,2.525317420286159,7.470289206420984,6.988044103572194,0.9958640760583553,4.656535165559331,-1.9961338833834184,-5.063260557510085,-1.1593881964303856,-3.5473791717536587
-4.680711559671697,3.2750556746193653,-3.559018771432091,-1.7823999236833208,-1.0448463928106506,3.0155956299598925,7.256659842033502,5.149784002549077,-0.1724585153921172,1.2369596931570297,-3.200503823836171,-6.035485640252574,-2.5409856123123338,-8.397430118828897
-5.038374944741934,5.321891333558165,-4.151384500310772,-1.3864870729314362,-0.4308509249557911,3.1806604792323268,6.05215361818034,1.0403562593790867,-2.079689344028023,-3.679979922713392,-4.312608722818094,-6.696303426170243,-4.041794526738809,-10.992922821295494
-5.410473924301854,5.164600986670915,-4.073647193076823,0.5302709708558848,-0.0163878343509867,2.3796019871684333,4.851173149761076,-3.059036688389487,-3.682107548350829,-7.346830373160732,-4.5342255310087785,-7.627664002125579,-5.082486440614565,-9.584783962809151
-6.490926952845353,2.621084533955265,-2.833342467414328,3.0074195938511004,0.0120771109346828,0.180722665402478,4.739851153541122,-4.660665658190604,-4.256909183612991,-8.143062384795028,-3.6761356022732863,-8.682628368415548,-5.322423863368027,-5.589282069440072
-6.599467245131782,-0.222870340341346,-0.6761265496548594,5.155142759446873,-0.1574039492819974,-0.3140830462864836,5.891188567021083,-3.117718384361183,-3.921162147280075,-6.693907197898383,-2.3767412418851346,-9.16895233157616,-5.103623968454187,-2.5619688207115523
-5.66589683601043,-4.023161951286196,1.2356896392715986,5.988164273579506,-0.2519377272077054,0.8116211199127215,7.124445574257529,-0.1871297500405662,-3.327814153942091,-5.0290326273572425,-1.6829903664850343,-8.726287275903832,-5.371915466036478,-3.3881889295802936
-6.203274463857157,-6.546630891082359,1.50008709048649,4.523024089932128,-0.266926081446337,0.5328941928884059,6.546613433854255,1.4531858427255469,-3.024893169271309,-4.814248770055455,-2.314939778226413,-7.985571535179079,-7.012023529685044,-8.04081322777185
-7.990446663514619,-7.360317278652835,-0.5085758498586181,0.4476472429096239,-0.5653940431893039,-0.6583310709505745,2.9587445438087228,0.4238865444374244,-3.199207984377826,-6.3018432602641,-4.117128412741478,-8.208169881729042,-10.096626913117705,-13.69324328905694
-10.852832392585404,-9.525274790279148,-4.145065589671733,-5.288381887212968,-1.6052937528235356,-4.289914542224021,-2.9929494579634475,-2.3365319087586984,-3.882734409369317,-8.609122759046045,-6.023158186279181,-10.052420582073978,-13.672551785712296,-16.91072058782169
-15.348606191065848,-12.512895326550092,-7.909587618641009,-10.788578190891798,-3.47491474364452,-11.091607711987905,-8.900317208981281,-4.516714732610435,-5.049151679544675,-10.577278256649308,-6.541688532911815,-12.560601318158216,-16.251498143215272,-15.96416001825327
-14.937341005902995,-11.721972811433767,-10.37568541075064,-14.340904483697155,-5.612480119358052,-13.08683038038507,-12.034409931395292,-4.334803655454268,-6.250289577100945,-11.23713112193838,-4.531237117426435,-13.452685074592283,-16.584690375830018,-11.478078611608474
-9.204982142294298,-7.216845693664559,-10.870977874836797,-15.34608980515198,-7.011949769087455,-10.277038095292532,-11.18732063358704,-1.7242793382725674,-6.290673131559991,-9.79972283889307,0.0744442950178871,-10.7307116707305,-14.150536216433098,-5.321882158624218
-1.8044771096284653,-1.9154929760904196,-9.496827172079952,-14.226212885380866,-6.868180770554062,-6.901252990849908,-7.52611935350944,1.9579175050694355,-3.756753458327308,-5.821300122016533,5.961802998437408,-4.36168246116009,-9.17315589929084,0.8380680761150816
8.934773413815446,5.161076728882688,-6.716765444346912,-11.63185783808494,-5.213555518027368,-1.1908939399082117,-3.737021885578798,5.074926848732806,1.62570310709914,0.1818682207836035,10.85041981604083,3.4111311344641595,-2.451800137972503,5.998417779869646
13.102946919909757,7.442674599671574,-3.0572193110274117,-7.993183619512338,-3.00123619008896,-0.2927525518374134,-2.0755095147880125,6.593396154493111,8.029736111397796,6.3502430310307645,12.599345306358805,9.490853715491529,4.6981659707492565,9.349962242454737
9.626343262562024,3.989232713116351,0.8208398705697504,-3.888869563807554,-1.4706553289782338,-5.123889272008412,-2.858205947056624,6.240903629017593,12.250732464117474,10.205637099387904,10.468886904042442,11.975411966877749,10.502981102823307,10.005978083462262
5.636263085675001,2.30583243473851,3.9582466658051234,-0.5288077821496457,-1.2524662378233709,-7.213437294295052,-4.585949115896517,4.285996343969464,11.938078879067366,10.30751831613873,5.671369062109047,11.196062235405275,13.18263047692584,7.645630265004055
-1.4508155005357106,0.8293800469290507,5.3106385142291685,0.6514385949423473,-1.969864117560108,-8.137510315860395,-5.49326726931179,1.393794487427043,7.521817801856175,7.446509011131436,0.6632859777500437,9.014979622347104,11.886624073657076,3.4544472958529844
-3.4303225162070707,0.5099897589329345,4.403148653820611,-0.7688227422523328,-2.704255831153606,-6.856051895137923,-5.08771342182225,-1.4694944069125269,2.0068789458191643,4.090543179407852,-2.455643040185837,7.15663924542669,7.521022147480661,0.0716043415603375
1.0214014096207131,2.6176734575738743,1.893453740008585,-3.383607961640452,-2.886424682909766,-1.8250294335608972,-4.323185565961857,-3.364232658287911,-1.349941360733146,2.370933814203503,-3.2731431496135386,6.085797081381148,2.5907391808987628,0.1000373905450968
5.206651248252561,3.2344045040177565,-0.6012781211086491,-4.699780954846456,-2.725079502524068,0.1003390416194112,-4.375094625396937,-3.8928293767055697,-1.4921380797249142,2.3914754645727374,-3.0750133618678825,5.2738618059417455,-0.1867119928639229,4.233881167094995
11.37542017162726,2.8760525225613054,-1.4646449357846634,-3.038800269626536,-2.723016951981611,-0.6854722191222817,-5.2964411415635535,-3.4408430381938486,-0.0194025021921948,2.4371209097721644,-3.5434651728191477,4.319570800875523,0.3779018673764169,10.607468578552144
14.124988801730725,2.7058565916468,-0.1231583684537378,1.0760310502474628,-2.8033054246986118,0.0794377995899437,-5.870160383013324,-2.8056639571593958,0.6208105870213809,0.8592279229768041,-5.25744935748653,3.64511431592255,3.245878484798,15.97601591965704
12.363097791767094,2.0962598297834893,2.66721634232913,5.344272580390486,-2.071943859857223,1.205257568235324,-4.746531374643218,-2.480294013716928,-0.5722347842949111,-2.188442788632826,-7.251248242166067,4.061886938735114,6.140814170428849,17.793583208857143
10.929668974551763,1.1214735323794949,5.46712346504486,7.5284246388200255,0.3450172832135711,4.471777997841929,-1.7196134308885074,-2.251602161810777,-2.4451563126767764,-4.7873437494712405,-7.930983672490973,5.749616225873368,7.4249637012851775,15.626892210819092
8.286696268868523,-0.218487516989563,7.114871865716104,7.0474855268710765,4.131070689280411,10.59821937579942,2.049155302280994,-1.4871862752555862,-3.0227932997216085,-4.940965348330385,-6.473393836168155,7.819119367686601,7.247580802845889,11.058386760474823
6.941893393046918,-1.3841970653917854,7.243674428256226,5.0551468329663365,7.543765023390529,11.818370103948912,4.964768582997008,0.1734359194195214,-1.4521477892921064,-2.2829508969788725,-3.486145640231169,8.999877011601706,7.02586467148563,6.454181937300067
7.5847010149462575,-2.328156672303745,6.163600932331868,3.2330162548519805,8.590908704486948,8.187956470584687,6.137082341993789,2.3601933776161865,1.2664926485594457,1.6814746833790053,-0.4315424972658004,8.783501907273433,7.875205269522818,3.610340267872859
6.547734171076836,-2.9156302685903364,4.493880943475169,2.546089634214339,6.67618245907859,4.344798669774807,5.749878143378133,4.135878757272254,3.286794094853805,4.832419778925454,1.6020008333865032,7.850048933995272,9.536346278666782,3.0568502061055334
4.479969913517457,-2.954222596455827,2.928796778800028,2.887706092624419,3.1734695910246487,-1.3491096700969394,4.569585961142142,4.640869050680042,3.561502403336449,5.973898457250627,2.7024996149345157,7.343913493097448,10.75143877520763,4.172858461738018
2.987147074502833,-2.781543535239439,2.107997468974991,3.5185372890035467,0.313538054957637,-2.3348196505451613,3.2818401006966003,3.740210681922929,2.589644475553925,5.450501701331816,3.8802883225404496,7.762845492973133,10.56097805107013,5.8150182669137855
1.606829153911859,-2.2826042888323457,2.3705713069232166,3.654553370183038,-0.6336249717761875,2.43314594761675,2.2871104884699114,2.2290985417210774,1.733670877154473,4.605028080965858,6.054953973053474,8.596497124017752,9.15359782832152,7.031150771484676
1.723474840304931,-3.3670533545696024,3.4540828683812315,2.833121662250701,-0.2072283356553421,5.38637877071546,1.9108342416878767,1.4293550805217108,1.9276203030131305,4.700619459682297,9.1824387425469,9.010579927939062,7.503867284334551,7.495212756978772
3.696486544889499,-6.25180064522933,4.514491483539297,1.1316060835372672,0.1043654561734299,8.108102394847952,2.510498822588044,2.35168031169095,3.008313559634554,6.07652692792262,12.226873964148902,8.739015325650577,6.338563310197413,7.465768986831573
3.3812254341581203,-7.295277429064915,4.662035433424671,-0.7164550636226998,-0.4859282361563659,8.196977196902663,4.171768515392542,4.898382118606215,4.112682024614913,7.940618088079102,13.90480750425868,8.166346780797392,5.562752318787215,7.337927976581396
0.9234512181257768,-6.777179019167117,3.648792362785088,-1.5623372945468827,-1.2798762541065474,4.232165931936567,6.283099103418417,7.668235000970245,4.510286188114581,8.813697402883204,13.492172334735816,7.551054407165006,4.603484796019707,7.129798747373567
-2.851360993285454,-2.417694708233119,2.065796536423632,-0.5985643930767577,-0.9317201953863136,1.4184876758187237,7.574419806650779,8.64819220768887,3.9828092172614262,7.397762202256612,11.050360103077033,6.367829350762241,3.0725804292770835,6.31393747006355
-8.922126716300951,6.87065987383926,0.8140589775636433,1.818908882217018,0.9797868806662104,-1.1199808447511768,6.8428531060929885,6.485961329308593,2.5617674576900744,3.4442355973100334,7.087846250349298,3.667416184303616,0.939457483859634,4.169779984649196
-10.921722790500134,10.01754581406376,0.3201756656518816,4.126022498435928,3.280109851458312,-2.386082852579276,3.897829097971044,1.528061844151344,0.2131691244713995,-1.9074660206284515,2.211172119291038,-0.7920081131339534,-1.81028804336556,0.4334331714991819
-8.514634488309289,7.130862529474926,0.2271337208848229,4.608908172143529,4.1680760616542605,-1.3809289187384175,-0.0870548227944469,-4.167988309997005,-2.989586085246824,-6.642254351498708,-2.84687858089984,-5.845535213881052,-5.32795021116833,-4.254183764948847
-5.195207013096161,1.6288509830898896,-0.1799780604834349,2.78782149017792,2.9120496422226783,-0.8013396224113167,-3.2359713331084805,-7.989008483271307,-6.423959762339077,-9.002487861236187,-7.071087569218733,-9.53781309630721,-9.434633158831268,-8.5151046675201
0.6106835241320875,-9.132917698633152,-1.257324732886897,-0.1599456135573831,0.5924812244474927,-0.1155584401246751,-4.22555610146848,-8.38723786029248,-8.929764940954016,-8.502498641903813,-9.41668913128412,-10.617286622652417,-13.051292095919234,-11.00694818371867
3.145742961124909,-11.362953515450034,-2.6661958539730755,-2.43131857213535,-0.8852038595057157,0.2214372027384951,-3.1569119641865138,-5.858302670681288,-9.55504730905512,-6.10854883357386,-9.502084209391622,-9.521816189037349,-14.441946119322536,-11.290621963926888
1.7495863859308929,-4.18529813121454,-3.6748332360896647,-3.1536127732082826,-0.5745275183677048,-0.2450500196111705,-1.3395947953921048,-2.553873600358708,-8.395565517726244,-3.48270540419737,-8.04004358632298,-7.908503049503873,-12.421600280611614,-10.108035566642114
1.3356036991346834,2.3062903689476686,-3.769151866962817,-2.968035220594573,0.6783409251495812,-0.2863421087724379,-0.1832145103172034,-0.7583036486834294,-6.595188518720705,-1.897077375951868,-6.3425597200225,-7.187483757648487,-7.527527407623415,-8.769914447770375
0.4890314675109215,11.322550435098009,-3.038529990321191,-3.10819254649146,1.1760672673396726,-0.1385657282242386,-0.1381919707998524,-1.3052723797750534,-5.363283332920794,-1.6140665830957204,-5.194242461012114,-7.4565312908167165,-1.9560913906139337,-8.091496229906408
0.619838759274976,13.96222913065828,-2.0746819712720312,-3.980418717223428,0.1470487413980492,-0.0805454283050965,-0.5412497862836863,-3.097742027126131,-4.9221148464046935,-2.065534947775728,-4.237284519481865,-7.768966997498527,1.839213086796523,-7.78227493939441
2.4152544569403203,8.34691582147258,-1.5183252453373053,-4.736219838411559,-1.426335483906618,0.048365481648509,-0.3926416855124053,-4.081054835741867,-4.4350582093282185,-2.486339672292969,-2.6180405556787383,-7.310275670885377,2.719635202103498,-6.873145135404892
2.7142278700215594,5.529842289659399,-1.5869761418994792,-4.2206986016117884,-1.7619545923046187,0.0325763592591668,0.707304365186201,-2.891927739271494,-2.9703952110874905,-2.379033635072754,-0.2536116488808408,-6.20732455236098,1.3197292175523507,-4.816130199685193
1.9140856808174032,3.22621169026383,-1.8680471122288944,-2.196875390311404,-0.0568532906566103,-0.1476195380084173,2.2817756252228527,0.1274445448805559,-0.4788838917849141,-1.495295000425809,1.7820541796054463,-5.173866353049771,-0.7604415855322195,-2.186371040307704
2.5278792819907663,3.378463589929664,-1.510945618573234,0.4915174220829741,2.696662887394335,0.0487700165182682,3.502930593701146,3.322773305773775,2.2274653814372494,0.429543465732652,2.429851359105984,-4.452498699830196,-2.0499430073723937,-0.2202891929874471
4.185082932160673,7.900068022717597,0.2237327297505615,2.9062634315560167,4.663189955979628,0.6130565807377187,3.940530797869877,5.12805912633043,4.429005387707562,3.717290680023056,2.248851704713566,-3.2443732511511523,-1.6447729081262423,0.4443336247447855
8.11866550413734,10.836016941108548,3.3228691934240127,4.943886374398012,4.910211126529546,1.6006396591089298,3.843867928533344,5.269418138187763,6.320092955663849,8.382086200030674,3.526090815065229,-0.3133700221150208,0.9463937628346653,0.5800255857301129
14.96799492421871,13.104878329364638,6.735473057067587,7.13246539241595,4.203338429731467,3.1632354791759507,3.777610363451725,4.8114750862401525,8.776863548221487,13.687197993156229,8.266930781078448,4.734830411772477,5.773635446818799,1.8038543080373677
17.2181537853513,14.40856628297699,8.809540301521743,9.60227635421305,4.10013572951094,3.5808836269719797,4.0186563080218045,5.100228031552785,12.259774204988222,18.143870694624542,15.7095503071512,10.68901339992269,11.9072618055407,5.009010387995279
14.789366925312066,13.656525985890486,8.340854986673717,11.543824679378266,5.304823793972966,2.778227724221689,4.269155941154102,6.538152521309931,15.957298335713316,20.138993261899515,21.89617506016129,15.233294456280245,17.091081600523836,9.223690112053095
9.937679012104548,12.193317805500724,5.5380401612294055,11.909953651556275,6.942748257221012,1.6895769680722776,3.910929180408599,8.178567691626995,18.08375275598736,18.82623036987115,22.221123148267864,16.363902076975933,18.550127654902333,12.065673425828448
0.7695170039731069,9.493930903064308,2.07633122543894,10.624494757963715,7.441791088926867,-0.1077519192365537,2.5702075583452366,8.427642780187462,17.152878250860603,14.656389244254392,15.123378566291386,13.637446681673511,14.85529719696641,11.55349300985066
-3.677010469278959,6.906703235501919,0.0310881368104238,8.87752804986556,6.09947283845745,-0.5899449537447174,0.5498133358261041,6.308899707824241,13.14350465962234,9.176986406522804,3.7938616432554335,8.38050100552152,7.382077179709448,7.771767421931269
-2.9218825758839286,4.5982903582945385,0.4341549431733353,8.046593541842281,3.786411805710424,0.4690691370361061,-1.193453332676072,2.360243012720326,7.585479355450011,4.2492062588500925,-5.746605076109702,2.8410453633626016,-0.186062634851611,2.9348181243734706
-2.7081908585383845,2.628695937746547,2.608127983029874,8.33436566201862,2.143004104232543,0.9391084313921452,-1.5398954755028529,-1.523813730774518,2.5525115169365,1.1761470074554148,-8.819153285637706,-1.0314969421130655,-4.285241414135317,-0.2587272484299001
-0.9030956850293576,1.4535211007366422,4.826327962353044,8.590828464274223,2.097691667228585,1.278558880183579,0.1119129183742297,-3.290423557126603,-0.5719425358123802,0.2049107593517491,-5.232305115941226,-2.4217109957724103,-3.958768474470461,-0.629784671847252
-1.2386200226066275,0.1982196764790263,5.699574801424077,7.542043488865238,3.1219673854826797,1.521834764290736,3.3750327025188755,-2.1968065936920027,-1.6452026694913378,0.5824781892838786,1.0037818132070857,-1.7769698495545665,-1.298286310129146,0.7654034698658307
-4.472686097828553,-0.942870997777754,5.0751317917498096,5.137792004048383,3.8434777585655295,1.3462927595315588,6.93034898940835,0.5323377236647211,-1.4342062619770322,1.048873497077035,4.961245890279497,-0.3718051729858538,0.5131430424149874,1.7327210214683657
-6.298154911696531,-2.863758654128456,3.756607348793679,2.610362126144511,3.326395206904482,1.8562927567394227,9.152469091450175,2.4641997923888104,-0.9177985288447594,0.4801619699488623,4.323250986825407,0.3629841419912361,-0.2206247621267332,0.820876379752955
-7.653554569861004,-5.770186253747276,2.5005360768708824,1.217962006155795,1.78533053124754,3.0122411396683137,9.006561245378146,1.6805311660500284,-0.827704379061166,-1.624534279611824,0.4931765572164814,-0.5304920893265646,-2.735583118389464,-1.6607689261623737
-8.315828842621832,-7.43014418735473,1.3666880565156667,1.0106072107024555,0.1671963228699573,2.5731953573297006,6.686713245104339,-1.8234705857067104,-1.5680915642169515,-5.000178353851238,-3.162537214122392,-3.1377106544737465,-5.034720589451196,-4.265938405483514
-7.6229896779929405,-7.97327050338845,-0.0088868714207404,0.8616165086570605,-0.8408340225824738,0.5811016550646682,3.530092528181012,-6.181405378894095,-3.2329077696997115,-8.816154869585954,-4.117072381789412,-6.640129014060335,-5.87360329370219,-5.907169925257774
-7.338297137347824,-7.235540385315888,-1.697793140010568,-0.3577485621932013,-1.3597943913196404,-1.0327575994780045,1.1561687493710429,-9.105856138161323,-5.509502227883307,-12.06934989771243,-2.265857111633725,-9.709732464451507,-5.608105555619692,-6.699852674368081
-7.246245177909353,-4.656867363187398,-3.2475510806367702,-2.715800984761521,-1.9832080738817088,-2.6766026212598737,0.3425957298603119,-9.549443970086504,-7.630220965403231,-13.99731936404112,0.5487588763848401,-11.196454863170947,-5.413078900317587,-7.406426177882889
-7.113646313387114,-3.598924220253443,-4.2290491507412735,-5.27476468442782,-3.045111751584028,-3.254972991224137,0.457003911438671,-8.248168895335033,-8.67620483544665,-14.392924509773032,2.1799297476366712,-10.76182226135154,-6.014884232246296,-8.251274784245613
-7.258146082906227,-4.048212931338563,-4.875094218137108,-7.03546322440114,-4.292298499542185,-2.3438238522545194,-0.026543470013514,-6.829334881922795,-8.192748407867892,-13.71556483173959,1.5589890166251,-9.06331122045932,-7.264860491716538,-8.544026961962215
-7.470543476543707,-5.362448514888919,-5.929512554108038,-7.708178831990287,-5.217480611056107,-3.572026777233159,-2.208059144461352,-6.383464549347496,-6.627943439642636,-12.874923880123047,-0.896009923036293,-7.323654473262337,-8.666817637589883,-7.600861205044112
-7.8350915584604754,-8.385797913942076,-7.70504595976921,-7.618188442188404,-5.583584771896525,-6.782503749375925,-5.662390450387678,-6.735995042282529,-5.111988577924613,-12.67526070908994,-3.682930426416389,-6.518514950038967,-9.916642927188832,-5.90057002940321
-7.83793115116796,-9.779612466287915,-9.356745581458611,-7.094073651010645,-5.558360506563068,-8.428771499650823,-8.562908463503486,-6.911485298736311,-4.65385428551784,-13.213454804921357,-5.031662088739914,-6.72294086840104,-10.791219284206353,-5.007610221416231
-7.430103854705681,-9.50076328131721,-9.352063621176866,-6.184099280266717,-5.418228229810765,-9.055445219757978,-9.09941201439528,-6.217359048225921,-5.401588415265641,-13.734792145767244,-3.8977309274419714,-7.116766964379297,-10.80959723071625,-6.109497814150089
-5.740300303322241,-7.728537550156299,-6.937818426350934,-5.019384390148213,-5.2804607370241765,-7.563519855808789,-7.109457202612175,-4.9302918451862245,-6.595086469255655,-13.202607685494923,-0.8157734798858218,-6.712300257619399,-9.489446102629632,-8.653845295381302
-2.510529905747439,-3.5583464979846338,-3.2498823075653624,-4.270071539715282,-5.195056571719868,-3.147636039091557,-4.500424946096032,-4.028147693068318,-7.228297674546182,-11.198457833476407,2.011940027886228,-5.283611434059192,-7.164978687031823,-10.633597935747275
-2.3041684130425906,-2.7057414381346656,-0.8349878079054103,-4.955536806086518,-5.381716915070548,-2.158073374041628,-3.937916708455968,-4.284403967116313,-6.830007957403605,-8.351381786769778,1.844911860824877,-3.707442411938307,-5.297972166898681,-10.360257372298468
-5.19693081974208,-5.291464087116279,-1.7639812160568251,-7.591636305850603,-6.161788464311867,-4.505675253464994,-6.74630863662428,-5.559515751523188,-5.740951947210273,-5.848901477757792,-2.7250068896183244,-3.304542602799877,-5.459097820906892,-7.935020945807167
-9.49758824484915,-9.416549066684414,-5.88455927893645,-11.475253883442983,-7.535288411165717,-7.084628398403325,-11.729224336330944,-6.900505198419118,-4.771589968016814,-4.468432301490632,-10.544753954905236,-4.622540013968036,-7.65721159593105,-4.934818746046078
-16.344476456719374,-16.51734267859453,-10.74499258680256,-14.90113310555132,-8.899265185872792,-11.27009981645151,-15.937468003486142,-7.326619426821611,-4.6241116738431565,-4.071969868068426,-18.46314544159152,-6.724036915587644,-9.78789823344028,-2.7850757514899125
-17.691487587606147,-18.266839905213978,-13.309082418367018,-16.245147299746904,-9.370836913704622,-11.416134724194844,-16.81898996532117,-6.586491962869444,-5.510622060774775,-4.022626885575535,-23.414442447196144,-7.760261842811083,-9.190140011079349,-1.6813839343316452
-12.888349237335133,-14.099572656178278,-12.084206193654497,-15.022527923071683,-8.52305457311135,-6.849876625619149,-14.040160589774183,-5.236111256009327,-7.098485090797867,-3.9887718968716968,-24.3980193131393,-6.500966883979661,-5.165562223989438,-1.148690086997334
-7.847864530243449,-9.612079352646202,-8.027853426957556,-12.074987355595612,-6.8166841760868575,-3.1879680058238327,-9.557698985321329,-4.044284148792665,-8.664006424355804,-4.201688761569226,-22.78513103227619,-3.5161063022577856,-0.0276920959447535,-1.2993976230102735
-0.601311199210749,-2.7863015542983613,-3.688241123995746,-8.861845461433521,-5.263815754271574,0.8969758168772677,-5.982568072444224,-3.3507398095219063,-9.353864859265189,-4.901268503788884,-20.836309973400667,-0.8732750051621525,2.619391663500025,-2.9901551833593256
1.2296540661497946,-0.8614618530424851,-1.406641120429361,-6.559650221699498,-4.647230670233679,2.156417961714703,-4.643348672822034,-2.969392408192822,-8.549350518291885,-5.693395731691747,-19.802109613311504,-0.5047831630171435,1.009568691238374,-6.467960625918568
-3.6466707513888537,-4.976874005269003,-1.93028848874852,-5.63428107010994,-5.052618296778126,-0.5328061843670808,-4.884685386968132,-2.5984187188546737,-6.253560760918008,-5.687507386960853,-19.186987061761677,-2.6401694842783083,-3.1624428356417384,-10.140763981219395
-7.897360371873248,-7.5550159761441105,-4.240132505433901,-5.936455901502645,-6.063679608433361,-1.6344446893021087,-4.990074564646059,-2.160803175251033,-3.231094418016216,-4.37362473267592,-17.615479933362582,-5.661962911485142,-6.256169194361508,-11.299412700090096
-13.55343389301953,-10.40518583181858,-6.445339262411024,-6.934021666209194,-7.224031750243766,-2.070140341776362,-3.7568940847957375,-1.6628009031298023,-0.6516257955193838,-2.260624380602861,-14.356435818600572,-7.438305585327562,-5.970181730663644,-8.510904696982283
-14.155509037958678,-10.555283887386388,-6.991172310610965,-7.838291983394309,-8.169654314343044,-1.404976826714176,-1.342931085444028,-0.8225687898677787,0.6424330635961892,-0.4511066467234785,-10.10836249518164,-6.872535464497563,-3.267897980954276,-3.286882323924029
-8.197875563507873,-6.656419409932222,-5.4325519869736,-7.763953663404968,-8.387238238168742,1.382725610409535,1.1875748408398206,0.9232452070176698,0.7226109746641156,0.5162035190850656,-6.387811707862122,-4.352020522723205,-1.1167266755911882,0.9746659315771052
-3.2357317732095345,-5.209733169942284,-2.4329369565821715,-6.107730979639185,-7.140258816238777,3.257126410240542,2.988403032398214,3.852415261836961,0.5110548497647351,1.3308868797062168,-4.101621495416037,-0.935880112050322,-1.3506532072733617,2.0363819622522623
2.531961206365178,-5.363934551405958,0.8609558386394598,-2.9828932281910565,-3.957120970628038,4.568140413946188,4.102091811840109,7.394035303035719,1.073119992126894,3.258197203160808,-2.6030733763493483,2.7209592614096145,-2.8035857581427006,0.896080766652334
6.000701906064873,-4.383131960481471,3.575699686087103,0.7002320885666686,0.6730736267771092,5.369713312701081,5.136766013881994,10.286106850512294,2.824443320027455,6.704356569212735,-0.1544749044844975,6.650085617642713,-2.547027898818333,0.714773169799646
5.826382127154647,-3.263248416519726,5.479893051483769,3.6862118362236975,5.199045046633312,5.061695118981228,6.417511968312461,11.47432121801322,5.272661622656672,10.438822611625392,4.481673105149482,10.944139260986516,1.061897960595962,3.5777052483557856
8.713349775047194,0.8274409711365589,6.779109218349763,5.0607943477597805,7.847268732623976,4.86934582637891,7.530906493108187,10.956610927633625,7.440562341821028,12.380589733621076,10.654158846122566,15.025163605227696,6.593749734575503,8.328950046708735
13.796408486053114,8.419623297630869,7.632839010046759,4.698346007547132,7.809438866650949,4.607738522193385,7.701628757868234,9.764450419886757,8.560282862578077,11.358919201626094,15.935049169922753,17.638724051657416,10.764193823236912,11.67891999146768
16.557561841207892,12.224079827906989,7.915186124902034,3.275156175825207,5.769013797082346,4.189494735272462,6.58323110635443,9.1019915157602,8.489930112568072,8.26379344016345,17.81825286291771,17.65413077357143,11.386125985497406,11.46352221019926
17.858634697529766,12.5423417777743,7.462970965084942,1.9743006822454947,3.327749893015113,3.816517500247248,4.675083446292153,9.448129309733524,7.628856062971259,5.4897700852037765,15.685385181902811,15.006113299631773,9.16514316356972,8.762702131299573
16.401631069005962,11.775823681472032,6.513159750780542,2.0200331998791605,1.8723344818220573,3.140871077398013,2.987082909508369,10.366287848504644,6.530293128184714,5.102782057144033,11.387750218376745,11.002654013066763,6.754637955465904,6.802994115279087
11.236312601725055,8.321749522368052,5.773187977598574,4.059182675705792,1.8312675513671128,2.2088569930940185,2.2885189186303645,11.022844103165848,5.564794197322676,7.293515113898322,7.910685452058632,7.726157977133997,6.232554787761285,7.85283214638371
9.748665567505329,7.810459675009003,5.908784856506872,7.555967749622065,2.7789206618954085,1.8301922967576116,2.5976816742465525,10.826128765746487,4.832265113252156,10.391592908111884,7.200784311560308,6.894476590561423,7.524042412530291,11.243402996223736
11.832238790837671,10.595410057971964,6.86764023614106,10.72531204663309,4.037329766047584,2.026239320578196,3.274427268085563,9.70077575951824,4.279111668694547,12.32001196244858,8.921686076954945,8.868321020267846,9.06237107424659,14.31415717251032
13.67661655053307,11.814708481578071,7.73005398067018,11.472803587789544,5.122112656924889,1.6831701304344575,3.5525406603360308,8.005908199296508,3.860065737044762,12.165506721708612,11.061570887341349,12.378922569319124,9.654060234797692,15.05339614053965
16.858671535924984,12.676408960497302,7.362094843694649,9.004407351745751,5.761070091214858,0.9279665522865777,3.0738505708143085,6.351716803984536,3.612477177516336,10.586257883063768,11.731911014734836,15.156506515639066,9.524894999189003,13.698498647180406
17.15050629500493,12.32535380398732,5.393101472108159,4.85271704224636,5.749221310777404,0.436792846531143,2.0830559008369587,5.3954495482693225,3.607820394410554,8.919314907201928,10.572979604017446,15.17298814369297,9.676472300583278,11.96886360135584
13.941664052430555,10.013866960196385,2.668871081975857,2.158119309081883,4.9986209873668175,0.0399612208992291,1.2117669248970402,5.51214382861995,3.832867467474209,7.968502475501978,8.667240750643472,11.852930224857715,10.522003235014406,11.154320621318243
11.959131118090808,9.530020580476446,0.7228704838570789,3.417237640056933,3.768652971177668,0.7188873467888951,1.004638286920078,6.408421458434742,4.102702500289886,7.554378953968394,7.2387139778093825,6.524314913779312,11.345243006753298,11.178261945776477
10.226915227983293,10.652799782575851,0.6422008698152106,8.411475073136138,2.7191085364118743,2.673475702088725,1.4796150855149903,7.059889112323952,4.095409747846837,7.036672781005904,6.436804591426787,1.7114012617077563,11.045823136393302,11.288536476800218
9.92136661508728,10.655365010814002,2.241241831947122,14.118995966813715,2.5412798313272607,3.3858298808583966,2.038367625089256,6.280795393370856,3.5183409659632146,6.106940579181151,5.308380056898291,-0.4198524960846095,9.262840689796043,11.146611958132835
11.90587969971586,10.160039477619286,4.214010412909317,16.817717007589366,3.388795713826169,2.9785036870806274,1.865814324534414,3.653362939640892,2.3066344657004985,5.046999128561204,2.896638925010302,0.5209097194791514,6.734285023642989,10.93602497950977
11.725649978478234,7.774931818617065,5.124187385407778,14.721257014479209,4.642627376541112,2.117921243004494,0.5843424288970887,0.0200830738543147,0.7076728679693787,4.312231634597813,-0.6401695116632387,2.902374790252292,4.676409893482489,10.602237725272374
9.69990757651189,2.936016826033223,4.413179255481266,9.079811985098942,5.330168127563912,0.2449079168899801,-1.372230047051492,-3.051305764355344,-0.8299423703467452,3.969423314286552,-3.983295896232555,4.232435103235043,3.890664880874657,9.469351909342798
5.852246004101444,0.5149171812851032,2.6365522389978016,3.042022900644586,4.924071674443536,-0.2362090608256326,-3.0566618548193003,-4.517472168194693,-1.90825208869068,3.557297310565234,-5.744278695910742,2.854760927883498,4.325379476542736,6.887885445634939
-0.8437440361420591,0.3292677622391136,0.8323989057209498,-0.6179294692331943,3.833513808663393,0.795861909024137,-3.7860742946126393,-4.746952123939046,-2.41264801616496,2.440578242384424,-5.691411818790664,-1.121532203782733,5.191238615889998,3.1125022285305013
-5.858489123449194,0.5040939392920215,-0.3581795483895261,-1.134742832987606,3.09983823770414,1.4902748906641528,-3.697623215777976,-5.180894314808362,-2.5742223072572257,0.2790895383825171,-4.991783878686478,-6.259729501193155,5.320143200614737,-0.7907459586888907
-9.289840453373165,2.084084872746521,-1.0658608856152982,0.2178270266706294,3.496753083273261,2.374953938648253,-3.521775467851471,-7.002867642980963,-2.814986655236947,-2.7640811720696057,-5.255599808404202,-10.9953949356924,3.6073000144927936,-4.017536398081994
-10.118962411473372,2.3948478569192324,-1.8374518163586075,1.3548928460931204,4.800972747773687,2.600737036193028,-3.757557739636233,-10.012479598700876,-3.460878683759953,-6.13394569271439,-7.223889832453487,-14.45631658216324,-0.3940682686566163,-6.796120761912085
-7.072395633121257,1.2221637118567414,-2.977390445042468,0.8243139220718336,5.90421455260315,1.867292547639271,-4.07054628548324,-12.735011105603846,-4.489186754752128,-9.132836996414264,-10.182701899995145,-16.371209896775017,-5.871800304467591,-9.829192772760916
-6.546787538398496,0.7448686524914088,-4.2043169773061,-1.3815768961533144,5.726386018570308,1.965591145781171,-3.566619111597876,-13.627777261404535,-5.467315535813203,-11.13306620962538,-12.490326713890685,-16.553180995470875,-10.705882986998915,-12.96635452282387
-8.192736580250475,0.3623162525002432,-4.862770618393799,-3.9168911227106618,4.17587089863626,2.6945857519799787,-1.7293586915955126,-12.219142566206116,-5.7355337091973535,-11.699070964423065,-12.684906451413283,-14.748157171019512,-12.424435450790252,-14.708494039539197
-7.855069175803812,0.6078277081472931,-4.416083723678889,-4.898742383862853,2.325047327675531,2.9951560116546347,0.9008231775842702,-9.178143884357942,-4.740070641080294,-10.639362217679324,-10.30170174173194,-11.007140081344058,-9.790739121537651,-13.349180207702904
-6.643998290256675,1.7955525413658544,-2.7804618501126948,-3.038803083186239,1.608610551398829,3.132594971639507,3.0371184065514663,-5.469197827278136,-2.3304810664876525,-8.023810142835261,-5.925269468224701,-6.025090369397784,-3.854676448824611,-8.751951958670377
-0.7929461164292871,3.3785875195418087,-0.3188694637342659,1.4716001213338803,2.6695107180931505,2.836519749064783,3.740542539983658,-1.6478647435284204,1.136305950464843,-4.213170682844077,-0.6456707760914346,-0.94574974272137,2.5040458105996803,-2.943553661815515
10.635172724827092,5.601901279399367,2.356298262422133,6.875528580700742,4.785587674758376,1.923823999988688,3.3068613907793685,1.9790182382418904,4.916166625149524,0.0920058518501449,4.563597149782106,3.203876822502701,6.332931471394036,1.2004486980409688
13.578470728515455,5.784375368813292,4.561338445513355,10.745758753424813,6.363360281541733,1.973863636662351,3.0917770173446764,4.760511398120811,8.132509497664724,3.888730853454832,9.125524968402765,5.890477564488372,6.362003764786307,2.047709229136069
8.130329590895476,3.650667761746107,5.672163794886336,11.38503886840396,6.141429649059478,2.9810699717679983,4.358884049607067,5.712386350889938,10.05859529181966,6.157508242180613,12.722449284283964,7.015999409832354,3.498467464266824,0.2394707302693812
0.8876836900884445,1.0737346477352447,5.318729141258607,8.80187447421838,4.171147913108023,3.8097688766254127,7.115489629526815,4.439877166976056,10.36238521405133,6.380233664325761,14.9921395018036,6.7052926711872765,-0.1030572060200607,-2.1182271381169637
-11.321740227647684,-2.6520908368945717,3.645851814465488,4.577898520159604,1.7925335800239257,4.774845988700794,9.936790433387168,2.0055572511263144,9.260717497102595,4.944769438640954,15.434679320461717,5.273646576047227,-2.496215571595449,-3.214788137063338
-13.895510314916216,-3.406404351848084,1.4349889587001383,0.781916701118627,0.6028314019278647,5.171630274015033,10.963790729877132,0.4982204539964405,7.485627122919777,2.9984015891970848,13.753651982317642,3.3103852896027064,-2.8956681021527144,-2.69853562468803
-5.28353976134816,-0.6544122166452517,-0.1437242442478803,-1.192346353813496,1.2296565722037869,4.7880984212086215,9.30961441892448,1.3201606594008692,5.979915139919594,1.7160043928329474,10.459619222471815,1.584754912749085,-1.7557111330421504,-1.468704585022328
1.0362124770908605,1.4710060949190782,-0.1237031086970761,-1.0565204031213875,2.8980453854613466,4.579083074187612,5.806553627643625,3.747053734631936,5.409829731286322,1.5333011852778884,7.1706713563812965,0.7264021670919343,-0.2425582426697632,-0.5981421025705491
8.514000949765148,3.973740414622233,1.6630153492144508,0.7115633345503354,4.128893469272775,4.338601325953528,2.556877871925173,5.364365660721544,5.791540520916042,2.0161808109941743,6.047899128752151,0.9591953816003572,0.4914689878353151,-0.4810338236247138
8.763050841455405,3.863388251869307,4.396516663904203,3.345617955977416,3.943266362823137,4.032175236495023,1.6309755369119232,4.242184882653948,6.523588995898949,2.454420150663836,8.400254479803289,2.099899304674338,-0.0538486578807919,-0.8557166367263598
-0.8245437035308959,0.269049329886422,6.64252476472346,5.897415445911965,2.5312239927035245,3.797079366339776,3.8048083385424767,0.866769188281955,6.815491055176717,2.5460284673521927,13.345563245603524,3.69452725222669,-1.4424576042624513,-1.4677832420601171
-7.553927079857262,-2.692404180500722,7.082689341675444,7.171709650779888,0.8712754256754693,3.791074862285404,8.112975057810118,-2.117528918160884,6.159848155296405,2.477328529061392,17.751606379576216,5.074013218050668,-2.6257392324409,-2.603902854787851
-13.801526527751566,-5.887252588744309,5.200293516414197,6.075778172588102,-0.2360262343201296,4.089538108796408,12.415806511895155,-2.260441047987683,4.479664406803554,2.4034733667909043,17.952597206673587,5.398846837074649,-2.7943475008188665,-4.90953748532883
-16.259918936511742,-8.536336749691147,1.5683463611706498,2.462086841239008,-0.783857126020355,2.407461149168239,14.571003636573227,0.403161806928475,1.9354008347645488,2.011252134767662,12.287501817672148,3.949376451045437,-2.15520543917143,-8.587647872056042
-12.500089186807276,-9.93783445457726,-2.4114587741269853,-2.322700791988062,-1.3591578547351544,-1.3967618548042082,13.509518012933214,3.275731111565809,-1.2814409981373291,0.7132021197841807,2.531823060334552,0.6266996452873155,-1.9146378834024116,-12.71400719765298
-10.761020806484051,-11.18330135259013,-5.219577970884449,-6.068576411702366,-2.5195981581144062,-6.123652205749561,9.62651187788691,3.393720753296245,-4.900345421611335,-1.7544591967022465,-7.126289862442856,-3.808607775680589,-3.3689713631367706,-15.451222559732464
-9.68622218815641,-11.80593193171734,-6.041202281357665,-7.333343881901156,-4.443982388604532,-12.368523653722193,4.324774810601575,-0.137922578780691,-8.384390180383724,-5.03926144108545,-12.979425869184777,-8.141102978934304,-6.827925863089748,-15.245827719650787
-8.013921040947997,-10.833580523262825,-5.221649271035027,-6.677299206664872,-7.040096344768491,-15.024264254060284,-0.9257696604182528,-5.585678491939643,-10.954542016176912,-8.482523966712833,-14.264771651933636,-11.46267727465525,-11.248467434746312,-12.130421927678729
-7.041829115704152,-8.174102619031745,-4.003532357605955,-6.18594729739439,-10.07528227933178,-13.574496149937817,-5.335170438635821,-10.13867041459464,-11.957778477076214,-11.551416013325618,-13.097274552374127,-13.53238667112991,-14.777725715129154,-7.91372694911148
-5.735844421253529,-7.147151107331941,-3.639644954831725,-7.533596181271037,-12.973969306166396,-13.130779181943604,-8.841742608640615,-11.953856923532449,-11.290065586270371,-13.78873909995325,-11.9617149210839,-14.375919704458427,-15.671344542936442,-4.8515244562957855
-4.31303016180366,-7.747480898884762,-4.483318146405238,-10.398189675468934,-14.605891514611567,-12.518383645698188,-11.564766354304444,-10.98240977996629,-9.473773079018695,-14.43197992940816,-11.155141783821856,-13.68673259540807,-13.02348233423609,-3.805083165718132
-4.47020926760281,-8.658551476706412,-5.767150986043539,-12.83876453914223,-13.723399548408567,-12.369937118225453,-13.31189967128153,-8.339130046750316,-7.334932998238784,-12.52747650382586,-8.732865860302416,-10.934155190606816,-7.21742407886328,-3.579032136828868
-6.275222335300731,-10.669563483180047,-6.278934329317986,-13.312372470709,-10.08145284159963,-13.491812382299164,-13.714260423314684,-5.295868981375902,-5.606201726481151,-7.93195404084545,-3.149020779980834,-6.302940383805853,-0.1581931474374354,-2.210912177612167
-6.4200171335282175,-10.766161331322396,-5.391136527263948,-12.27253325009608,-5.264861307183898,-11.79669077395164,-12.85363893938042,-2.8812055545647723,-4.754493554085293,-2.3400740781262543,3.991839043272019,-1.4506361237992662,5.04359922157369,0.8813369972569687
-5.089125922430177,-8.71833921551724,-3.5766262710527434,-11.643776997869123,-2.095974869469679,-7.447322800384487,-11.606897312983987,-1.9815982586338488,-4.978919756357944,1.1050266701804667,8.101170363220774,1.0815081247737377,5.41959568629105,3.997467875902197
-4.284232522429918,-7.869149152813581,-1.9834689428278505,-12.662436554990164,-2.670550920057563,-5.362378010437306,-11.122581707290422,-3.1969577721673934,-6.145989387751339,-0.0554907139777611,5.147299137789635,-0.2619548898535693,0.1853175356283334,4.57684601613116
-3.391051228348529,-7.621583419981465,-1.4727139705284786,-14.340022334507832,-6.542092639032857,-5.030602368773989,-11.779225712697276,-6.223481932088067,-7.668868579892502,-5.333073051333715,-4.312743040028421,-4.443035914470725,-8.059092343057355,1.7640234787268545
-2.8278467388948383,-6.124613770704776,-1.965053582780453,-14.242280160221972,-10.7745586016127,-5.45447513204359,-12.677965136933404,-9.463823119563106,-8.632251588652032,-11.165998942179932,-14.412092407337427,-8.153664208436506,-14.497976145091148,-2.359082717966112
-2.8577563586208687,-3.775150818761413,-2.6175544292622908,-10.893134133303898,-12.076280340977936,-7.628066376702153,-12.33125023395175,-10.66303876469042,-8.319390388757114,-13.496030295806383,-17.74711302038192,-8.149925263952603,-15.33164786588265,-4.253416182328754
-1.5033784780965644,-0.2265783997187085,-2.598929977855549,-5.383577546308199,-9.320991973163803,-6.7866154892107735,-10.00466315126292,-8.399426205846494,-6.779140427124174,-10.970149764709138,-10.87880504054374,-3.7730872244039055,-10.58968723095394,-1.9237199704945471
1.1995833838464085,4.877521635996875,-1.7563981461310938,-0.5123084034491541,-4.306310247705294,-2.703072363985185,-6.409329049725203,-3.247025073477663,-4.824646816637356,-5.822843568278572,2.9183770157474527,2.5144417813331525,-3.92704667349206,3.3039473227633387
2.3790530845265683,7.423450988583107,-0.6489667876938574,1.732395721872757,-0.1233141259896554,1.4031048774814745,-3.0251368354994064,2.4726058175501664,-3.323744724169023,-1.5614290272523204,15.959924932772228,7.081363030357306,0.6477125085671007,7.911415164381106
2.2620630363569614,7.270107118750469,-0.0055616840767473,1.8644685359864035,1.3664286395653955,6.621936641775672,-0.7325718185623074,6.239204578704788,-2.42119536505106,0.2962149187779763,21.596569238339693,7.887744298459666,2.1887494309645814,9.190074280941744
2.410631926186486,6.58242226675576,-0.1170689706343859,2.121985521274988,0.7250692528259399,8.284157327780411,0.8297880022711324,6.938649503062326,-1.5242757571097596,1.1965505925964908,18.379605428770542,5.728246908385513,3.1231919843416898,7.3437302310249555
2.30708880186164,4.364295056699148,-0.650070089689958,4.051292240837307,-0.0873252833304376,5.637455403158521,2.528635701903463,5.2875321885890285,-0.1440126218379935,3.3324939252169625,9.896370326905853,3.105866507740328,6.148208629818864,4.849984055401108
3.1482434806342976,3.797115728591329,-0.9800708506324378,6.881352162015651,0.2262892949082764,3.32226231413756,4.464355888778291,2.925976751171389,1.287229513991463,6.683668923208257,1.0945852308363353,2.0099490786794454,10.854209820533216,3.896612793795524
5.210998078468865,5.24152252145079,-0.72772802363325,8.266832846568388,1.2236442908168694,0.1264691959902613,5.626929012506208,1.1192063814932904,1.612066539534205,8.6226415102631,-5.312674920194047,2.620878332513125,13.6223196128649,4.464862919863693
4.324947760097106,3.8219837333828672,-0.0516790638446056,6.59763337723801,1.5174334245814751,-0.6348623455538436,4.95913077131774,0.1420773659060268,0.1472743057717283,6.70904191591207,-9.49152009974312,3.784728929352081,11.115156930404163,4.811756453808023
0.5309269849771033,0.089645754309551,0.5180572566417347,2.567195676929831,0.4303528707808279,1.9563134151756476,2.725558357926781,-0.3811765544789809,-2.275487710115885,1.7886741934729216,-12.507152456442013,4.354912828391586,3.958145339544344,3.618550282856317
-1.9860595592145085,-4.658402798035247,0.5265619454417072,-1.4915825069235913,-1.2501682758187505,3.068089595854622,0.6261431701399331,-0.7740622230761236,-3.6271979131513232,-2.068013471097922,-14.418871875436478,3.950447859614077,-3.190557561868867,1.4620543644440396
-3.92999679944552,-11.326458852737114,-0.0951386972479193,-3.7516882531860833,-2.126237325651408,3.601600748969945,0.3264911266937114,-0.980257258449548,-2.304132887901586,-1.1213970818298191,-14.485530670724746,2.663315730381666,-5.522617295081408,0.1023130450454807
-3.4294116848470795,-12.177150396013818,-1.1186444967658304,-4.360739451493464,-1.6582344639232236,3.687415939248118,1.7770973819070075,-0.7896013736359802,1.3650383223579707,4.351297745452291,-12.826057588110734,0.4915461718477374,-2.3220653631144224,0.4280057365526311
0.4835809937163989,-6.540317056233157,-2.3547173593589243,-4.85016536970147,-0.6642654108525479,2.5386642685727026,3.0705546898699634,-0.1996621811214916,5.213769023955605,9.98238691836416,-11.192118119386535,-2.594161170749504,2.485176874692629,1.3217705590048805
-0.3022869552672435,-2.433516314337276,-3.8047673457548994,-6.19854364469159,-0.3378059766767332,2.129091103876197,2.1519500542521315,0.5538702087224996,6.990275019405519,11.134794190514164,-11.607828548151964,-6.012838604921688,4.0193709348705,0.7510654133820553
-5.576898129639371,1.830764082721012,-5.384965853357519,-7.569092701419167,-0.8396807475310912,2.291186208251794,-1.1581927040466753,1.3151140529059933,6.228446727933847,7.056789915202426,-14.199238199403034,-8.27744699955483,0.8996590023500408,-1.944392017734209
-6.66325402847587,4.1514508918899695,-6.505729176277052,-7.002612765090699,-0.9691032915045188,2.2436174277527674,-4.772865218482991,2.2733529898922296,4.523436993922228,1.4745345596089798,-16.666371886032763,-7.687639987986007,-3.6319104332299,-4.919522749367289
-4.780979059657133,3.054736314595541,-6.103312039252202,-3.3758065415788394,0.6767057885673164,2.32832860924728,-6.025575708852289,3.826605562773925,3.9745280572320025,-0.8100801517185463,-16.234538399408933,-3.598999887782808,-4.765592862769747,-5.150418189690477
3.0061055207577563,5.268138661620768,-3.389238493458495,2.288906212553239,4.15095559972389,2.366040559563803,-3.9207215412296623,6.122125027143328,5.287712972847901,1.99469286372371,-12.27383894148519,2.837500661103671,-0.3825654888344836,-1.1375225342107544
18.75023935721358,10.13135020479268,1.181976451875589,7.403581686338881,7.738927630767737,2.306268542797824,0.0801459722208655,8.70481575653627,7.313614191934408,7.576508809509473,-6.95544322956345,9.176934680114837,7.258533939596146,5.483229348323325
23.212296063674845,11.39724150071099,5.684940567272969,9.722042803486008,9.174690116662042,2.782565319003316,3.3671630138742987,10.643426924802831,8.365839166160846,11.985261849704994,-3.2430953774656643,13.075463622911016,13.525166794428763,10.94176942411998
16.350610312499626,9.867048480021278,7.753674129446848,8.87001776792745,7.513351062019725,3.796749732253512,4.3036685298224775,11.099040815596709,7.934801098496289,12.957797840275166,-2.2067059773802065,13.537640768772569,14.961778697612145,12.12280119398644
7.067641672343367,7.773386133088666,6.293714328235222,6.313012294992598,4.0740272928178,5.243668880601375,3.27117214760714,9.921608260982278,7.083077606225823,11.097570778784691,-2.2980433328153165,11.205932489581988,11.377953344037248,8.78312331452047
-9.050730984170354,4.0188672519187065,2.5074331778517704,4.063626828553796,1.613519512499117,7.289074977116551,1.912397317111036,7.812213594689239,7.169126993656274,8.425974704093843,-1.210531838256678,7.691096807377631,5.288724702602035,3.454538192436673
-12.684216213782836,3.171406104675298,-0.7793052801002593,3.368990522220648,2.310956548141097,7.872682565438934,1.521965950068548,5.891829011196851,8.216944314797747,6.285685105647294,1.635930799914738,4.57644449509459,-0.1616582146823262,-0.6585612651582657
-1.8643472465804003,5.738939866518734,-1.149152822979122,4.281521791757346,6.082638759645777,6.847520875974806,2.1193231918065774,4.9454560087408215,8.592463787471221,4.6340269194006165,4.477526968995086,2.746037085755921,-2.9555477607417533,-1.9066557066224616
7.214743198691827,6.168800681788327,1.5800434183230951,6.03070961120101,10.513054792390024,5.3544342757976455,2.843306550611532,4.874862913865682,6.37884486056427,2.8708887549747804,4.993026953719491,2.268391374565484,-2.7546173846270765,-0.8609923216803193
19.229691029219637,5.411033027030575,5.244340882068117,7.57976536871358,12.488654757131618,2.856258765965241,2.999090367496832,4.793811945872379,1.228292593257363,0.8336026464176207,2.6574729048917938,2.666632620271441,-0.5281954684461834,0.7316396110064094
21.873109036202575,4.05378008183238,7.052308093731426,8.011501935010243,10.359320197898406,1.803577613463487,2.649987165775906,3.764427599690368,-4.973697605916552,-1.103397359207822,-0.6208510795597313,3.2862411352870664,2.164494960321629,1.4871938595407563
12.089701914034642,1.163956491268359,5.701114951354034,6.830609870791953,5.064448613365975,2.455785429841108,2.329228572626958,1.6630180053632948,-9.234251383372872,-2.5553759008541537,-2.0943904950470547,3.5780768290128737,3.9514340475501184,1.1237883330183824
6.016859153142819,-0.8828317125310278,2.1621321311465014,4.263505072174148,-0.5534155435782147,2.7183867129525074,2.3753368190401183,-0.5263690333662279,-9.45604786850124,-3.3956224174456047,-0.4115321726459837,3.249071787312854,4.30800454548826,0.1232881989210707
0.3330964968504034,-2.165414445202893,-1.3623099315285288,1.3071236005258289,-3.669930212249538,3.1869892075804955,2.6327798571358434,-1.3326159807521858,-5.765966987973858,-3.5235979647902216,3.516208140255724,2.291013880710538,3.7512337254287833,-0.9835349634757072
-2.476675415819294,-3.1703134449427592,-3.21322057498438,-0.7553094751759417,-3.197423341633817,2.6343971747832384,2.727436452312423,0.0369097819961332,-0.2721632499584814,-2.7138922229161544,7.577123402383469,0.9193635898652062,3.3200247843752315,-1.932388173546416
0.3387602332693734,-3.368571627342909,-3.211106630195731,-1.1756197037590894,-0.1611014583818004,0.6979213301729594,2.5086127557843927,2.878839850972515,4.394958290942649,-0.975443840648106,10.272832716111337,-0.5245886884970457,3.673200567896495,-2.5491467231600518
-1.8657194826058108,-3.645762218619422,-2.1859693328746115,-0.2404221968605746,3.276449144923191,-0.4620724593453318,2.1731053329735524,5.261761747016728,6.614478841542568,1.0168599549384911,11.67183471484431,-1.6552658690119966,4.591645587707803,-2.569650621168424
-8.071909321760877,-3.931566997132706,-0.9004229610358578,1.030148267513808,5.2005084397506,-1.1471875069891553,2.007235482386472,5.320837246293484,6.403978055854356,2.1906607528562363,12.913324907486375,-2.101279403685492,5.339378916501342,-1.8093810575350096
-8.756272336700599,-2.78806347590182,0.4728461301817894,1.7361230115007862,4.778470423900415,-1.7133310857933244,2.076669627157518,2.669885411403632,4.970616390233641,2.038027514935683,14.97103338169602,-1.5865548043331614,5.470507718875251,-0.4555361597655309
-5.2197277321653,-0.2514190691878383,2.01255503181158,1.7345023391028382,2.3051245001810727,-1.7793440532755438,2.1795622543648694,-1.1730979213868429,3.733081468356943,1.2713590275224131,17.818909999892185,-0.0513592981463766,5.226913589259981,1.003586926360609
1.512765024942934,2.670889717476662,3.532348107646487,1.538530617482642,-1.1499583295930744,-2.951485428631537,2.0656729350704275,-3.760956557533128,3.524578821472078,1.2776039544399875,20.56693511758005,2.264188004998026,5.183736209735036,2.277775334095701
13.31418009725776,6.2614448099967,4.616881910111887,1.697829533894022,-4.118571590229633,-5.291491778220868,1.677086036764086,-3.4309548732592887,4.345763336974747,2.733372835035208,22.265370564676523,4.886431627032334,5.650226942406929,3.658477963415745
17.13303882429387,7.897989944799009,5.1177993564387405,2.322637799727021,-5.167657056395141,-5.65602487868751,1.196870435467039,-0.4926286362373169,5.582169346298491,4.775578954565139,22.62554016104937,7.32061870768013,6.511498811098857,5.730450525221753
12.346567185714225,7.187280113546205,5.395434695408893,3.144611467244525,-3.548892344860733,-4.19014713244323,0.8933233210909268,2.9942505450220684,6.389035224321082,5.674773330484646,22.08127847855236,9.22477245674068,7.530148795290364,8.56733907156507
9.516187432312126,7.778493479916675,5.905175018034031,3.893363363591828,0.1673389127078879,-1.9062469157212625,0.9007321335851666,4.650469262772807,6.030555866010367,4.410626929266142,21.17344437723237,10.35442797323654,8.521156225124061,11.231431829963586
5.79595826399872,9.09980330583818,6.559669744495026,4.501785793102087,4.091631354079102,1.888341814380584,1.0869684870525855,3.319390565772997,4.1388601229273325,1.5695354820589635,19.789919082538468,10.333374283910054,9.069279215181052,12.21400529620162
3.0883656548266702,8.412360670737383,6.629974228539569,4.958695380136144,6.009557750054713,2.8126578171050247,1.089504780393142,-0.367353771420718,0.9040881614653102,-1.3212444738074849,16.968935825648117,8.57810409477856,8.251030080056857,10.522674160927108
2.902419009625766,6.1144844730502586,5.379024202117911,5.082666962836231,4.865373736194853,0.519926346327588,0.5209768268654704,-4.635477974903239,-2.890228494373737,-3.26859286606095,11.58614807417793,4.649640008223161,5.059321887056905,6.432768694414898
-1.2656807296945187,2.365764168147217,2.8092106462901008,4.567647599154153,1.5807477925194895,-0.9613444258298696,-0.7389563714474905,-7.762161698734269,-6.129758229012533,-4.54248039510367,3.494552731786733,-1.1311123291439693,-0.5573760744759966,1.2418162859492563
-8.821559776224017,-3.3853951065609027,-0.2280788799437925,3.2946962332512,-1.6015906931705637,-2.612299621305051,-2.344811487477349,-8.942078763087242,-7.922356420820028,-5.990333211672601,-5.843067980959211,-7.392039729164257,-7.0730806521447,-3.653310341627545
-11.528611881821671,-5.163778741753131,-2.652865719612868,1.5553934349568983,-2.8511120336425027,-2.77696940349433,-3.5763004331316743,-8.442432738807279,-8.147450628122964,-7.8335128471633535,-13.934188142714705,-12.227036913805929,-12.091477998430843,-7.466102615234178
-9.95647227416068,-2.605816634932788,-3.891516481990603,-0.0986907965599233,-2.1441667479278905,-0.7294884075540491,-3.7571831657289394,-7.2487282087270835,-7.563212293318815,-9.3436189659162,-18.78013733294079,-14.330093308549449,-14.025902847562543,-10.033903546185751
-8.245573084844871,-1.720101412911354,-4.086485076172907,-1.256190017639249,-1.096455658189237,0.096354944583249,-2.754723920585947,-6.5449685598084,-7.270024167399185,-9.713093290720469,-20.176958814590503,-13.886614032237524,-13.285720325928466,-11.457435968366454
-4.807328360252866,-1.2656693326318846,-3.73505403077964,-1.878761819577594,-1.3488945718171168,0.1808573138630777,-1.1537010641666818,-7.16318967092738,-7.838778018394777,-9.034009018378866,-19.67620237768241,-12.398729874529485,-11.815629589796233,-11.927559811014191
-3.3701454048740858,-1.016763690470255,-3.228740589305412,-2.1260416660688795,-2.943340703750691,0.1541770877061248,0.1117664753075641,-9.052934383931904,-8.774967906661072,-8.195436207722262,-19.17230833980214,-11.467569282927222,-11.36988522913553,-11.790766124338738
-4.600341084033831,-1.9124851097811155,-2.702038070537135,-2.000039202698262,-4.189451955172694,-0.5754898004981802,0.4306922242751376,-11.0367853271378,-8.817634648305182,-7.8048848886402595,-19.30195552345961,-11.49625269361227,-12.108429279771668,-11.432233834537737
-3.039998824860832,-0.0776175445188742,-2.1588762533186774,-1.2778110143082235,-3.2058139146159537,-0.720870329344496,-0.0673990580789958,-11.266771088260144,-6.9296278888679534,-7.438954752941991,-19.073382917489344,-11.433042952398026,-12.753577178141889,-10.828841693841644
0.5190293934355473,4.471583057992944,-1.5828425057646451,0.1097362028042034,0.2167216180607853,-0.2879874627500489,-0.7373664684769796,-8.426254112195497,-3.2363832646442274,-6.208006887294767,-17.088077987597615,-9.820447021940124,-12.016934318005466,-9.307580612975253
2.2958265293411197,5.946264465341454,-0.9056431690515234,1.661769378910546,4.127869382926823,-0.0671661984451722,-1.0975032683760704,-2.979297180344945,0.8436554906096578,-4.085645677604534,-13.242707539514305,-6.267471224785249,-9.850019033630048,-6.12378358741128
2.951177853754403,4.786011979064315,0.0041035809453369,2.443724257313078,5.824437802558263,0.1909691571793548,-1.3146758024801295,2.609582998345907,3.4211197590211544,-2.438425347286991,-9.255008374879534,-2.042937932599429,-7.38890901934743,-1.582112321062331
2.76079363293638,3.1358862784820185,1.1768381246853803,1.852683172168577,4.0071823063201695,-0.4001844893531658,-1.9848706208692943,5.201084682589702,3.3262135775615107,-2.9129744671630515,-7.345023808139228,0.7924035870278621,-5.80686985704947,2.5036304588400897
1.0320580832405504,-0.1584921199039086,2.3471614796380376,0.3414347547091747,-0.1167918695330829,-2.011808624028156,-3.362135043167557,3.1438430365471177,0.8373275451771516,-5.6190390514049575,-8.143534450782687,1.0381704838110846,-5.275006311071891,3.914901106713136
-0.2072663198273102,-1.927420428278624,3.0303799857232825,-0.734584211193761,-3.7052920335727775,-2.9868660721696623,-4.777551490096826,-2.309970203526168,-2.502055716238157,-8.482112590859415,-9.801255999335368,-0.6006253121177139,-4.971126742288339,2.0459365036579804
-1.0356827630570429,-1.880601592943205,2.9079057298028417,-0.2496221655290114,-4.415340560159351,-3.489855585994512,-4.913671560939696,-7.568058570905746,-4.792034281078875,-8.655386132220942,-9.352889762311849,-2.008713361139989,-3.983157144105091,-1.090078397062408
-2.2902049593545164,-2.777156705801304,2.138910061080203,1.4840189124815684,-2.113050569765541,-2.521892188506226,-2.861024389306918,-9.034600054938052,-4.823278666589923,-4.895685026195874,-5.334224322204108,-1.3623448316305955,-2.1661290930253045,-2.2150369587027026
-3.564356530450402,-3.898773876145409,1.1927399670884302,2.6013262238525723,1.121997990689373,0.3833364692974159,0.8808969574180878,-5.594364525920305,-2.686159705327817,1.199878229575022,0.6656436213816193,1.3246333501756826,-0.2064560175617202,0.3470592467860722
-3.943452980941293,-4.271191383655781,0.3118952204459795,0.9926686330628912,2.617031979431353,1.127882899213484,4.381282930889325,0.5962312806987082,0.3430170534387393,6.238112488099926,5.052653245670694,4.101783541450827,1.0257616589349965,4.874567319146664
-3.3401081621998183,-4.145679447448367,-0.7782624211233085,-3.894635829875949,1.0735340445898487,-0.1712519568326962,5.43032082316908,5.616726070658119,2.558572955803669,7.497328982853176,5.112727007160855,4.583037456739273,1.1652763926837633,7.453567962173707
-3.5605424906589045,-3.980578909553868,-2.4634933464566195,-10.22625433623546,-2.5642786380034157,-3.069871197368812,3.099037883019996,6.465144983288498,2.8224306617538417,4.7943867006011445,1.2637683917471456,1.9024111218572788,0.5250939842271194,5.400908534403152
-4.465351407216293,-3.65982295525493,-4.479536521326462,-14.703988316074378,-5.905428179869091,-8.584512161985009,-1.4613886765092516,2.954050834736016,1.226483218308687,0.359051662083246,-3.2626545730720693,-2.434493056976782,-0.2438628264124389,-0.1296825366929077
-4.535785757299794,-3.372152417953892,-5.696269855310749,-14.680163896515513,-6.898770716518023,-9.836676017900976,-5.633954173246281,-2.450516202252633,-1.0189800207189492,-2.968599083898635,-4.959570272575132,-5.536783896168871,-0.6115134586190756,-4.87649806461657
-4.039061730636824,-3.211028913123037,-4.933685020833575,-9.97911779947654,-5.24527188764322,-6.568029558380909,-6.978795670014183,-6.517159019278019,-2.4337082643611083,-3.668838002619815,-2.5658286579360805,-5.256855367847599,-0.4059255839652671,-5.059772141916135
-2.773447270399452,-2.7120915655502698,-2.19933383022644,-3.129624041731645,-2.4092304480824502,-2.3573794225109204,-4.766207581795175,-7.344698294696393,-2.273917469983342,-2.21044197546113,2.429709738098097,-1.846674066353696,0.2120949507614042,-0.6699307648201014
-0.4378006639942228,-1.9284944180416328,0.8917995130081735,2.18149178757438,-0.3194778261760476,4.4585160385360165,-0.3568123472547029,-5.233873818351931,-0.9684227740514793,-0.2357656179700846,7.342455204154913,2.154518702790874,0.8967037192165961,4.488631789442369
-0.8207903689051362,-2.79841725282302,2.126725627762543,3.403005131310909,0.1119002286498798,6.349295147565632,3.761978360022788,-2.0050836427976364,0.3157820671925186,0.8567500357161322,10.243809016635666,3.765855414360544,1.2858500493284666,5.988513358320546
-4.0962972423646,-5.425611986396594,0.3849614880576624,0.6256550589070748,-0.5684963936343337,2.495633640159048,5.542233119517452,0.4560600156694754,0.5967154766042881,0.8137399532794163,10.723350118385838,1.7682776115663756,1.1686121527813889,2.318326985421379
-6.5248910716636255,-6.964668128607907,-3.4560480341073223,-3.685569980299519,-1.2144307991787358,-1.0029314095992268,4.47368822185782,1.3244495886481928,-0.2416080302472849,0.3939981252042557,9.339215959717343,-2.42777132656731,0.6059660858210165,-4.236703145748194
-8.870597697921365,-7.728437336299282,-7.18534115284924,-6.484470509777601,-1.318367361379451,-6.023383363024967,1.594839936224396,1.0189305393770631,-1.4740089578157516,0.5229392474318857,6.836442496234728,-5.94261235467901,-0.0902365463546104,-9.794757371406142
-8.654432257897916,-6.75739417628377,-8.86243439334745,-6.154337611093048,-1.3953268813421076,-6.951794381391037,-1.3866514168770188,0.5647032919694581,-2.129565243916044,1.5062661348721846,4.022291921572833,-6.703050820798751,-0.5434771241781036,-11.886752030825434
-5.0151862343622815,-3.337167915912612,-7.983268998791335,-3.3236857351386213,-2.168922161755418,-2.60615280250683,-3.1231396266954903,0.7233095836772883,-1.6324975478158414,2.896358116504029,2.069834358644435,-4.9675397931486245,-0.5270004199537937,-10.675491135279913
-3.10729364366926,-1.9520808684019375,-5.402990895909774,-0.0265880736169137,-3.4505406497132114,0.9231978159844736,-3.1405577222587446,1.5053139038253782,-0.0570095417567237,4.014219465135721,2.357471067739393,-2.805020853316094,-0.0229795181683165,-7.816727164838426
-2.3093387751309606,-2.401300217388271,-2.390490236642968,1.9928292678257264,-3.954634085275245,5.173196682272565,-1.6982758695905815,2.352860415743116,2.049914032619295,4.599625044243172,5.495347337841736,-1.9831836757801824,0.891806114204865,-4.580710163098608
-1.1779673629352452,-2.7924153367127493,0.2081886356369366,2.463004905337847,-2.370491052956531,7.105545791557468,0.6451598801698353,2.78667840009112,4.033680491339233,4.9999832078934965,10.324073099018529,-2.203371436803668,2.154122168672341,-1.140426234823849
-0.6176155676924749,-4.042143090213421,2.134294956372944,2.431609308682198,1.2784189653146107,5.628673094982162,3.3134816004565657,2.940297679253149,5.427740381973326,5.747379922826813,14.106998877402724,-1.4089925694705414,3.65854832135398,2.624244458670578
1.2167039608084496,-3.729570489314404,3.4232222857950205,3.08345339984464,5.319593925801122,4.9093212013482095,5.711169800712629,3.4666312287294563,6.080346162893356,6.94334073313728,14.249389144459006,2.0102313673447263,5.120657224899567,6.072845087467002
4.432854624164329,-1.5878381593692332,4.162941294571876,4.595669548298872,7.548443028684941,3.971561005763364,7.168349574432845,4.8500342979435125,6.13335762184137,8.061289983918677,10.39005673559619,7.203894025800057,6.097897918177011,7.852033936915255
4.776082982386927,-0.9621247204208292,4.488913643691319,5.937926775456239,6.835961639127508,2.885837462799981,7.110456503800213,6.754527827265823,5.89060490200519,8.389177514679291,5.05107332819993,11.12502088001573,6.257083834958863,7.069286230313264
2.346308183123201,-1.4070886661014217,4.603831816640044,5.706641555510576,3.857436296898905,2.222336929188448,5.428097454301983,8.086918518999422,5.607499046237638,7.705076632080502,1.9970833764962488,11.054728446802532,5.666936215747075,4.347228308849203
0.9722230408758404,-1.8086545375648029,4.637452862469178,3.3027654332392,0.4132074444127873,1.1219143107583525,2.704952036263212,7.813518034095528,5.292057461803434,6.513115177522358,3.3737432468595525,7.110877319432732,4.796036510035531,1.576188715983475
-0.0845905758181941,-2.7249905838910164,4.481099012740262,-0.4476337531951007,-1.952498844278008,-0.2037838300631566,-0.0044963627528842,5.828087043354055,4.668157736993781,5.569461042765386,7.902018302074729,2.333931500580179,4.1613716613448455,0.4675829496372756
-0.3795734254009849,-2.5186646007424502,3.866390785618001,-3.7182037008043327,-2.8536376710366698,-0.0387942606398321,-1.7632055468084868,3.0839870842212296,3.396292073323018,5.146683967583699,11.717770398877596,0.1856455884465067,3.934160281219655,1.2162129711106164
0.7913354812608894,-1.0062287991847256,2.6952156651862875,-4.914557356697753,-2.9149242920586373,1.699254828873655,-2.2485129933835166,0.8879410457433374,1.4411707176548845,4.794486013857823,11.31181581215705,1.740573836153081,3.867439724771498,2.5175672600906163
-0.5765080378602175,-0.6296637961499447,1.2847935423548678,-3.8699218944741256,-2.974202026551918,2.9368106732058203,-1.7611986734227083,0.0163923024355394,-0.7122536978334294,3.878938939299699,6.249039666389853,5.078445336747105,3.599599828754695,2.896256296293511
-4.402922530420334,-1.1016905031260025,0.2084415261389529,-2.0809751683840902,-3.43397116096419,3.9988862220552415,-0.8043193092899674,0.3988116216011947,-2.247930434503877,2.360739187357493,-0.499909911324548,7.229856471291607,3.0321201671271387,2.048693376411499
-4.628914326424533,-1.7143703517489797,-0.1758082232472881,-1.6596593008869274,-4.16974829766195,4.168947513745948,0.3190316748123081,1.4873830841966464,-2.546673408938915,0.9652710059903536,-4.816980069983033,6.700505821157884,2.43813741465746,0.935966963281831
-1.6769507551693277,-2.90810132516594,-0.0493386730741089,-3.651495583820438,-4.793379624163126,2.9802756070055083,1.521757658996739,2.797297701464445,-1.6544316199492712,0.4916211129720693,-4.428136074933397,4.338771605270593,2.232714599514246,0.653019639388563
1.7654141217047807,-3.223797780863961,0.0455981910049505,-7.004438985431706,-4.885198481452887,2.5480042533353147,2.648739978019371,4.076076615755401,-0.2875529323243651,0.9366741099549394,-0.3499229974141142,2.125494412452344,2.6330875126206816,1.3249282860097225
6.885261936911053,-2.55048904589098,-0.2657101064443541,-9.138036644266837,-4.101513480564019,2.6374562592697792,3.2965273292643467,5.073561443535926,0.6471057167395848,1.373306611051234,4.076273197185939,1.356149824991002,3.4909241336260823,2.169918051928132
8.449849670483202,-0.9272759148270482,-0.8438390522732817,-7.855775211784429,-2.331624887749591,1.7326836145042026,2.9909405054524143,5.326747505973843,0.6243476303873763,0.7867980039001736,5.563815386969363,1.8731146888987524,4.398144167518549,2.5579377420284715
5.82366989582912,2.0944658449546973,-1.2206260352305591,-3.1743206250813323,0.0542595762055064,0.1161272856763571,1.5564217302271215,4.3123569631420615,-0.2695984235250961,-0.9260120295784872,2.880840006279953,2.6675069343228444,4.961855995594142,2.817866387482788
5.353730371736611,4.801834768748768,-1.0955611663677978,2.447903777952422,2.16006347990011,-2.02099095072898,-0.6900913761769374,1.895967459882204,-1.5247202745241957,-2.7881740336552028,-2.6811869566841797,2.9069177705458955,5.060242680659947,3.8683514180616783
5.916476646393503,7.268512240346517,-0.5884891867790074,5.80368329016385,3.0219781363015343,-4.934278463016685,-3.0790102001820827,-1.3209665974891005,-2.529903376720739,-3.569821532914151,-8.311911451563738,2.4098168334243937,4.933631695776434,6.079641433232712
5.402876790182577,7.583720400597327,0.0099648671097583,5.295107026016879,2.381400133907462,-5.283419814690612,-4.892888631750626,-4.110355111933089,-2.768141253928753,-2.802554777433436,-11.323054291325242,1.4470063247713585,5.04582256172602,8.621924688551324
4.707641477716967,5.132567578401457,0.6364834680160101,2.076155085091166,1.0766880913297,-2.8036976441408368,-5.603258730122008,-5.21025654780432,-1.924700478439036,-1.0607966518068466,-10.535078263248124,0.3834614658134399,5.744460339583171,10.009984883685789
2.3905408966073094,3.6745792626741625,1.4537401919413568,-0.9701121028975024,0.5040777753430419,-0.2234282406131981,-5.0091959909901504,-4.07660057995669,-0.0893096680989344,0.6129972732436002,-6.825822249403956,-0.4659827358065698,6.876628635880252,9.28025265357148
-1.8301505687327115,2.713002287109477,2.398157531142658,-1.595396113832095,1.4380933565582268,3.2535227505474515,-3.368409362332464,-1.3216151205840916,2.015394431821377,1.47113165031665,-2.6165493718429857,-0.864449325788577,7.632844188277474,6.646022006852647
-3.5536094683971937,1.4198399295375534,2.860452777568568,0.0684555646621589,3.2522075117078018,4.008994627448812,-1.4637838908000376,1.5031297922578375,3.1553431655919297,1.3536653086186377,-0.4912432268233573,-0.7817280789037682,6.869237608507063,3.1246030418426898
-2.85069668821164,0.4536975149892737,2.0534381189244613,1.825348606196464,4.374633918272693,1.370868356500963,-0.366549085732764,2.7444885880548497,2.2857475342635496,0.4925166540777468,-1.6484223278985295,-0.5400940495328683,3.877083787640317,-0.3141718450278006
-3.2890609544012506,-2.719461903371115,-0.149982037608332,1.464407377824159,3.682894869901453,-1.1019678251547516,-0.8168009125715443,1.6392010920319038,-0.5510957576017148,-0.7388500345688414,-5.15979873509896,-0.683582521174749,-0.8582700143567124,-3.2115971746785164
-4.053832244759393,-8.240144897435824,-2.7958883205535727,-1.2821182451660604,1.5529612718373969,-4.405647594760637,-2.5969515093194246,-1.1863528853843943,-3.948608651423946,-1.8779841897487088,-8.635949502870758,-1.5161081642617944,-5.58128992120718,-5.435952448890561
-3.986082430990019,-9.35717879910182,-4.449901190037586,-4.578973165796683,-0.4862523357167774,-5.6311244108338085,-4.502065125933321,-4.079533602910331,-5.933368426116601,-2.40398241253466,-9.92319744279412,-2.6917636649745305,-8.191292448524344,-6.803882318379088
-3.5065991202506903,-6.136888976780472,-4.375023202226053,-6.177368875001832,-1.190144020976291,-4.078905157171877,-5.11995909512747,-5.364857220862497,-5.332823756475122,-1.976404558251339,-8.599775368880458,-3.3230427296263088,-7.671454802381184,-7.028870308905908
-2.4285852043703766,-2.157446761326445,-3.15193662509698,-5.334725006859571,-0.6961833028694571,-2.713253737731914,-3.8829577534682183,-4.309282592806895,-2.580981982272704,-0.7490666977366729,-6.115331656779503,-2.626300894314653,-4.915029897810285,-6.027769784345864
-0.6099661283501912,4.063843931344324,-2.096861393697821,-3.2210835364978863,-0.1668484244154342,-0.6694920319663319,-1.4968007875197031,-1.4350589740762558,0.7430760259628784,0.6158974423607049,-4.491998440770345,-0.5868028630691242,-2.1414008158869398,-4.2120777590388485
-1.3802518394129195,5.833527863414666,-2.049154292997088,-1.5826169807117196,-0.3845428046258092,0.1540978062732069,0.6644258586555907,1.9154337549628624,3.209734096720652,1.357855009308409,-4.707698281264342,1.927002846718864,-1.2452565889301042,-2.4491242296489872
-4.968039641991117,2.30069773207402,-2.7438889474959325,-1.0977667244684284,-0.8490693019781759,-0.744719962957262,1.6768583057150153,4.350821060218038,4.4890078064191385,1.1146908786869003,-6.11945734093112,3.677319594622702,-2.4456351915084724,-1.7006498904321177
-6.03581218329068,0.7436327344059999,-3.33493052853143,-1.039868511453463,-0.4226193054733329,-0.9540962472730152,1.7029052536117035,5.04411371282616,5.1787740966756814,0.0725101978897839,-7.313042438189058,3.759887711411011,-4.411247814484781,-2.5495234363903023
-5.092723452602368,-0.3846894762068766,-3.3873258539093456,-0.4309118856596257,1.1403957358034376,-1.005357240364467,1.6188377476114226,3.986981251932207,5.866720834572504,-1.2785193209446677,-7.461617379582876,2.0257551440828507,-5.673537684373713,-4.820728162014049
-2.45882922751309,0.3767251437370297,-3.187498551891224,0.6798396436103502,2.522906900190506,-0.5466450906233811,2.0759649612340354,1.9603754298718168,6.4812843709292025,-2.436315028983984,-6.879502574818815,-0.8674940927884904,-5.896022357425025,-7.4567647129133405
3.0304541550940174,4.300070124741202,-3.0439071378434903,1.2526053392120389,1.9841661312487844,0.8092132299573354,2.948752219552304,0.2866118195735367,6.563373297455513,-2.9528156097522498,-6.342541985027822,-3.6093168562073856,-5.774681248034312,-8.809803934671294
5.981603238784314,6.219970653832749,-2.463803052527311,0.5945042254018915,-0.6928884152409012,1.3681532918984134,3.674138685220896,0.2919607409698415,6.040688369397515,-2.4067490345155,-6.019209798018267,-4.571217378411404,-5.845856108807155,-7.424037739801918
6.390382973919107,6.669310577937237,-0.3321899896257889,-0.4699049422659129,-3.499871064710703,1.2509579843238534,4.040689251011997,2.513870835138832,5.539689937636084,-0.5995275614445745,-5.225031492459252,-2.4955772830559084,-5.682203724582308,-3.0555641648335268
7.790871275529264,7.573599991255716,3.846215240908649,0.0082241845412482,-3.724898090070127,0.9286321942734246,4.515016958065914,6.07359546540647,5.794690043007222,2.0314709996601863,-3.2972164078024946,2.551332647935069,-4.4874571306122135,2.727142608128148
9.083838421354226,8.043372988821767,8.849991339006678,3.3119422660142988,-0.4468722170786208,0.0607696913612114,5.683841839844803,8.855645826377256,6.730567392770666,4.240699821242764,-0.6373283602661246,8.63715640261988,-2.418347066218473,7.065250339827571
11.42031088953236,9.245306921668062,12.098242436897683,8.537058071209259,4.381593558455904,-0.3783692571024641,7.359435856158413,8.713062122405944,7.210124786195408,4.47943662258713,1.2886832988540675,12.63663392355292,-0.9716716824434216,7.520941928967723
15.283784696257191,11.357269520571457,11.476351009703755,12.920397209722664,7.435139152860067,-0.3448637033343672,8.343754101560641,5.01491666559339,5.819509218202619,1.9084222963646624,1.1587032591476645,12.08664053750789,-1.7139017697670766,3.9788385406851177
15.00539174506688,11.571903223094592,7.159766007566205,13.944730776521936,6.833579902180986,-0.207549096550043,7.279715719871127,-0.7005962290434411,2.0447719919754377,-2.855622266881049,-0.9155459456921236,6.980889920291887,-4.571395658792071,-0.8632254086390105
10.549949993629784,9.988298538982702,1.764496377109623,11.458350404728408,3.7181655824438025,0.27851001345757,3.941330910452521,-5.681741087003793,-3.191432694018438,-7.963836318089221,-3.3397342508976493,-0.0383520178256162,-7.642136692922058,-3.279768221376564
7.125137347462088,9.37764005494324,-1.4728437102151872,7.921182498569003,1.155125407325535,0.4881756659323557,-0.2188186595347332,-7.903902027200196,-8.067400722062011,-11.457679213299675,-4.3984996531655085,-5.455108791898162,-9.015304718031771,-1.557276187337358
3.677711030713892,9.301741672793336,-1.044613141355306,6.483191916171947,1.4087949068884953,0.3952714313378029,-2.882250036052092,-7.417982220174693,-10.965581569147382,-12.437623122377545,-3.805107177734243,-7.271748544090322,-8.835103130763393,2.2484397376869936
3.4598520295085216,9.895739973668768,1.8864320711866327,8.488319428591161,4.080614319166017,0.4775137945272611,-2.476156115969637,-5.972103344772542,-11.266126406112631,-11.396027658086709,-2.9643828603555704,-6.081760381848625,-9.309010630315036,3.7838247825480025
7.665974454272651,11.706160685412396,4.6709541543459,12.49078377035191,6.711720216579522,0.6049142155135447,0.6867986257650287,-5.318070187980396,-9.403426610274202,-9.573180684016307,-3.638439761385591,-4.067200849183628,-12.328734416024323,0.3255182275743635
8.586218233366381,11.056826958793446,5.361603276922565,15.541264816299533,7.129254067578657,0.8969993614121388,4.612408098905107,-5.8046771644777735,-6.44080833701674,-7.996834573062316,-6.198108966832862,-3.007168910588348,-16.949738524593158,-6.192461443508428
6.97276296174779,7.898827118016271,4.01518188203638,15.563582160662444,5.295570456217355,1.4248433685654016,6.934837189446036,-6.502845874933826,-3.62107258391039,-6.977938249673855,-9.063564880435392,-3.1112160820178225,-19.428322589514814,-10.139810339067278
5.079497709503992,6.297794873988616,2.163194518253377,12.808410054719385,3.0516854884058127,1.2676943379733012,6.285392920479353,-6.544111469429204,-2.025393278145941,-6.254092634202848,-9.87845692676416,-3.482484935637899,-16.16908331796764,-6.814847127053067
1.4579236520224546,5.637423111291155,1.2051961598869545,9.309487725086504,2.202058877010824,0.398889718433552,2.821492068932548,-6.173213940227473,-2.184815107956915,-5.378513084999106,-7.3885875282764975,-3.386027869183991,-7.016099776950151,3.190355962664164
-0.1111843890896348,6.19288873383324,1.3077473992008093,7.0343709060313655,2.863382813029069,-0.4297450372482079,-2.1658310569296706,-6.413231126738581,-3.671934212573321,-3.932547662429237,-2.3560813448194207,-2.899499732404312,4.238816119942972,13.97830989352035
0.602554587261659,8.780133368964547,1.6601441182584322,6.419296987033088,3.575268382190266,-1.4112482235734898,-6.996792398000063,-7.755998047935929,-5.08101465589114,-1.572669777441566,3.2590626844198383,-2.43194425526761,12.767261087617657,18.988798053264937
1.499410074128658,8.704242711272013,1.5281557865617454,6.422224098442475,2.887576213804101,-1.5283447968471924,-10.1726360825542,-9.32121903478988,-4.752417453118142,1.8237266878429903,8.005873729391663,-1.9054073705614627,16.476793584576136,16.277203939449535
3.489413972928439,5.996222394363892,0.9094423658266244,5.786924301516315,0.7831781815685908,-0.5765836601902201,-10.714547584409402,-9.423109312455942,-1.9479861541541723,5.894247305703576,11.89002462235766,-0.6864399449260041,17.260857849867875,9.752850166447814
4.840804115396677,3.5263757888343177,0.2562641666164182,4.240409228992249,-1.3961871111699224,-0.0280654182817959,-8.478265866420045,-7.034357627777105,2.4322967483699145,9.756331702277263,15.709639540435225,1.602406803412535,18.695186535095477,5.426648670498203
5.315477629583518,0.3273355766752897,-0.1835703492374207,2.6003511792760747,-2.3025667907899106,0.3589950066258515,-4.418637424192717,-2.763266264293364,6.319104312274305,12.456345629398385,19.56246073569846,4.332363544772015,22.42496215331728,6.24650994789323
4.866423127296015,-1.1918691795039935,-0.5635177019300173,1.84757573247758,-1.7888536056279918,0.1672400191338703,-0.4369077566827855,1.521596659184766,7.882469348009572,13.611209316630692,22.16495975520214,6.107699168487947,26.592318901915107,10.127196074753355
2.9086982767167053,-0.5277728754915221,-1.0304981286645116,2.089699652881798,-0.8243189094893282,-0.9122576574026054,1.45678090179387,4.008633317125643,6.776415513242895,13.60783809945456,21.81505760294252,5.854803282497024,27.634575406492928,12.521010103336977
2.6119156024475387,-0.9803591521543532,-1.3521543762931714,2.334737899042324,-0.351228391771258,-1.3062283806417636,0.3288667856469089,4.053439575833792,4.23208878073973,13.09623845690087,18.14213856215352,3.6997229631782034,23.652604419368743,10.688267590616803
3.944565612211026,-1.97035634671903,-1.1464226403794413,1.2465708036861116,-0.3583155940618354,-1.1349695133041828,-3.001225549832455,2.3148565132062657,2.0134630490981067,12.26670073189193,12.916738507228215,0.7936215134562303,16.24638668479676,5.697003936858522
2.819877053895207,-3.6089717101632446,-0.4854660198883636,-1.7533175436621633,-0.1243594333560338,-0.513329487983562,-6.455310197260403,0.0770256802110367,1.167535356924617,10.6860298249064,9.030192866375344,-1.663701313657313,9.293929326559876,0.8053903411503427
-0.3378632463232075,-6.480537134819661,-0.1140759660428045,-5.925740564319611,0.7019071329754638,0.9057224847894288,-8.12480520649072,-1.5481167342493904,1.516907657502145,7.89438281989473,8.460004032296808,-3.2091483946367703,5.935406461233356,-1.666808938965744
-5.521018948758245,-8.709591834985481,-0.8933956123825197,-9.637796023612026,1.4211675708742175,1.4007444792085402,-7.555704854627109,-2.0265248078456324,2.0804097929710963,4.130344794284099,10.941830906761822,-4.071859970207072,6.412236626018483,-1.9231085574611768
-13.635570234899063,-10.440928856420298,-2.945708143662884,-11.432090057664452,0.833532686306981,0.954693307268523,-5.840078746917683,-1.3876865866622552,1.8886471392967223,0.3873510576662795,14.37334958147379,-4.613353665915042,8.355506225082436,-1.7098306398040537
-15.685877001047183,-10.775747215790853,-5.364378017175696,-10.902893798606584,-1.4429312544425272,1.0751766979408346,-4.447471772088605,-0.0287393224809591,0.5697283260770689,-2.2965029118082896,16.46176650870254,-4.9990965043989775,8.899644509507795,-2.3115645123506425
-11.241053992068244,-9.204483254104266,-6.836056396040931,-8.741269332439998,-4.212384109253435,1.4403483544553304,-3.8396519262788047,1.4791107318568493,-1.5358042093711362,-3.6099051458912186,16.233590606233975,-5.355263598609753,6.694716521176616,-3.6240406835331953
-8.290694992535279,-7.111831237578972,-6.648978157123906,-6.060226288964429,-5.389152489055675,3.4162614019726387,-3.1356683726632184,2.5417598081012898,-3.6317077124185175,-4.056729440535605,14.387455506883612,-5.9658019117468655,2.4032779158748667,-4.823906055900665
-4.927712876487696,-4.104034050062798,-5.211600149743589,-3.721610385710648,-3.679967028508656,7.382421094512921,-1.1566849420128733,2.679561700295324,-4.913128406275575,-4.345713499939933,12.5115278680249,-7.060818604557085,-2.2564465250734145,-5.453840642226538
-4.456030930318722,-3.834755349133534,-3.673500326667437,-2.2566702217545185,0.1717416063792427,8.149307986676952,2.117844812578369,1.6796788944139678,-5.025910063404695,-4.747376371497694,11.933325446919524,-8.396495319528697,-5.845482879346747,-5.663678586352944
-8.35119358202762,-6.820792273617237,-3.026203082206649,-2.217300088127928,3.70475249254045,5.767896057799415,5.106003979011376,-0.2347266963137144,-4.289822314699393,-5.022076688159018,12.987349292337086,-9.232409533496169,-7.921589322779596,-5.62768886299898
-6.816231355151096,-10.43310601900968,-3.435938106416557,-4.245191504414237,4.4414669314247135,1.8845106328565948,5.742617643823337,-2.30376992611599,-3.4605472251417666,-4.861611736776752,15.027982034070618,-8.897595553451936,-8.880102001406016,-5.127350116495165
-0.5240814376523374,-15.7034321777395,-4.2724714973907965,-8.473092057582932,1.639453177677524,-4.74174218663947,3.259028285116017,-3.391815743412224,-3.117204238599328,-4.285103089092047,17.004009385396643,-7.390709904120371,-9.305229972236532,-3.903709994869189
1.2735697335871268,-17.95868116028713,-4.692177606693747,-13.795652134016253,-3.2501338870285394,-7.199183466837885,-0.9659481112471155,-2.545254647672209,-3.170135427549866,-3.5860899265105672,18.100148120584976,-5.349905323213932,-9.422550273896434,-2.2892806054123582
-0.0768845821901899,-16.591986093004667,-4.246625589887486,-18.004338872850468,-7.688726885552711,-5.019579861375355,-4.3068557731253065,0.2650243746613796,-3.0034847020263555,-2.988555191964622,17.962449173084394,-3.4425300188584917,-9.060817275186736,-1.2292175230038822
-5.9168434139238055,-14.88873159130234,-3.07991362996961,-19.09467647886467,-9.785820579337525,-3.076092874483019,-4.8141264452559085,3.805856745219387,-2.2112881188656104,-2.474092952589274,16.397424459475673,-1.9080138489827332,-8.117889346287,-1.548429148629339
-18.24471793040325,-11.576529055642744,-1.6829971214853288,-16.795449814757347,-9.361812383389037,0.2799966513176628,-2.5306876012454325,6.16786296297127,-1.2265866831062624,-1.982212897847461,12.964815670396234,-0.7656262214387937,-7.079849260495337,-3.2542214292421363
-22.370559089308053,-10.279762736763356,-0.5070099960641699,-12.884475675285302,-7.698677978728568,0.868350033349246,0.8429750270786087,6.083527448847264,-1.1099333852899915,-1.6978226064643138,7.077000229835619,-0.3059810633328652,-6.988707687069905,-5.636386475262697
-18.236712425469577,-11.540218678000452,0.2433440530568873,-9.834685686206484,-6.381542236032544,-2.1475326612306933,3.489256014198702,3.985121934231188,-2.5364837025013856,-2.000960796532865,-1.2604312336777357,-1.0498800085964604,-8.669136611122951,-7.996033563941296
-13.184206829998535,-12.45411377217688,0.5576812937232773,-8.928554187772761,-6.207294604336624,-4.416045346135968,4.781606384311914,1.7723334795947494,-4.898830383087812,-3.0369665130355656,-10.745600703884122,-3.0103288224457003,-11.799196851378923,-10.150422016289951
-3.90372085625797,-13.99051886794548,0.4596734881691589,-9.563604851177049,-6.891373244145626,-7.064082219668924,5.306158519872156,1.2675468633701144,-6.508746110300223,-4.3511692526937225,-19.06451344893162,-5.1258798878049845,-14.796419721585067,-12.228362492531716
-2.2731266423041125,-15.091791358244508,-0.0864141079377986,-10.340037940557435,-7.58269136591133,-7.950980789729091,5.827713207625436,2.591524581165629,-5.92316229117489,-5.067906109630656,-24.337774688188603,-5.828320424754793,-15.908721669052824,-14.188296204463342
-9.68585093885335,-15.411486958515164,-1.156071758710226,-10.733687491202376,-7.627948256440419,-6.315933431468281,6.348919679722542,3.959063700551951,-3.29041343936197,-4.582568892721326,-26.669226414503072,-4.528027995101724,-14.723864609185853,-15.776570336714087
-16.731330770931304,-16.719705404079857,-2.777069467778261,-11.550245300546408,-6.986801981461269,-4.834580204810803,6.155058748214344,3.234039026929622,-0.432952076878621,-3.1715734740960784,-28.294025698763875,-2.547296073673408,-12.69344623593139,-16.957550957286628
-26.41795069985115,-18.748716680328368,-4.80507410422652,-13.643028305033368,-6.086011197273791,-2.7992924535558377,4.679999500032608,-0.0419684720730231,0.5564115599897832,-1.8981328289259096,-31.846472085011925,-2.230002430993693,-12.000021183877152,-18.10372737362134
-29.196314146375105,-18.74308643551651,-6.78885818924816,-16.289989581042605,-5.344444315717496,-1.3236070601225634,2.2522107583867097,-3.985067208824717,-0.9527670203977864,-1.7893355081483122,-37.991011061945926,-4.700436948581057,-13.621029075129512,-19.47578293740628
-23.221487670475312,-16.747491720829572,-7.948159526104433,-17.15020144452035,-4.788467534299883,-0.834707840555108,-0.0255100808631993,-5.764560017707851,-3.598322059702369,-2.942542729982847,-44.46826899049199,-8.345432238882864,-16.301504420242054,-20.52470054854884
-17.437826730423083,-13.86593887600698,-7.44318423923508,-14.173357611396526,-4.046011603136378,0.4101213860189583,-1.1300898970902296,-3.909576307267301,-5.178082740090673,-4.3409846864039565,-47.57176868692551,-9.75449282101097,-17.42687655968936,-20.023606540249176
-9.171292665669068,-9.45168202489691,-4.926473381573686,-7.718390181462141,-2.700789606208801,2.0665656874815594,-0.8988565422339008,0.4629891143083,-4.440928121334437,-4.582338910898784,-44.97279474114245,-6.609852147932742,-15.10820105625605,-17.204374669357293
-4.524338634998951,-5.741736152473841,-1.0139426778087852,-0.6743854743676323,-0.7141356194861004,2.894337031479827,-0.0575966105014345,4.5350937122549695,-1.921751878911131,-2.951201809762118,-37.53750377047289,0.0280597128198394,-9.721283898697322,-12.785103829454094
-5.026137238838545,-2.9094888900623306,2.82184986131778,3.789202973628591,1.43546091858466,3.0389882666585173,0.4574071920163263,5.97104778360081,0.8197845930065526,0.0165214519729133,-28.58570847984663,6.305687678161334,-3.6490027472486304,-8.61724580138008
-3.3302410168985226,1.8107778575923243,5.05627519327442,4.834761356029084,3.034417209922875,2.519743231813788,0.2273938107148581,4.534520896002229,2.6855443645659403,2.8929963582090874,-21.27914100286308,8.720371476517572,0.4713599529495447,-6.07196509922877
-1.1427756173862935,8.006595864362826,5.094014613598954,4.440522418726284,3.629178434043612,1.0575629264951871,-0.4856400406165835,1.9166293893478497,3.785928289833636,4.309580351163637,-16.469618267721717,7.041001541100231,1.528171864088477,-4.76905000513528
1.776880803040359,11.920181438304011,3.639413431139971,5.280306125554233,3.3281685114049324,-0.2598268972345441,-1.1699165592721208,0.1555798126878613,4.850882676471574,3.753091181294749,-12.827574001166086,4.316169280331735,0.4266693163749515,-3.064428691727468
6.472502169440557,13.697955330998653,2.1213250332444886,8.07310304643407,2.6561726172417863,-1.4675178970592178,-1.5849832398574364,0.0916657455723424,6.100559682107509,1.694411323809014,-8.868353923112615,3.972659691529607,-0.854735980076299,0.123664121050659
8.642999443479194,13.40758211709767,1.647535912872982,10.992940527493204,2.1094969160121195,-2.891181605009586,-1.869226433947972,1.017981969555393,6.860075261362866,-0.8565263741566298,-4.702089919818718,6.747442058197379,-0.7023383737136726,4.092926392689307
8.430022962537855,10.065618554310328,2.3537280171529176,11.66633617380704,1.83843568640134,-4.291826457728382,-2.2077716324078978,1.5373291745814015,6.334821970967781,-2.8800003146079405,-1.719772922090698,10.314276428502666,1.3093471942194554,7.126599127808959
8.72509263061566,9.198584782738315,3.611612359158414,9.715916532506183,1.7372335076801448,-4.013325030262081,-2.483873484200501,0.7501688111209717,4.687206747765259,-3.606444856030976,-0.6213803996294018,11.830922908054587,4.608955675403678,8.48956243937431
8.747170320058006,10.840174833741075,4.768890290299936,7.300056059945547,1.7853604729050403,-1.841946657296408,-2.3140198087532724,-1.110670561196315,3.203713822276768,-2.5894413389800377,-0.0021270856430533,10.815403094513355,8.36789271248523,9.458769329534276
12.20872436257584,13.517983430755692,5.67369447261504,7.108343164015906,2.2044640641824174,0.3458724633239833,-1.4274356123143548,-2.892408606093824,3.2612759293765805,0.1303547626876309,2.7491746259097454,9.50682457997462,12.015753704380074,12.129854919471056
19.864700884675944,18.60592211232517,6.544318858953147,9.761175710094337,3.202170966675965,2.9548129102714027,0.0230685207101544,-3.307828358056554,5.043077149118346,3.772373505202495,8.846652336574152,10.402428563450258,15.169537458468795,17.116926268728093
24.195371564079423,21.21138263036531,7.424361337007326,13.107219118950866,4.56665439115244,4.509126134685609,1.5573512600981303,-1.7890644184479356,7.264360661969363,6.877702812606344,16.32974797854547,13.474363599776268,17.295023291063217,22.54829856301751
25.863583867285584,21.20254218892129,7.855761420786621,14.093276389648622,5.617907881319127,4.570763312295615,2.7703677423828594,1.0733297805386997,8.237823518437438,8.022369445239633,21.11512971853523,15.904448343705155,17.710238782324666,25.532931709703348
23.159244035900095,18.954506847960687,7.17406438817892,11.51667945128446,5.699952978959175,5.4292484297747015,3.616279857838492,3.812825887195686,7.345357632152741,6.880423575381428,20.2775201867446,14.724774342036994,16.152439781447015,24.776866460103463
14.20804669486142,13.12037547395536,5.221049741167235,7.229055965487362,4.813029665351394,6.674732329532722,4.286278868305146,5.021923813288197,5.5860369409510895,4.74139225968122,14.741239768494836,9.892762885701302,13.42241763642852,21.839635569588157
11.986419483523008,10.83112825635167,2.827202239939652,4.766608861938039,3.7500325862789614,7.136277194251442,4.842705318969195,4.3701999685494,4.702870498501909,3.7920757499504703,8.897959171123489,4.815756707835192,11.313943861882136,19.830171531601597
16.311474339397645,12.151827153335184,1.5246724117781696,6.55624264544781,3.515173120489976,7.082206402491438,5.052955193428943,2.9054781488219987,5.661330075332103,5.486008270770356,7.320680992224993,3.659342366170108,11.539920729421851,20.769817782760697
23.01055049981689,15.61095045094443,2.554088297743192,11.94489085462044,4.4838596279256535,6.854395586423745,4.661562507858093,2.2621061556809536,7.805918799037045,9.255516650219874,11.293363527482596,7.751757037595325,14.32192875376461,23.988558120646644
35.106567606669095,23.034100498461555,5.854505001013081,17.565522433557476,6.045539126674157,6.293491338258417,3.836508724199007,3.3034885759622057,9.39744507610976,12.713917824283271,18.01933766459501,14.273328435939447,17.83754618297496,26.805705791938863
36.846723888484526,24.182924291409886,9.851600029388464,19.720377217394912,7.05940613306052,5.437088214984915,3.2552901993856267,5.323674327471963,9.031174443224929,13.323170270789092,23.039095313184816,18.407146398562645,19.222346603276375,26.65926453496286
27.15380418049097,18.63465872254009,12.312513454026885,16.96370884059229,6.738334873345934,4.306490884753683,3.584764575061854,6.558278234204295,6.730364511635571,10.266383443507266,23.713858478223187,17.091783723693197,16.586476926311548,22.80946606493478
16.392918291920317,11.484222671703458,11.713070812256092,10.975366643159989,5.217282712272208,2.124322098102441,4.731614792218807,5.637256667465408,3.8590560287925655,5.068411441012813,20.924005359076432,11.190772941974728,10.55061685496264,16.474983185324845
0.7332758898538795,0.2246373075322807,8.141268121400685,5.143134821192007,3.368547887983823,-1.1740601332142009,5.593285870886689,2.7515029740342243,2.0122482515156435,0.516526498129906,17.834823827095192,4.396459323331214,4.01410886849294,9.740656774301216
-4.999717089095655,-2.640189877060735,3.1294720733486656,2.029729836724414,2.0839840357881485,-2.5638820374372,4.711419366662881,-0.4631701417147269,1.824831195016145,-1.234386589700193,17.057729380081696,0.0645752285720391,0.1996585779737643,4.352151707988583
1.395416036443769,4.157851351861177,-1.3517975263031303,1.745394612374298,1.6622777371704842,-1.9879239416394168,1.4383839721220966,-2.204998379206927,2.602608641199481,0.0588835850226132,18.65908125121655,-1.1750999164955829,0.4330999134513149,1.149185906894445
5.493991203958145,9.547847658649514,-3.927420706499333,2.468061352638074,1.7854623284104036,-1.442608698870895,-3.325119116733049,-1.850303085447763,2.9626509582730023,2.8850172350531693,20.477740538018907,-1.1425053423388365,3.39197441529393,0.1048241151861475
11.052629144286596,16.508467282698817,-4.232406526381283,2.51412012564765,2.0188796009324506,-0.2546091523092085,-7.522971814618586,-0.2930524547100503,1.9185305814598903,5.2197160527694,20.16897454607124,-1.80366651652912,6.370806924950102,0.5816423904595922
11.085825854434798,16.860035441524374,-2.7066958844104647,2.0049627597570634,2.312520874485472,0.0988096490888067,-9.266270691076445,0.8686518920968638,-0.4078367549928998,5.758697889597329,17.0996220147631,-3.309478884082637,7.4211797097214,1.5992108579091564
3.0688258085053235,8.40977423379094,-0.2165748297124992,2.552837692669641,3.0060261904653203,-0.7082232395553008,-8.087714128398488,0.5262180676348862,-2.928873939087396,4.299422472398419,12.622956633000626,-4.174803402253133,6.529330713094964,2.1567771036741874
-1.0879070797197363,4.753241715516804,2.1793804278414086,5.26301280453265,4.317032594268483,-0.5175430430348332,-5.147066179904812,-1.2903743969289394,-4.4357575151128685,1.3361918175027654,8.797885426254084,-3.208139146481414,4.962928986625116,1.60402574802481
-3.386636024134728,3.879929752625485,3.412522415177364,9.029343846838628,5.817821509859641,0.323390859405618,-2.2533145224957707,-3.628780218836482,-4.484165904633755,-2.3925726898181665,6.859361515248111,-1.1214845858205535,3.665565801911271,-0.1344744903760784
-5.26763827997706,2.2743001891457424,2.757960843649016,10.94031696830757,6.485999246115398,0.3030384599950719,-0.5246175747211055,-5.31248811917817,-3.630356266741956,-5.879690420993029,6.693837478920159,-0.1349194840950076,2.4102510172947404,-2.658693633592975
-4.793570122418536,2.143721362205095,0.272654575075876,8.6424079260089,5.420335172439081,-0.3414695971066013,0.238177004164072,-5.530671905881263,-2.829500480066031,-7.650848878446254,7.454434961084871,-1.9056187365551975,0.5035737300649998,-5.417642375855394
-7.266128861468158,-2.7536120527315355,-3.0965301238890106,2.5532335831031787,2.6454706461621527,-1.0250774096576176,1.026862407546787,-4.048386594664294,-2.5176765743826763,-6.168141743034425,8.416202454747236,-5.790911475156918,-1.895727179599021,-7.949593440484023
-12.622536239232092,-12.880663123155268,-6.007409449916167,-4.197157885271508,-0.7614099127516738,-1.99264689425484,2.484944405248598,-1.1691214681035262,-2.223950416252819,-1.0331749140127613,9.178561341515774,-9.183401836439089,-3.4846680567554813,-9.860289965388349
-14.442061148572488,-16.861843978688317,-7.548020065348396,-8.178451216422218,-3.431943461257333,-1.940481489202457,4.168300379729317,2.3355054461749205,-1.128088935402502,5.95105689418051,9.240617827302913,-9.699258830598296,-3.075943940880961,-10.714285169823256
-13.427260018891936,-15.441048374426822,-7.743775876314089,-8.315472030623141,-4.723179872307696,-0.6988886365408189,4.849078740767709,5.336893447925036,0.9132456550056532,11.202595095944616,7.756295342494127,-7.239218939145303,-1.1534931280516505,-10.169018338795697
-11.060397201150629,-14.37950699796656,-7.330060676384164,-6.4433645292238,-5.059847551655025,-0.4486111009637005,3.603824919988824,6.679438891024688,2.8754467561522006,11.518467392489356,4.049716345042725,-4.056098067722701,0.0458790569907705,-8.394011364080143
-6.089320881558273,-11.522264691719988,-7.026312982484342,-5.374880472640029,-5.287589247395658,-0.9626045565936284,0.7535098968579632,5.750881323002204,3.1916935249282687,6.473988977055569,-1.5188585892753963,-2.820012283251572,-1.704552901320426,-6.360059949199922
-4.911712585848377,-11.419627436741258,-6.972948465693662,-6.357583799968779,-5.698754842831136,-1.8966822543800104,-2.1724709578516013,2.953227774200286,1.027129870202998,-1.0496934906798288,-7.362015732474106,-4.478202598921484,-6.5579821911475165,-5.500570372917309
-7.920393509200566,-14.962523823323838,-6.790725287857754,-8.227667926855247,-5.736856158121213,-3.6903315824387297,-3.4756792950040563,-0.3996039082802554,-2.941872486842726,-6.932069221851407,-11.628136875879704,-7.76819522018468,-12.214679469167322,-6.771006791485206
-9.21141338480334,-13.13860175552033,-6.115864941483324,-8.849171734187507,-4.707907455822237,-4.155749995709673,-2.5227779348962827,-2.8663273569372905,-6.978105989824883,-8.904186848163931,-13.577877950431002,-10.603071463138916,-15.68076434237787,-9.819716009640956
-10.13956556036057,-6.706636405474016,-5.055702506626517,-7.298258027143504,-2.7808837020292003,-3.2113283976879234,-0.1883976647617373,-3.835654691334412,-9.572490756992522,-8.07218865288013,-14.070564868454994,-11.868934507616018,-15.62155442759888,-13.087172661099032
-10.339894984319136,-3.6800357021060623,-4.147998367037758,-4.72752707244814,-1.2082839442244904,-2.829416994736176,1.8323392575206296,-3.874863438824832,-10.42500463765765,-7.597877256419906,-14.653657296771655,-12.016091904189691,-13.24718896991078,-14.90272519013189
-8.908141344033819,-2.827282293499407,-3.898463230001937,-3.259026302691666,-1.4231601556903684,-2.5725111154587323,2.263665136412328,-4.127998127465673,-10.315758956920718,-9.752607113213628,-16.133201739083574,-12.162319255113973,-11.064662415428131,-14.686622221772724
-9.75149542569498,-5.807645141818362,-4.3318997614841805,-4.109000736049495,-3.766759344864568,-3.614325500485332,1.0547148810564977,-5.254834801533093,-10.134926982284467,-13.942545509332604,-18.002232514688444,-12.810803705401952,-10.735681793525032,-13.185274536120744
-12.716265515342627,-14.37409165104095,-4.937840243425569,-6.6813931436491885,-7.001506063350689,-6.376103589424458,-0.8024579240686762,-6.849114315767622,-10.070684222436,-17.34137261524677,-19.172883273845912,-13.432380438565929,-11.927207983148492,-11.553105926523584
-12.472757062947744,-15.80284389371871,-5.029367049518271,-9.2601371818036,-9.09488344818601,-6.571813794471801,-2.157757244674258,-7.861138256090101,-9.672451286289402,-17.414869913850737,-19.103309587966464,-13.137282997804732,-12.97616500588626,-10.229297815344069
-9.44001210317994,-10.19316530488683,-4.207853845941486,-10.424868961712749,-8.657546078291801,-4.309915608502102,-2.5060063477662027,-7.622331010185036,-8.574278630730817,-14.034940979473731,-18.11324038801561,-11.625914118159471,-12.541622133173291,-8.75872382382272
-5.258137900033362,-4.021836786485056,-2.5814858899561277,-9.852966550890358,-5.883497354612814,-1.2528915133352376,-2.146477456547075,-6.504225651266864,-7.040141401909466,-9.40133471506033,-16.700484705754633,-9.500725097669203,-10.69668947050289,-6.714189175100046
1.1683573619825678,5.47924250670865,-0.6202620110884993,-8.013713170157843,-2.289284094324046,3.5501424025853963,-1.761149885076037,-5.58976404710134,-5.760454291099393,-6.019118902818974,-14.814519615823087,-7.749074686413678,-8.624831369943308,-4.689050146272564
3.8411992540131994,8.512806051108056,1.1721802776378212,-5.407393323307986,0.4634248751546579,4.804020486227434,-1.8897496283714048,-5.671381647717453,-5.15322985495304,-4.652740277649897,-12.02006372243838,-6.947879673988851,-7.41848681518745,-4.182567457677436
2.288059373644165,3.826317768776204,2.4794198809992167,-2.2880094994127376,1.696725689234242,2.034317020404295,-2.690039426074179,-6.514872629098136,-4.937864924476457,-4.054638691490069,-8.369977272000824,-6.871303837035086,-7.182869169693049,-6.286197130197508
1.3470819757795802,1.672202578605367,3.15610673773989,0.9340835979477972,1.9548187850025585,0.1917937365033144,-4.00154757548917,-7.066158749368363,-4.442615315006201,-2.551955846416384,-4.900768194697271,-6.746791774924191,-7.174594826868521,-10.324213400736204
-0.3866555134589517,-0.2317118487088465,3.115586680749086,3.3106885652740665,2.274921143356515,-1.9273406482987387,-5.502467480715961,-6.394981551232998,-3.318531238408049,0.132232570873672,-2.995044794685682,-5.870436939162914,-6.637996503396103,-13.777399766166967
-0.915691838830836,-0.5174364363329433,2.355117137852207,3.745278327269117,3.17619729650136,-2.289310285646663,-6.814652276198117,-4.508929964332072,-1.8920171745460128,2.601985583095296,-3.0702650049557327,-4.0649991863139645,-5.408753963156924,-13.7541472833738
0.5008123906757515,2.4748420776051434,1.1449812683196186,2.025898272904687,4.2243376889702695,-0.0033068214573271,-7.586820612107493,-2.321177519679475,-0.7685593104975226,3.301051869940835,-3.857246164274745,-1.6511628440490131,-3.761342398982711,-8.958911006682303
1.2129371419229085,2.569742016061673,0.1195640905642605,-0.5250390287971101,4.50238085462496,0.3157244350392828,-7.624740024251672,-0.8415719547368354,-0.1173375819198838,2.2824612795006587,-3.099762601983876,0.9651082634547804,-1.8694102979763585,-0.6916688579556194
1.866578934791891,0.3573312727715023,-0.0053677744611491,-1.7157539372352346,3.52992222339315,-0.7836038703825458,-7.014359301801797,-0.3401844208915463,0.5521923813340734,1.387511103501609,0.7318081464575528,3.6397257902363274,0.3604721121911609,7.825970336999276
1.0945965592807436,-1.288506034994099,1.0030679842949866,-0.2294983348253509,1.792206856514028,-1.1109467415372265,-6.089877693306832,-0.2142062069015224,1.81393180985485,2.4966833998095552,7.024428900686132,6.373753895831598,2.851363929102533,13.275595039439793
-1.5852035615620788,-3.3927184944249125,2.5328975196989774,2.9758731763996598,0.390848790792262,-1.382558266439025,-5.1876397114249215,0.3664886832665246,3.532104502736331,5.456271840078017,13.049225356314906,8.816519407263868,4.908444192963273,13.969705439742484
-5.449109166318636,-6.542639218450269,3.4007547938117426,5.031066600862431,0.11216466769784,-0.8542073045313845,-4.349909976282973,1.6371697110007943,4.74609584833982,7.765714503354715,15.535034407373516,9.966798257557258,5.49036384123599,10.459473633423144
-11.051732062268382,-10.549340949532011,2.654679008804152,3.296743260146201,0.7409019360102178,0.7823513391630372,-3.268147284493338,2.9667640832536506,4.464262886600707,6.569631780590669,12.79431870711572,8.615095031799626,4.138866933737901,4.869088570113831
-12.87465857234909,-12.032045165753326,0.2803097835517576,-2.343668407772043,1.2480715213942517,1.4693261664301611,-1.5992718557931769,3.363755820599721,2.623361962744412,1.3112961717833116,5.987126416619105,4.391270216200951,1.6468788085417998,-0.3906102601031307
-10.485192850422496,-10.747044820580625,-2.7725449648105496,-9.015643822345623,0.7231312189065875,1.3466923400911788,0.5735778838633792,2.3267625630958264,0.2398703617018043,-5.362737131248281,-1.3702892312633992,-1.4509537864037156,-0.3608928190352856,-3.676244587540879
-7.767657680274001,-7.181054272699764,-5.230305322530143,-12.782678146698744,-0.7454142744761612,2.2777413842589933,2.598577033084723,0.3397966893385273,-1.4128937722895216,-9.417193817179085,-5.413949810387095,-6.381196439360195,-0.6944833162799,-4.489728018339548
-3.351389367436028,-0.2873825675376292,-6.233890693890913,-11.52023848020113,-2.02699737461009,3.970581420338768,3.693915221987538,-1.3820716313477135,-1.7852524532856648,-8.53203059537816,-4.18996589672588,-8.052513105250569,0.465379024727639,-3.28864536419249
-1.926277399183032,2.2901862313604355,-5.630880886553484,-6.423952753041618,-1.8469589898386405,4.761542973073774,3.6755031424362974,-1.7002502200284084,-1.2532902183458816,-3.8743707046126583,1.3003377947988497,-5.831525199547116,1.898376734872812,-1.0672675181221507
-4.263887383673502,0.2364010177398786,-3.791251300428144,-0.9585219620286692,0.0736283134623079,4.842437346514462,3.27848980394549,-0.3113711847059051,-0.471366409978259,0.9686128955649452,7.892478552380766,-1.181038019296551,2.6246093530217536,1.0847150284691909
-5.311824212270504,-1.5762874103750657,-1.3256469864252836,1.8077509062322576,2.5945582153525777,3.3541754493343507,3.6201476003783455,2.0793143980893376,0.3273346598227817,2.9507860624573823,12.228742940860345,3.4146489404623424,2.832492398326849,2.3967225210307674
-6.243654189464505,-4.923881758970713,1.0192761411557,1.256805636927993,3.8835618319210425,-0.162751761843647,5.14133102537329,4.260367922554991,1.3400236222357478,1.8559233293397317,12.503343700020764,6.098925156087972,3.488549719661336,2.6979953729042165
-5.6237659768071,-5.394687104083964,2.423141764724363,-0.88297289183663,2.794057020216428,-1.478253148462006,6.981533822555434,5.294124010680321,2.6216947473166954,0.0010132212643156,8.939754328559445,6.575043202073999,5.020537044693555,2.364825700514672
-2.5908192530037613,-2.194145998739463,2.295369715370583,-2.3975136428769304,-0.1928506454323724,-0.6513457209739038,7.491934235287033,5.00318555717169,3.69523694317175,-0.2201503525888597,3.046149031185621,5.750833030234418,6.472888294258553,1.911046080901599
0.1755076239409858,-0.4243991906100358,0.7733583771659482,-2.3803631061408907,-3.262814962045041,0.6845966899103444,5.590780019169074,3.8615825494759406,3.864368796002253,1.3935848580430277,-3.448605184584892,4.661944245977395,6.145301156961835,1.5644235255809915
3.239684986174577,0.9993675287956696,-1.0571147523604625,-1.4647714553157414,-4.604651811350834,3.494188182418301,1.8262143038061824,2.488198891117406,2.940767873735126,2.871061107892075,-9.13870386971243,3.7487182969121022,3.27518902813614,1.262341526283052
6.397061289190323,2.617090090506316,-1.6483326969634504,-0.6220033782442158,-3.713942714884468,4.413353380052949,-1.822155791421636,1.2552004353793222,1.6348947058585566,2.2923123738447657,-12.89273436594047,3.031464710941293,-0.7913693306153107,1.0642736633248546
9.235848542631238,3.7072482048671977,-0.0117738075016688,0.0500496565424271,-1.6137801452812823,3.184713524289348,-3.303508329242959,0.3493484330434171,1.1882049258645395,0.0231472915039887,-13.784544910555011,2.751576791339602,-3.1801333111619385,1.4491969051028375
12.52477630528061,6.454189481202518,3.496841285916105,1.3299798167296617,0.1128159722134398,2.703718017162057,-1.9272465185168528,0.0988355056279601,2.53192221096495,-1.26822584846812,-11.458916155646108,3.60312768281554,-1.546100370483714,3.01068058647536
16.07662753128511,10.872725961110508,7.341503394108741,3.809503799952864,0.5701111356475792,2.22156533217992,1.2443767787464708,1.0411296278354598,5.625494844939794,1.0493577732978565,-6.694372642930318,6.179310873669408,4.01977552365824,5.748953889635374
16.896129199289348,11.75965916878604,9.862667020232124,6.982633565345367,0.0198594628449768,1.4122655486249538,4.24646516180357,3.4575948681041098,9.407742354252292,6.981889185474898,-1.4457715868661296,10.153820338063326,10.81970364854928,8.725243905024342
14.765064695981597,9.167897735876249,10.367848837354188,9.465731093895812,-0.6725123322590321,0.6162136534973655,5.53778950006901,6.748889947060945,12.318244840911746,13.459426507236628,2.027979972020944,14.070095436217002,15.285991858876969,10.569696986193064
12.524565867864368,5.989057223082503,9.350075697343144,10.116181763927258,-0.9367092785049352,-1.6501104827622766,4.810504121221939,9.381398174876182,13.043244352929465,16.48274790473282,2.463021348325526,16.055256357668128,15.254063889228604,10.443737074705297
9.49312721191211,1.0909105903589944,7.729116763545534,8.91929152540824,-0.8991266602904489,-5.471231172488187,2.8579135365603605,9.724097214552415,11.116562295190846,14.040837986061788,0.2823573238725316,14.910963444644196,11.069611054959893,8.551245061300037
7.12382356307896,-1.0766738749191906,5.917586860974708,6.802260399195006,-1.0848631364154784,-7.128198196295225,0.8262316868065085,7.235457922539538,7.124504855169533,7.419036685834342,-2.915123394106317,10.740897284298484,4.920134888430326,5.767699231197483
5.965105427968076,0.1128017364346656,3.6266380688658018,4.641403611718204,-1.888696609716959,-6.68723996035858,-0.4989678738787404,3.001876394729777,2.4250105715356938,0.0485065884594462,-5.593188711524348,4.790177515466056,-0.7734005277746547,2.882124638507264
2.683704686182756,-0.8071477073025368,0.5311093262894673,2.4961123391206,-3.3259181435570326,-5.685357333918222,-0.9437606502048226,-0.9047819015920736,-1.500228474725006,-4.905818733548813,-7.126228390219197,-1.1534649604852234,-4.560120431923082,0.2680438994749892
-2.3740972076314835,-2.844730043615022,-2.98112330433959,-0.1927431902114165,-5.10899291385671,-3.2783753407386427,-0.7571911013257875,-2.7905316581587982,-3.7243357701327113,-6.278802986489993,-7.622362246498156,-5.33711205978544,-6.131015444790762,-1.8209873690101404
-4.617459695176396,-4.118538479398695,-5.8192019590856745,-3.6978571266464826,-6.771287153268105,-2.098993789582392,-0.283803348837651,-2.3667358878518456,-4.194023252699964,-4.955460715999948,-7.1998425995606254,-6.535351278930492,-5.863485491802436,-2.92716750121933
-4.286882723279321,-5.375082391995519,-6.984393457060008,-7.33869516043174,-7.708605190745857,-2.3712766870256377,0.243621930765201,-0.7117351385894324,-3.5196371674560964,-2.7036840952989536,-5.716958263030563,-4.601943032926783,-4.441170902635477,-2.640503689234592
-3.4709063886005285,-4.622533422819628,-6.351525086576579,-9.745675131426893,-7.317965263191255,-2.308117551818177,0.7486355720647992,0.681233489661544,-2.440735268836548,-0.939805631773865,-3.284704975795279,-0.8628935190083382,-2.729952295536002,-1.2407141582015626
-1.2169316475537564,-1.5078285326102314,-4.691490522028374,-9.86629303191924,-5.373574366222442,-2.553617961216085,1.2886631402082784,0.9687829963931236,-1.4003400670322534,-0.1878170008817008,-0.7999978703390269,2.2590261160373544,-1.577753282719769,0.1022721199923779
-1.1364541528078975,-0.932866376904427,-3.005783392543257,-7.851404917213657,-2.4021058781328364,-2.3165708047771085,2.005296295705016,0.3859431507372761,-0.5299118382412402,-0.2269891668058576,0.4489558093496839,2.6257251296581288,-1.3759167439107642,0.0770519007786063
-3.65530211651928,-2.676005864955419,-1.8939404457814175,-5.065162054998137,0.4003049008518005,-1.3914911683316675,2.981228638331576,-0.1489352935527677,0.0447375491197092,-0.5169536636948635,-0.0116633408425741,-0.0375167048196161,-1.7637597575717765,-1.5871349566785966
-5.54454130215548,-5.118491998509077,-1.4636047415683606,-3.187028025329571,1.8511691333063,0.2961396493633091,4.001964457640764,0.1337197972486237,-0.022042871026457,-0.56936708831185,-1.0898917246026372,-3.757664635484311,-1.9423030411901931,-3.6574325967888015
-7.684731758921391,-9.327190444342136,-1.5804676542216356,-3.0796617851157,1.6099836235049878,3.063677933565042,4.442479897185745,1.212427785736569,-1.1077035527458072,-0.1641882545851043,-0.8969731092356419,-5.710103627226161,-1.4443008887465023,-4.2774568688552
-7.69986276336567,-9.08603674764786,-1.9523717232537925,-4.241152033011744,0.4492222410708999,4.547458341012952,3.574267320895752,2.285215372065003,-3.115203177460258,0.5888867261762112,1.4413516491607714,-4.356901837226972,-0.5980749512735155,-2.5316778133721947
-4.960692296983023,-3.899033418783652,-1.9902913373246087,-5.199943773436039,-0.3206278613053137,4.715556407017275,1.2495858076832191,2.434430822232168,-5.153540758415406,1.3439302730964895,4.693267479966852,-0.4864612498341958,-0.1393059513301766,0.7421530558744536
-0.8625369877879602,1.6980464268435302,-0.9161409492261292,-4.537337955533726,0.1668349437103682,4.1800111600897445,-1.6070188277312525,1.4417608598425833,-5.871259444078178,1.740691089327707,6.414848347724267,3.691506160740194,-0.3267752986245433,3.7259768394935344
5.4363831941057095,9.217206319339256,1.6055738506931334,-1.8284993406052048,1.7419592816282794,2.3366468992277563,-3.367850698378394,0.0604772066219467,-4.3667165888438895,1.6437741669881645,5.152031976511156,6.391948469480779,-0.5085458166370493,5.2861350923140975
7.075580904929563,10.809976845139891,4.8129702710801325,2.0948580455675057,3.451850479154544,1.733552232667552,-2.9248201246289973,-0.56722509434843,-1.006438581657573,1.2451210485468245,1.852340840571138,7.2478936710332675,0.333574914032237,5.868737607755836
3.466221263497567,5.28031252584477,7.022718101340281,5.65887286730387,4.382169927251962,2.458776899403913,-0.8090997128797817,0.0766196781105321,2.58316805296041,0.9368099985457938,-0.9506762162429112,6.7372471903966975,2.53589532966118,6.642973991760002
-1.3504776135694567,1.604782011533484,6.795873425223682,7.437494039338642,4.311402992249661,2.6438319264208827,0.959320995914794,1.3338543366499138,4.480717501485415,1.0145465449511022,-1.4446341049166946,5.055015917341294,5.20580144680104,7.722979883469307
-9.181639068129073,-2.1085785391275054,4.145163992768488,6.847648134208555,3.6773492448650416,2.834155275436808,0.4697240959573676,1.848691252445981,3.742838703924527,1.4222728375259948,-0.1017216600669215,1.9156398351435515,6.721135678345789,7.43988160555368
-12.068781514202035,-2.462290766320045,0.5923634948978602,4.313715070963866,3.0030839715877,2.942092861516512,-2.2745559975267184,0.7404285542504994,1.064477647065516,1.7682413177799106,1.0195958252070838,-2.481867234748094,5.891824187007039,3.7609564554795583
-9.115961962266235,2.2793262081710357,-2.070878402412077,0.961114193725237,2.418506085476949,2.749202796055534,-5.032775051983322,-1.541781021006372,-1.6463865949988588,1.6689692538395209,0.5190861661145192,-6.6008904611994055,2.8875877981846685,-3.2748439355380228
-6.320812366331273,3.2443973745066166,-3.162886439889725,-1.8721409455301696,1.7573039095542669,3.191875636244211,-5.01878736987841,-3.468685006287842,-2.4774180810540827,1.1843018775037777,-0.784677284323422,-8.140433932347236,-0.7159961242104842,-10.581672939853805
-1.6385920745978164,1.3764055618179467,-3.324323961116214,-3.075291641187235,1.0693955155870114,4.2423934320509575,-1.3100404451711825,-3.613863227246768,-0.703409740494557,0.9454902974446996,-0.5131896765599464,-5.829560157662684,-2.7734185852591366,-13.868469374928424
1.1776724616807626,1.5408328929273665,-3.459947614743797,-2.104782827025737,0.9105464395980364,4.251105959492299,4.121030267951475,-1.7772879619426971,2.776686807145637,1.7572090998795602,3.0353617413597505,-0.7963679043829046,-1.7643417376957942,-10.956070387003322
1.2653252874649092,2.365781787121984,-3.606249229004085,0.7777528829543598,1.9689848948519997,3.285233476939105,7.762256351755354,0.8857188356661112,6.013225148241624,3.9101989647366864,9.211368718376775,3.9365353469089968,2.3277873496126062,-3.615671785102308
1.4255340171841966,5.941757986234825,-2.9422394410040624,4.4907521256675125,4.296051702630265,2.18908675565862,7.2453393535216435,2.7973382782426484,7.247324914225196,6.767133177935705,15.445243440787417,5.58830157576196,7.9420376298818525,3.8073833108790174
0.4950765899017454,13.110815493719048,-0.8999996731310773,7.517785233350651,6.909474446407728,0.6235195762826062,3.117345844767968,3.1261715026606964,6.051632322353157,9.03177946188682,19.306985078482967,3.6213048966516936,12.72367053357106,7.755355281611472
0.5502017271030241,14.625672708530669,1.8562929114773536,8.654746928091598,8.27932921704189,-1.0594382202398742,-1.7503768070546073,2.225834523372086,3.585981767572406,9.55072149540706,20.251337670297477,-0.0588205852138656,14.718063627436235,7.787248435554673
1.8879016627668024,10.538515990809213,3.689817987392715,7.717451624612124,7.398295114873022,-2.7768578567760134,-4.514545737852501,1.0689819431724883,1.714157055926904,8.03998242604824,19.53484616753137,-2.788293179477236,13.278786690412105,5.998297912302249
4.709056570654173,6.173537996783465,3.321995052226029,5.672743533635327,4.56258416729203,-5.420066214691745,-4.416931474097424,0.288902569416507,1.5680744342243995,5.199769149396019,18.593363642249912,-3.2176316429750784,9.21454480996418,4.5009924582762295
9.733096082926656,-0.4487757231429328,0.9770439688720388,4.000182854510427,1.2107843139464478,-8.950285384359207,-2.904780956295042,-0.2715989008518278,2.6655901466751715,2.2065935190710206,17.576765101119037,-2.067958034661345,4.226063679406181,3.609028581385317
11.769899311236948,-1.837361679441761,-1.7344370950797554,3.6914617179771767,-1.0344242115210562,-9.091374767315129,-1.980251782288008,-1.1522805390763722,3.334559124226104,0.0366745398829095,15.457527525248167,-1.1189889132979405,0.0582812128646423,2.3082776676655925
10.765609699842006,3.1469542072759324,-3.06009338332845,4.627687906677451,-1.354517597022678,-5.627480850875841,-2.435489764729624,-2.506186289084596,2.1301328320619035,-0.9284634130605413,11.510733157177825,-1.4946589836595194,-2.2317387937183213,0.1103788687082953
8.88957298734588,6.582686362549811,-2.346941393149393,5.799713559623839,-0.0643992860853757,-1.6476676000358448,-3.488181217335395,-3.800849670332156,-0.9403941469066835,-0.9264283412288988,6.587876565978334,-2.7900510470179825,-2.699926681728215,-1.9222555482788837
4.910409940559871,10.316122204704,-0.2777417153714054,6.166606966600952,1.8000994525249894,3.855459422149731,-3.8635547386405302,-4.310510846138001,-4.418226811784891,-0.656846664203016,2.7916959484828823,-3.6965584977674553,-2.5037820203077814,-2.115900010600882
4.002216304319145,10.552623886430466,1.8938616541896067,5.446738668483221,3.1868993360030657,5.826618829864387,-3.0776198152694008,-3.882157926513514,-6.576661075168452,-1.0591556448974728,1.7306119757222405,-3.3946673730292645,-3.299604601144779,-0.0611372342369662
6.601808084655679,5.783162665762265,3.278439235076739,4.232644850385164,3.52093845929339,3.462732814006115,-1.7305097781092158,-3.155743842844167,-6.7367234622608265,-2.9377631909735555,2.995492796601837,-2.3493223972656665,-6.134362076911181,2.592664900283012
7.589551644009986,2.1426755272773588,3.704559769570153,3.398718192978137,2.802539297479285,2.938720758972167,-0.7663507643626204,-2.9749932038331224,-5.627775851975223,-6.406121915840927,4.416508075686181,-1.787798465732358,-10.45433230016134,3.3506891145990068
8.083514544389741,-1.5783681321041123,3.451379532106173,3.341850365397057,1.4404451851183282,3.059298127601989,-0.6173120858022969,-3.5647862471799527,-4.614402158942568,-10.47989486686742,4.0162345103713335,-2.4311535878523287,-14.116583381654578,1.0409616738397247
7.099823467414128,-2.774125006944125,2.848416075900019,3.6962579288819626,0.0158530843247461,2.857261258249925,-1.0353400320624715,-4.298119826445465,-4.5674760229896165,-13.349666313907996,1.8836158855121568,-3.760086645047693,-14.725229731253926,-3.049471937441375
3.757708642156452,-0.2133281910656378,2.1213812912671277,3.73839080190416,-0.92854573806936,3.2479213131179434,-1.5537343472498932,-4.283841736209183,-5.340997945599746,-13.468693423117765,0.1136326652217505,-4.553170657782374,-11.476208821885692,-6.128989702870328
1.9556257099947856,1.5274070728699372,1.431185278319738,3.1083599033388367,-1.0673127261547035,1.7136131027737047,-1.9379917759210483,-3.196844052487521,-6.165337551676977,-10.786536894391787,0.7092521326568288,-4.164312898898906,-6.02913568560642,-6.146528688484175
1.367739564372672,3.355149141143125,0.8741842265391,2.202052875315033,-0.4212208923438538,-1.8092898037261016,-2.1992620008690693,-1.5626750740243054,-6.4534613794694025,-7.037698163194264,3.3485914942149435,-3.240465014386245,-1.526063061970639,-3.418713196721704
0.8741747138137206,3.377740833132077,0.4158716775467397,1.8617977176606717,0.6278914292994102,-3.1393320735944075,-2.3268844396365083,-0.2671940937093993,-6.239140114873365,-4.581070400608788,5.23682413760698,-3.089827169521868,-0.3747848618118325,-0.2919820962491073
1.2277453728269183,0.689570892608055,-0.0634238009593204,2.5961043438826223,1.4900072892714604,-2.547091993171117,-2.1344460373537544,0.215388290910802,-5.897342930999038,-4.555093311817316,3.435324268170852,-4.236245800670105,-2.514414948444632,0.8206384945105754
1.210105502247696,-0.5340620546952168,-0.5614725340803091,3.993009458764952,1.648321067095182,-2.3231224999001028,-1.3540832595595305,0.17517231372058,-5.505487941014266,-5.908942548943273,-2.299119447451368,-5.5701516658876855,-5.5569686567004695,-0.656212164218438
0.7958265188276255,-0.8693586284523215,-0.8224987667708703,4.874945946012417,0.9318181797603344,-1.6865574453205527,0.1855867838563796,0.3337306106833893,-4.560481509175759,-6.288568787083495,-8.797589867141134,-5.051649304548612,-6.685659332663004,-3.17077954506388
0.3894504254050721,-1.6632120965917183,-0.5262813862428217,4.137874967711042,-0.3838319930254741,-1.4303653441957798,2.442783119128414,1.167547391201886,-2.431428407343517,-4.143844249630263,-11.764705445455224,-1.5038245393714753,-4.7691110208185705,-4.489880473870457
-0.2892888137995411,-2.2523903032642587,0.3217127833897244,1.6237656986692812,-1.72423466534201,-1.8462999261724509,5.079488935312732,2.487344025217123,0.8252124452073559,-0.2304898317184722,-9.282234055805304,4.045277832761045,-1.0271232072046743,-3.5422568435825426
-1.8122186369452429,-4.806391398488252,1.228546178452934,-1.6939191645561742,-2.5374220982586984,-1.0772306719184208,7.398217147541018,3.612287327208673,4.136215988953119,2.8897811025675573,-3.5633377608248864,8.73838693537714,2.160688418946972,-1.1091912865162037
-4.285643493864445,-9.574887841157818,1.5319843573941192,-4.3951053125192985,-2.6014058007065195,0.7149084023545904,8.465448072506106,3.95633198517341,6.0669186182040455,2.985984873785071,0.6142377186104824,9.816879081530235,3.162434541868844,1.044053960541131
-6.215688335963418,-11.784656296895374,0.9302526425539064,-5.636193788415703,-2.140356744866025,1.346552335630636,7.563674530858808,3.4887189784299864,6.004337915737768,0.0734338312614788,-0.4166044786454321,6.602231998319386,2.0795556185419635,1.6387749270051266
-7.68263981099003,-11.665324508581458,-0.309340159136255,-5.691176506776236,-1.69337094275253,1.0085288881711776,4.761568999942465,2.6405224117552795,4.752066006281794,-3.569064144298734,-6.411176050405206,0.9675993899938592,0.1404509592764853,0.6509980005105902
-8.314281753939007,-10.946279754660408,-1.667444133670612,-5.579558825991009,-1.8176266282078848,0.2705244275342622,1.091612818035932,1.753125935596266,3.8320219644303073,-5.2609852746653045,-13.532839206570976,-4.02552616229719,-1.654663977686317,-1.0696738872718967
-7.703597869051553,-8.60796671071369,-2.8459043622232576,-6.110698380249239,-2.773044239668976,-1.3204400704047388,-1.966286391403667,0.6514712550799713,4.015984855460482,-4.016659903444485,-17.452113012579563,-6.198860751135958,-3.1990434213048644,-2.6964728237661344
-7.59018857524376,-7.532320911041217,-3.8775641307115087,-7.174693870624887,-4.332064263747289,-2.4503190781526194,-3.38154829608259,-1.136438486328267,4.479980992262543,-1.1340973301614174,-16.643414349784564,-5.473815463240694,-4.71251804416883,-3.929997396256116
-7.820177637486554,-7.930561438646845,-4.803695882653166,-7.899806017544706,-5.820759304867481,-3.0734955628760368,-3.145644836383788,-3.654866014966353,3.5083960579586586,1.0523762166052089,-13.245955782032825,-3.500193785941676,-5.837001016671367,-4.831705421422092
-7.758742497804757,-6.764213886211548,-5.377067599350419,-7.531174543695737,-6.4369544356427575,-3.649650963188404,-2.09145488385414,-6.067130038859231,0.2011081309916513,1.0379307341080104,-10.965480254339536,-2.236622155433959,-5.675657906503242,-5.421136333220756
-7.722423937686358,-4.603150575832994,-5.220291831225034,-6.21621933665215,-5.747368766924508,-3.852022002891341,-1.200175079258588,-7.120010180541153,-4.427510459469929,-0.9109983261433472,-11.923281776208889,-2.65245667239616,-3.910430664820807,-5.554091311388174
-7.371992723295799,-3.2111927825504782,-4.301717588829835,-4.94317566558126,-4.073801963220609,-3.5115983349799698,-1.012405815329454,-6.250908018355112,-8.08430994872282,-3.283327111814315,-15.08623285568655,-4.354378830425354,-1.7004934125276776,-5.128193956592243
-6.667769618956043,-2.2516188739041567,-3.1527530443417966,-4.661259427523244,-2.4121738503724224,-2.551570085005835,-1.5155687498305497,-4.2610152700166495,-9.062898220166192,-4.61072775491072,-17.41809321759277,-6.119447914486059,-1.0641624043488296,-4.281286611008236
-6.547845237726362,-2.468770905692827,-2.484130493299963,-5.411973477751674,-1.7877239558785425,-2.0986150712979628,-2.3770664292691084,-2.744010676921949,-7.631467956025661,-4.401820420839149,-16.573506479426115,-6.784513289031825,-3.0533040329742587,-3.3442864928145166
-7.005475501801064,-4.268602986651486,-2.5358121297496403,-6.328889141751162,-2.4464818946393976,-2.162418374723561,-3.190987129948331,-2.6763138868078205,-5.678096090091955,-3.18417279607578,-12.80010351099185,-5.94519511563699,-6.533550759365713,-2.6520284164281698
-6.413784054275745,-4.536758115231665,-2.8445822583584466,-6.530603351341211,-3.582059029059909,-2.3963344600342644,-3.613765857502809,-3.516878306186271,-4.995682085005516,-1.930617705811681,-8.58041556310403,-4.16673373221821,-8.998206100066959,-2.43282571625155
-4.862997757792385,-3.377673880340021,-2.7018389650629477,-6.023111836761572,-3.9734653882816353,-3.08297144076452,-3.486438148070942,-3.757627721669172,-5.820661013291179,-1.449181496100092,-6.505392687186891,-2.613053617304651,-8.793853655246739,-2.7925301138538714
-2.2272094342434223,-1.84328699251438,-1.832204837489023,-5.666835269788557,-3.097012085227224,-3.513437575585389,-2.9618458658247957,-2.4278153980718926,-6.882203354286,-2.040258094216412,-7.206367054024653,-2.211444010271393,-6.565319554104647,-3.622252299130924
1.912113453987948,0.7541973966591745,-0.5807791293587599,-6.176191856788918,-1.6975485881441197,-3.679076138153552,-2.443876265308834,-0.0600460962941582,-6.714354603226845,-3.374229300345004,-8.919524988471519,-2.8047802725374567,-4.413804628413846,-4.398279759150473
3.1542649620768946,1.7629398440028363,0.5528617833234755,-7.139590766393958,-1.156111064714171,-3.3119557550257586,-2.2210994129557164,1.8457339733799143,-4.879030776620223,-4.525350949739639,-8.865526812664552,-2.988951559001933,-3.5966677201878703,-4.164179184413317
1.3161729588948787,1.0021346026428646,1.4567872588958366,-7.1348044151039005,-2.1088675683433955,-2.1935496003602832,-2.073184729390082,2.2906867461080225,-2.063100702272564,-4.283277351227184,-5.320713219175701,-1.0447611371555148,-3.158308572406458,-2.024448413360421
-0.7150927934680987,0.564396465077399,2.368482064736508,-5.006913908174344,-3.6239326496769095,0.5925882349844169,-1.3541655946724624,1.6668970143781865,0.7410335526858916,-1.834334153758416,1.091871815277372,3.505303926724306,-0.9837346703772702,1.981554749881866
-3.962955574953388,-0.1508247843205762,3.2938218812028737,-1.200425666601138,-3.875552957201183,5.341037987584903,0.315457104471168,1.200784772445903,2.965780837314046,2.4834230277040987,7.719886382992101,8.962923726738758,3.718002237857348,6.343065268750639
-5.057208747816455,-0.2563509836350702,3.611990968911311,2.1579716427792235,-1.854976821735036,7.629230972923794,2.3353176046409274,1.6007745088688914,4.486349801940119,6.993538282256512,11.554516588062173,12.182774866511284,9.037561215222013,8.624948802618324
-3.4325625131402004,0.5757768965592699,2.467008620901023,2.697508986809656,1.4611884867385712,7.437285549813934,3.240156006854093,2.3563391149607327,5.251588586712472,9.50004101549834,11.144683055752424,10.719073208266646,11.648897108996543,7.048006705209055
-3.5651660454138616,0.3264723811375266,-0.3101150484132837,-0.32732374263934,3.715156618637359,4.804159929292924,1.8254894691528705,2.3939173918048766,5.214837887682911,8.762943973791511,7.479976031791185,4.806330838286154,9.734464150017311,2.0215532662942906
-4.694293740097309,-0.8036092672226883,-3.667414164716426,-5.283775350639736,3.1588336601208624,-1.505496068307998,-1.6018449844502811,1.34896802679512,4.674349045035292,5.569391898713878,3.252132988020037,-2.4899123227258784,4.879642970288455,-3.7035085797073775
-4.245778304736355,-0.9667036504224074,-5.823980381636321,-9.19435175106128,0.2739406719160087,-3.745373587131069,-5.088256117520952,0.0892197939854355,4.435037288822713,2.4362180046989046,1.0412208273813128,-7.209001371403506,1.1097632909486954,-6.628656092450548
-2.751400304118995,-0.4099203052449225,-5.462650122682312,-9.769026121189391,-2.4965511765925896,-1.8126720982187732,-6.364772152992064,-0.0637743095662237,5.315925502789007,1.971282295615932,1.741526653463506,-7.050073394616398,1.7904561953976028,-4.77648445040559
0.9073499742825716,0.7480587207807284,-2.635478225021025,-6.863770044089787,-2.73878173671584,1.3647411623001686,-4.6024267451084135,1.3918662586033117,7.363761307755908,5.033954541218105,4.295492734440177,-2.597984614974191,7.004332239019647,1.0492975700834144
7.299963846794584,2.8820457054259725,1.3235202009128777,-2.321908953940145,-0.0561524053946378,7.66196420586053,-1.0377129078254228,3.667126994988344,9.654316132551315,10.09392881520614,6.722148046149819,3.5388488493683,13.56363190563534,7.884689400023696
9.950493264856496,3.395148975960717,4.707628849210845,1.5123576061563213,3.650274535658312,9.260282269514754,2.116431652829352,5.461887467565223,11.034226938339245,14.301345542220718,7.469439756496087,8.707997570293628,17.51840661494095,12.49509605717372
8.8067023107489,2.189149096159212,6.404642634975527,3.3429843390583187,5.778522761383908,5.6071063891492425,3.48014898633075,6.16496702533437,11.101510876574451,15.449738966022547,6.1097371198529125,11.62842535889169,16.978393207445855,13.112881456348727
7.006574199246078,0.9679232183670614,6.306107910815429,3.4170579362962563,5.063254097444354,2.18049053130307,3.3942709221696887,6.2453286828841055,10.37255454715472,13.340145535513606,3.19137076878701,12.376964064220374,13.032229683055457,10.040090155924004
3.051482863123201,-0.8609619616850934,5.097857495236916,2.8525797547286373,2.368159144608704,-2.8795964248288426,3.1678298915404675,6.46873750802995,9.435020468050896,9.588681715017376,-0.2583251363654462,11.4797041550513,8.369151900486695,5.145066839136954
1.5006347355861944,-1.7169220246523846,3.745449763827693,2.5908358902837136,-0.2561917304844456,-4.458677402208448,3.5466129233661263,6.8114117298403904,8.05291787763433,6.183721729210353,-3.135311831356077,9.256940010542856,5.103104911698232,0.8390669887426441
2.847140088584033,-1.301328717079396,2.9773706071113857,2.8472466899145754,-1.2690193891168278,-1.5786840104339055,3.944840752636052,6.28852405157336,5.326515487013225,4.039490461161321,-4.59498435893474,5.972739440446718,3.629264311621025,-0.9976130926889262
3.993514732399438,-0.9563780848130315,2.935395861934218,3.302006139151421,-0.6475913858206521,-0.5282383713288272,3.137950206401097,3.99837697745855,0.8735672195338271,2.662042220081004,-4.4786221730288,2.324474819713208,3.078958145197646,0.1150333857057308
6.113160950089272,-0.2334327460930956,3.122880779701888,3.6152251560043567,0.4537317408959662,-0.0465596822075222,0.6457113336528284,0.3857552809288016,-4.213092906179714,1.0320922835070796,-3.584752355339253,-0.5370626639516445,2.494941347561676,2.9512114576943578
6.343908353656067,0.3604483599370594,2.741593323414211,3.726830986546659,0.8694156049161332,-0.2827146610315267,-2.595981574919477,-2.644546538944967,-7.797558920996073,-1.2010204154791977,-3.273381976459893,-1.6791441364723614,1.5501052920585998,5.241504061060706
4.213489038861926,0.6658805261494345,1.2885747854815983,3.765526047562803,0.336814304298656,-2.253429963131995,-4.922000039740221,-3.131180173715902,-8.315576350543177,-3.293370218099003,-4.37332150599117,-1.1587476711008655,0.4496029524583704,5.161210512516222
1.273580805504984,0.7343007096622673,-0.9941030625939008,3.796630767235162,-0.4979663548197219,-2.436168355640393,-5.3102350366436255,-0.8486594013892219,-6.111267219354752,-4.087200501092342,-6.247323126003324,-0.1166990986663343,-0.4962730966728088,2.644182645998333
-3.334985851453108,0.358388986771297,-3.213693036859838,3.7261238394020655,-0.7862517924572483,-1.0320748578745542,-4.171353769347256,2.187099945651582,-3.2187879108431208,-3.153556501228513,-7.079273770222177,-0.0077155201878085,-1.0962021464622786,-0.6388544190805447
-4.547956784789705,0.2553635521408361,-4.44626984372251,3.4593695670758557,-0.1866252198945606,-0.6075877717456871,-2.8993498466239647,3.157497748112309,-1.7642027858899505,-1.3537384497276497,-5.457039410634049,-1.541650701843739,-1.2880454112741866,-2.754709954718442
-1.920186909231292,0.387915815971209,-4.396631261038452,3.1282609595277533,0.9601081810234372,-0.5994625237225935,-2.6581973314810803,0.7330749065317681,-2.416765410316806,-0.280049658453831,-1.9462972382040624,-4.155816661996719,-1.206496459102908,-3.15512288760557
1.1389889176760946,1.2618263891673898,-3.5696488390257763,3.1002683538914217,1.9809566557983187,-0.6264176073827006,-3.473890151112686,-3.737556749056005,-4.170492916930085,-0.998167827413877,0.9475326610653791,-6.411316707785157,-1.3087878271452045,-2.949185564019841
5.91471745542487,3.0996895320297093,-2.8612032746452623,3.656356837729885,2.3566218189578745,-1.0577130758741078,-4.322657313759864,-7.221151027760333,-5.439997393996203,-3.135680676228904,0.7106790327328243,-7.0129302166979,-2.240967877313441,-3.550407934639757
6.548743037758914,4.012909816870603,-2.9515678940265118,4.565700941870048,1.990329792225896,-0.7155631279532793,-4.02094452757881,-7.366490874126913,-5.346290371501363,-5.1161358585907415,-2.899433382726278,-5.722729063882715,-4.314019671872816,-5.073967972881441
2.2343838728624927,4.074318501221198,-3.9389585300334033,5.014013901837837,1.1847960650845928,0.4436108307932681,-2.130735605777929,-4.245971366833568,-4.137736968663402,-5.403453076965298,-7.310615839429825,-3.5234615125511595,-6.994412098090219,-6.125723294723228
-1.3209729924054738,3.267362750778554,-5.326871097435007,4.160022301928267,0.4476083743853352,0.712178181664865,0.79719688223141,-0.064231200939246,-2.6552266054669915,-3.746769388996608,-8.991756561069206,-1.902693783302192,-9.003719317083382,-5.208344805957576
-5.57543806851049,1.111920512846307,-6.216317102242648,2.01863570660821,0.2448881344466751,0.2528844953146,3.721929999378433,2.764054294132142,-1.5533062082550408,-1.3660572412366592,-6.2128850740023305,-1.7427324230443957,-9.121764457897706,-2.3216213944370083
-6.675439966881662,0.8966468439110227,-5.622433292524285,-0.1273504378180097,0.7685275453604357,0.2548830511692912,5.868201501152524,3.408488973013022,-0.9605545901681394,0.0959656860542801,-0.3360246941865403,-2.629163273742215,-7.080100504480146,0.8572353682553882
-3.490774986605191,2.684921733829892,-2.987102900351395,-0.4032657198215403,1.8053907944684413,0.4560065135295384,7.1341586720713215,2.8238878653980155,-0.6662015277131972,-0.0593397338039953,5.453332897270768,-3.1561401979041523,-3.7888473598237447,2.3864609805838923
-0.8742635887137795,5.656771181115613,1.209305966921722,2.1896169775424976,2.83570396459754,1.4683215683289417,7.901052200003213,2.448938995097005,-0.4662502357034634,-1.1286468263908982,8.776456195607222,-2.07930587685153,-0.7276006584844095,1.6752045632310186
2.3339394847469563,10.665098108306491,5.251212765153951,6.688437217643188,3.3803787947276205,3.54663025459425,8.508728639374475,2.7929686972887118,-0.3317032584522872,-1.852964360907377,9.698491795432746,0.5592577500438534,0.9610770520259352,-0.1991379360327325
4.262265643649981,11.929197050011885,6.970493822544678,10.550622796545277,3.3764488229300094,4.410265533873238,8.911892796635307,3.1861836320450827,-0.3519246590319973,-1.717858111244566,10.040951371598544,3.3048284340865184,0.9944675820232964,-1.611014036757599
4.069200337530229,9.113209788357077,5.326661394467758,11.410346910074908,3.240598432183141,4.129566052541376,8.812016829826268,2.7074660345372843,-0.5867007038555601,-1.4031204613992054,11.232637030907764,4.3783885258781154,-0.1366460095825648,-1.7229193628984154
3.5604354761450665,5.350373775767495,1.5883462868978162,8.849415868492375,3.494037151579562,3.906879644162763,8.07225502103425,1.2083509616108836,-0.9492418041630408,-1.92921100575584,12.837823899353827,3.1387533585407565,-1.5925983076073162,-0.8175483975874469
1.969827473720597,-0.8119684992515845,-1.1990593057024537,4.698867120595928,4.238917285284187,3.277539058912753,6.940427495107386,-0.5648090041997804,-1.1792312927420996,-3.3953799106590488,13.113730579268598,0.6656878686201484,-2.5891206031975385,0.4009311630617747
1.039702581232267,-2.508475922371689,-0.462952235929535,1.6197654592089616,4.988993336154007,3.3451003068628222,5.828269834300406,-1.7189664823899389,-0.933818879518534,-4.655184195484141,10.956466822416129,-1.0877976635523083,-2.650437422758353,1.5569997782139016
0.9806560407546672,1.0031740737654589,3.6673570300088034,1.1899729039921958,5.084769915735517,4.298916226258437,4.89470445130474,-1.953983447421674,0.0226638917537691,-4.317317421848095,7.321977830417039,-0.8599948953721395,-1.733790505407768,2.640770802824579
2.38585380037206,3.642342717353874,8.255323572037941,3.0663621651157635,4.359342611485631,4.574576283121351,3.913757140164965,-1.5721898178739444,1.6344243289815843,-2.0679467262571887,4.777515082205648,1.0163085526497344,-0.196305704762663,3.5701102393254542
5.890350772746345,7.067034042758478,9.955535591050737,5.706765304984588,3.404526186474558,4.4074800890644426,2.585686006369686,-0.9181925414999306,3.5183536386121794,1.030032155206472,5.570350480104794,3.141489510482945,1.4503851785120876,4.044505160717087
5.895393093995077,6.459086757787079,7.903674433013058,7.713954852559775,3.0848952978313147,3.552256046509174,0.9278491062966268,-0.0103502171751621,5.129220608238259,3.524961956643509,9.848287613395504,4.430176547660587,2.8741026966937167,3.93118437421974
2.3630955740155573,0.5952708397113917,4.409062603965695,8.487599152735827,3.650002364338389,1.6874286211279697,-0.7164214536973716,1.1897133292345856,6.032270668154004,4.781442234378096,15.419887298852974,4.97800581665528,4.032292343428292,3.5951557201585373
-2.694850475886428,-3.482804329740512,2.699018487203764,7.81851520556233,4.261581365762024,-0.2786443921682758,-2.0514105625551444,2.2618776708180786,6.120090281501313,5.182901623551348,19.130389159273637,5.599452528389335,4.8941417265569935,3.5660094980784027
-10.63554190074814,-7.02434414220783,3.78157086583529,5.274593311694048,3.4884113728745163,-2.493868572764329,-3.1005199976881954,2.3390897018139505,5.647277252340197,5.261265670862399,18.7662607942819,6.581140700705341,5.05169411638011,3.7869054593332816
-12.3776199310751,-8.552753776033805,5.423779021723038,0.3967875178176747,0.4890576204507066,-3.9655346705189256,-4.009478734768464,0.857503582442293,5.0363073887354215,4.830950757791693,14.206557646490827,7.007537617024642,3.744605966635305,3.3570151148618645
-7.197313572689039,-6.707947545460163,4.277417384912824,-6.326362563129095,-4.07793464513537,-4.435596756213535,-4.639121909595238,-1.6675395863821496,4.510205510792842,3.10888000558751,7.22407219911541,5.457725558425823,0.4886658888271817,1.2624652888135373
-3.21467396557926,-6.799644062897211,-0.8093984937436307,-12.85681390995131,-8.254525902059587,-4.609984200473422,-4.565070120838032,-3.7811474071720106,3.766770062852896,-0.3384565347611357,0.2699023322837437,1.4863242634972416,-4.168997330158264,-2.501248386153609
1.634313099083317,-8.241609908502936,-7.386008662375227,-16.419441361925447,-10.047541330187938,-4.142302261410397,-3.6549490163960208,-4.234346614122492,2.030476419727668,-4.855349704199542,-4.850218822197862,-3.5378477560923898,-8.533865778758603,-6.536022010012022
2.739827784382101,-7.898706998319667,-11.207708539298537,-15.396420153966918,-8.803711808729776,-3.3372073710720875,-2.579339319245051,-3.11428376993908,-1.3327545764889166,-8.905721347891298,-7.554437787261397,-7.124522643543442,-10.576871476891377,-8.83946694624713
-1.4417427505450418,-6.541944782852222,-9.64103975558557,-10.69905634937612,-5.620530568446256,-2.2148071800475218,-2.4490363971444875,-1.782090415793931,-5.954220200901631,-10.968060594505689,-8.097819286638476,-7.380688483149223,-9.145222070988575,-8.132069122026518
-2.307019506308309,-4.213621436475707,-3.722381441271052,-5.243521351800812,-2.505210571164964,-1.4063447630975905,-3.649155884238565,-1.5514193914003318,-10.129309616113252,-10.296376844752269,-6.788300783443248,-4.332366536731125,-4.671626446753379,-4.638142799764018
-1.050012155625625,-0.4507117206550843,2.737797259141667,-1.8268516010866411,-0.9954529778047014,-1.057856630074948,-5.012784201512557,-2.357329690601862,-11.611871510707031,-7.097511254267902,-3.674981744761851,0.1865116735742393,1.0892506219151097,0.1461916997414292
-0.5582773148257546,0.4997735522681792,6.043412333814568,-1.2102924588987811,-1.3044447269571915,-0.6290668080862192,-4.45759227221962,-2.787909463781877,-9.222275046526468,-2.342924741373695,0.9577752629930636,3.858707535867314,6.00365890604495,4.312561111243636
0.5342484902345778,-1.5825792949241624,5.064243368249641,-2.0354193749818084,-2.503770002412402,-0.3257905826242306,-0.8563483759929618,-1.539861947014736,-4.044972713689061,2.44364212337814,5.914849361762434,5.266288544099014,8.497489246282075,6.381700040603578
0.296285092509425,-2.0966668898208125,1.5081069960123958,-2.46085947398653,-3.3913644982955047,1.127468837177639,4.505358515015617,1.1135202728683744,0.9504726395258744,5.493648029971654,9.242085930626043,4.343867009966123,8.02527496814598,5.804796835024056
-1.5574100395723818,-1.8655872618359943,-1.7960499220318988,-1.8407310618756003,-3.279710765569852,3.8895739067788218,8.454111801227938,3.345882771761593,2.8291968296386383,5.477240725543492,9.46064328556982,1.8628583995694916,5.049787880367552,3.101469997536782
-0.3232963825174456,-0.5517239354490624,-2.9889152889306,-0.913105111945832,-2.231718770931168,4.2929364648018975,8.278049066216356,3.347740548696242,0.7596401394002452,2.4018977535246995,6.889406467445776,-1.3288163609100463,0.73436527811171,-0.3932321773581257
3.840745519531509,2.691788240033853,-2.1012899285040563,-0.5907639763397281,-0.8185259308620552,2.3992603403762267,3.94736340871549,0.954687843433879,-3.418463943348284,-2.034826337850996,3.670655382045685,-4.640398308736114,-3.4979777504382747,-3.2047517670730183
7.106856042861504,4.607068522570421,-0.4550714240956779,-0.8143818518648231,0.2707178012766826,-0.0128574526339484,-1.7951202957013424,-2.217409497527231,-6.612135214460128,-5.281796999359171,2.1901680195738846,-7.597129114661111,-6.45547376539649,-4.549194898944407
10.298312767353552,5.398691849280706,0.6297117104225975,-0.672041095962232,0.5587273358992775,-3.747465844009033,-5.609169820227658,-4.21422337343486,-6.770545947428397,-5.630576736463102,3.1649050605525613,-9.65113605725178,-7.587841717348013,-4.729100113755189
10.152243987525829,5.145224852821438,0.7027403719198357,0.473790363636196,0.0013368516385163,-5.129799055767887,-6.091934980025048,-4.356264482819726,-4.280806876273731,-3.4981471517544103,5.117982131410268,-10.285523436428694,-7.135358794860288,-4.698678722255257
5.720461442875647,3.0957836383810933,0.122455865036188,2.1570474524501027,-0.9697877567135044,-3.738030006070448,-4.49968923168378,-3.5691530178621163,-1.464523823779012,-1.1559123753900875,5.712826583332928,-9.334023833865317,-5.938418327299232,-5.123020329335683
2.296386875542306,0.7557422577441602,-0.5836509676448554,3.1602958239510475,-1.7009163269926637,-3.594175746894189,-3.2179151742316834,-3.29739001277034,-0.6787053277402704,-1.0047689534043736,3.6888835574057417,-7.182036340607185,-5.006596328074826,-5.784429621408799
-0.9940358605040748,-2.116735842345391,-1.2145635373705028,2.637625211255819,-1.7996052205112925,-3.876995911980536,-3.569982898091875,-4.145630709501204,-2.5226390720801377,-3.748439250711159,-0.3237741644531091,-4.632700992006011,-5.047168635738609,-5.890149012960421
-3.012801555413877,-3.9060756838004926,-1.8471089414348087,0.8509573893427458,-1.477580310125298,-3.8322343284214577,-4.955429160745507,-5.434954687615981,-5.445876140352905,-7.904665190115629,-4.631734817468547,-2.508822071676482,-6.123022294913386,-4.940297664781384
-2.6988423497805227,-4.195839978531737,-2.4600381056508187,-1.135078732709339,-1.375317935328507,-4.023592469694316,-5.841620100667896,-5.860239398700451,-6.928631633877283,-10.93961575152179,-7.919448255878434,-1.2379665905443589,-7.563733278216042,-3.257863170423512
-3.0626688588505755,-4.823722141678661,-2.751416808980762,-2.388041417379608,-1.942469816801024,-2.9172681203735134,-5.364970424024615,-4.514663041676309,-5.276765126772926,-10.997817819067937,-9.952954282824829,-0.6577164034809768,-8.218998255591377,-1.6665608546558253
-3.529723696457485,-5.298946120066812,-2.4000095973508957,-2.761467027982552,-2.9408394547387453,-0.4273587024654379,-3.944757192877881,-1.482478633327462,-0.7343546826500025,-7.892530511016575,-11.221963401539169,-0.1704411547649056,-7.036559249337209,-0.7065719301157807
-2.3035563781410198,-4.386008772637616,-1.4914522842283424,-2.7858759889700355,-3.589512854467227,0.7185319013982258,-2.53521720628333,2.2548897500844967,4.788966670754425,-2.8546434659974205,-12.270704428593543,0.7931512138713348,-3.716290520265866,-0.2155370345680491
0.3320856369262328,-2.174581674040708,-0.5973805905407295,-3.0626419001357665,-3.2467407250615707,0.693302762649735,-1.5340914011029327,5.3818365730670585,9.060867947966935,2.415425469339823,-13.4463680992464,2.2760371163979696,0.98377884691036,0.3683325614838049
2.564542390607168,0.7697355845996359,-0.3197415463910706,-3.741660972848783,-1.9716258258526616,0.9464099836700164,-0.5397334603300048,6.941209701355917,10.92568963091445,6.551813568701499,-14.966970230542438,3.6826665930968088,5.579865188946844,1.4220460357940978
4.5761605818741184,4.707007606251214,-0.6848158514756999,-4.4294616103133535,-0.4372098750562405,0.9638747246782392,0.9064129426841724,6.839214282576874,10.810420360828369,8.841563933489251,-16.78519196998785,4.266417083338915,8.677086636462173,2.918287191528054
4.647931738884663,5.947390972544672,-1.014555273833628,-4.504039300630873,0.6533778060876543,0.4372472554116877,2.5010432281503943,5.854452851296011,10.089903161840228,9.259379062884284,-18.243584247368823,3.875528224979365,9.707560149186795,4.653128115662975
2.1849837975138917,4.09649928511527,-0.519264697734974,-3.615878406840367,1.025003317455773,-0.5434936222498137,3.182782612625634,5.029378816191869,9.874106200702926,8.4255817777408,-18.18556218091417,3.208575458070737,9.066520288262858,6.415549949504518
0.956899938512754,2.5609094615236825,0.8507723807587144,-2.083867327532629,0.783594352315214,-2.7435498348184546,1.9538758807845635,4.7951238926551785,10.14084189003058,7.367282141338608,-15.911491635995784,3.1464669580922378,7.605625280675298,7.750964372389342
0.5382151693374934,0.4424271348211609,2.11326556146914,-0.866712920974569,0.1085789505624512,-6.300602723299007,-1.2540707453562214,4.566127076750135,9.840220998663115,6.938187524928043,-12.267235519636271,3.6683084830087926,5.958911348104595,7.695756763821515
-1.3352865292527456,-0.7336000381919955,1.9337258508137516,-0.9523041452153002,-0.8267772355298493,-7.260767539528548,-5.3770326709427,3.284144287528323,7.856881955084964,7.182272636825017,-9.557904452804358,3.499535367555116,4.26250275882467,5.1844424530993125
-4.108429567737087,-0.3842305624294436,-0.202617575360909,-2.4712153315145904,-1.6304319336142354,-5.506269527225113,-8.736557454459527,0.5409295469440696,4.057607230173679,7.251066858497503,-9.885198293276144,1.1309161699218624,2.415432490362556,0.1605287279029754
-7.49048042990056,-0.2837139200080814,-3.369139313785662,-4.289077231013193,-1.602093145581934,-2.655912773191541,-9.845351623283992,-2.7499089558972707,-0.4297646931592807,6.131484010241328,-13.18814559035896,-3.5365012273713163,0.5186513639328874,-5.613490874999458
-11.790095650465748,0.1046966304320164,-5.792060220820138,-4.680944468178348,-0.15045250256545,2.294509863388912,-8.069729352684615,-4.862167083841172,-3.9531874788863126,3.63991456066113,-16.898273145155557,-8.53472883797727,-0.9943941253860772,-9.187272522138365
-12.95254269707313,0.1511730370136628,-6.248450976427707,-2.7885544801899163,2.541385471247096,4.442786942116912,-3.948421415612629,-4.600531135767544,-5.484998315700118,0.7562477436889251,-17.788462834493146,-11.060334112415298,-1.661323331587653,-8.42202290381584
-10.629341592612407,-0.3742688165550868,-5.053799726437875,0.3555707109571382,5.311738982114852,3.408020973731028,0.9307834961796836,-2.3081531935703814,-5.223433707366718,-1.0786037359889908,-14.497201740109087,-9.701315555267412,-1.3867587497643856,-3.81027122294483
-9.663179853998823,-2.004052613189363,-3.725913751838041,2.3591863956855,6.658661165939504,1.8904396941847617,4.570869179322897,0.3672678288121719,-4.185548400838252,-1.09164891371067,-8.490842968073567,-5.6666923895831225,-0.5038419963058656,1.5899472293918926
-9.229663985182476,-5.076273692833862,-3.61109747735543,1.3854769876803028,5.775966610702312,-1.3792877069202123,5.572821233607376,1.7378992695368618,-3.2561968698817987,0.280803963067955,-2.683676441202702,-1.8286546502927288,0.5480434620763732,4.285492953066861
-8.426248578476887,-6.000328309636835,-4.721391431273249,-2.120433112892941,3.097891138731925,-2.9424932294147936,3.97177255507376,1.2629257751354483,-2.617366752032387,1.8623416959983363,0.8890145179506951,-0.4020996534345786,1.5549533996038,2.8762251033669237
-8.033338401045995,-4.7595066955424254,-5.814783467733477,-5.541142018553266,-0.1008942693217207,-2.426583952877884,1.2452410297163183,-0.2974925879575991,-2.0156031884269403,2.6877538436416515,2.2308913725494506,-1.3436785777317368,2.500861779375569,-1.080093938437539
-5.575765143593373,-2.585588898173514,-5.564006647431029,-6.144640841714235,-2.6282075082603136,-2.24212920239012,-0.6709988161907958,-1.7390795871355316,-1.4352536090035848,2.558873700386634,2.61707522275778,-2.8156594929207515,3.2549406336251465,-4.488226535896168
-0.9525479637748504,1.396623571369438,-3.682588500544176,-3.3794699362361165,-3.983132752655431,-1.5121690852826069,-0.719520952956131,-2.405389644623945,-1.3713854145812263,1.8487662018757616,3.040192301058248,-3.0920622559154225,3.41564146656334,-5.132475434755852
1.1530490739974326,3.1767432981654857,-1.0306758865900625,0.6473267196895911,-4.248112246493244,-0.8459078281360708,0.6174359256237274,-2.466998177639504,-2.395674946325723,0.9509919547303484,3.5195571756792265,-2.035461340886684,2.598287548165697,-3.131058821735923
0.9755321172224362,2.496094041667446,1.2363370041877602,2.993324605157202,-3.614441284875309,-0.4654855138019034,1.8791038920468248,-2.4103980066171964,-4.485356078873739,-0.0092182997211018,3.71457076399874,-0.8690343556552023,0.9230180028081812,-0.4638053648905895
0.8156419738480076,2.080506244137196,2.5791862877823704,2.40539315379624,-2.1586670304008955,0.8507844909735399,1.95215983319666,-2.384321580855513,-6.802209555212698,-1.0128164257872854,3.82261610715695,-0.6865689119998422,-0.8468292659174317,0.7873341887362315
-0.266169171266991,0.977423428885562,3.2670191666117034,0.3049126034905924,-0.0525055754782961,2.9712734150251983,1.043471631503298,-2.069278122967731,-8.128685561788831,-1.8589919883718624,4.580502440418599,-1.2651221610819157,-1.7637414958462472,0.0041493119589013
-1.4297918409871884,-0.4876725538037829,3.8590257251496993,-0.6038637066586148,2.181589565492951,4.215438525423249,0.4668156874784284,-1.126524419004145,-7.591000170669478,-2.1601075192633274,6.340181824821308,-1.2965388939734854,-1.392302418766354,-1.6967556382168212
-2.4679206291352447,-2.071215664469325,4.5770634395252365,1.1897919889425843,3.801662131375743,4.667979103275405,1.4118628028826272,0.2985649380025137,-5.177157907049519,-1.6663974787854237,8.299063806542577,0.2661862148861935,-0.125073555953314,-2.520797085597426
-3.6868703316841698,-3.262266858128858,5.092967165234331,4.63213676459576,4.308661434716363,4.8007146701252665,3.745937720217988,1.5463493888693307,-1.819021091348933,-0.5929873952827087,8.856375281102181,3.0572795061645337,1.1446821700153045,-1.5050772987802858
-4.807308062628293,-3.8217640752163753,4.785660666238183,6.9566956958865305,3.7672527176645474,4.232674261880538,5.907437011091655,1.906806703053757,0.9666052518399796,0.4065601790541713,6.924252921652368,5.401158907330586,1.675861018543511,0.642574941607581
-4.309647043706574,-3.570128866296972,3.199853510081024,5.929483793972825,2.6557198897423646,3.8983773262828896,6.062641486380105,1.1406518713013938,1.8026561884950605,0.6655023240246045,3.038393455168645,5.591786544091175,1.3185827794272242,2.0216942314385555
-1.9546185443302957,-2.1978892192595056,0.4319152542160509,1.599049511106358,1.437956646402668,3.8130876715164015,3.628533746878993,-0.3644913561515679,0.3027970014771295,0.0132310480848421,-0.7656258822879423,3.289693216213829,0.4751929853748251,1.0541914668503658
-0.8637022272834262,-2.8487601385901904,-2.7292118794681937,-3.729187247024962,0.328969737469821,3.133337982327356,-0.0994113924539998,-1.8454173868750487,-2.480366852948947,-1.0516080172858615,-2.286137125190264,-0.0763639330467746,-0.2636858298520241,-2.078535740996262
-0.7822825808009893,-5.608415873905562,-5.027473028490748,-7.059344322142952,-0.5537912401298826,2.025842395818758,-2.7934269193876577,-2.574121833382101,-4.536361477197696,-1.7074370707551303,-0.6638951274839755,-2.213606398721764,-0.4934818014326865,-5.28825162085691
1.4167618478576287,-5.391413631601246,-5.340566537816926,-6.538854269583268,-0.9528929235344528,1.486584455279304,-2.797024800476104,-2.2020932383562712,-4.223121214108842,-1.4459523806294818,3.0891637135503665,-1.5163541803881202,-0.1784088794745315,-6.032669120893917
5.335222353818093,-2.591480554215566,-3.384901895267518,-2.3871498455928712,-0.5553158965377332,1.477075764561552,-0.3447344345148515,-0.954482276984928,-1.5228763516808037,-0.5017156780440839,6.883110320782869,1.8222686365920708,0.3896256379132214,-3.336725685574656
9.494373669690177,1.443451236114761,-0.0104493011880748,3.4302237811547656,0.6096347505044459,1.8571578171132688,2.6696738820620265,0.4044920788394215,1.86303086890201,0.3023143176247718,8.980986686204936,5.879515023358296,0.7990534065759096,1.3005267785441692
14.404503009282706,7.7738045119897405,3.271163538244826,8.388602841946724,1.9251094386119831,2.877729433863612,4.170562086701958,0.960599129546594,3.801834359116824,0.2107546583913766,8.967926022747754,8.204088385217652,0.7891955775152324,5.020148809352959
15.936808252309117,9.017222798767932,5.293701210863337,10.764043119730085,2.50005456468872,2.8883081867075218,3.427906312018875,0.3246306080790608,3.3978736200533586,-0.825399459455129,7.636550045314214,7.401390323762696,0.4247255340610492,5.944088479176937
13.5238910579158,4.622099445755712,6.014988713046327,10.499408230314312,1.8806365239964595,1.820985408094834,1.455856265013843,-0.8737324815889842,1.6328971664654066,-2.07002214678705,6.082854500606864,4.135899589355849,0.0372944033406579,4.775291649572677
15.07761962116529,2.881353815501878,6.396648361569023,9.09953905789506,0.518772109047763,0.5964018760153778,0.0722170878051731,-1.2546429590752322,0.4371302712266747,-2.5785213828750067,4.8698796589425815,0.9027267137040234,-0.0457356577703613,4.192727909655803
19.95314048397569,2.310279406971996,7.4563880859601905,8.514654556905661,-0.5040627673752169,-1.181217581031209,0.4720827712261037,0.250244950388673,1.0280703709774563,-1.9686851925502025,3.903505291329001,0.596116634717184,0.2242290786390945,6.451528418532515
21.517807258270825,3.069854638980312,9.31273635478396,9.645516366548026,-0.3367136660061121,-1.463891759868989,2.4503102668624663,3.350344450049807,2.975713840659997,-0.7385225589797741,2.944736326331782,4.633712053934698,0.5749748197002624,11.220880777762964
20.916172032794805,6.63261459724284,11.069460697268177,11.558300686310208,0.9177776135691644,-0.0112098541684851,4.761627909247846,6.394656493102545,4.755444324378409,0.1579048051924765,2.1454834056868,11.796704850848895,0.6533194456825235,15.5809827743429
15.199671393878932,5.375388685925327,11.623912400385116,12.153477448753144,2.249518983250315,1.29492741661212,6.160933833547137,7.615481582734283,5.190873851569229,0.1472824207359977,2.08072176200978,18.678132216629844,0.3561329286871739,16.274189483754768
2.8258988966548118,-0.6697563492274201,10.631928988825416,9.911249898503208,2.5401672939383677,2.954662635841468,6.221570901871495,6.614534863982101,4.423671867030166,-0.4091068703855569,3.27738888280042,21.66447457867443,-0.0217191599433377,12.346504966366908
-2.5398393161936514,-3.169594390486528,8.7357076654254,5.325733417647744,1.45741870313147,3.529663834245758,5.370038045093569,4.730633570710873,3.564320418180822,-0.4415361177666295,5.680181388846474,19.24171227034418,0.0359156777104026,5.962102622992983
-1.1457549801199205,-3.32044277156054,6.886731183371028,0.7440159177187162,-0.2739627515626406,2.6398718651142064,4.306548505319,3.883600704536155,3.4668981085989365,0.9485167412022032,8.497291269019394,12.994072645439164,0.8696897662749912,0.7385134685629371
0.1685051925739523,-0.8466592495126644,5.463427255538056,-1.3763356256302064,-1.418803348150078,2.366455749875097,3.4415155310813272,4.8981453311245975,3.890981227473448,3.638485186735087,10.537090203084905,6.4759079013356455,2.311422208055573,-0.9621566858180036
4.322747765951211,5.938736198827267,4.043290691571688,-0.3897670854586845,-1.1429131763300049,2.3260888916259788,2.812114576062701,6.807338400567952,3.8676360412843,6.372129310701716,10.80762232680589,2.7206936988778416,3.6806648468147785,0.4330911844261749
3.8302025833484152,8.103967357019636,2.0046276309480757,2.040766302066684,0.4043301904123453,2.137395915066114,2.386984210899982,7.734673215147728,2.821061388753522,7.536106138791762,9.030506793410291,2.256040965334023,4.160198963304419,2.442774033705943
-2.3460417646009644,5.7141653982254335,-0.6948436197458925,3.2851173392867103,2.22327852248284,2.109272632778841,2.2853715327254385,6.524008612958593,1.2192746616704966,6.26814589216,5.8053186268038495,3.122658214920886,3.311864443543321,2.6949387245489778
-7.223244239698199,3.2905866130682098,-3.3494234632507656,1.8080521268273664,3.155309974866725,2.114595519406661,2.596997376843529,3.6793295920240574,0.0609985271582864,3.063582278606244,2.3416869820460637,2.7712742086835327,1.3743890658867208,0.6498700227104841
-12.641536037993305,-1.0941078051984496,-5.088925227347289,-1.696378240290727,2.6255730689802377,2.191754384808412,3.014313374101981,0.8790344966240653,-0.1983926800540665,-0.56079034791928,-0.1299926146700727,0.1918904224845157,-0.8547246495055028,-2.35841770948786
-14.545821535847718,-2.034850767758177,-5.613915816325015,-4.916451925276622,0.9796526873399748,1.7529996104707397,2.7900220987009874,-0.3951876571391288,-0.0530483250532185,-3.052238867811088,-1.0045291541027908,-3.4805098964962564,-2.4415060720335973,-4.471370499655592
-11.655586357456922,1.1977573534202035,-5.392509958436644,-5.707561320929962,-0.7407983470101343,0.7382493877905743,1.2467201833487422,0.0878318449015971,-0.2224715802708345,-3.7145259878221992,-0.672541533345596,-6.254721226629048,-2.7531411599994837,-4.736543937295039
-7.853905928906664,4.2147520942083005,-5.209242022784123,-3.676848830156207,-1.4372437366147146,-1.5246718730492448,-1.5647360644253163,1.330683513336265,-0.6695701381723786,-2.936756419932104,-0.3634942620675314,-7.193795805185848,-1.706594344758113,-3.543873374768016
-1.756388554006564,8.409107602303832,-5.562074537617264,-0.477875390243728,-0.6816018676026303,-5.302455054338334,-4.743775690810317,1.9670764896976056,-0.5982405363962098,-1.759208846899725,-1.4523216617871633,-7.205469256352361,0.1925212438083541,-2.018394855044804
-0.144856646867569,8.625133852197713,-6.442207750194022,1.2948730540648867,0.870498775072285,-7.210734780266596,-7.1940419427006645,1.1307131823976313,0.4274264530387341,-1.2167044912571825,-4.558704199718502,-8.059558802540373,1.9872884442108931,-1.120805524750022
-3.9590221357738886,3.9280216795071534,-7.564132250822212,-0.1837874272622528,1.71847672784585,-7.244723178370583,-8.500399176732596,-1.2515848297629404,1.477438676469955,-1.8876512381999755,-9.011581715937908,-10.61402017267197,2.601751523875656,-1.1951043687802994
-8.284426108029562,-1.401260354487602,-8.690694861540514,-4.754759024742228,0.4318744454485816,-6.97103343122004,-9.175896012479686,-4.663182096931816,0.6785113222176946,-3.764481416080688,-13.140934685549144,-13.936777867022048,1.340204127104105,-2.121017490792042
-14.991380460290443,-8.838526254761007,-9.72223313000595,-10.302391153429056,-3.2485033179883587,-5.610345179977697,-10.009767905234291,-8.269863452081285,-3.0530367306879427,-6.3269409145094215,-15.31845556720748,-16.14990267176877,-1.6881358946123015,-3.7063731141950456
-16.57875962722825,-11.492206950291896,-10.556326454050083,-14.021056072240576,-7.950426762334523,-5.465713093148205,-11.168174622781688,-11.065827701389493,-8.569166220225597,-8.723488097718866,-15.029118603275675,-16.19773180311224,-5.569928115241348,-5.887168011965246
-12.00472620882165,-8.335830105691088,-10.962137294257552,-14.163122986846446,-11.383343802137835,-6.769305510302621,-11.989795080751824,-12.095141725079593,-12.884809506840138,-10.07486154147282,-13.109426346009592,-14.857468488479302,-9.108529578102557,-8.59253681673879
-8.221858564380922,-5.222930237625387,-10.63577774857247,-11.154762567735627,-11.866865404950737,-7.038320064491749,-11.715400513913474,-10.92991704304378,-13.31398229212273,-9.872743757526944,-10.934404288816584,-14.001985789997594,-11.492616926885985,-11.455724155011922
-3.3318044249876184,-0.3037692344305245,-9.37153327498876,-7.285314705556086,-9.520210122866567,-6.760311734992251,-10.39335492662163,-8.139238421280634,-9.5921500982225,-8.270625253969168,-9.284041023853426,-14.766972375916245,-12.56271796680267,-13.681103850174548
-0.0017269223661552,2.337609628198,-7.183773876330132,-5.086450077699459,-6.086201191701964,-5.466085774737654,-8.96094660498106,-5.190229874530399,-4.139501598695945,-6.000489599058206,-7.929417279743536,-16.325516077555342,-12.50588648219541,-14.263658586708502
0.6726212480693153,1.7397195828068897,-4.309250151090421,-5.4865216159636425,-3.470304159470807,-2.699085102276052,-8.326245845571869,-3.5841271814568216,-0.2024223182856381,-3.884323766473472,-6.250137229353104,-16.4439337223844,-11.38814758805342,-12.500803986667153
4.461972963811976,2.3676458645922,-1.145129739417552,-7.109632151646441,-2.232143136528641,-0.1771743732832866,-8.343628989862967,-3.790021905149484,0.5765167646869482,-2.2835946794859936,-4.12571483671997,-13.370590101407256,-9.08402302675239,-8.488944855036168
10.673931609155789,3.071171164273778,1.8159197368724984,-7.339910037947982,-1.3552924372763613,2.292505627618282,-7.772851074034177,-4.885624849671631,-0.8351864479778488,-0.9591484187317044,-2.088537860910126,-7.403370738559193,-5.689709462785956,-3.240427283209604
12.759776897239687,2.791937245760654,4.070082711076177,-4.42769534520896,0.5258996713884443,3.3622088038037954,-5.389248731158995,-5.2826413348238965,-2.0005286310788524,0.5083679101217999,-0.5990188833779815,-0.786588468821007,-1.9193031296864689,1.7183543524401408
11.220187205231769,1.9742780502385664,5.243145982277776,0.9826215330065402,3.61265982107164,2.541939795635616,-1.2601944531755809,-3.963767272737519,-1.194274302391218,2.1204710547383385,0.6554358994407927,3.924223157378451,1.065490543036372,5.031843001874163
7.789508646307125,0.5487968160542229,5.244741237973461,6.156838676796898,6.570551991355007,2.040663252678399,3.0297271541578006,-1.2237674907414655,1.2696514902765816,3.2871155994134345,2.51647616475276,5.608332639380249,2.372268125295376,6.03829952996486
1.06150524226489,-1.5882600436563317,4.324085969645203,8.220882345415909,7.637546841290739,1.4368021245643408,5.488825132793297,1.607979209427902,3.5767829078633024,3.312588669310548,5.311744263708878,5.045229956069225,2.0190845289420123,4.855709467786978
-1.58811656565026,-3.755976019522712,2.9623873509264333,6.213076032427857,6.15516902746845,1.0403659156462055,5.232811860396113,3.114521829412775,4.138876589568059,2.1191481609239604,8.132351432676291,3.9090711216774734,0.8850058182066061,2.146641563011209
0.307736570109037,-5.942480181521908,1.6717805000912829,1.625101657762796,3.1049619253052416,1.2404199020465565,3.112404634471843,2.638049376777002,2.890673136624322,0.4925014378946271,9.334642964331511,3.3293810132505155,-0.0171279521490577,-1.1237772004486857
0.0657470300518908,-8.501725638370269,0.8337597236312329,-2.879417155201624,0.2250835177015315,0.5708811606972625,0.9701245919661048,0.549789368306576,1.12267337512254,-0.4533820645095185,7.9595080875741235,3.264113336902036,-0.2940640216357639,-3.8175233416587497
-0.7296750505760247,-11.276990205125008,0.6345374225702258,-5.364130506604874,-1.3823546020753228,-0.8296215755538797,0.2281399166725237,-2.007110645101786,0.2440200691773064,-0.1411688698230953,4.79676237811907,3.0641872515566746,-0.2802372681129861,-4.837041897038003
-1.4485693653244422,-10.9771490804837,1.0444827860093922,-5.569029328276241,-1.8599344425218511,-1.487656740860882,1.0012166885875071,-3.639096154245324,0.7171811169214002,1.0652313001127125,2.065285979356224,2.512134892058341,-0.4534967210254925,-3.5940916437896373
-2.9772095962336182,-7.272879186591516,1.800061011892165,-4.393141240562828,-2.0065394173452127,-1.5661816926180463,2.3587626190815767,-3.322079118755884,1.983239545851939,2.2618187549595863,1.8647077028083707,2.254126675423958,-0.7767225750127089,-0.5004291443712958
-2.503450699713654,-3.8267664999875306,2.458674744914271,-2.7616164426656877,-2.2652073542024205,-1.4783129012841991,3.326060634118108,-0.9777288909603552,3.134813206613053,2.780093840683092,4.585942334530564,3.178245672341072,-0.6477163932244139,3.0466007226099325
0.0064296898385022,0.1031619821452893,2.621759885547742,-1.0720818728757884,-2.351574012788872,-0.939491617958627,3.666081085118133,2.3100933858033947,3.5491055379155174,2.594538750674415,8.501693487099843,5.326437691324173,0.4699342236780239,5.411069388078593
0.471557932174847,1.885232620751623,2.2451039217276936,0.4743911090195603,-1.7760735330268531,-0.6350349380402955,3.836922120338517,4.782604488674185,3.053295786520337,2.0721519953918435,10.863649075631072,7.433352560409837,2.3656674137587608,5.72677049504788
-0.7601832792473683,0.6586662129131862,1.7509957953898176,1.4085508853986577,-0.5433107188356416,-0.5966628191032095,4.344288722004631,5.102212216060174,1.817442529242694,1.472160417504217,9.74060947073393,7.687597127383825,4.076098911888099,4.338588527314039
-2.3623243772417397,0.4964500083783594,1.7264758405696323,1.2047320763201943,0.7854906035618452,-0.4532416572530134,5.212862358404871,3.334985019492393,0.2944740804656209,0.7947613570994889,5.314986179350518,5.211512744466967,4.645266831071936,2.3131344279629715
-5.144015535558153,0.6222186425137385,2.3758104576025403,0.0383843052341053,1.6820827896935917,-0.363964123938107,6.065744924293888,0.9713797519888364,-0.8238667931747461,0.0937815749495722,-0.2524042284911605,1.0221429448441892,3.979734286172436,0.5287885567942574
-5.769309450844036,0.3454453805377032,3.229157425887676,-0.8684836785632246,2.169001345550773,0.2735023013205262,6.628898622719623,-0.159790707886696,-0.8693595071997926,-0.2076079883136508,-4.254759472029576,-2.446530261869624,2.993375661683244,-0.7738174705727072
-3.9679274805266607,0.2561024556638374,3.4715676075698774,0.0008493219052603,2.678491059896104,1.533095004590894,7.0546755171634565,0.7528570577109406,0.3566343650529351,0.5178321484517099,-5.11587104033997,-3.020417695779182,2.8721086138115077,-1.6505611791082
-2.371912636800863,0.6988334057285719,2.6782767164362298,3.071600086692202,3.4564309886794256,2.7825616905047785,7.693607480626827,3.0120991437356075,2.349095759728492,2.517769052251813,-3.155849890775187,-0.3965872694686716,4.085876113146334,-1.8744362564019357
-0.1987385442284607,1.8160253121076784,1.2744536035686949,6.938623979017606,4.21905965298188,4.160765827751371,8.570511758522786,5.161485507803644,4.193194999139617,5.225229373655935,-0.0748608971752133,3.5889073232577946,5.979908170818458,-0.927060322157276
0.3098717228636963,2.4709980508725,0.2181727258038019,9.13911361310495,4.430960615543853,4.084233401407017,9.178774877836606,6.215813836564674,5.201806582703462,7.462130577766519,2.242643631825324,6.2760194070598825,7.248177298617925,1.3050299293985257
-1.3570000378843965,2.751851931436232,0.1351331546843717,7.971125132889485,3.845022307111501,2.2950789936601086,8.901679892976727,6.22340706986758,5.350955030657548,8.191821578683541,2.6721990052252664,6.079426649377492,6.868326399295746,3.883248392052
-1.6830093697153894,1.2103841215336704,0.707441024704675,3.8913170491307447,2.695314505051368,1.2354325418595322,7.688304975267428,5.768200089030206,5.147587941922335,7.225940717639261,1.0925992893892484,3.531822673191243,4.7861794071572135,5.105398472009908
-1.19094203853051,-2.564781112813851,0.9235024827602238,-0.6976517162933575,1.40058006558467,0.5714360083433478,6.275734810324646,5.129692113184952,5.086395492233251,5.319583742959576,-1.855490747726403,0.7292485118523899,1.926940609248209,3.771600515540477
-1.3164756538139957,-4.002892682712171,-0.0104774993571332,-3.139908930668053,0.2010975005377382,0.7904223582135146,5.641064997710284,4.110590312520198,5.202685211061546,3.607532962620308,-5.09141580685468,-0.31392752708323,-0.3728570170056464,0.4221955529750332
-1.5418883818308076,-3.2706067718706486,-1.9299616965942263,-2.36443135548948,-0.8594622457087411,2.42587292021429,6.131875649800193,2.694954459268491,5.109240606085479,2.866706156670592,-7.379916192912166,0.9157904641112822,-1.089066198562989,-2.6675215244097394
-3.7752226619719775,-2.1146676523856773,-3.807436934653637,0.531365181645171,-1.697523350772265,3.034848998903433,7.085460555363927,1.6480424950064787,4.469916518774955,3.1811131583391727,-7.695986793777827,3.293703357199039,0.0397023512948209,-3.0081062463279373
-8.344696086234269,0.4543286742734038,-4.567642305505153,3.283082651405998,-2.1011511061918497,2.79161141117547,7.316819875112227,2.128110797366002,3.479625664770293,4.180542698273644,-5.661016723698729,5.1697990708567545,2.526022227591828,0.1416927267193664
-9.584080420799635,1.3344688714399913,-3.886799015180152,4.130773045745684,-1.9398168571199967,3.25355047270369,6.051685335042144,4.474899711449606,2.878369381486557,5.495675323068049,-1.8094820165159469,5.691087756930166,5.492658087749589,4.988373514006913
-7.609175571626827,0.2727188932075584,-2.3461262074589406,2.858485970576609,-1.3715828547778592,4.0190780938667015,3.49233650760873,7.407959330907193,3.374218198545492,6.913832811403761,2.5238054606499176,5.205305462097865,8.061303850020522,8.361978931998298
-4.553310394484197,-0.1044997406646537,-0.943725242734338,0.5856983757595557,-0.7129369473712792,4.956848283131805,0.582741999957495,8.666433204452474,4.873079654955916,8.099394731501636,5.655865092075818,4.508611647042969,9.5160376115452,7.975883660963284
0.8734969378238185,-0.4964635497488421,-0.4578526530416269,-1.2555481503891244,-0.0775774549196484,6.269533143763003,-1.7311808106233464,6.745924975494614,6.19904650648105,8.300226372959486,6.161966222025956,3.769751088331951,9.287611359457756,3.9868837651536175
3.2588621340142376,0.2034253300840809,-1.0936230929954291,-1.8304041572532483,0.7696125691933737,5.85024992334782,-3.076777154987824,2.216801600162533,5.70862786872549,6.582105821625042,3.493689708367171,2.2459297242687803,7.040571608659519,-1.34857597678225
2.1771717875288514,2.43594021571823,-2.4640453845284505,-1.128032037938851,2.107909929841803,3.542378067540392,-3.672803495535089,-2.619228079779542,2.4705699091389235,2.606367417475361,-1.5548032903507971,-0.8717561289097056,3.0045878269096704,-5.476046290446263
1.352714446984852,4.936869665910417,-3.750711842166485,0.3612776441908742,3.803185580657466,2.0631545732204777,-3.956982829378589,-5.484664801422873,-2.8983465283713024,-2.729782609022124,-6.877088504427409,-5.274967425588265,-1.7460059611314698,-7.195477986019863
-0.5340134961424366,8.105968527798488,-3.999689609339175,2.034143065254977,5.209928605259819,1.0207890927045125,-4.270875138320477,-5.785055757331481,-8.490153734441169,-7.554611232354418,-9.916624507363498,-9.22962366836076,-5.57317689493183,-6.932123256982461
0.1774332852837938,9.248864991767286,-2.606104331868778,3.3502404858107475,5.574477124715909,-0.2042053446319527,-4.843244922862713,-4.816749068497373,-12.340380275675958,-10.191158522667958,-9.151099306102846,-10.632447736492528,-7.210116584560382,-5.815987673974121
4.1372349778285455,7.981583394597052,0.1709499631854676,3.892958921560599,4.563326795726269,-1.14342424211781,-5.913765412863231,-4.494728378760421,-13.687037391785186,-10.31918352310349,-5.232633219827775,-8.656424976933828,-6.694203310225259,-4.718877519943625
8.601902271301945,5.911953385207631,3.12658859701892,3.506213078041231,2.4562191662102717,-4.231796944207964,-7.677913040967518,-5.7721808417776685,-13.254817126651432,-9.088112684260356,-0.7196526919094097,-4.545081345928725,-5.378093290149948,-4.017972573608379
14.62678237453982,2.248460379124784,4.80561050772063,2.488220979298088,-0.0582420334711883,-9.644742157597612,-9.970758047985589,-7.996468108849438,-12.372361815262297,-8.035146129860108,1.6830972401279745,-0.7259286255084376,-4.7959710136378,-3.807689716942292
18.58620278352335,2.007062496527858,4.64440642727088,1.6221139069835608,-2.17514807853242,-11.025167905210788,-11.998550523138448,-9.53311192988108,-11.71154699867247,-7.761917713673325,1.126646296115041,1.144817414770852,-5.264746367175306,-3.8848545397854046
19.968580624913557,5.686344738844324,3.602851624228741,1.8865603164646083,-3.129728274694326,-8.480800648377203,-12.545867928469368,-9.01744445844003,-10.746037594757937,-7.548453756876734,-0.7795598264044905,1.5604162545418203,-5.50019178971808,-3.4586574733129094
21.630629325947105,9.987109494229443,3.5435101376444305,3.9397047493365527,-2.343542177227885,-3.916689844168889,-10.73165160956266,-6.290223030805558,-8.401442566066883,-6.200630469654779,-1.3296648339654222,2.6868444934378197,-3.7021434328728,-1.2327448957479117
22.60531336630432,16.22587238540408,5.687386969933671,7.662268436092463,0.2343499625434866,4.186226725219843,-6.815418003638143,-2.460732042586889,-4.320016339550934,-3.285933652303907,1.041632975265376,6.328339972747024,0.7851009334212549,3.742193965538622
21.724341767236083,17.099166661497673,9.445200121997049,12.038410391698886,3.75584604407117,7.32193806656661,-2.323131300978634,0.8312262748976913,0.4271667207316874,0.3986199003502619,5.47416047861201,12.069902875644468,6.695286302118928,11.003983279080204
19.094376198215443,11.702821173114666,12.737460065925903,15.486315203261665,6.5865769612354566,4.941508778112116,0.7862173634007465,2.425207907243175,3.928198058277776,3.498206212333667,9.343625256521074,17.275875251239135,11.619310378417191,18.438986219429683
14.550370136065585,6.040139053641556,13.604376966319158,16.520430510881866,7.169853774913511,2.57634708403162,1.3657946825422709,2.281853798933234,4.909993626843841,5.19431698419762,10.238352116686636,19.02669123079785,13.627416758245474,23.2600491812718
7.763703353289458,-1.776411520820821,11.691044472988697,14.434096471090374,5.14464555920174,-1.8353286477807216,-0.242402116202884,1.3573960934498466,3.807197875090708,5.652315943793042,7.637408615170869,16.351205615484435,12.358227742470056,23.52075230754882
3.4739318315505208,-5.850050393706503,8.310213875356565,9.64463224322376,1.734879201146076,-3.693792349390846,-2.6280700947883915,0.8024878850704198,2.3818134359794767,5.455663742049618,3.077396871616825,10.872518635578183,8.828252289875456,19.109205032091985
1.9400541965657705,-5.006586872269246,5.158161573016936,3.5121184969760284,-1.1055039835061438,-2.173878190850908,-4.400602934258538,1.05797121471144,2.1614040285215586,4.706591412271074,-1.1061387961074782,5.443530916368898,4.424484222682703,11.743146093754795
0.1479866819770701,-6.065105412838926,3.0062399746315576,-2.2546052097864635,-2.1823888577591264,-1.5112023602122244,-4.985386914050373,1.5485723719405762,3.1222648045867443,2.8285355937977013,-3.343804570875065,2.0928134944934,0.1231605995925724,4.215311834231372
-0.7493545993056103,-7.489216307600895,1.551487678051476,-6.2811801812031485,-1.898621612931116,-0.4746598706260776,-4.581590397750674,1.2678090771059516,3.868159818558145,-0.6121161031758735,-3.5744108098635774,0.995248023506054,-3.5333266736010653,-0.6913594018576177
-2.7042077086063543,-8.520620803238279,0.2867426346263819,-8.009381973481059,-1.6970638193069971,-0.8570649024519297,-3.615753817192188,-0.1745754896461395,3.115593089046639,-4.869865087733752,-2.85939981952081,1.0073294862786533,-6.08982926911461,-1.3864392730837256
-6.09421950598941,-10.065358164321896,-0.7970480377088123,-7.852105588829884,-2.677724182546374,-3.291944582399133,-2.417301623989584,-1.9467822205892225,1.0036082857680313,-7.968360862686429,-2.4109900360716896,0.8840526041953893,-7.151681681331954,1.5560910138565056
-10.274267039419044,-10.13248526014057,-1.4995824437131091,-6.991068372987883,-4.720060996610091,-5.648594250776753,-1.3739176219024785,-2.481627013453405,-1.0642761637685323,-8.003082507532103,-2.8127689120047847,0.0004835124135169,-6.796333824778969,5.296595287970309
-15.888359462464887,-8.75026001550163,-2.202986238136404,-6.811870210412643,-6.862813650569116,-8.515694253318678,-1.1175767091474391,-0.8070344206342064,-1.832531697154284,-4.821236320768488,-3.845193972498258,-1.735414566564781,-5.841255713747081,6.061867676364315
-19.341120032316844,-8.893561317786224,-3.9593638694099615,-8.12142050809464,-8.386549587410798,-8.905760531863155,-2.2120023742243298,2.369738417706756,-1.392532436601165,-0.5341716153486686,-4.8254169626451,-4.217895487833847,-5.418704880815731,1.5116238824084718
-20.46603385164425,-10.36746389368895,-7.445892558635947,-10.58461988770734,-9.397703066470072,-6.278008723937732,-4.468656698494328,4.885066148878348,-0.9810528394937243,1.8096151192637395,-5.132324533782345,-7.189259965372102,-6.085364272629718,-7.393349653592267
-19.935937657130893,-11.125049717985782,-11.802998419065062,-12.901010096686717,-10.376239466776036,-3.622189767525201,-6.633332722545305,4.67588547904812,-1.6691920044157698,0.4584407606865923,-4.628636350094524,-10.10993263900745,-7.34063462603476,-16.62645833396953
-16.745393404912704,-11.680907969476015,-14.800417828726763,-13.775734124835662,-11.33459545573306,-0.1260027125396774,-7.000523016560983,1.4695949509859505,-3.318520652161311,-3.711663754513197,-3.8050820832007375,-12.294521024802757,-8.14364954011311,-21.61451431680275
-15.591276240990371,-11.47781088754595,-14.537580145379344,-12.987281584792264,-11.617253972550408,1.225097418153749,-4.646536137244652,-2.8652942285309564,-4.801826817915639,-7.8867120398683,-3.5566179356087844,-13.377170559218603,-8.01338194173536,-20.348905622467115
-16.564837447695485,-10.168280352567402,-11.202433215773697,-11.591325838346116,-10.573073538230318,-0.2273575934783182,-0.2851718482359189,-5.709704196726349,-5.142165575482018,-9.468221140644062,-4.634590799339975,-13.637819717959225,-7.601355236328999,-14.729722589294582
-16.780822775274405,-9.510922420293143,-7.135122492476029,-10.98425807606104,-8.318134581646255,-0.7463336183202187,4.043258555781783,-5.69895665176648,-4.369095305206606,-7.943590726697415,-7.053893171603683,-13.777107592614064,-8.04949923239684,-9.057040039821914
-17.26662140012164,-9.355812366029664,-4.998879538170996,-11.632850283873502,-5.727564345370361,-1.1234754291954412,6.291197543790254,-3.646217714562901,-3.318650444183824,-5.02182652798335,-9.879902469115848,-14.32029334263686,-9.657003858518536,-6.836526281557404
-15.895035500502162,-8.351281976497967,-5.710736111401992,-12.649641149871847,-3.683082948560141,-1.2778410758414334,5.725583210586436,-1.652402249898003,-2.732978693962231,-3.0525003367834103,-11.645089182754385,-15.246649694168283,-11.186962978081835,-8.426943811722289
-12.22726781405239,-6.750414039147425,-8.006042940488484,-12.601380984181624,-2.4024708270945183,-0.6337718798997695,3.2456669075330566,-1.28310290768799,-2.6394845188664746,-3.1168376340855417,-11.186917093697131,-16.167135748875367,-10.672151030027209,-11.332127890992396
-8.674884290849404,-4.240051918347204,-9.864654889943743,-10.753282136167272,-1.505256736666624,-1.203896068688094,0.535903076417668,-2.4374488542069344,-2.560074629912144,-4.339407714674579,-8.337820294637012,-16.750048885401725,-7.168685755741407,-12.69735036645038
-4.68593063204677,-0.545945671769288,-10.24397661003539,-7.598865720878365,-0.6041993129464629,-2.880751791188161,-1.1559922546152706,-3.761491801467216,-2.1838806438840166,-4.8672904221524576,-3.9919262632573407,-16.862082473854755,-1.884163369949732,-11.728618658800826
-2.737949032968991,1.0852270481412116,-9.471517367467186,-4.32990402415399,0.3043214971456791,-3.229344267064375,-1.6038733245055423,-4.008822412604687,-1.7086647967230562,-3.570737690072235,0.4467641434267762,-16.324030156651567,2.4859028615063608,-9.949856570303544
-3.4279861689735016,0.55196700580355,-8.232333807231832,-1.9401554826724663,1.007096339116174,-2.4762825461972744,-1.2362448399546082,-3.025902360742052,-1.5000377246650205,-0.983737898142408,3.8050587317425766,-14.732642676278472,3.80451336883192,-9.273422095540226
-4.083756952922263,0.0753631407120167,-6.555241380176284,-0.8244364497026027,1.4354848263363067,-0.5664514235396475,-0.4311500610018584,-1.6125998704094968,-1.5057793465662712,1.2594666336452605,5.62024028174686,-11.762463935587364,2.1860381562540283,-9.8808579039693
-5.440858466936684,-1.0726948821742823,-3.989707253035675,-0.9885089716567136,1.7007413865417649,3.0651121661810428,0.6962116018437143,-0.6481038888960882,-1.1493383606265155,1.8934190638759247,6.209340240948464,-7.721181957213531,-0.1951326477387169,-9.980399220759438
-4.316210625539545,-0.3153532093104282,-0.6323479412199333,-2.2804609173174555,1.8197653807951752,5.122391007082607,1.907480020333864,-0.4259403282757574,0.0902615465768406,1.040158790642323,6.440818137669353,-3.6414368626446105,-1.05869224076676,-7.59717249161757
-0.0789686115808036,2.8162316292505065,2.390846516256332,-4.21198923730384,1.6338267201041248,5.593386969270145,2.5800681781100963,-0.7023774489618404,1.9930302240303064,-0.081370920882378,7.337621789724409,-0.5438160274600534,0.0078589075346116,-2.5717468402893218
5.097997572185592,5.010459387449861,3.753238991303931,-5.672961688999806,1.1798677042239234,5.224878119060537,2.19758767940472,-1.1500763331624455,3.596542124814817,-0.3494484325806155,9.569580681084927,1.5414607778613316,1.3612527507766572,3.165470601453549
12.210588644243945,6.883780079906765,3.2666552924088563,-5.200913312547556,1.0776932204872054,3.1875680124107366,1.1964334326706023,-1.5982854517282306,4.012913102367349,0.3759059166967091,12.968816197855745,3.711877344568976,1.0753775373378571,7.204628314800345
15.665047921476424,8.094757688664181,2.2278774968663413,-1.935337914041668,2.258213949985347,2.6557105813423663,1.0298851279158328,-1.8533163263739,3.309794793983912,1.4644830316137387,16.3727833841685,7.0953099885809365,-0.9971210860154828,8.531662570984224
14.872614042054243,8.051712758055187,2.2637873828784905,3.4687283716656907,5.021464333359589,3.692156545196212,2.929830519212061,-1.4867971556134163,2.529481124686768,2.427560683758188,18.072165073854507,11.453444831978274,-2.8588770869419875,7.998215108297188
12.165349117897035,8.659342831266782,3.78718474133882,8.905832291945373,8.312357851889928,4.969990030232887,6.370963892810039,-0.0568572259635118,2.735027728821535,3.440930907394474,16.75193078710661,14.970524173472242,-2.116563675393237,7.236756566150987
5.922951527904166,9.708750521125475,5.641815850152426,12.045023037954556,10.160538949622731,7.241453312379201,8.952535018796695,2.3052425835015384,3.9785609134092113,4.910174071645031,12.347113105556843,15.69232784463498,1.7405079973612203,7.268370062623589
3.4012502316592004,9.620862043384117,6.304401617172246,11.854235077096618,9.1871336793876,7.390180141715076,8.237514970036472,4.5745878038791545,5.218714878816542,6.641256765954921,6.165896561248204,13.367671092258805,6.663262531044566,8.005534587763876
5.0505964449468905,8.621498711071698,5.411406182637919,9.238510065151637,5.908629368657209,5.154805711842392,4.031002614011214,5.3315149186356905,5.283067939893464,7.662083538688314,0.1300731873651841,9.845955190970097,9.645619337843442,8.719590752204994
7.013108180430457,7.129692924079544,4.074323237498653,6.311215395355866,2.5322200061348,3.600430863031098,-1.146280092713276,3.87373530346931,3.928559667197391,7.030752269069694,-4.3360013775753785,7.5042704123168065,9.184108218237512,8.696138839285666
11.110972373212467,4.864458376118633,3.722603059024607,4.922084869010298,1.2327227958181195,2.0532147753006584,-4.042714479888119,1.010103094228505,1.9912546418447192,4.847254660439219,-6.969848338563956,7.190749410260608,6.393140658982965,7.510299584308036
12.7846481260539,4.289493622195571,4.698167466371395,5.592475096659555,2.362926067740929,2.022241275850733,-3.3471461512562115,-1.2942833696537903,0.5782416415869136,2.387775736054735,-8.462768019381883,7.747371255558903,3.831322764426176,5.067506920970949
11.541740415792535,5.626160106843764,6.003909321274165,7.553857475712121,4.229163344939643,4.126988594736954,-0.5276043209160761,-1.288727753642064,0.1878565412287542,1.1462300857196723,-9.637835961828642,7.588940401592602,3.190018630596626,1.7819408118563371
10.734315466865024,6.528514775518401,6.380320700105749,9.621254426124253,4.694730888993384,3.883038027814108,1.8988001385124849,1.2717110584837172,0.5821091163319565,1.6711940186588166,-10.699683453249158,6.645264200289162,3.9677138298526335,-1.2044256607918058
9.23037336871978,7.5600580584009105,5.576500050384482,11.044097902619033,3.184806309222012,1.574767127929179,2.8651156162486657,5.005907999620938,1.339611919834951,3.271597787082179,-11.112970222694216,6.539736954758581,4.249838615059417,-2.281389500733283
8.73827725250029,7.545763382002219,4.587207278359315,11.712444000386192,1.2485100796738813,-0.0812488616281437,3.527016843861837,8.027843793457649,2.335722577634637,4.773131614891685,-10.140396066828991,8.723741277523615,2.7416223342620327,-0.3228708946078811
9.706648166768382,6.0376596824660425,4.711373594901591,11.807824226334144,1.123979203627762,-1.8736381225802987,5.638466526739599,9.300295177778672,3.635404790638063,5.503567779647202,-7.574404304798886,12.51594091661934,0.1159451898517822,4.264781575165465
9.78015965131583,5.006834278074714,6.380080283858106,11.436792870477078,3.5844178540999145,-1.0868639118004375,9.31015687050425,9.095402484388275,5.0630257018690585,5.592126921125692,-4.078724560984547,15.219783823222144,-1.5271113886297003,9.394788268867774
9.399763802950984,4.096730916361516,8.78418983126319,10.598704712466702,7.023587804930068,2.884527688701961,12.512117119427796,8.338424235597582,6.077104623507115,5.479280682441726,-0.8628267043672473,14.40525860165826,-0.5299104806893684,12.457651732189785
8.47194540015516,3.5732269472713982,10.49601616764788,9.35700254404118,8.636606867458404,3.815801399781895,12.856197682700614,7.611486389920281,6.153864508428153,5.322551266766254,1.0863830759761095,10.17881518062445,2.8204553013280997,12.050436968186863
6.597981303120784,3.793081088050771,10.448793538798093,7.889959585329795,6.681213965055444,2.137616737413098,9.86806738234378,6.757992606883066,5.242142446067099,4.940175636106566,1.657129053619916,5.187776354872562,6.423193187676001,8.926292095316057
5.745852910814237,3.835505093018072,8.526092223031426,6.354125371178951,1.8805668823794104,-1.0954362230984998,5.481789303209496,5.32691246955825,3.7789351233123742,4.22423939568001,1.664627761244521,2.316478798908406,7.94207508032315,5.371402759884768
5.884753320099438,3.8674316936974913,5.49530043265699,4.7950800877353,-3.1479415627589376,-7.2488404998004174,2.2938582747339566,3.292616348003285,2.299659305390051,3.432662300997073,2.2597966470884856,2.2837100944998383,6.5157579903582175,3.499594863105962
5.185412057724328,3.493168237516665,2.504652757240539,3.2686401440851256,-5.816842887677471,-8.544076095953148,1.3357772409619102,1.3056605520219229,1.1344808185041977,2.9929709748292126,4.125250655663859,3.375765828209793,3.332895404315813,3.822267591102367
3.976110225962646,2.525105774776712,0.4911551732810935,1.999301760466686,-5.193395951149348,-4.643397194680059,1.5233022283149251,0.2318062929511342,0.4960441666406368,3.077706175326064,7.020430938314476,3.384853969439177,0.7731235905323857,5.144056622035159
1.3458299895564911,1.658089161991924,-0.2513223230956143,1.2860013192436526,-2.1757612689040684,-0.6141394090459731,1.169600484529738,0.3936160184733879,0.688959045717823,3.4686953373533957,9.94656317249293,1.6997511878774176,0.808956003898146,5.687519127880307
-3.1269297064632964,0.7532342125840091,-0.181033829962729,1.1746175316657386,1.5397156546061268,5.33563034436005,-0.133951873700731,1.1877024861260566,1.9689808469047136,3.8348299264785126,11.75855526740036,-0.4745155717500537,3.724977860134892,4.422033364632654
-5.623086486489332,-0.1985571827918733,-0.2046014803405,1.2709126301636644,4.5730504612768215,6.424460187941002,-1.2438114153173387,1.4507539788096722,4.057740781594191,4.027882001535332,11.80945726885848,-1.7636582747187646,7.903708007594474,1.6170498522049002
-6.230586509351163,-1.090994190170124,-1.0710810621241933,0.9846414251754964,6.23699436000058,1.569279374366383,-1.011209439254003,0.3408909635751627,5.906783355818661,4.015843443416685,10.283143550389385,-2.2507765084707785,10.772227736067094,-1.5612493013305908
-6.369121583883564,-2.1609901239989413,-2.841095348923801,0.01917344679714,6.303710999891365,-1.434553610863922,0.0706244152275132,-1.9471527277680136,6.2249408674793045,3.5995525508885606,8.085301722673563,-3.350031260162893,10.346237991602734,-3.87405481696004
-5.182218606314452,-3.3812525038968677,-4.848618373490879,-1.3866925941558748,4.8004780156440745,-4.223726686634084,-0.0464071562455785,-4.2345615041794815,4.4908440449146525,2.4153135015091465,6.3496866450617375,-6.121480669803972,6.434141494526543,-4.642971291648337
-5.845358870024283,-4.172429914980595,-6.217647255707504,-2.702062885565624,2.134325109733737,-5.280223499951187,-3.092660040148417,-5.188418630998172,1.520907018110023,0.4059555125203928,5.762252519873087,-9.862314244071996,0.7178162935872763,-3.969731531887504
-8.599527866526508,-4.52094362887116,-6.518997949840369,-3.5461469565695865,-0.7811366407039912,-3.2426374208632875,-8.600926252209405,-4.295443634242744,-1.059580175371906,-1.7280134032478287,6.049869613801405,-12.503546027314355,-4.363251768027197,-2.63952944440949
-10.592080372836968,-4.870273613609049,-6.0231909355387785,-3.8731128903556,-2.8438733366797777,-4.082525756718818,-13.856312152255526,-2.2260801027669856,-2.0701754240578936,-2.783171746876704,6.003730955093346,-12.472659693735013,-7.158115797467573,-1.8178083003029
-12.518903645582858,-5.094423592958727,-5.380082329626717,-3.8088069555832647,-3.4616053851792543,-7.287221491908097,-15.823230747846251,-0.3563556883949559,-1.6579090068798903,-2.067215180030232,4.151703822135403,-10.2039974946984,-7.689444006889815,-2.5639590190499177
-12.440420949299789,-4.978006781616587,-5.071302296965456,-3.4661315106345967,-3.0291097462117023,-8.404940222126022,-13.43867812552537,0.1081804818879277,-1.053396683088522,-0.3487080114012144,-0.2743329691936651,-7.840333233463923,-7.312348776156824,-5.269465241201914
-9.764122960022108,-4.550869188139473,-5.12878042079592,-3.006310468054579,-2.655482479413564,-8.298865196423547,-8.407269144108284,-1.243758933690799,-1.5033739336826102,0.2722332386158257,-6.72408490126486,-7.41363050639859,-7.537050830429052,-9.306102729765373
-7.831697955787487,-4.215884639464538,-5.279432046730392,-2.776260026614352,-3.2624668297502524,-6.775088230545108,-3.9281646727913255,-3.939093466277228,-3.3712386811950523,-2.2292118528089877,-13.504017980407523,-9.157520923215202,-8.981298725755522,-13.175845762506045
-6.136686221322817,-3.965281154976992,-5.2534958325674666,-3.149150413686243,-4.781867274949491,-3.032595547655738,-2.3898885007661197,-6.8955621095227855,-6.085217797320638,-8.072042234528396,-18.59737165244337,-11.359160092677769,-11.158092754119252,-15.166858788918203
-4.595821445208598,-3.678804609975849,-4.918679379088928,-4.050938414867147,-6.155866737171806,-1.3072762799569146,-3.7441748234712975,-8.821949303294929,-8.734738857437378,-15.030698472961603,-20.556551536590064,-11.729753083504676,-13.02994459082734,-14.17616668533094
-3.822557071706489,-3.4541183326702227,-4.192584143474022,-4.680707040454081,-6.184096069977187,-1.563561832113785,-5.691625989028012,-8.702896726242528,-10.628089028645944,-19.59942200421077,-18.97503048812632,-9.076749184096826,-13.715337766750167,-10.249337145314373
-1.4715640706224866,-1.9261095718135672,-2.9666821541815125,-3.934660512096485,-4.532248581496958,-0.7287914521101253,-5.506369613557382,-6.34701841605073,-11.413119370463107,-19.28412981614329,-14.460801952143072,-4.046515756529715,-12.824481998709246,-4.575165957538587
2.3953660321071184,1.0241512463757354,-1.2241286589330969,-1.3853790905085075,-2.0522288948421874,0.3812768473962482,-2.1520476619520537,-2.694627329041652,-10.940817422433213,-14.360973019558545,-8.31871407198716,1.405071191417676,-10.397696032115618,1.018799354329076
3.927187189900909,2.074616993748476,0.7578174387461445,2.016708806302858,-0.1262959055245289,1.6639792638460091,2.926252445306148,0.5514452833841119,-9.236336854624426,-7.701176422153168,-2.113254040627055,5.272236859196539,-6.756509327459014,4.815556860891974
3.3224618279365945,1.329916888849228,2.4002919394670528,4.304519055137234,0.4183855115280721,3.5077356946051346,7.005336280650425,1.977788578698892,-6.634122608759355,-2.703626036724131,2.8343912229789794,6.643630416096187,-2.4781973206775945,5.897530337211805
2.366956990865771,-0.4798440011782086,3.126834779043378,3.8359735830803743,-0.0981078400112664,4.392314957578681,8.333627576729242,1.4794152022131757,-3.8180114348241143,-0.922731027449629,5.8942523656699,6.097078626983404,1.6062068397251892,4.519413602117254
0.2737635063244689,-4.146986977057915,2.7689916807200348,0.5971882208853572,-0.6009209937738831,4.316419758709029,7.483099730051919,0.3222634928790171,-1.581325119950975,-1.3010561208743925,7.251015401882711,5.155166802601343,4.610636276804627,1.9956765162953047
-0.7450135053833629,-6.189542833467109,1.7197370931584146,-3.668061833030919,-0.2576612807454239,4.142111763619172,6.543948487705819,0.0445498023130994,-0.4452836117966967,-1.587050215564517,7.538151945532462,5.131034458280169,5.991888523942038,0.0748008743033779
-0.4000170378578593,-6.491214949664989,0.6784664582798428,-6.730122483754997,0.8091149485848916,3.5484689524798334,6.882578102518664,1.0715595614846336,-0.4335523049249445,-0.5903413616551632,7.210225530341404,6.130553397063096,5.860007070981396,0.0050994238918917
-1.3684022774637563,-7.884344440875591,0.1797575163270153,-7.56212673066446,1.677754133433922,2.963681914493131,7.64689771230681,2.290822198424138,-1.1399469741854773,0.8318656085361908,6.173894474242331,6.993596522613359,4.904460285160809,1.7650280102086242
-3.1758845345390823,-9.65307528493818,0.2687820033939943,-7.0141683941931205,1.4316584160186494,2.490744118820185,6.585995659448116,2.0379278209310314,-1.9770834332279603,0.9358336927541018,4.004300152749551,6.315758928654105,3.9575433616220153,4.017395378295788
-4.704346491137983,-10.843225456315952,0.543295575489168,-6.854074787167946,-0.1267363375678769,2.128737111395803,2.47745296249758,-0.3382083393610742,-2.4324459568541954,-0.8344373108048444,0.525987671772441,3.75311190951831,3.541699977579839,4.996506928717594
-6.306460363398471,-11.738092162113672,0.4778526911742062,-8.012926064210149,-2.391490242505938,2.041752755981737,-3.2516734437230355,-3.7324775156439216,-2.2639065186870084,-3.0144303457564945,-3.799287496558748,0.4409632364129265,3.7241324201692407,3.8322383268893248
-7.690275983587105,-10.143557462721574,-0.2408466157759647,-9.67285736871355,-4.428775044589543,1.77921553465587,-7.443150950526487,-6.060204617521563,-1.6188487476066769,-3.427466777677864,-8.011363061627975,-1.9203666360946696,4.269209357408641,1.2839055028623392
-8.691170781585996,-5.694549119459498,-1.5765708613041909,-10.131322205897632,-5.553262714273245,1.3928139078575317,-7.90969748216132,-5.897842827592854,-0.9882864764781374,-1.330786986496847,-11.127110359523456,-2.5018286223383512,4.825133667752041,-0.8523317518585145
-8.553349775110087,-4.089583289034848,-3.209031495729832,-8.68211913146365,-5.637517114831482,1.164317904570998,-5.350231726434785,-3.5638833156611724,-0.8905165876011694,1.8007968458077386,-12.506489909480862,-1.9352991032997977,4.991131458861204,-1.2985685417059898
-7.03939038040794,-5.104069001731051,-4.673771924072412,-6.64542701286031,-5.09485276806555,1.033265890939613,-2.6324409934940007,-0.7331314769931225,-1.39276472540233,3.688942555345648,-11.89658706074016,-1.4893523685383343,4.410222099565772,-0.4531670172929125
-6.451819360181973,-9.478008753208218,-5.480588432140543,-6.344234494917579,-4.634747993840342,0.380521765911572,-2.1450678380925083,1.0035003948131305,-1.874624052054216,3.461644943946567,-9.332633583756056,-1.6844423333608065,3.067811725972902,0.0192366848747695
-6.672478194623514,-18.742462551734608,-5.222957713636141,-8.7984530302274,-4.882663352972131,-0.8106458253436826,-3.749215083314674,1.3127430983604145,-1.4086779422449285,2.4373786585867663,-5.1580027144630805,-1.7812812248975618,1.6250779316637889,-1.0881345691091582
-5.62547057732551,-20.163200405833667,-3.722033387382714,-12.322231554284258,-5.977917234180914,-0.7056046581299383,-5.183782707526262,1.0411784681795666,0.3778624306278573,2.699793586439404,-0.1485208392576886,-0.6736096679770398,1.3047968947025357,-3.107305460948813
-3.66521112108814,-13.500096833134505,-1.16693161566375,-13.56278796522191,-7.366099103254094,0.698349557585939,-4.362933203460831,1.1329855854141306,2.700243077645041,4.896378068722152,4.527631968956183,1.7593232794355789,3.094121640924285,-3.873913182790472
2.0947447335115177,-3.2307872452283006,1.8686002604671863,-10.27027213626434,-7.990302463480511,3.0063379134729926,-1.2742929645014662,1.712390777652459,4.0102520473680165,7.45699787949361,7.683576030395816,4.281832351683313,6.732996843096384,-1.7186696631828011
12.337581641366617,13.825310936672498,4.614241240507589,-3.3484053035993497,-6.844469116699237,6.693533925331557,2.236016942578132,2.215477420166742,3.286354528849252,8.01271671168314,8.643692572195086,5.341995994127316,10.40290475733611,2.743398355653966
16.71108340462215,21.081047156646168,6.426000055143632,3.736350744458278,-3.573490991960256,7.514369923660491,4.3447900970924,2.2882401963073846,1.119803320023209,5.643381898423257,7.54923833040128,4.484243830475563,11.626678729983396,6.779240034891117
15.3333479455807,17.397087333423876,7.053941439534484,7.72400896394339,1.2376407626510684,5.192118338563025,4.816130127494915,2.3513774797570197,-0.5762066339013785,1.8046032114437052,5.2253975655551415,2.712957092260879,8.885675832603397,7.633341263881803
12.011230225757268,14.835209238539154,6.685877720833389,8.03879875677552,6.223060485821634,3.448046127882054,4.783223057955638,3.136059160681384,-0.2243567842802747,-0.9229735852493092,2.740591894991269,1.4588427409175893,2.769424207060638,4.729973032673485
4.329123202731601,9.476855863315755,5.748659664480982,6.805176677553277,9.744251126060192,1.337338686036793,5.180087215550969,4.679598050531297,1.8362679780926496,-1.0631138305855643,0.9710391337054888,1.2066660892129164,-4.239480456644486,0.0643240155660294
0.8760511497546349,7.610808183974572,4.610272550088581,6.545044118902325,10.557045049274336,0.0394673318608165,5.564393285514768,5.943879123495236,3.463982745342463,0.6054258033778979,0.3716210710765608,1.1379658476475072,-9.219877054814305,-3.479306901459296
2.2325463661260625,10.983256513838858,3.381836682113885,7.810015726095997,8.417450819378871,0.1689399003990412,4.546938716352429,5.61034255370771,2.6362410436858283,1.9465951910423485,0.9400558139330996,0.0831384115293758,-10.500040343689022,-4.336881434858924
1.3526024783818802,9.485386738763085,1.9495651845602424,8.925932080163818,4.332462313331803,-1.7354130945563515,1.3333385134612286,3.332346511782248,-0.5400303435893647,1.4665747087450427,2.2790429875477685,-2.2182128486729766,-8.49567066836346,-3.1413902052991034
0.1421856540740563,4.657823218042424,0.2087225378660946,7.923150232286332,0.1763747504160164,-5.391723051316911,-3.2312664839114404,0.165082020889713,-3.7098102220555234,-0.4570924059046319,3.737524384800679,-4.788296694564224,-5.269932603538223,-1.7373071563156373
-0.688334837524004,2.2864619428495496,-1.6819931465573743,4.6694154446378775,-2.2917892708507,-6.661181105257958,-7.167830092457962,-2.324755661069446,-4.286507672070115,-2.1329249920839857,4.667510672672506,-6.276164591462077,-3.2016304738522763,-1.4448648866442682
-1.9301634400748349,1.0879451955932626,-3.2552327652531403,1.1533807825883855,-2.4616512752972426,-5.900420074016108,-8.912557249893382,-3.425683779127212,-1.76302896407077,-2.203413142457066,4.743644181767763,-6.130861394487852,-3.601382858485863,-2.1684650968261394
-0.7115836144701343,2.404748478218378,-4.00245774314061,-0.2659154148396965,-1.1843757612710988,-4.540670043544106,-8.445607184388166,-3.784463195082253,1.847909831576942,-0.7836377569392994,4.151075578014797,-4.996057900329788,-6.051198809614675,-2.9653671980543663
3.0988451634470464,7.338288495408578,-3.8026386340382032,1.0804359238306915,-0.0338969993201772,-1.7577727943988573,-7.059060049659422,-4.574636268491986,3.819122667592524,0.8433345626290247,3.45609312168358,-4.076575545854894,-8.789665487881393,-3.273724563261908
5.185527411320917,8.915178076265727,-3.162376519550776,3.683210575520093,-0.0394665750534386,-1.4627292644809422,-6.160905056646584,-6.20068834738845,3.020354745301006,1.468502163150788,3.202108783758149,-4.177534691251822,-9.870877741331128,-3.473123916018949
5.949014467088754,7.363656257514826,-2.975646314563392,5.23757784501413,-0.916630857782252,-4.0062621350347465,-6.279027335919295,-7.846445378221233,0.6415245077030249,0.8785018451919768,3.536591852111883,-5.2529411866789815,-8.379371357566697,-4.238366415558744
4.713410748354277,4.718403398831669,-3.859639029749928,4.517932122562456,-1.440205813642592,-5.250457102137981,-7.001484442907213,-8.293311740106674,-1.1296226921288053,-0.2548975262443491,4.191181311958417,-6.644342102513519,-4.94701957124073,-5.430813706008848
0.4320986310163683,-0.5879872256066008,-5.522448972052644,2.141599681410753,-0.6125462131680024,-6.029466423831079,-7.605271560152687,-7.155595470098206,-1.0381418539810738,-1.1323166041204331,4.838603630475063,-7.5554888016678206,-1.2597696451470028,-5.787502284639459
-1.1164364009397705,-2.519822520221211,-6.726289573404756,-0.1731752450440353,1.4192969881185036,-5.863354789475271,-7.636829479918106,-5.291650304328982,0.4675304392479802,-1.37802625571328,5.476701850283575,-7.340601210622708,1.0849913018045072,-3.900391237291615
-0.1056492390845339,-0.768077463277854,-6.048720190926019,-0.959931983483898,3.5000740442866345,-4.032940364587545,-7.037526380725126,-4.004509898500146,2.05797781065462,-1.0151993400593256,6.42767491951804,-5.664887054027872,1.570224173461611,0.3382295786868781
4.163988762569753,2.722868705555336,-3.0120048186749955,0.1526702422138441,4.483472657136417,-2.766928229611872,-5.967533666406894,-3.83989676423812,2.8684337811554315,-0.1975208640225219,7.903166640432801,-2.7776614263602823,0.9315373017805086,5.215049987497878
13.239635240883992,9.551457403920676,1.2722162835477775,2.483252558595723,4.165376528108709,-1.7881854277702405,-4.641625919989565,-4.141837019840068,3.053645777181714,0.8664463053221425,9.56914045393046,0.2555347385015238,0.4604515481369162,8.221566913721745
16.00159770633714,11.95020294196287,4.59567777831046,4.859969479444885,3.298342071967909,-0.8858013309070709,-3.2522484472344786,-3.743151377700429,3.2504570468947804,1.8188368511684985,10.638157647895923,1.899783890305116,1.0229519563329177,7.846478532671426
12.376108249508532,9.499589344829758,5.125875881077718,6.230973575560029,2.761004332387756,-0.4726026001427027,-1.885509447451568,-2.069863912508481,3.7351235029425434,2.2250437028578745,10.545974117737842,1.2549268908639988,2.535610074314718,4.650945806998152
5.577922642344575,5.424325516577672,2.8403955455024743,6.137415049487345,2.754754747435072,-0.8094018618648811,-0.4445593907182683,0.3993369302858127,4.19427558264556,1.9107766393726704,9.632339754580244,-0.848640650131756,4.216588139543319,0.7875327597475916
-7.154654171865573,-2.2900083187273657,-0.2603342704935585,4.984653810463783,2.807541848116898,-2.0865353743141304,1.2765210081223015,2.69017080431388,4.251808881949273,1.2285130825357555,9.09967777015254,-1.9733153660516225,5.296884472719739,-1.531096726009423
-11.701652835035263,-4.801916878098241,-1.514982049193634,3.9180926722991103,2.4964354326010607,-2.697249260629567,3.3582337870729475,4.287510193484422,4.091548980706534,0.8912106301324911,10.110514047746449,0.2268401753693751,5.568363063133575,-1.3242638186821978
-7.285667133402354,-1.464229640095572,0.3940021633297874,4.157344471941542,2.050586712039717,-2.676922415707848,5.594683760625912,5.534182121002459,4.453479717717187,1.4545087322051131,12.71457751934372,5.932719300031295,5.384492598390352,0.97595654726274
-2.2405993971817115,2.174645752679134,4.380266504627798,6.072369111494936,2.1465164403045947,-1.1201814523700888,7.624338593416724,7.114539697848613,5.941653519661486,2.8953041697502613,15.548526956626802,12.577167051639664,5.242013062138312,4.244526210129152
6.856047407713032,8.302163719357324,7.765843696357592,8.701412008280386,3.09736742008306,2.4883045788211704,9.2422387079597,9.16562031772446,8.282607191610055,4.612815814485884,16.629931694361744,16.488351191944048,5.364546569016738,7.404714285941282
8.68695197843112,8.187061442353938,8.355239835955217,10.232756753987132,4.313262587480381,4.098771528262207,10.535603103114454,10.907137719044384,10.260854179422497,5.770140778665336,14.63159783473725,15.504349923289736,5.573212903045146,9.595986557223682
1.7353075517334204,0.6503296957633038,6.061261276768619,9.206820019331076,4.653301399953762,3.840824353347106,11.6559798252855,11.177463444314071,10.471066601208577,5.687919915510179,9.652869177750516,10.391699494627233,5.414821178054581,9.974860226346893
-4.29657476477594,-5.7540364186610455,2.7414677722429133,5.533011975729437,3.3704246000983176,2.409211310355777,12.462293414312056,9.41474836707539,8.32014407339932,4.140410993222645,3.007265931683378,3.999026016229777,4.387391998057524,7.785123270100712
-12.294844579401898,-13.16854111799143,0.4667196681011774,0.5185829104141249,0.7505814451749302,-1.163845200230366,12.458875221368205,6.221729744640584,4.50484107782961,1.5502892647797353,-3.627715072041383,-0.9078402770977618,2.202379854621995,2.9577121365283574
-15.307613696044726,-15.753783984028429,-0.211090010891553,-4.0801860420026514,-2.123505159714228,-2.6186280256080745,11.169544055142069,3.034740338970664,0.6194129021158687,-1.0198949894693214,-8.993681715624234,-3.2197204471224268,-0.9296143350933336,-3.2708915539137706
-11.6113708993611,-11.783472613102768,-0.5110218599786549,-7.194231733584729,-4.195000381283876,-1.8676313297340088,8.633571572859637,1.1871077851579912,-1.8129663811116643,-2.3026717228767666,-12.571654063602637,-3.44236052374788,-4.171541133749429,-8.560250633562077
-9.627357702087515,-10.40227508528664,-2.099740490514364,-8.90580789683952,-5.074797785109126,-1.0261277981990338,5.553565607696328,1.109528351432118,-2.2521286502101248,-1.6689009761292937,-14.535673729591965,-2.6387390122121133,-6.3874423686351065,-10.742135275979422
-7.420531488564871,-10.0261329397221,-5.462538037996865,-10.010933804452748,-5.053938958829235,0.8893975824029758,2.9181289635989742,2.1989656962858817,-1.4679825838255738,0.164559924669561,-15.567880019485187,-1.621233502785458,-6.918673713213934,-9.358695099251918
-6.464675059982008,-8.775385023774158,-9.370805740585864,-11.166322352949464,-4.685458217241148,1.5338717609453176,1.38464503511085,3.307598188968086,-1.0968697620476746,1.3182935511484288,-16.559007370435552,-0.9152561834027892,-6.228135814140956,-6.123788330365187
-8.092727722914608,-8.040937054247948,-11.772971716202676,-12.321513568351293,-4.399741887514892,0.6370371951343985,0.927987647128134,3.4204210675940203,-2.607435369914583,0.0178636262724012,-18.12702294050717,-0.956568830818128,-5.655066350452842,-3.671194805782818
-7.346175331021401,-5.078958260213856,-11.247910330954936,-12.783632742235907,-4.355901035973318,-0.4124814580356397,1.052143629247837,2.146148517823349,-6.198537904688919,-3.859814472032781,-20.13542197435692,-1.8763963494369025,-6.2093137676289984,-3.457132405523339
-4.799580813724132,0.2002528853052262,-7.880863949938373,-11.748023798285772,-4.415711146732406,-2.238991118869221,1.379549970565563,-0.1031541233544999,-10.365277865228336,-8.26774167129554,-21.65099656769576,-3.05779415184702,-7.393003991178034,-4.632227548881588
-1.6447593189858978,2.8420783055376395,-3.076733131589151,-8.873937097415876,-4.154691845591685,-1.4852487952821911,2.0627430175383097,-2.257197262495652,-12.66052019418089,-10.182257829441028,-21.57677038393797,-3.255542968346049,-7.323580959026458,-4.998916985159269
2.99863698188747,3.0940002824857222,1.3484638509459046,-4.567341325109453,-3.027431467977806,2.2156529806923,3.5661718869903325,-3.077344789966844,-11.385416078389484,-7.814737737719099,-19.567085516803047,-1.5837426239444312,-4.370802282258296,-3.2510293579342147
6.613012386976713,4.437343461156194,4.133808690987308,0.1458505849436164,-0.7557462305524325,6.397581353145301,5.955583803586876,-1.8815247774110448,-7.024589058381991,-2.1530734941116805,-16.41296040851182,1.4415408486650565,1.047569755504128,-0.3310754749704756
9.080303725305654,5.984782454375879,5.119669388661407,4.089661438234629,2.317887480956358,11.929731944150408,8.41155421825627,0.9038089072074058,-2.1221982867232896,3.522855299130498,-13.439345503079608,4.026082087949675,6.319779136440246,1.5546923239887178
11.17081739621357,7.23179525214228,5.203869212649579,6.548089852145324,5.320642825645336,13.482381254597138,9.612071880876442,3.8624200284323535,0.582118994638563,5.967206715042636,-11.381794923408222,4.621592006114383,8.585299441478668,1.4092408816986506
12.230224608174822,8.609095144139133,5.7363565237915,7.677616684341075,7.439931867372081,10.32721073576948,8.799156342395861,5.45138212980882,0.3425925324909826,4.389049645193808,-9.805725501660447,3.55201179743014,7.177368013809058,0.8688670282653277
15.9565230009002,9.744334571204297,7.588219237461459,8.379186391031737,8.509129053141962,8.807973082085612,6.522258954343556,5.00760386737565,-1.0262603740990386,0.9874250041395384,-7.713075615210215,3.0082765778404763,4.288051817955676,2.866826578678939
22.567989068483836,10.662382975181137,10.40732875853368,9.582689159635793,8.979445710393506,7.705996904687726,4.1855111374125045,3.075545075262795,-0.8699526924373373,-0.9340414286259032,-4.821725261325398,5.051655241169399,3.098606993745108,8.563329260318966
23.191597660157417,10.763511330982414,12.660957459330485,11.399008431868609,9.249459286767348,6.507019770070566,2.686894582866749,0.7934949211757711,1.7370562161043497,0.225005512180239,-2.22805600521599,9.301558248082308,4.981175704398595,15.528350311655402
18.046585206162614,9.915454198655995,12.630638789067588,12.847306226864042,9.034249292149507,6.210472888300632,1.4822354492587166,-1.0777987948552905,4.930863204521376,2.9982406155633576,-1.6388005355704325,12.627167818618185,8.292792203305137,19.211508315789928
8.475768384541773,6.4477944968468295,9.73764928116052,12.49402113219492,7.503948129208691,2.3078402799425137,-0.8703176351018751,-2.620728670662514,5.583784385894544,4.128604825549155,-3.7550355000991367,11.5080823066459,9.814278229084202,16.618864665773273
-7.738528812140752,-0.0540628241935536,5.132971373190514,9.560193590214457,4.171166590746598,-5.2953684205943015,-5.1089946407307245,-4.402769508944752,2.1127047876531737,1.3946417592039315,-7.352469839116928,5.167538913191642,7.456792855679678,8.902399576392591
-14.104059602940223,-3.218901130145232,0.96924494120249,4.600975686031909,-0.311953789218343,-8.217360941956734,-10.205624191943006,-6.742844562202691,-3.953639992409492,-4.458081377864559,-10.071025938888674,-3.3872428361613416,1.8275595748700653,0.5040110164246414
-9.801005149791871,-3.102408353976409,-1.1122454484158837,-0.7788894598605935,-4.309877401236925,-6.86900421228872,-13.984744041093258,-9.274127965503986,-9.046915554428509,-10.291541442087649,-10.290894842681894,-9.521027982877044,-4.486628651301636,-4.311928238138819
-5.635853921726594,-3.3666831633814414,-1.021567515087085,-4.871036068367502,-6.310096595306305,-5.219235121564593,-14.884880917323985,-11.070672141600667,-10.270739408108668,-13.005247100930674,-8.338217782222628,-10.494242613610112,-8.902860187620405,-4.407308237230069
2.2745807461125787,-2.650876580859443,0.0465658662911039,-6.69435695033232,-6.0458471853199,-1.562193615015494,-13.16159322686532,-11.12487812539797,-7.368770161300205,-11.628797396504936,-5.862196091036779,-7.2634942871316355,-10.207438268376322,-1.8329711761944052
3.4263991689863413,-3.852243334758092,0.8056289811195967,-6.239650617317039,-4.6306148863224905,-0.883297586317821,-10.42615607721747,-8.863960922759034,-2.4345629991853883,-7.449187731431252,-4.050610269840263,-3.134770277484847,-8.490717434205052,0.521545576973736
-4.042923807763445,-7.523507646714994,0.8084051614422947,-4.279451882640473,-3.5868375742801817,-3.8559164318379646,-8.11486140400794,-4.540969177315702,2.016059191887848,-2.5105072797827006,-2.559676021582177,-0.7811712396620578,-4.441895196367881,1.2147150748274385
-9.108745592886493,-7.898372264539184,0.3291745321415646,-2.0896993183457084,-3.6506458091529055,-3.631738145852249,-6.480871231207416,0.629315859495847,4.700776581849823,1.8312978797706307,-0.3078746679586857,-0.4446245491747049,0.8657053572513291,0.608861765031179
-14.468732804905656,-5.449303393381002,-0.4281507604676733,-1.1050191564341674,-4.390956102642292,-1.2110143328812508,-4.990857913339369,4.799624932751527,5.6985231851871845,5.098021631096373,2.708373545269154,-0.6691197187186617,5.675810689668424,-0.3824014075463253
-15.83030292098023,-4.01290663577886,-1.7506952761117702,-2.2999659542051347,-4.868238171169111,0.4307698648526166,-3.450238950697212,6.347837793288136,5.4814330202792405,6.97738172748987,4.632196027116095,-0.3454884248813528,7.742665339181087,-1.4656361896026624
-11.280850712833306,-2.6601739294897717,-3.946711921981034,-5.433947019109013,-4.592871395589441,2.308455699800912,-2.4757724916498773,4.868318403091905,4.195646846828282,6.932249615487535,3.1347633248966247,0.1778782712492841,5.592878349362991,-2.9776063042384067
-8.024939512248318,-3.6927760027725545,-6.578308104168798,-8.82633529269367,-3.858247426341848,2.22139028278636,-2.7792104389824885,1.5614981469647091,1.8903951043507727,4.720502463466232,-2.120862560409193,-0.1664950525409096,-0.0357547795453285,-5.158745382176903
-4.632336774651161,-7.916587967880004,-8.424247636815636,-10.22269020888038,-3.245617526534204,-0.3594812307802324,-4.1161762757636495,-1.430987002787333,-0.874429528482267,1.1557391605823,-8.365402653060102,-1.698685646976685,-6.193251227785652,-7.743417395345887
-3.8170968870369513,-9.12864814398454,-8.434104960115548,-8.391763537353398,-2.9432504347043675,-1.072147030023564,-5.164569899442199,-2.3989181491052136,-3.0293598751931654,-1.9752886171448552,-11.370933201723034,-3.5038395489662832,-9.660203023445376,-10.224157094027532
-6.9774689546365725,-7.753519705722671,-6.783134533220959,-4.221643006704483,-2.6285150799669736,-0.3404746452604346,-4.603444248196013,-1.1741601120708651,-3.776323818001771,-3.0511972808010057,-8.736544175103575,-4.376783173150983,-9.367512589108856,-12.231778244029757
-8.115646147286185,-6.103221250629675,-4.879992008768681,-0.2681341668339598,-1.974293955479112,0.4503925495233301,-2.35654786358009,0.8453554667946435,-3.30728877863416,-1.853647622262315,-1.98662818839162,-4.086175778583481,-7.088658162560421,-13.477041380864392
-8.107873289008376,-2.9535538174048948,-4.169692665880746,1.044476276338088,-1.1364996641729874,2.116368794008836,0.262262820306006,1.775722768698074,-2.6145308818744013,0.2708086903358264,4.521710653509416,-3.6038537681087055,-5.65840165386976,-13.459928395743816
-7.0496744430269285,-2.159841727099693,-4.816647935893599,-0.8128147428912769,-0.6235164116984322,2.484732029974009,1.6862203833766785,0.6427851582068342,-2.5369698853577063,1.5379013732388105,7.142712104048627,-4.090045614969171,-6.310223981067622,-11.57966520579538
-3.831156010286305,-4.089313711493241,-5.54886750624857,-4.135520340741607,-0.6719161598242067,1.388826760632079,1.4356568780423231,-1.8985954175287816,-3.0322139057433617,1.169084999654359,5.94598674084088,-5.663899449854,-7.609712315205172,-7.783470907731953
-2.128893774070757,-3.736804948014049,-4.849796695837057,-6.286550963459831,-0.8444810820141129,0.9913829577713084,0.4155960975967332,-4.023778169138268,-3.407764394613196,-0.0964463287778585,4.524272985575038,-7.137182282082762,-6.955025942773261,-3.0891229604772548
-1.755438560114975,-1.8225819425938885,-2.3842734069773144,-5.566980813509588,-0.368438016031547,0.8475365544015931,-0.0179743630704649,-4.064596218350204,-3.1897385871209565,-0.8078285526931097,6.705529288275471,-6.958497394439661,-3.1700871280383467,0.7635163703618844
-0.8518705437504289,0.0365575168972791,0.6679934359703452,-2.262317568031449,1.0573124796959803,1.236406927821023,0.756615442217111,-1.7759732738944365,-2.646569053661551,-0.1402038577724624,13.061059567504998,-4.557002136467133,2.2696708627271107,2.4443463054732035
-0.101029810618343,2.6516368885570194,2.63361481082191,1.75859318527327,2.7969316369591866,2.532492386419507,2.283013006461317,1.3904468191749118,-2.4258832702977884,1.442900358813887,20.358165931712733,-0.969129694235562,6.453173603700179,1.993877829906154
1.1048499603914488,3.1181695191515284,2.7196658517799506,4.410063913372113,3.675896957719033,2.869504840273637,3.663439369710432,3.273357196277715,-2.7732896506244344,2.7270810684480864,24.472422578964995,1.7817002668656985,7.445855025749609,0.7184835082260861
2.969368198584933,1.112720935125491,1.5003174432566482,4.670937701863892,2.9360278977619885,2.326828129242955,4.374596199797992,2.577867486092231,-3.2433033444376065,2.892760773097564,24.09263604728864,2.125576267367734,5.668968461296515,0.0953226708064391
4.154788485321914,0.7025914913597029,0.2146183217798807,2.990209298042032,0.9020925940919824,1.7889770938214593,4.481769944651404,-0.1400017830625302,-3.2159926804801278,2.1709085044902565,21.797934729992814,0.1571040549649751,3.1926464403623243,0.6750707998702978
4.778745927761799,1.3438839271287146,-0.3108676514990804,0.7530134421472354,-1.2137880370001568,0.8855651309628034,4.280504448114613,-2.8626138747205374,-2.61121372370836,1.4604326342499974,21.546473661473076,-2.2965048605183966,1.885315896994797,1.921023695470396
6.576041601869372,2.131942842826971,-0.0947691785694218,-0.6608266159392002,-2.172592361033921,0.9006261041224662,3.975206028443722,-3.590102925607056,-1.986077841000764,1.3943090814216816,24.98613986563062,-2.8687492206645686,2.193984941501199,2.9955418156368125
9.42614791082109,3.790405512368044,0.4376350164917681,-0.5816559987643757,-1.5104311589699932,2.0070501613094374,3.742474736529516,-1.7642164032976382,-1.913731395424719,1.823218934333852,30.0467794678503,-0.3167446641081,3.388127969624392,3.6227161158679735
10.209466872926988,3.732238235689456,1.10410986424597,0.7897096223691733,0.2833250035769765,1.9706712474933847,3.872034921307389,1.4387346741524991,-2.3395156402306583,2.1649993188687238,33.00785742370586,4.510723652351402,4.586829918903817,4.171815388274055
9.028584141256728,1.8248798307483207,2.0709424674582664,2.6472234447050766,2.1922032651155803,1.0035642769193254,4.541610278801997,4.080388065520637,-2.6009843447914704,2.131984517656789,31.9118172227536,9.116245001987338,5.378876659302577,4.956266755948278
5.4094917633828015,1.06034964565073,3.362255084565163,3.967645436431823,3.2669777398559887,-1.199680095950994,5.354524630785249,4.843622013528247,-2.040618168403981,1.998299553430627,28.06092187084565,10.944604499802736,5.636278811132414,5.564469594578284
-1.5194186190956662,0.9780320022064978,4.409108623312847,3.8477094414657382,3.008312321085839,-5.168801421045747,5.281112191175879,3.750080835215215,-0.5305914969069931,2.1393476241462537,24.38040031213596,9.033285617550312,5.124288224069673,5.019537587014568
-4.861154506407048,0.8558750524454094,4.2428588602888055,1.8159924466367985,1.4717840869665864,-7.46242840066833,3.354723397690904,1.7881219063776044,1.565235295656322,2.404336837235448,22.486126944303837,4.56397350712254,3.596074150512244,2.7236463993830853
-4.531257083339056,1.1907206602657232,2.264360091554167,-1.863870150557624,-0.7932459025836067,-8.104447268546537,-0.3919963232262233,-0.0607291834516559,3.771593249062626,2.067720783567964,21.33820829647064,-0.0731646520262359,1.2862011909154063,-0.6969709316050654
-3.9926850402015854,-0.4111756178314376,-1.091944820419954,-6.081744240671526,-2.925548840507993,-8.486828372024458,-4.691462629172825,-1.5019878730285754,5.695967070885693,0.479728131148363,18.57021522860105,-2.98672905067712,-0.8942458750964661,-3.534235109126719
-1.6575800508741874,-4.136734065173731,-4.445132212042292,-9.230430896549926,-4.093275793952117,-7.824725575699515,-7.860551396763224,-2.797115858088752,6.924587353743988,-2.196986392124188,12.953223761716629,-3.933929016546621,-1.874310059720699,-4.145493262684852
-1.0094641135394125,-4.69276198065682,-6.328026779976824,-10.013006206278508,-3.914053875366047,-7.602026352222947,-8.996723552576409,-4.086229099790824,7.042033938455955,-4.873117882876482,5.588398201558864,-4.021512943653978,-1.2440517305454826,-2.1853739991210404
-2.4695834802244665,-2.290184104302147,-6.194501985697869,-8.235032415942243,-2.676148471382122,-7.915719990259975,-8.489698384309381,-4.922887599391489,6.062875933512505,-6.177938530888484,-1.0872269353174886,-4.30686704927936,0.4210535606928758,1.1112973336607794
-2.4371960007160944,1.088000990866598,-4.800313667656052,-4.942451744315566,-1.122018391716909,-7.2561599234256,-7.464193809403232,-4.5467151820908045,4.860581270294612,-5.365994957762205,-5.293624158017343,-4.66639547623623,2.048714568946197,3.811293855711659
-1.68682901124301,6.594771416833537,-3.6360367947244265,-1.6990336576068326,0.0874551625781463,-5.903748982831719,-6.77986406857048,-2.670101622744969,4.843876285447748,-2.8321582147273103,-7.04785353932408,-4.079749316630977,2.8795960652286,4.559647898679954
-1.5685650229477122,7.927277374868495,-3.796596533289441,0.4683780717031958,0.7688944036925562,-5.162424206085012,-6.529821349326896,0.008831812316135,6.793757020034855,0.0806764494296317,-7.723446838471538,-2.0746024234321503,2.845340638713094,3.243415580813731
-1.671629948320443,4.5279380706487125,-5.117363346689082,1.5882609362378233,1.1116051212696263,-4.90697497313924,-6.358693023900544,2.149372027063679,9.839152422682517,1.824950546275769,-8.80370213162441,0.2106371139158156,2.284838123644601,0.7002972550334814
-3.097764024131181,2.4685778876971987,-6.245861038847679,2.3171464389188188,1.2252768511771848,-5.557310260940905,-6.085225695755906,2.7298594713053497,11.754194557572728,1.4929171142194306,-11.02074191444283,0.6713744476575805,1.4548689997632849,-2.012944024160092
-6.14073734401682,0.3397758048564163,-5.634523923715726,3.0427143316942846,0.8939310384111643,-7.464200075625177,-5.905557244735206,1.7588021305888295,10.63747767143558,-0.7066220547463935,-14.304074644332465,-1.775349198390778,0.4029435023174379,-4.068403550954294
-4.818652926213009,0.726288923316571,-2.7233055197263383,3.453363370825798,-0.110342565041563,-7.100193491951542,-5.99711372929621,0.099172873291927,6.601061491102719,-3.5900356628540067,-18.087852652789746,-5.751465188008481,-0.7529712062516154,-4.849073737246897
1.0262661185755049,4.769258371997853,1.593371331748763,3.0391002734355297,-1.457328806792951,-4.414384077644646,-6.011424706210114,-1.3362535649158147,1.8826090289260549,-5.649067694354258,-21.44959689637018,-8.118893052927945,-1.6030466976160938,-3.880446991348286
8.626739997154438,6.942315532117897,5.575410793788144,2.011039419610114,-2.1402185126477207,-0.398250081990776,-5.074880700277895,-2.153326905737508,-0.8434241792322794,-5.796840060579314,-23.132170351414945,-6.420108729472872,-1.6588615271727178,-1.081854776395062
19.45373088603926,7.9882529075281345,7.84079562683376,1.6138318450033466,-1.1464196787877583,5.849332819512624,-2.4208297730918247,-2.3000862989133357,-0.5088720035127849,-3.783128536181408,-21.887863912801272,-0.9147910940473594,-0.8166961061278286,2.881955780472211
23.359391154779683,8.685024963797613,8.232996763180353,3.321047090774954,1.5912368603527651,9.04715446031873,1.8476241844404129,-1.5697878665931313,1.7221174281474276,-0.1493477809748284,-17.2767285447137,5.631649702709652,0.4703895201107855,6.7278478812573255
19.36851024359441,8.037391840548908,7.720757542408798,7.493899343947589,4.902185092882888,8.88955156601468,6.540595976854576,0.3771179177780652,3.680716962482684,4.074275220139398,-10.39246662767657,10.165827929449684,1.5596730510546024,9.324943016709277
15.816740414797076,8.507942226302985,7.477720625319563,12.698945444021824,7.1542223437852,8.725613437020431,9.972705201491394,3.296318856163417,4.030662472859227,7.672637424620547,-3.751988445091527,11.517866726084064,2.15345920365587,10.47920074956034
10.224691923259476,10.0351038396295,7.907191686908085,16.398132087848538,7.472615350593529,7.2845659074253,10.97187136620274,5.808372024391815,3.055824382412567,9.51222391825472,-0.1144807902107771,10.686237618830098,2.4142855852848726,10.879597371651217
7.389591079249054,9.072537230935032,8.374222333918752,16.567851032975426,6.291694578934326,6.176030293446245,9.573265886992374,6.008866631998941,1.8901330234802745,8.89550909846271,-0.8824867677556512,9.301594599140415,2.548223041743398,11.126601297901225
8.686399016322705,5.865650500216169,7.823434958840664,13.026943805336836,4.748727212387195,5.767070418365923,6.909404941747859,3.087611766418576,1.179928107402873,5.980117757437228,-5.20057965204397,7.976321355037314,2.384972518250237,10.81826348298857
6.990613654383867,1.9568222207985055,5.76320285524389,7.512953106755035,3.5642927462494782,3.9154439703915536,4.425521307568701,-1.504529242471122,0.5596466204114563,1.9457427090070207,-10.467606694213371,6.100511813174421,1.5164299602233768,8.801030132066785
3.5857843586127305,-3.353639457378142,2.8031247482830253,2.5359598259524603,2.5387793390925,1.003417383140025,3.037273522274788,-4.746873517386007,-0.658753179582618,-1.4375003920164175,-13.978563715042966,3.04693813236122,-0.1091361997347348,4.558550189713088
1.1913206585163116,-5.986445306721103,0.2765828690731666,-0.117652815698392,1.1099332670524549,-0.3958979912106273,2.809356304692884,-4.363587454539484,-2.459441036159916,-2.76981945587157,-14.567921052271956,-0.6188093799652421,-1.8517644279638432,-0.6182910882035202
-1.1176659410106584,-5.476476235605268,-0.7712133168226813,-0.2712749763826281,-0.7242271567980794,-0.3841471939228738,3.2495035558030736,-0.8148142989882672,-3.9252997428264393,-1.912352098793619,-13.100038831372402,-3.2081455372636185,-2.815320333168742,-4.099355903934068
-2.9456480037412174,-6.0812861494765285,-0.3896351065928911,0.7752197833411003,-2.18852183522688,-0.5334928164078272,3.8370334442259377,2.9514157416733298,-4.109687973118014,-0.0955625224826235,-11.51296555547576,-3.2187465944254825,-2.699252612588268,-3.9329124105365167
-3.956929681838609,-6.86082347475856,0.3794304225186948,1.159720490722293,-2.493434581941827,-0.3237835657132924,4.325471312422167,3.947353870765042,-3.071506061289071,0.9476912132218728,-11.234568606545151,-0.6636754450577342,-2.150144471320189,-0.6582109597635792
-5.086637663545691,-7.678722154007665,0.4260169383761081,-0.4253284859929778,-1.740940164417779,-0.0605714713676814,4.6786387004321455,1.667123175083418,-1.974288151605137,0.2376361137003613,-12.25976148215824,2.785830462193559,-2.1535597311401062,2.9046522787247966
-6.171073907732419,-9.158654164692887,-0.5183629803415357,-3.987104418819129,-0.9373895863811724,0.0753145368908723,4.861418472355481,-1.6061831211246584,-2.0901803214814123,-1.7674329837219318,-13.570886063500154,4.9681228151805925,-3.040811625023153,3.8971559979397625
-6.515269896362502,-9.702505936522016,-1.803129255219972,-8.217771685032602,-1.0321848103223203,1.2379570977721734,4.776535809095776,-2.975506851788112,-3.6528171401744345,-3.6052038360643337,-14.38294736442174,4.724388591167568,-4.1540765234095005,1.7192668880386606
-6.201410257940091,-9.419956711201024,-2.6189364569062263,-11.230280909893338,-1.9730263776916104,3.381162676623248,4.408239855894891,-1.547957321847548,-5.656459387311315,-4.008166611842114,-14.962623488608967,2.5351942222611967,-4.537745496054512,-1.7319516929495364
-6.734152561283876,-9.250806142542936,-2.7912365608342924,-11.65995031364274,-2.784872177600022,3.933304807374564,3.974107950879685,0.9253468681290258,-6.7689131332131325,-2.875134074097474,-16.209870781614228,-0.0871674817044123,-3.918653415579215,-4.039571019454016
-8.112613630176758,-8.934384747191936,-2.8252562274663973,-9.473355988991427,-2.6000020292263386,2.919010211011849,3.854782342990162,1.9025325719208157,-6.468478495358681,-1.2324213060445717,-18.431257024587996,-1.822994953988875,-2.9333213470451085,-4.48664167211998
-9.487119011064912,-7.375104056425862,-3.2376866159052966,-5.948330647645747,-1.5628384544035043,1.379969152762108,4.28504723229797,0.5537832656986907,-5.368574530796899,-0.2934900624425793,-20.589610240019056,-2.3770668040027587,-2.4105081250757365,-4.39363114003114
-11.195897952520982,-4.580405445158304,-3.943061548327407,-2.8297185792358235,-0.6771798854025235,-1.2866218067188495,5.046434120291202,-1.4831301468103106,-4.5261755031284565,-0.4930004144568016,-20.91115474535032,-2.383816664612823,-2.568411906878886,-5.420413671974963
-11.342375261150565,-2.147247278459266,-4.336427985663569,-1.2560817925233252,-0.7816289937523564,-2.2153095407203365,5.4660788388206,-1.7548331984555574,-4.459632866151928,-1.3090773784656733,-18.405244820536566,-2.66413311887289,-3.029064925184713,-7.713026959274799
-9.68566256958761,0.0753104183449084,-3.918953250839927,-1.202472737820088,-1.720623507905465,-1.1613751732756392,4.820635161693815,0.6062099188475543,-4.753919398835286,-1.890119838638725,-13.881023157382664,-3.532343676256552,-3.5281058260596225,-9.791777974667554
-7.080161676170733,2.129571576446897,-2.7565775111442434,-1.751585582550142,-2.525718636801763,0.3954012883616761,2.903729877637268,4.051150855785245,-4.494721859815094,-1.7768605857118942,-9.422419202948369,-4.635401701015731,-4.313230738193965,-10.146080124685652
-2.9595535529711468,3.657311532409937,-1.3287389188559189,-1.8687677557978968,-2.367724314453419,3.2189803646823107,0.3091791471223999,6.100677185746427,-3.055520657189966,-1.0589034631465069,-6.692603985347894,-5.291997595730983,-5.578662303532106,-8.74416879246369
-0.3521247278217115,4.401449188435563,-0.0380928464199428,-1.0623966318577232,-1.3125172387622257,4.226769551468577,-1.8675240195970704,5.651294631435299,-0.5872589926821732,0.0142804264507603,-5.552319800550826,-4.979307532568804,-6.552998229547164,-6.902594817629357
0.5246292066498599,4.150034933037511,1.0217530468093727,0.4541170432696937,-0.1960768696307511,3.133015298372908,-2.7593888088331404,3.875501593868062,2.0814956447848694,1.4022348382374048,-4.226037592596278,-3.650964422759309,-5.557378413355302,-5.801443978282435
0.7672579505378929,2.9773131770602363,1.8403212909398905,2.0303143552641423,0.1720948954116217,1.6777885675770052,-2.335702773252056,2.923638225071418,3.977412127459413,3.1936835785464446,-0.875508236365917,-1.7636716970973725,-1.4808754412209453,-5.316621347272132
-0.4595105385216084,0.681394010662633,2.1924708509135087,2.975604510761425,-0.3049507556600481,-0.9530279321563238,-1.3731841487527277,3.778627216633094,4.567191073497845,5.227783310447087,4.776589569246273,-0.0370963377887676,4.567197026708048,-4.350367726791937
-1.0445693093404167,-0.3799810032405846,1.7303469619708487,2.876953273725689,-1.0072586849288143,-1.7304926244833787,-0.7980708934177976,5.356681580579899,4.031193707097497,6.906351915347482,11.109466520884933,0.9284167993973966,9.310776281494425,-2.171524329510852
-0.9491666311200174,-0.0681771607739767,0.4206631997600212,1.7865242778780406,-1.1934655682008888,-0.3317950920861683,-0.9754006347836964,5.631168410355393,3.046612471741927,7.453499442309152,15.745886146825718,0.962210504395692,9.570929083537012,0.7072645622970057
-0.0412894142665524,1.143205808055518,-1.1818648776149487,0.2298735932802351,-0.6476949780404198,0.9435278915487856,-1.575675802435141,3.574239045882173,2.2128064136271703,6.409879852145007,17.19091745030876,0.3557303426962193,5.001632488113241,2.950367615024632
2.268991980565189,3.937102184625013,-2.2067849017786703,-1.0565104981005948,0.1356397753278404,2.8557727904278942,-2.090904242819265,0.0442993952807988,1.570685972920549,3.9564669895324975,15.751546076092756,-0.3917115014151093,-1.2504704423569777,3.566890787342931
3.697573411079259,5.2254556035161,-2.087903899171083,-1.5957073437968674,0.356451230220637,3.442596371393396,-2.4193155569429594,-3.059650270451826,0.6832473401337902,0.8695591306248414,13.234515366173287,-0.8719169695884261,-4.829292087302317,2.650062282418167
4.384648307281902,4.953328756606356,-0.9497779488494862,-1.504067064303953,-0.3943340152098917,2.304921715011945,-2.8764724602304668,-4.350343967061767,-0.7147936957846021,-1.7986312183015318,11.815726627858718,-0.8619987812802341,-3.5374150883643534,1.1309021393018082
3.7809247301228224,3.0379172173021534,0.586094304698884,-1.3130128095799884,-1.6660444595625945,1.7222615314894376,-3.6158315421953295,-3.715441795499615,-2.108917674970159,-3.1229578880493984,12.856237652915114,-0.242565345239095,1.162994188557586,-0.0179604076020947
1.2957280172774135,-1.3961465778916742,1.9328595802162851,-1.3502852631902056,-2.3182535469661585,1.185717142104392,-4.132530475022866,-1.8620984891882773,-2.365433563927149,-2.6684325805047493,16.257169616179283,0.9949171097506336,5.758468064685475,-0.3644921716459013
-0.0006990445157811,-2.8778164530195918,2.863698822961452,-1.2893064161358772,-1.307700277627439,1.3921807454537645,-3.51441951581338,0.5098594425267835,-0.7169151061362592,-0.7166044463953822,20.577012990457817,2.5447964030809582,7.751459945539529,-0.0583037015175804
-0.2769698447532417,-1.3689737424791415,3.376612005563256,-0.4415867533718698,1.4407567239224166,2.7447252220466063,-1.3413918536732177,2.9478274774387887,2.2810947765528016,1.7742367129647525,23.829599342044784,3.668159014230426,7.308508101467206,0.4599205992860486
-0.3911574823096757,1.3510317020010916,3.382373306848855,1.3790741980427317,4.78677468790346,3.579204055292873,1.627330287935341,4.90866260891522,4.8451977444158585,3.555411536684394,24.60073183781936,3.5250355325874434,6.214643717309498,0.7650581572103778
0.3070043985320622,6.616438656520553,2.680613299775457,3.3229024028153717,7.048794299177386,4.126442877176968,3.763788812030044,5.616281144770241,5.237975868203469,3.692329379021839,22.85938773657045,1.867543198162041,5.5773698099469495,0.6468729195825169
-0.2417193833182199,7.645406520782031,1.3070935137875337,4.0309559065290905,7.152143059894964,3.806961649502943,3.750976111785006,4.542596345704114,3.1667592682348884,2.0492764077422603,19.86811976860169,-0.5321942244877906,4.775540582542529,0.1967489523257271
-2.127068380994003,4.00305763399189,-0.1762270660663514,2.883509929043214,5.356976450448009,2.2441175859427167,1.624083135603314,2.013903162107884,0.0065445264824282,-0.6649885550364516,17.150290512172916,-2.2793158832108222,2.577056966609512,-0.2667350673697406
-3.953541690764666,0.671619791202192,-0.9175533849448988,0.7428028991424007,2.9673424296251625,0.9952283593758932,-1.277867199780296,-0.8567393280433517,-2.413073325112584,-3.343699817307634,15.25321860997978,-2.40044418449207,-1.043271526831962,-0.4543473642334099
-6.1768677387664885,-3.926631867011375,-0.4741311050537042,-0.6958588203929885,1.258058510643437,-0.1462833920461499,-3.4195609648115277,-2.9959647190157668,-3.3569102006118072,-5.145181604513368,13.334821823999754,-1.1764964525723265,-4.514397893586082,-0.3873500428553065
-7.160729119375889,-5.673540042766541,0.6555985878413715,-0.4674013720647316,0.5111648975458927,-1.1197100905349051,-4.23649404725483,-4.167826577933786,-3.6387787383982073,-5.94810587101375,9.975607449504473,-0.0186174966500125,-6.168651677633298,-0.4376038285035299
-6.608975666778102,-3.666361698228199,1.261109767896457,0.682132061980262,-0.04977385893892,-1.6167522375041907,-4.338424722711125,-4.960430061381709,-4.611496543833258,-6.302601548103112,4.551491321544912,-0.4567894206950385,-5.9807183646142885,-1.0399736812863851
-6.154048789223379,-3.535050261019862,0.3410872402093403,0.9370429335436086,-1.408251453907173,-2.827581660958127,-4.660013928418234,-6.034519701682861,-6.721510815334437,-6.906918281620335,-2.007206296941689,-3.0316306526489534,-5.61244307221066,-2.316000829120309
-5.356665164305262,-4.2607038707575215,-2.0256442409932696,-0.8485707198122121,-3.7412890008511184,-4.691330955092089,-5.445084409159918,-7.429248935649124,-9.017360729041226,-7.976988178065028,-7.702626837463022,-6.869258540049959,-6.625294337785096,-3.955371041578168
-3.6127753141733434,-3.817667776681785,-4.611258314654542,-3.948471497905615,-6.12231156042856,-5.656749789006843,-6.045758584675218,-8.559176024402756,-10.012159832438831,-8.990404101982747,-10.754765708996429,-10.134006884932605,-8.66901734377442,-5.439089405686545
-1.0543269862774909,-2.955326186259217,-5.8541036790432095,-6.261476380950484,-7.203294186015139,-5.849392578709903,-5.687348574419099,-8.783034562631276,-8.992627240178349,-9.039230986726498,-10.641790452067935,-10.99761349411536,-9.543748366268758,-6.339266001666406
2.06486885554412,-0.1877807761073328,-4.912269877737465,-6.062851045102672,-6.309453660575496,-6.216240821181752,-4.4144278169623306,-7.937269900297906,-6.535491389214833,-7.547145341653316,-8.195326531788488,-8.59312240894631,-7.198988946339533,-6.385622395729076
5.833218092237775,4.826058315108704,-2.1691505241909965,-3.409551132095686,-4.024029738821785,-6.488085700329318,-3.25828566410285,-6.413106091670091,-3.87108525338002,-4.764333716341593,-4.882236303238802,-3.523194124239602,-1.8294150579633524,-5.313014276102084
7.771153440925124,6.318842900518689,1.1024307735053966,0.0174816413140064,-1.7594944707619682,-6.412537804602725,-3.386755994911443,-4.839377339175389,-1.842300153683308,-1.5996591972022856,-1.935907984141778,2.339959742454542,3.9118373873778234,-2.8170243258751064
7.596546804074579,4.274138632472601,3.571949981870027,2.3636439612784272,-0.6577110976067715,-6.081706435136272,-4.943984765868695,-3.6808286433289936,-0.4517185963366295,1.0762027576942297,0.1043440626458114,6.767765420580751,6.859728627491496,1.1472500643056094
8.286459003912233,2.648884504341407,4.557549272136665,2.949644448894471,-0.7348712666500461,-3.989720395208475,-6.637794299086661,-2.9792707264031755,0.7485309650696621,3.0263215180930274,1.3286223754981208,8.388627797099034,5.800238675677996,5.938501030908057
9.294380641184654,0.2375922055974728,4.182919275168992,2.3854095398346367,-0.9882653066641112,0.0491271875385755,-6.572548013917576,-2.332864776626206,2.0155371418108388,4.588157886197337,2.0904621316393417,7.445438968511169,2.3791127830216467,10.199916626457416
8.259341483172989,-0.91859888925536,2.9939023451551847,1.580824244620544,-0.3647073640935439,1.8400162614417448,-3.7877076530637614,-1.1602791108858457,3.2095474084574107,6.035451795726281,2.6450014003200764,5.49753338249198,-0.2571563873153977,12.494846635986484
5.449419586724956,-0.187023975491245,1.4044045596542247,0.7814886031565074,1.2529846435137273,1.4755968967175124,0.7218292399937205,0.8103146484554813,4.0838136800718345,7.025336708399344,3.0012868019264047,4.206912768275672,0.0709306947136951,12.209422186728798
1.4486382240990798,-1.7268884239938302,-0.5651875779795716,-0.4299970134440052,2.903391114490951,-0.0331466224314823,4.452419442950411,3.1215402941858024,4.57158426144429,6.742194180858146,3.019905619428773,4.114590437777622,2.968244571695383,9.935497265231412
-4.217941970534582,-5.087908239408594,-3.037257251464222,-2.3068186403594773,3.376113329673931,-3.6984029142743857,5.121618273884646,4.648515449960719,4.681177679696308,4.665869119869278,2.595916799385652,4.386370822214676,5.879078110923292,6.9275484139618335
-6.322425906425234,-5.890019613627817,-5.75059315824914,-4.264724142044788,2.287083356275909,-4.942503164138721,2.380291552642035,4.274055491362201,4.198021693339108,1.2351149329236222,1.7073503554961924,3.720551522760111,6.066358834510094,4.10031422635744
-4.421284508507374,-4.564097971381306,-7.825239936151362,-5.1402900961767735,0.4572571074768916,-3.583464635126717,-1.907119985852756,1.7683921723257647,2.723304727648774,-2.274669891710401,0.3001906963382623,1.6114911869992472,2.60818325732755,1.52646193040124
-4.267077763279776,-1.7294762278433125,-8.213759766309618,-4.168746832432847,-0.7348697393801995,-2.150546286145956,-5.09157173425028,-1.829300224354565,0.2231637664913393,-4.606030006160221,-1.7374875467661075,-1.1460971608549553,-2.968035116747604,-1.0797537349210025
-4.753157783150253,3.55470654893005,-6.582132911275362,-1.7249938799579263,-0.4580993125077484,0.4382553548587944,-5.6763642925364,-4.7154847486119245,-2.41889503934836,-5.338950705193653,-4.269360389693709,-3.141774394217021,-7.700160949990181,-3.436935948384164
-4.510892405633057,5.005880036325642,-3.80572868131501,0.8916856782707558,0.9601805242370672,1.4946774350354295,-4.114749999038409,-5.40681022173024,-3.579498792308048,-4.947900605458322,-6.473077333819893,-3.577096793810689,-9.043441550722042,-4.407392284972913
-4.36279358985953,2.320284941082883,-1.4626140345759993,2.4198017833989,2.4090347438539155,0.6574339191984491,-1.9075578495862509,-3.6270860716929576,-1.9536677765464925,-4.1297939671876005,-6.898702751828342,-2.901118413158466,-6.349003167739383,-2.840425671937499
-1.9651663977389613,-0.0964327340051693,-0.6183687064075887,2.4669374074152834,2.9680125792018544,0.0636683048792001,-0.0589031006330387,-0.3871634935313555,2.2568535423772715,-3.140967498406198,-4.413662782913198,-2.2790172241143445,-1.1273784191994864,1.13896117827428
2.8892529436076138,-3.6844976976118633,-0.9722911674377012,1.5589198719613462,2.5980324317028227,-0.9776117847336055,1.519313289702522,2.717100395332011,7.1000834879736665,-1.8025747571310085,0.4962070628520658,-2.4221266154831973,3.97115603222626,5.676785334097269
4.6553404994722944,-5.072117862222894,-1.2014227693321242,0.5494839943211085,1.9792323254802733,-1.1795012476059883,3.185335583371748,4.41906294519325,9.978070776150574,-0.0635946464068917,5.316841467666086,-2.915918244179557,6.788857070950589,8.208509818498467
3.500660390631533,-3.5107892859941736,-0.2256650620903575,0.038965536150231,1.7350462352554814,-0.2202800385301667,4.457398983389803,4.302144250687373,9.3610891651149,1.607373801468224,6.78588831773019,-2.7048073467738822,6.875681352899845,7.256525416550836
3.360806768371201,-2.5299008292724707,1.7859771201401733,0.2241582268423037,1.819500657278267,0.6146455021427195,4.076007525164773,2.7447841235804136,5.792574365713245,2.5156251355512014,3.1850433511570597,-1.2675458858893998,5.499584857688277,3.5455694212029147
3.189264870307815,-1.1855101885301296,3.595939448336041,1.0386288029885216,1.626316055093048,1.705948295677248,1.3652225874886557,0.5538543190515615,1.41190881013,2.4263938764998523,-4.181743629214412,0.6800837181581241,4.467231258178487,-0.514339264307051
3.768922569441282,0.1415321855345624,4.037972836068484,2.2309303272383363,0.6484367247937022,2.4985602190061407,-2.547217975526994,-1.3606170140359204,-1.572968727201295,1.8659992067783215,-11.697280112087284,1.6912378807821469,4.6578374638006,-2.580607701158436
5.696070524482348,0.9939929290725464,3.019981406465656,3.327781569182048,-0.9897016767892296,2.806397643029221,-5.13107759914263,-2.1731180419342557,-2.2277613521781,1.6605353190413856,-15.867447232571523,0.895343065496146,5.435271843477036,-1.9720851252793143
4.983871575109185,0.7701137392948667,1.547323070884746,3.7570581443721145,-2.616392047831732,2.554894024904629,-4.348679800630833,-1.3472854265284977,-1.0975228291648538,2.1777418532448696,-15.502407959233096,-1.0737202700162185,5.40411133814015,0.1025281906174684
1.733683466207705,-0.9163173067690604,0.9175699711670516,3.261068095605109,-3.5602861273360835,1.4919281866269216,-0.3374397467897365,1.0598458681772898,0.635449106196639,3.0636094130823306,-11.947777990003818,-2.3963155165176406,3.813055733186004,1.723435010968207
0.4198921930373586,-2.1233298684627058,1.8756578584537111,2.2650313347636133,-3.5969342344060413,0.7061880773112914,4.692547487172439,4.211278534545417,2.133600868205462,3.701483427276784,-7.49990744548378,-1.4265586399212156,1.3183606228986826,1.7694705947319067
0.4690435582562086,-3.0612711102553427,4.271817917988479,1.690547100326183,-2.9374371609592558,0.1364476070935063,8.209651420372856,6.753297493693901,3.207349461398619,3.82025631992336,-3.699623487511867,1.972719321858132,-0.6031802850636128,0.5461792226766906
2.751065809954268,-1.1162088337633809,7.157307120587879,2.1669460454366725,-1.9333856633385496,0.9845407364665696,9.118957197412447,7.5450893254935485,3.909174643522455,3.56844241979414,-0.9875927103260091,6.144153256591601,-1.04021015343668,-0.7972987381964827
8.28922330809874,4.388359075823796,9.067322765426804,3.2852298026428883,-0.9040322742986762,3.633290455525353,8.063200426530683,6.379098312830095,4.060578088752937,3.0654940251003207,0.4283519105570239,8.621795872727692,-0.5187814665149417,-1.3505193803445623
8.889232925175392,5.701954898453136,8.519439287256201,3.688663482254999,-0.1989687915743729,4.143792330106619,6.338806593413313,4.097061559558456,3.29690532969254,2.0982422578578834,-0.0953245703328513,7.720337196451234,-0.5292548543198246,-1.050568565148431
4.509087072860593,3.1367893294690785,4.83503791052842,2.1168406495620182,-0.2131009944771396,2.6635266303518925,4.725531880042217,1.967654647785644,1.5679633149491492,0.4434404282438362,-3.115119906420332,3.664662962685556,-2.150278264729382,-0.4909039013347742
-1.9978716054920689,-1.604349637923823,-1.072337807445738,-1.4142387450458926,-1.1115893228845426,-0.5153980255730832,3.288987206718229,0.8256054918387417,-0.5106795237388653,-1.5297496945238094,-7.945075287646628,-1.503980753694056,-5.056232312092472,-0.393917325791191
-12.615258052654262,-10.312842068436623,-6.74189300028371,-5.378858881212542,-2.477484587333071,-6.366981780967279,1.9986276150358495,0.6573973503333725,-1.9402996860892745,-2.789808337844488,-12.35352598690317,-5.213239489554667,-7.801291229886354,-1.3113061320693076
-15.745346833065726,-11.628490227129916,-9.449896945305976,-7.771658597278526,-3.370742321653661,-7.152227807658344,1.2140437756674365,0.8815346063430054,-2.085006039937975,-2.404154462349441,-13.834192694601684,-5.963502674410423,-9.04758019141474,-3.548369290842256
-10.526585796758171,-4.911260544772255,-8.012333544149477,-7.570232549468959,-2.951649287301196,-2.541264715169257,1.4685782013912032,0.9696892260320418,-1.1816916859394069,-0.4643391361561368,-11.503379790275394,-4.100366605634814,-8.552126981455984,-6.916316483298718
-4.994279277400218,0.8215879297332912,-3.651673747823913,-5.359961326575174,-1.176276439678098,2.424417689601263,2.901053243372372,0.849420554262541,-0.0887027888968559,1.8068195033885333,-6.873375016937118,-1.214666111708878,-7.063776279194837,-10.298181984460571
3.680504597597732,8.113734038991318,0.9103436395966628,-2.6099297450319368,1.1249913164242047,9.541834488350638,5.039790340244668,0.819706139133829,0.501357501642623,2.981623450515963,-2.708224353817404,1.2412280252414265,-5.415701393696138,-11.71129773497164
6.505173867473026,9.803945135536171,3.42868502914925,-0.3632486656275677,2.9124399599196407,11.209121194860144,7.1296901131116295,1.1357700588424686,0.5892814574412384,2.546265773653966,-0.9450496522702468,2.8601172799839807,-3.857825770303583,-9.473970416134833
1.951377590784828,4.103826237345041,3.508802554527188,1.360261904164524,3.715662678939061,6.268552813620467,8.541356151216505,1.6229115414583433,0.595971399253644,1.1739681398965054,-1.488532756040172,3.951969775367633,-2.276772399612545,-3.929438240693222
-0.5299852525854024,1.894099794594181,2.316469053846124,2.9381758860803844,3.787439352715843,3.2154953657121674,8.820080291138591,1.62112718885977,0.6307887617878603,-0.006897580666644,-2.775781659437187,4.506281099619995,-0.8678105477133675,1.926333940180664
-3.2321966582673074,1.3813517717786452,1.1447442109335304,4.121773483303184,3.574996642591029,0.2126508453530282,7.526075103769649,0.3680954151514228,0.2192287755729172,-0.3185466562212902,-3.332746176308371,3.745196124724575,-0.2646783607824563,4.132990541534851
-3.7680259685032738,2.071675549457003,0.3243770046813878,3.908503737430837,3.16901689174662,-1.1946703907419487,4.357366075047061,-2.339170625241964,-1.047387582463026,0.2552423710293254,-2.7708621282525794,0.9417182456829584,-0.7720811671299881,0.943184221073504
-0.6167883286239582,5.863727494198039,-0.5910165155492457,1.6363083931720293,2.3471800422437177,0.4364159734117954,-0.3522599350915207,-5.655858813743452,-2.593739817575633,1.5302895695255143,-1.472008910674349,-3.284540031229948,-1.5122276985958756,-5.154905273723166
1.1779674009413463,7.437864117563453,-1.8227382638174097,-1.811760519318801,1.096420461102909,-0.5791037476627352,-5.327503533080849,-7.902367867910488,-2.863235735295937,3.477925211655558,0.3680184911004129,-6.717094332508536,-0.648692270981801,-8.757776440919336
2.529087017926896,7.108238634768747,-2.762622597153695,-4.137038437070103,-0.0628973231466298,-3.654164455753498,-8.832049042304174,-7.598976489921089,-0.6153943584313435,5.959065402462085,3.116831348683549,-6.957488226306489,3.149233036607635,-5.641231996616897
3.99476605038113,7.610554899875186,-2.421604899900677,-3.286553119367682,-0.3852512337573834,-4.454241296946087,-9.75503417894364,-4.686271474811568,3.584131454943348,8.239353352943589,7.085921994339451,-3.40724233630424,9.233631894725823,3.615827255680598
4.807135191187997,7.999500829951086,-0.4208531810541736,0.7636477228015712,0.459482583593954,-3.727964608649873,-8.372863041230746,-0.8664827169567495,7.312765118831571,9.113953401459346,11.692817278494886,2.0373768089743347,14.999562111840728,13.68504336281745
5.4583058678148575,8.282983847032522,2.502955218973212,5.78664305214139,2.079396470702938,-2.114088497052597,-6.044335319324911,1.4764104263920732,8.097425734497838,7.816807041451542,15.46544136147974,6.345257898991559,17.61490958608156,18.427142479558604
5.759686916647831,8.705135326681662,4.949636009758493,8.925058814095873,3.666989939977404,1.138530358371063,-4.099278530446582,1.1016771532723857,5.598563278344846,4.867292079530207,17.054345573986968,7.618951478619402,16.050143104195033,15.544919136283584
5.711225514022266,7.255725566311518,5.796103277140231,8.742551016166047,4.557070236991153,2.032694239161785,-2.932795256482377,-1.020960184276289,2.083620674355416,1.8629677111423983,16.342137617048454,6.284974456704328,11.681422553329677,8.103651299848822
5.308187519049616,3.825810255735975,4.811427889235162,5.993968168453943,4.513844276877734,0.3716094664889215,-2.019361697025338,-2.42247229622566,0.5831289338341001,0.2498946381967655,14.611649398556269,4.284366145133793,7.061326321346153,1.7647420087738368
5.688406078700922,0.1803067104469562,2.5988365955439257,2.6919944401926266,3.641864611105967,-0.7985256278604206,-0.5988338077625439,-1.1358336548448005,2.334240723111773,0.2180655573108438,13.626486983082271,3.2266017637405597,4.078347015034746,0.228709329951311
6.957609971443173,-4.114366695690963,0.1532720895726846,0.5455682325517746,2.226830081869764,-2.364001646645684,1.7367277611960574,2.685142513490897,5.83776798456298,0.8131291718703979,14.426162390027134,3.298498968031744,3.0691507002328784,2.747072196664096
5.893626722872298,-5.8741970880262455,-1.539367374598326,0.1086455948390607,0.7312447291257946,-2.6571266375699585,4.93364193807518,6.914329132655284,8.316102344553041,1.1044700564231071,16.739339687418422,3.748757831053066,3.31075483985302,5.534628205610371
2.544306260860645,-4.528271797561286,-1.772244065682571,0.9893449050474494,-0.2151264438515472,-1.16560004338219,8.55274238283949,9.209617515116346,8.094019888080323,1.133471478861745,19.244427248843568,4.10259741223879,3.993467589439444,5.455895095108186
-1.5503602128186051,-3.1986864982612064,-0.4117301388056837,2.4537233533773204,-0.0984190979329966,0.6461594507824792,11.708623754862712,8.818704320018789,5.681218177930395,1.6118234525717958,20.266566285773887,4.641218245025467,4.603444630889408,2.587930063016085
-7.104283200424554,-1.0072723534978858,1.8228358562032057,3.728124448448087,1.0092479162966468,3.347009737150858,13.102058636207609,6.896164771318041,2.7758586886067897,2.7164867669536847,18.45251242616761,5.670204678041092,4.601620914955454,-0.4094282807249989
-8.711289183095559,-0.7851864070530103,3.456203369282292,4.020525851957592,2.25799700740718,4.3535981792737815,11.612820880981053,5.182553013706109,0.4564268703935084,3.363133605495557,13.277482605923744,6.546853153770782,3.176671584725818,-1.1852257241662765
-5.787548178713999,-3.173216081753496,2.995070593142229,2.7256511545823567,2.451493074231447,3.3369065164346354,7.292025889415505,4.364261159224405,-1.5798720812839795,1.9035581543526796,5.374624930628231,5.752991638951554,-0.313438297612806,-0.0133538769435936
-4.4921389848570605,-4.795109606754332,-0.0160408584820483,-0.079906668861394,0.8832855345441732,1.7842225815426402,1.8058180849006236,3.6410034326897,-4.1850206272184005,-2.2867028464701864,-3.482261976762665,2.1683644168629463,-5.542950135993442,0.5414439235142972
-3.641182687658077,-6.4232168381433405,-4.432816216251831,-3.3673802232735994,-2.07085891401392,-1.0380859661411346,-2.4417674891189933,1.8301540149206053,-7.467954059572131,-7.86791672607339,-10.967028576702722,-3.651341065843303,-10.984219925084242,-1.849696196458824
-4.033268214841496,-7.55230911169544,-8.031279019662637,-5.637915752357405,-5.099720441853357,-2.1413044059605424,-4.021508777533956,-1.142805471425286,-10.481398012185492,-12.265198868437473,-15.242749626869683,-9.507665374322254,-14.705302130521728,-6.956694564774796
-6.777605793784209,-7.652521836049184,-8.858537866891936,-5.962378525791351,-6.758489247343152,-1.23381507343963,-3.5144360867698947,-3.893033119781274,-12.110370898567282,-13.5500295783375,-15.875171902844476,-12.994053481622371,-15.644712282267246,-11.977488300051023
-6.538735196152049,-8.322283383613726,-6.463828148026608,-4.716982456305431,-6.372283072798183,-0.8777822443645684,-2.8258797386145784,-4.789538913355653,-12.10393344477307,-11.880553247051305,-13.98619515353748,-13.127090021813247,-14.300687773326777,-13.82434361655643
-3.5698224128907263,-9.317615688986107,-2.1524008588286065,-3.324145594666856,-4.477572371856798,-0.3653231378529452,-3.397221190912119,-3.600866854140506,-11.189882962264209,-9.289908267621591,-11.520380779564736,-10.866738163538471,-12.28901979787021,-11.693334916161266
-3.066602734570401,-9.188384560756653,1.8289266304814271,-3.2019996266631345,-2.57418527681219,-0.7068943160051502,-5.05797073409743,-1.924999829149946,-10.326441305213486,-8.053283947430169,-10.118321799819984,-8.27661651207337,-11.199697441312605,-7.713018428829697
-4.261440825571819,-8.070538467241596,3.545611230712133,-4.817434422777706,-2.322980942202765,-2.308650558085133,-6.587793094764908,-1.8491259442321408,-10.00650966297183,-9.018521624739748,-10.301322185653106,-7.146065140665435,-11.660781709936597,-5.167938537954242
-7.184581474477489,-7.453224864368096,2.3098706707689742,-7.541742398642965,-4.557036877710008,-3.6199587819373327,-7.249429223218177,-4.003626123374246,-10.237625840340849,-11.178288448300776,-11.37589964463588,-8.040360034124744,-13.148155934989862,-5.846595927973806
-12.8716027752729,-7.148932730440773,-1.090381670754332,-10.189405337986624,-8.596084118416552,-4.963961776357861,-7.555583508617968,-6.863008416542291,-10.88099967111665,-12.621917860802103,-12.003825090000564,-10.13476873966351,-14.397878175233746,-8.721040488755397
-13.63519374091702,-6.37031525755336,-4.8371511587667735,-11.603215258995908,-12.339439643624514,-5.837021121236598,-8.449534858568224,-8.05064476522631,-11.677234408799952,-11.93173882972718,-11.073044609349829,-11.671740903831225,-14.00759035522906,-10.948644140710035
-9.247891849802098,-5.353696060401396,-6.965175326936983,-10.923558747306256,-13.323334287250647,-5.954961051186241,-9.90498239891363,-6.510878195302977,-11.92891588600479,-8.969431548554308,-8.412892052358291,-10.83420214128331,-11.034230190542672,-10.220816157884526
-4.130011845128399,-1.6644336266058883,-6.339901162970946,-7.780297111734363,-10.315411322069531,-5.092212169526858,-10.66810114211337,-3.5417341487266647,-10.550507533983147,-4.727753153784136,-4.964072715443676,-6.860245225446297,-5.572713697645344,-6.472359201824024
3.503650032998257,5.042951840257897,-3.281210790031535,-2.71571119259394,-4.435096235650346,-2.9369569187902043,-9.622528628788924,-1.7082242823944935,-6.94616599932192,-0.6712477980043134,-2.2654328069920533,-0.9050572585769288,0.9190467887997862,-1.682478677685045
6.136282584140622,7.355380776990839,0.5732633391445298,2.464387125077876,1.191927314270706,-2.0729829584040367,-7.36600203374883,-2.6190188411282884,-2.064836906278116,1.8949938377178637,-1.5254380135087853,4.159997124115383,6.041916708834316,1.8253555724858517
2.781854125103754,5.37947165952114,3.191233579172299,5.174549453258588,3.3414482785970474,-2.5120061188300475,-6.13576035653611,-5.57167510281954,1.6596122475992878,2.2622141059835177,-2.883700188185465,5.377792031201624,7.774467214704073,3.04259420841185
0.2582188776961297,1.7331700900629745,3.322905133225013,3.6030931401464814,0.9829017219316464,-5.035715541491135,-7.824252965798448,-8.215349899451656,1.9430307991567703,0.6299258279478872,-5.388880496989104,1.8928079237518671,5.9341708218616125,2.634185223964791
-3.3233334383402577,-5.318468924405005,1.1568197160832177,-1.657905695918239,-3.802566688381481,-10.442270705789326,-11.897655664549376,-8.532074665259554,-1.3320819621451898,-1.81759201050786,-7.691408979766974,-4.0837344315108055,2.497793129080564,1.986390332685728
-3.957737198220821,-6.79449808351942,-1.9573815966945625,-7.48034443062634,-7.20200141712522,-11.370534214652412,-15.37338097024278,-6.357402322071234,-5.622623572387058,-3.379278199386873,-8.884954363085567,-8.660472529326258,0.2065076422958054,1.9595682703862427
-0.4412830427020996,-2.020136905137517,-4.434972597513906,-10.135723599447596,-6.466294416733742,-7.738016704833993,-15.13962411507968,-3.253004766358476,-7.473295011810131,-2.856134796442144,-8.84937059559555,-9.142075377691729,0.4401205227687961,2.375765696168953
1.1317363835599925,0.9685932094134236,-5.324975090110091,-7.9716229895931345,-1.94665527541602,-1.6334019607277412,-10.605216166203576,-1.079135766486948,-5.154046265116245,-0.4615736241615673,-7.934145904182806,-5.999529564679438,2.240903900371725,2.469671345148412
1.858024632901473,4.170844760718291,-4.595174004858111,-2.574144449882832,3.322567044071011,8.805181836402149,-4.245154545777033,-0.6113071349417403,0.076268161190387,2.2656872326283928,-6.40501275372042,-2.143529705115181,3.480691146093483,1.7384599075192917
2.8362936435926827,5.588487127083319,-2.831167642350711,2.668958867088468,6.1665119203142496,13.140812085194328,0.4810778444602976,-1.2413085785368088,5.135201692212545,3.7147858912310143,-4.206970211933703,-0.1203948996784708,3.14704125675551,0.4439228986930177
3.1496084828419644,3.931076305434431,-0.7253792301406063,5.373372793963164,5.772764621608833,10.778514685501255,1.9510942037254588,-1.7150499661604524,7.599380627483323,3.647252831393251,-1.2011561637415538,0.178929232917522,2.5299716416468456,-0.5613923343079232
5.7288076497289095,5.639153930880321,1.28019432491887,5.853238042550487,4.044063949632262,8.48762648927609,1.4567798696775411,-1.0867338265605977,7.34431014325957,3.4804152399783934,2.451374083278296,1.1586578783518249,4.042449177012993,-0.4432227675000963
10.711504327112872,10.170686882664372,3.0734301160564748,6.298342865239445,3.649720258804294,3.781224262597211,1.7493403560550576,0.8347024395440874,6.135955238615578,5.009641697927226,6.1802983559834,4.904076155037664,8.697292743256403,1.0859939790716011
12.884834897584138,11.646802703067555,4.748639842862411,8.38771697147652,5.665372484079844,2.469039192983585,4.541314737221469,3.635764839016125,5.849203172944247,8.6446971720322,9.265472771799152,10.876369330947355,14.654810404406938,3.685807023611005
12.57132804235525,10.901968699065716,6.404875434291338,11.64484422659101,8.905173956618265,5.603725114889157,9.179536678765013,6.662910432332148,6.991209214838,12.776712710660462,11.201129658814583,16.15563541004152,18.3291583625423,6.717578423418216
10.7750316562841,8.8407425752012,7.975685431036943,13.960237901893931,11.30331261196905,7.073136147273461,13.397752939211625,9.246832548630044,8.610882850330185,14.898360623474698,11.861142838241058,17.987603112287555,17.162933858120173,9.631154038088486
6.326137276772796,4.356814594255735,9.180364573104438,13.587913974618838,11.782467947872702,8.365101964022847,15.17910351224566,10.757541746037909,9.325683063523012,13.50778901332019,11.420123984246828,16.196944568813986,11.640057077252678,12.070826873651638
3.911899357899301,2.2662375813070774,9.645402112085122,10.661233024530878,10.811082297183937,8.660598595617161,14.063047484355398,10.677226619532735,8.417825410524685,9.158697634915736,10.205142475120327,13.222482867898432,4.838119672001562,13.689940337080952
3.6443118024621897,2.7260970679184635,9.142578411400418,6.948454404766262,9.390811208936253,7.05640722275212,11.092747663335496,8.81458014310985,6.224029981870412,3.8787435865576896,8.622177513283397,11.82757035238692,0.0390775919640966,13.993690325229664
2.8938036910018035,0.8066312547080872,7.782020399205598,4.296480130215663,7.822050749200542,5.440894700371334,7.893869736688046,5.56511697194537,3.796690177629338,-0.3491525880183661,7.116181128796321,12.66312085525033,-1.4977298514290105,12.522901868355266
2.715650341049142,-2.608850147909225,5.989921544747801,3.2709469018261506,5.6354333620523445,3.331809211620373,5.836211372880852,1.984283047702149,2.2738204436967724,-2.6769502064820268,6.053669137341225,13.849611531676755,-0.898983980195414,9.318464880162718
1.172189638622554,-5.036578460801918,4.242346432678487,3.0547983079675847,2.642557365704271,2.4169053366820594,5.699088285174367,-0.4989065177052811,2.348985593870494,-3.3279977715046645,5.547614690009108,12.782135868646474,-0.2597583763990245,5.2174624947346455
-2.0672285657110585,-7.093847930672056,2.735645225490031,2.405375005419604,-0.2267724444309879,3.083445396749823,7.592536167934128,-0.6871536103004341,3.999247570816267,-2.814744472254893,5.395416748159475,8.414206667165393,-0.929401770749824,1.5541118942700003
-5.402416955595321,-7.560163086707596,1.2794798030347987,0.6687725104035053,-1.4019422603340423,4.348779402842425,10.844796596573053,1.7334679479415716,6.511085209179897,-1.384555892338624,5.250682041548298,2.0780852434829606,-2.8579105657195365,-0.6595718006993055
-9.352674217743042,-5.924045553450325,-0.439130916978768,-1.904973306274958,-0.1117853640521902,6.784259099697251,14.019938468615102,5.875569558669661,8.81958122798326,0.8615332059121892,4.92931723318061,-3.60573086549645,-5.122494680906778,-1.4412801944944944
-9.6348666836427,-4.415241665604945,-2.397780004612967,-4.516096370063092,2.664619919886216,6.703772899526578,15.438425173325168,9.937043513505207,10.06103192897447,3.5593022913029984,4.590909730715942,-6.555428623861276,-6.76075288264923,-1.7475940239604348
-5.670278853226965,-2.657308803404073,-4.018827447392784,-6.328646903110329,4.7848906895849765,3.795714026950104,14.135631088551024,12.04621667267486,10.044499474529449,6.014225099904419,4.625961553520709,-6.295127946010028,-7.134717046128305,-2.5242615003862587
-1.0949677213189228,0.4322304797919568,-4.50188742269511,-6.776907593568836,4.624032482713865,1.0553181389317896,10.561119947473276,11.241636579209606,9.29341365855017,7.613247522779618,5.3247206588920415,-3.754605045712767,-5.863730582497338,-3.664310490436802
5.225402125855051,4.577054069870828,-3.5352850356542973,-5.69315323791488,2.3329869140708066,-2.3953702540265382,6.30205768189562,7.991652245533319,8.567916642620874,8.245680142834617,6.575556267596139,-0.419439465033848,-2.861954473417915,-3.893666497923252
7.306284789137187,6.784330494208912,-1.7658790056039613,-3.407893279552101,-0.4389388749874552,-4.145890739612193,2.9145839362063164,3.883569188134836,8.211435158235368,8.241820548656365,7.804669037377757,2.337710491339209,1.321525811530158,-1.891681834584204
4.1844818646235975,6.90961372925616,-0.4951326606700768,-0.7639130482909167,-2.0301525087818293,-3.6223231519885593,0.8330256233111664,0.6484914536275972,7.876055346800349,7.892479511128135,8.200099182252055,3.5269472183183126,5.329634438288811,2.2167098248267583
2.199386029754583,6.03692439068843,-0.7356836564712816,1.173023507861568,-2.070213264482565,-5.200160014553599,-0.6683106378760941,-0.8381677424851648,6.897418670494114,7.0984908589604885,7.097198583080837,2.7257898689479187,7.544333446518014,6.40756559507487
-0.1737180132766597,3.3425552931909777,-2.421620359015993,1.7037213397328297,-1.5069976721685825,-8.366136048645448,-2.4822622568517256,-0.9215575009178693,4.992352714896482,5.551184160301252,4.315885099370444,0.3227703793834093,7.161533377191159,7.987547038891593
-2.7487931832477424,1.0383991350179875,-4.522709072932064,0.9618881826420212,-1.5413740978871604,-10.17157077134797,-4.690444695592587,-0.715997477651702,2.5924859900207684,3.225494549269106,0.243406997809118,-2.5319982431308308,4.825745707859362,5.614483321268115
-4.640900841339292,-0.8199795777659523,-5.99577136244954,-0.2434498100368061,-2.6114405499858684,-11.222175445346284,-6.600367257737509,-1.244942414205911,0.4322259686644558,0.5767348855962242,-4.421620154881607,-4.621495009732783,2.0421770307329186,0.349346518677637
-8.488738387485855,-2.226281907440615,-6.675485632886812,-1.1880781645274825,-4.3120435137892485,-9.809900754149435,-7.677174759434694,-2.8082037226836167,-1.2335217806726602,-1.8586204368903445,-9.113286447317307,-5.652636035765249,-0.2474659643169579,-5.2515820925917565
-14.077111027964085,-2.565103163251073,-7.220247327554542,-1.8997881904282463,-6.053692644846977,-5.252982382318479,-8.246545038625154,-4.941626404997754,-2.9436684024649886,-4.050697563478072,-13.684729817734157,-6.581965565869591,-2.543056602056525,-9.188199411522058
-14.503743019263576,-2.182644771850779,-8.159166016406047,-2.988415469124436,-7.551781806225685,-3.009308819114426,-9.09733201021646,-6.856295320973663,-5.431010323962493,-6.526606160266181,-18.251060538819644,-8.691261186455124,-6.089740119364036,-11.29789408348728
-9.635508791345824,-0.7592318640073656,-9.038241085290847,-4.708252548903416,-8.621674534176654,-2.80018876400409,-10.389927473096272,-7.967519348778576,-8.61328400117487,-9.655785538881588,-22.672523417079443,-12.059096946272565,-11.12739213983151,-12.623390321097023
-3.812395752931438,-0.648666166979091,-8.640046658441193,-6.240756071479413,-8.72340775216585,-2.446594003805176,-11.16694411248758,-8.185632367711719,-11.241065488607948,-12.813777908099032,-26.15666414838144,-14.92502741642085,-15.83356053120129,-13.658234521238024
4.542413052414188,-1.9797892050283763,-6.19602282509294,-6.152905282393659,-7.091368036234442,-3.0661485954317333,-10.200239175998774,-7.878385135419741,-11.759854422523912,-14.39017941539405,-27.47358991607065,-14.841957069014123,-17.250182085498487,-13.409470035291942
8.895173455716678,-2.460950265587635,-2.4342812297792755,-3.825583785174424,-3.596859171752373,-2.655014204954437,-7.420234959448068,-7.601210627349154,-9.756612031773416,-12.928929088623692,-25.79935633855738,-10.837814779172072,-13.628299203613022,-10.371808225650865
8.260403678956163,-2.5758393967391244,0.6787210523013124,-0.4678536067902406,0.525922216601439,-1.0198003564323932,-4.386048675699275,-7.762556729734999,-6.650980745928018,-8.559467242685185,-21.584576929903054,-4.6545314159213405,-6.144114306408948,-4.492048810489179
8.331837531551791,-2.6303022863537087,1.4606686048713446,1.5277726393892903,3.1033736311357933,-0.7020147113437765,-3.0985383363173717,-8.393341515018374,-4.833288800973513,-3.386939209151128,-16.64593932556572,0.2455216992937571,1.6491456907242263,1.9439454966812009
7.371766921441559,-2.294263619273106,0.0060555461543809,0.5937300014090525,2.565376983847928,-1.3418238405870917,-4.135348218728852,-9.131793816093804,-5.813175500732204,-0.2382903710922859,-13.165656928883031,1.2721671460125803,6.295369382341446,5.6549607661655
6.993833221797155,-1.8262296063004744,-1.7308904265567422,-2.415025325444653,-0.6425201382577246,-1.304914469606472,-5.882023207214611,-9.41154056416153,-8.882006411116818,-0.5729707777819995,-12.147789915840963,-1.2249371294822122,6.811411955177727,4.975088846193105
7.926159323725523,-1.1726673522575932,-1.420464247750692,-4.645775458499386,-4.129404557817283,-0.922434727789726,-5.708769265617063,-8.718586427581332,-11.4435379049967,-3.2274149853449026,-12.466145023435873,-4.1672195003103365,5.07846349718842,1.4665431939915734
9.12531017921892,2.2352371834941827,1.8288462904655576,-3.504039410378387,-5.232140156618832,0.9711635971437382,-2.174004203637962,-6.783225164209359,-10.830646248686834,-5.141349264813422,-11.408902191269448,-4.090841024496551,4.097065234012062,-1.0009179355644426
11.272227545384716,8.635039063856153,6.827048328785652,1.1859832928193232,-2.978492168995744,4.782349446942723,3.616131645296261,-3.695780787662106,-6.254921829031797,-3.6475414255164926,-6.607991253244508,0.2599963512307248,5.6443430134281884,0.8616062321709528
11.409853566835194,11.125246443047777,11.244930079279008,6.997167211413197,1.249899100940925,6.389252938666059,8.66629210280359,-0.0005151189919008,0.5425830239335476,1.4193377236767684,1.9111270130156253,7.073226699302686,9.125383620622864,7.122665663444828
9.362741948978774,9.854583657924064,13.211345928613348,10.778025349394492,4.829014186245335,5.911404367376128,10.269293208582983,3.3017760297391456,6.38025976487953,7.488666699472608,11.193105171789728,12.843406963354491,12.268238992016006,14.31816434749093
6.027413601466632,6.129387967888574,12.271137680185047,10.896150475575084,5.798812551246174,4.218323157557714,7.986962857182132,5.047440901073323,8.669128761995212,11.137555123019638,17.053903271811677,14.769294958925514,12.908663871388187,17.781596333034273
0.5972583920608043,-1.7576207994119348,9.220577952449668,8.03603354271024,4.063875182200889,0.3292249557909936,3.9011630539119295,4.553677770933341,7.000695699353631,10.629346901948429,17.029456264234184,12.393677161188169,10.504063693146534,14.939314958286074
-3.189111684748344,-5.594682309670126,5.346400836913659,4.228175705707364,1.1245508498075771,-1.5760721018813095,0.9639925610990858,2.2298012037700428,3.26729518155877,7.094405951589682,12.364789827504358,7.518450172877111,6.401725670819467,7.149073070097993
-5.163297452267915,-5.136689551419604,1.81606742384294,1.2762254889882063,-1.2151362879874088,-1.377103459049226,0.7378271752687646,-0.4685971207161081,0.2891460917833637,3.430790908522749,7.290074815628112,2.757505691020276,2.784104349873181,-1.294420952187302
-8.83561312047342,-4.737846023795739,-0.5800187257968179,-0.1158006444316104,-2.068377822313137,-1.2194188866696698,2.2744891426582288,-1.9667579813897984,-0.1241087779611342,1.8613055546638733,5.873977798088759,-0.1241106533257812,1.045350641831333,-6.271504992747071
-13.458880200438946,-2.4797466459464195,-1.6021145006395685,-0.2394796132908614,-1.8027963395200055,-0.1268511892975248,2.983545034438105,-1.76632686263785,1.5988188704421669,2.1708239617862914,8.836363951504413,-1.0773032774868865,0.7258433009260785,-6.729898617367725
-15.51847017205963,-1.89996648653698,-1.7390651984242989,0.0928672582796656,-1.466298579821877,-0.1694664956977143,0.7735582067685955,-0.8595542131792078,3.101585852190252,2.0483695539864017,12.978880537314671,-1.5086896094354216,-0.1652704218338714,-5.133198743066226
-15.204199797804304,-3.4796080179500186,-2.044360059928552,-0.1023893463398,-1.8782617294535104,-1.6003899264921633,-4.253415483114035,-0.8720681221051692,1.7932522368606725,-0.8067922345955609,13.877612808808673,-3.184443632289201,-3.528206260829096,-5.130819807004242
-13.925340871964352,-5.563809060717795,-3.3845734674661245,-1.628669114851375,-3.040611977835474,-3.106547693912355,-9.868969076972547,-2.600374926020322,-3.1692018499376298,-6.588355606063059,9.72197352245813,-6.915875807131977,-9.375511568025551,-8.369531596768057
-10.914159522614629,-9.161496673757012,-5.562468311073668,-4.51907682482989,-4.1901553119009405,-5.233385907154385,-13.393465425946792,-5.238479997417869,-9.98341325284369,-12.987623002571707,3.071390813051188,-11.743090078851846,-15.33306089603475,-13.120262642875677
-9.55527908053381,-10.452543398087228,-7.23931785697248,-7.579681920890311,-4.382928235674859,-6.266918584216539,-13.548931376355018,-6.994841209744519,-15.127752170617384,-16.750824986780064,-1.0498475957409,-15.216827457797244,-18.07949253371342,-15.883210031647398
-10.163584038366212,-9.17671450706209,-7.018999060806202,-8.838862779920843,-3.209730395144969,-5.984825935220714,-11.065462640202522,-6.524187536808483,-15.606688248690403,-15.918345829506878,0.8101983443418033,-14.87317229632304,-15.817475211661735,-14.54223745990876
-8.329125565966633,-5.701359992073538,-4.844491261191083,-7.031617397059444,-1.175121771469684,-5.607774559542159,-7.792516487710573,-3.8934470066042586,-10.99549095873506,-11.082075857700511,7.763008616666377,-10.125629356942646,-9.847533343822596,-10.242055887887105
-4.69243797841781,1.110163136844061,-2.3030432544979518,-2.991961365964219,0.5446173809837733,-4.678527139988836,-5.278607884120508,-0.3313141335063558,-3.775238942732825,-4.878485621781161,15.41308656555906,-3.156438375111056,-3.822722365157719,-6.293362977477361
-1.5398840795384494,4.875454318798781,-1.3241265616908535,0.5777758904569719,0.8766121410273389,-3.798399213659761,-3.9766722362010736,2.827098604808833,2.367382318237365,-0.2291374391731436,19.504694106963345,2.224117701878336,-1.067355356998934,-5.12402311910778
1.7514237804531232,5.49467122089673,-2.3590037093673257,1.218992685304635,-0.3232118477352874,-3.1009652065734983,-3.431828313248384,4.9747115578644605,5.052343287662643,1.4267887199315716,19.180099951916624,3.2652938482449487,-2.0164442741158526,-6.103974408785632
5.378570617918393,5.461832526555322,-3.8038324992733896,-0.9754578138246996,-2.016182483039569,-1.5383280700851,-2.931441706288483,6.261558200665896,4.633575950710377,0.8195245509427784,17.089023608715355,0.5002267341094984,-3.899126316046901,-6.257478912508264
9.045768342681892,3.237227561343868,-3.3590970332764933,-3.132686779621736,-2.6064009735728675,0.7734142745981825,-1.9512704925520308,7.097930541073178,3.4876274410141965,0.1182146468191187,16.470574181881716,-2.5092851586630003,-3.0531894015984404,-3.1755383482906483
11.370560342360118,2.5320382871546614,-0.1623288695363853,-2.0320779087126057,-1.11080673904131,2.491120186216795,-0.2414881684158278,7.759414227917848,3.841869038268967,1.2876183487274493,18.009842279895054,-2.021402633335597,1.932661881230512,2.6046483932565847
12.125932243369752,3.545681084349753,4.27822806083927,2.791473938166284,1.9793515776745865,3.698361030575785,2.153226745119106,8.335939347058073,5.985950476050762,4.595575781461111,19.33261154827169,2.6723981983299847,8.842290904956931,7.953982422873484
10.481540239432652,3.759068790926834,7.244919501218725,8.172784775176334,4.898117030673358,4.549298977115491,4.75518056750535,8.788408438274287,8.288222900958093,8.31680483779509,17.47141367332626,8.4825403644405,13.445916208155907,9.877007007067265
5.820731177880228,3.9976752242978,7.032292442753857,9.712660783200397,5.847090813606052,4.72505769609476,6.638978384661948,8.904553795537758,8.831015964414647,9.957425258537334,11.90085003123384,11.054124773877792,12.86093640064039,8.09631069151466
2.751764551748352,2.493670871436652,4.267271394628343,5.47711277505249,4.374476855950199,4.664274883094122,6.880948161159767,8.31771126394435,7.132171560970352,8.210253281091788,5.3156070989266215,8.525998549827142,7.908825157885309,5.203395488612274
1.1537281121172502,-1.1621385197558096,1.2640355065225393,-2.2621600478454846,1.7561019672640543,4.277357557304869,5.343092822903445,6.828134419642589,4.493649054816618,4.13953712496204,1.4789264351812013,3.2395480944414627,2.49235370765988,4.344683538418576
0.2401535615520084,-4.279389960136317,0.1254115166166904,-8.78808544554434,-0.0124048572050115,4.293132862553535,3.089083674457908,4.830501813747421,2.8240603158503665,0.5259908658654302,2.113551364164995,-0.1657974797537833,0.4703207641287639,6.547779008307836
1.1264639631101132,-7.272857887617068,1.2675469375683843,-10.614409419600626,0.1620341844952642,4.843995033076178,1.8057437278141752,3.282444749677864,3.0551619143453665,-0.2538846112184632,5.533952017004175,1.3220644343450114,2.579747412535041,9.94512914445118
1.3807429472462518,-8.095482918384516,3.440775151033177,-7.902124608620315,1.589879972244312,5.137251628748976,2.4703411093484595,2.9781866355517748,4.452012127980517,1.86366522618611,8.046941849487236,6.498510079953041,5.908006041628347,11.395329491947509
1.1624808041863153,-6.036660463090336,4.924683455621691,-3.769296439199082,2.438404199575662,5.367304760361067,4.398277196050283,3.712417933808178,5.239912846266848,4.554931288166628,6.777578180980388,10.868479765339218,6.31957016906214,9.029585958352168
-0.0285841821810816,-5.782210138867876,4.746275190171485,-1.4600627102149435,1.3653492298446266,4.007255662748257,5.714064351763545,4.283480652633319,3.945272418504764,4.99437779861778,1.6184869203135273,10.266503172117748,1.863027021190384,3.690161743216566
-2.7843976670483745,-6.853566636519751,3.0840936041897384,-1.956812503341204,-1.261621532841143,0.7943655975476764,5.049226295049154,3.5752128449566527,0.4667695311814159,2.1624593081843777,-4.977097338572304,4.172643360446741,-5.547873399988868,-1.6983374638073885
-3.136115557283744,-6.705566532514578,0.8887098898753703,-3.7812238589727993,-3.622459922139537,-0.3831668205119611,2.9756734986353948,1.770481618018387,-3.774612521893624,-2.3104601787018773,-9.82980293586255,-3.856687532628515,-11.46216114830379,-4.16333840294982
-1.1459295851878608,-6.086078553637555,-0.7489297852124295,-4.610893069668517,-3.949138561096836,0.3053158203517783,1.7088325523648225,0.3943158503509125,-6.644347915476379,-5.392114544883613,-10.967090354090896,-8.79533329958728,-12.14951744187952,-2.580876216595449
2.092220015845263,-2.7867430905963237,-1.0968361388609784,-3.0562376640894326,-1.963540296806774,2.1901245023905496,3.1582970071912584,0.920583575686388,-6.583856702522747,-4.904469091698868,-8.460849091719437,-7.647186129821174,-7.275031270631537,1.7837716942514306
7.517227995642917,3.7297470227039184,-0.0937543621397847,0.6384555013085697,0.9696956935341108,6.185214623082603,7.057750395366112,3.175872446930732,-3.633408834303255,-1.01672865426184,-3.9843872878205326,-1.288448110809418,-0.0107812705744702,6.243619951971058
8.607252818245476,6.955658053625207,1.5450517201021632,5.000032877028296,3.0277291909057142,7.014350950269062,10.973366596556502,5.1606953217321205,0.4847687226328563,4.011798391293058,0.3397630441517663,6.403580751443005,5.376870698664105,8.358526236264872
4.916505661249178,7.1131460695597895,2.6002469093717746,8.210234392527642,3.3505840527902957,4.45990643646303,12.263506311720937,4.647945582805163,3.393128410776984,7.4222478204721725,3.063847655159284,11.202795814453143,6.509906810678375,7.221804955101701
1.206325698838383,6.845923790611324,2.075478826852538,8.998350619737622,2.4850541258244965,1.841282507148871,10.205692356675264,1.1773500506713157,3.592193177666982,7.631026815402406,3.984585687279537,11.030246692190495,4.170326382885492,3.7063202736827137
-4.075166229241654,4.750580108529676,0.0016292936330455,7.325799710507585,1.6114012391232075,-2.063153986358884,6.374443091740434,-3.407812954191331,1.4154931583237906,4.954007991165753,3.941937554056436,6.802196630201085,1.081714089300124,-0.2701534645652028
-6.174162154852126,3.523398120814494,-2.379138544603318,4.537592164323987,1.4067641255939676,-3.4430318373903352,3.0698804327395326,-6.4166207988919925,-1.3455634776215184,1.157469788334695,3.980358151612772,1.414750734168429,-0.5109902890746021,-2.8769393821394598
-4.170263096565263,3.3939016760514584,-3.4181016171815566,2.608456680217863,1.607568867378458,-1.6810187875734977,1.403847224105322,-6.453303072852741,-2.866161829625497,-1.692475527825549,4.362459666453379,-2.222529196248675,-0.3173809148089974,-3.244077805873702
-3.361953763373402,2.511508039153312,-2.3693950551130976,2.702530982929129,1.543300530337337,-0.8773548020835132,0.7684083933291324,-4.359044859081372,-2.604018127347917,-2.3678002514646117,4.102503317941018,-2.833862039951713,0.5276646163783218,-1.713289856591127
-2.506505384398455,1.5090241764190226,-0.1342880037231626,4.124019852450104,0.9594390640068218,-0.0884877309769248,-0.1148987530434748,-2.246123438063998,-1.455833346277268,-1.0220064263372437,1.456733262860743,-1.2432919486645797,1.091253017685589,0.5132511652171297
-2.4110307062113243,1.192130730378374,1.2908918008702217,4.770336028294686,0.2588933998159346,-0.2058142754007964,-1.849019973514089,-1.654319557659599,-0.7377089870065145,1.1007046955378583,-4.814002978458403,0.4282313776821539,1.5332629649833491,2.0504773502160885
-3.894971843781725,1.49570224604617,0.3249685497812555,2.973121553700925,-0.0181722597997443,-1.9056336476557647,-4.000963769077661,-2.5018303705180243,-0.9804179005215514,2.5799707684790425,-14.227505592601664,0.2380918173106026,2.426055421462608,1.9869630178179445
-3.702570937515594,1.3176672987586844,-2.918487465467016,-0.8322692368102532,0.1526512336358876,-2.707040079910489,-5.777844865125837,-3.573620519686969,-1.595570892595653,2.7453079913773166,-24.376163278378435,-2.3255998975364403,3.4945845161342257,0.2420199542664898
-2.135482362255864,0.7627371371386731,-6.616180780388317,-4.236623571955413,0.2286842304628047,-2.9472291532116883,-6.786073476197252,-3.832520887651744,-1.590391568327446,1.9586258438303847,-32.10981015539274,-6.037909965696405,3.4327563337686726,-2.496331537747466
-0.9106718941480512,1.3151423196328793,-8.494889688728989,-4.80952122459973,-0.2822765262435744,-2.9533759385109373,-7.104654591747332,-3.249482959752221,-0.5670495572442209,1.071427808812241,-35.44449742239425,-8.744046660893668,1.21391678128159,-5.17175977474311
0.4993993927353392,2.8749908962876853,-7.387800039863918,-2.132135402659702,-1.195461335200922,-2.286102465795536,-6.83862992249441,-2.531465997630636,0.9040139072591468,0.5575295321568015,-34.815708317789614,-8.771093802595193,-2.483093017827165,-6.865274592848678
0.8471042815985224,5.460747544061775,-3.966572086888753,1.9317946838570703,-1.7066264990251463,-1.4940514632484851,-5.857432259392996,-2.2454211463829896,1.776089857119836,0.1035339834956992,-32.61287718978075,-6.034604769746801,-5.445092069192431,-7.154466578587435
-0.1909937800822163,9.438834034508238,-0.2367531916958678,4.869319268929012,-1.1366513457539882,-0.4904644641438481,-4.064558735872406,-2.2950865589777174,1.3554191665298705,-0.989384196309434,-31.24229817013644,-2.105193027132301,-5.810264417109258,-6.195762580120857
-1.2666553587923532,9.800901771807554,1.7357169443912093,5.430447067570669,0.34869687550432,-0.0408212914197428,-1.8316713931642277,-2.1904215372486275,-0.2435339962567242,-3.004703561223087,-31.265626259372866,0.8068587314421616,-3.907414882607259,-4.556362158702898
-2.7515570330630026,6.241005062718145,1.0013777019139485,4.120092929143526,1.7736585993809824,-0.3082447350732442,-0.0107230116746319,-1.706228126105661,-2.282662940920766,-5.391090605945587,-31.207808531142845,1.2398307624014189,-2.1477677593592643,-2.919932476534042
-4.483321896102874,1.8665836093063053,-1.8390127502022195,2.139114148433605,2.159854867832247,-0.9040262063302332,0.6030465350555108,-1.197502677327159,-3.937835920533876,-7.1204278523786,-29.196728983037925,-0.7098172278893138,-2.901315916070054,-1.809507637697072
-6.293595181633963,-4.566165635283794,-5.083928799109034,0.1282766143102982,1.3701923299816514,-2.092096076665273,-0.1086960013057388,-1.260114332117637,-4.72383265870922,-7.4855560867362625,-24.904905547456877,-3.6492959987624607,-6.269810492682575,-1.4477075573277345
-7.332760232846037,-7.603388092065509,-6.946375061105343,-2.007923902056606,0.201479429162561,-2.4987214214338618,-1.4548298553216727,-2.1012733162869908,-4.585494036169118,-6.625819644847775,-19.962379986209413,-5.921750232040025,-9.825646489782326,-1.7989398695374543
-7.388858676154144,-6.534797375404887,-6.562154130221727,-4.295525800423288,-0.3525910928886462,-2.0314094508767,-2.424051871726274,-3.2511563671997017,-3.7624723465245298,-5.364478312874962,-16.47108956534275,-6.615952780212753,-10.575749874777989,-2.7151433111074343
-6.345034993816952,-5.568631440156086,-4.415174696725636,-6.079808322202998,0.0382160895961545,-1.5004082021913938,-2.3965215749003272,-3.8984469862364426,-2.642164412872371,-4.557351542582612,-15.08354495870933,-5.9086240313472,-7.4074072855982624,-4.014732326510671
-3.822112381313105,-3.259075514005579,-1.908370874398832,-6.445857274593733,0.8571430974618361,-0.5628513259589748,-1.5253079797975384,-3.544552770862002,-1.6734758301677477,-4.510223177464003,-14.48591245403203,-4.671590056006433,-1.9371957902256591,-5.398855513538786
-1.1029008694883182,-1.784896961753154,-0.3532989716992338,-5.238243186978449,1.3451325365357305,-0.1711761314562179,-0.5379266918322405,-2.398691903459152,-1.2548572062446426,-4.874858795855002,-12.69603251956593,-3.756389029633722,2.812547042998071,-6.335619998458713
1.9393706255867589,-1.6944919991405416,-0.0894758711540362,-3.481746110093108,1.2309591355437193,-0.451081083395532,-0.1603438767831051,-1.1873590537295993,-1.5287305133872988,-5.005111429372555,-8.829742869347356,-3.44673460395526,4.647241050365995,-6.173982561644457
4.484536724974283,-1.3056030468532367,-0.3770707454211013,-2.578410932456058,0.8592925052410817,-0.735801011238169,-0.5985786974881596,-0.5635656922776126,-2.1884441608317147,-4.430241396497415,-3.660307041844853,-3.3332266454123864,3.53391312164569,-4.550903626399698
6.17779024723347,-1.3029908755872657,-0.0979288272065392,-2.9514848644041463,0.6763841534707071,-1.280005787442362,-1.404097027191599,-0.6137671086676735,-2.520977275861945,-3.084089569498139,1.3882301926502514,-2.5990362404680485,1.2314267300035673,-1.7630972590227776
7.9646676176386,-0.7885591683846769,1.350568136368329,-3.4750510563068704,0.7218129145997241,-0.6271776002634737,-1.7589390124982744,-0.8401933945019584,-1.7792701856123885,-1.1669861252788492,5.650681667108291,-0.550713309130507,-0.149822014543373,1.348595296641057
9.515718062443115,0.3866358591275978,3.686972972756816,-2.368678300680941,0.7088307188334144,1.4087609391644504,-0.9785962931594367,-0.592467717523449,0.3233626630252409,1.1740143657349569,9.636255698164415,2.870533659106978,0.5793124126943727,4.041307703941044
12.08931588233508,2.678311315943427,6.090985591136455,1.1348102960556226,0.5464284681909837,4.015864298895681,1.045674433334887,0.4122793164695773,3.375406100873831,4.000801691487994,14.174031744047968,6.910416837129696,3.318927489405372,6.274121774041376
15.876215194122553,6.438950796686484,7.830577069895346,5.814489319913035,0.6002465218402597,7.613865121256045,3.699239308792265,1.8656969882126528,6.490790630574558,7.365243927475875,19.253322200655397,10.354547789551145,7.084344038645722,8.607811302872062
16.571383688953883,6.7870853831732205,8.609493143007647,9.098300390699826,1.272999753333684,8.103937647729479,5.90719924297176,3.0775313323910494,8.803264496294432,10.872654524094647,23.71026044279309,12.250849972867108,10.63153850393292,11.381280401379216
14.178606854554404,3.55607861626612,8.478887321383535,8.861597042753402,2.3140961041300177,5.08418871082439,6.715293085304097,3.444692116858292,9.816129025063194,13.48382672620734,26.040765219307065,12.474582900325316,12.930928761391792,13.956540194226468
11.017078468505458,-1.0520697636945566,7.599563722382331,4.972136220210441,2.7029333198555285,1.5179041067061956,5.860432266145862,2.8482962344454403,9.391918152988875,13.917414384347596,25.608474674188784,11.646953851719816,13.441174418774231,14.905375047020556
6.127875144779434,-8.259929969314223,6.170028921337837,-0.5838374252741838,1.439237058510865,-3.6504915956478174,3.930715654927578,1.7205291807730354,7.585582153422764,11.517806230542776,23.227757771212957,10.466271298048612,12.228153063458464,13.152077330349613
3.937373686229467,-9.500754387631495,4.514146361465501,-4.992282963825278,-1.3929116588783184,-5.173836946444422,1.968990193012111,0.7516820033792295,4.676770472828483,6.957262448159087,20.659298693457472,9.096243327351193,9.89620590580045,9.086967225915652
5.005536026260405,-3.979512990927896,3.087432677942349,-6.280644259625079,-4.327649723433065,-2.3006510781216862,0.8065726258826604,0.4460810937417888,1.4229734359488408,2.1259613448619765,19.417873590760728,7.239819525236304,7.313567779259749,4.55783045435636
4.290546334141749,1.6933170142786511,2.27710279970666,-4.229026095235576,-5.406992868598601,-0.3988918130469345,0.6401194892472231,0.8326297382148233,-0.889873214296713,-0.8668579411029944,19.805385673910997,4.82214846959697,5.262384320429634,1.6197617665177333
2.7913380460936725,9.639492549597664,2.1603355925001715,-0.1262589438701786,-3.605094820372713,1.8320109052837048,1.134261988904817,1.5306119710909698,-0.9934784737903763,-0.9334041129346796,20.90322177021489,2.508536174782925,4.203990218438401,1.0766141255773514
1.4259402113176152,12.092858270546246,2.47724850606785,4.188024386074035,0.3696163824550957,3.144746850860077,1.85968529069568,2.116282143562745,1.4376489906601184,1.4081920834641393,21.52088715416256,1.3827433738822974,4.2149954416942,2.065383552626562
-0.5310864840824528,7.64491643235242,2.851082908204409,7.250279383821865,4.532820116668889,2.6802787058983704,2.6292696992366302,2.5012214104417314,5.284248595263676,4.523205513587556,21.31817513332729,1.987969494824055,4.993697864768469,2.988687638609237
-1.2050731971004889,4.365304331670836,3.017614926848504,8.397067088429642,6.94192528802579,4.133048486217113,3.479366669686968,2.9924060209010204,8.530068029732819,6.788631246703842,21.101612302538054,3.666024439123973,5.86864807247205,2.8869125899880226
-0.5131251160293719,0.19869499378091,2.827365233007669,7.672215856320733,6.829090485814689,7.103055450353001,4.404074837808011,3.923970766215101,9.559451864505569,7.424307602109048,21.917961248435983,4.893435165240942,5.895556030878339,1.9998376484837477
-2.3922973638328897,-2.746139475071963,2.068923191494954,5.490888379179212,4.7605224765242,6.181637209249603,5.10485459102972,5.112779238857346,8.114880370314282,6.415821047545,23.63177849094524,4.314609821904574,4.14905768807254,1.0962119757071287
-6.707643523923942,-3.2237186265597666,0.4094485380519268,2.3524811850661846,1.8803192153519797,1.581583502170994,4.91816563623353,5.624789365274583,5.061701904729093,3.820193819835188,24.304631282553856,1.500498347039584,0.1319416801315172,0.3447917255931298
-11.726302897649568,-5.690704558365421,-2.33889300597938,-1.2595971963436725,-1.0102842630517357,-4.245173131167578,2.972626775265642,4.202823348543603,1.2570134298409807,-0.6275790262539411,21.224736875296376,-3.141853997783256,-5.934268658104737,-1.0837166720863365
-18.294402904087686,-9.398027724531948,-5.799020028318992,-4.846888246671105,-3.788202840034522,-12.461693920145004,-1.390189311017961,0.2088389751950723,-3.252907544325054,-7.020191512110896,13.073211333719346,-8.904572006021905,-13.097804837130647,-4.243885089004001
-21.19705815851929,-10.631306822590702,-8.914146718839895,-7.890304854831778,-6.624379395390552,-15.170678558793432,-7.99347633093467,-5.5854552479130914,-8.802533233943844,-14.35857372649978,1.548203609561794,-14.96546308495206,-19.90887593503192,-9.205405670084884
-19.88738416814012,-9.7748467806645,-10.43380547635154,-9.955784345668455,-9.3879366093466,-11.524445653250693,-15.362681528578712,-11.08696011444176,-14.881967300803632,-20.3559406321163,-9.07463015226278,-20.093783050616885,-24.791531669052823,-14.593515895722652
-18.595133358705095,-8.588465080301772,-9.753719465718351,-10.814569595926988,-11.453390256707127,-9.171953515641288,-20.97804656416933,-13.99262316284164,-19.543858709157853,-22.585729492387827,-14.411335549896563,-22.604125638693205,-26.5214023286332,-18.36383625042325
-16.018692966830713,-6.395268378077667,-7.42558119811626,-10.416459505497842,-12.061263644165289,-6.253508983183337,-22.457053795721663,-13.22233337258812,-20.388263050147657,-20.219399094094697,-12.702102204831991,-21.174271010293392,-24.74655998550141,-19.13546343836102
-12.767293785198552,-4.500739940212327,-4.815335914314163,-8.732028674474869,-10.844696616634597,-4.832138230816224,-19.070145905038068,-9.593706595916078,-16.4827792823433,-14.785639851100417,-5.701798990412946,-16.046380112217562,-20.273523408664147,-16.9327827296255
-9.323576836435125,-3.164921704839068,-3.0978068654237005,-5.713192705192742,-8.047997148838103,-6.16788753071485,-12.449830643589406,-5.182154820256642,-9.462536929420237,-9.11056081056278,2.8889808793366822,-9.331728796561691,-14.757120278614249,-12.829861442710085
-3.260080519031941,0.0736282095476922,-2.4041289235454038,-1.5573072071332663,-4.346748865008944,-4.8361951216985295,-5.767403220019335,-1.866123138824512,-2.631049554320513,-5.268981637619046,10.016046369168189,-3.756537759025956,-9.791595816022664,-8.037712496576955
5.286632943911616,4.9846009196660255,-1.856559023409167,2.9462016234690798,-0.5592724295631104,-1.4909672390361912,-1.825657181436645,-0.2236986633680602,1.3183783628279593,-3.319878124731967,14.724687869440968,-0.7461353948387948,-5.992475500901643,-3.347528737175021
9.823030577304309,7.6760720586651,-0.4421843990302647,6.507500113670438,2.502612718077464,0.2804306180084752,-1.432733791541176,0.4133008188624663,2.056934259251773,-1.82313017685574,17.577990025071024,0.4307068495600954,-2.821746530174952,0.750598063253205
10.262110413981876,8.295139335676453,2.070229360831853,8.083559111800842,4.132983505793722,1.2007057866899489,-3.209810129187797,0.994755650291868,1.4311005323414872,0.5601087804223561,19.11320255707045,1.6547998220809093,0.6721134307098116,3.7592351843058855
10.660109971944127,8.391502185553081,4.954679486825444,7.7548107905315105,4.003301568752457,1.6210123182536285,-4.826117318200529,1.8773762224192063,1.670020456226082,3.955220139553665,19.09302690912688,4.0858866060489305,4.857062491275348,5.266763943730608
9.555676995836553,7.105372813362407,7.134916839692687,6.813158334088989,2.5320857831388115,0.9524984615176078,-4.594224025255189,2.7857024756329416,3.64677454155972,7.484702107154222,17.119872844024815,7.215382414881215,9.1391015711817,5.392037726489765
8.360775740992374,5.683176506068205,7.913686603915644,6.716917114367106,0.9144409585075396,1.4014508228275988,-2.281596053233905,3.4233718423198853,6.551976216061256,10.22127718402963,13.545768952698198,9.59243428612616,12.449884257209122,4.959402340502658
7.522011934916367,4.204666401804774,7.200463231166825,7.693619101711726,0.4880321117251809,2.990950184194181,1.1848881502048658,3.9250074717907344,8.902109120136986,11.757847573101788,9.37777166301008,10.26570009158186,14.040511413354809,4.983973402920778
4.039618032374475,2.419629662179652,5.254742529259159,8.314491647282658,1.733340187451891,4.276175109490093,4.569442256993412,4.633768202640122,9.725412128741665,12.010293560213288,5.237629238475354,9.431885283653855,13.866670267843656,5.808968436157084
-1.8112964612589677,0.6581627831618138,2.4396942133043678,6.617315515618815,3.726969734355612,5.713867318352706,6.977392987224487,5.51906373664233,8.960358964537324,10.859887809195357,0.712735052001201,7.851372134605143,12.40621838564789,6.707114167120254
-4.895605997568874,-0.8659440969490577,-0.7236296984665103,1.9131070167609556,4.665399725076769,5.9204072772355,8.0011486606167,5.980008313905016,7.0870373365836326,8.309770363263201,-4.938846580840301,5.955856256982912,10.309206608110816,6.407004578746612
-5.349437608950373,-2.008995284076584,-3.467909525276814,-4.330629778881522,3.213705338705511,4.609320971101647,7.596223027318947,5.357137520498048,4.654114252955556,5.001982581486005,-11.410503109950811,3.7045613278877214,8.243623382011311,4.173170195664534
-5.727128809137776,-5.440279447060861,-5.070977165726448,-9.392279266697344,-0.3379102921504535,2.6014682327991583,6.033481810591635,3.6747291654466863,2.147691840987505,2.3062087104035864,-16.94532976157967,1.1638113094453637,6.85398623563737,0.5599050349273469
-4.914972289708707,-11.277393102216266,-5.431310150473729,-11.265910110585764,-4.082604789139369,-0.5494650694738341,3.966176039963407,1.830598633796136,0.0641648162261083,1.554563370272422,-19.619913263031187,-1.1092272116043898,6.54534470574704,-2.7917297946287523
-3.906125283920159,-12.914641804976172,-5.280965535293936,-10.03931722386163,-5.764439691372608,-1.4279340233445903,2.3503553800699177,0.9614571694713496,-1.1542119360558225,2.9688959030528888,-19.147224159304,-2.4559009323424847,7.119530597957792,-4.194905903005645
-2.890985862976473,-10.481914698133084,-5.575440581634609,-7.573637543918029,-4.388376790355414,0.2803474315868892,2.025006115932793,1.5123803454720748,-1.3625809595665532,5.305067196413426,-17.314191984993997,-2.796733723790698,7.688975982826027,-3.046713632302958
-1.0727400406359766,-6.112704828718825,-6.471282449768174,-5.863878758032777,-0.9421260685068976,2.2265801975983712,3.150233251549152,2.8433704134958937,-0.8577923635812008,6.664621812278786,-16.473255256173662,-2.7037548145912265,7.193117228094293,-0.2288488838065578
1.2944553425116938,1.748347224578087,-6.927702119995694,-5.514325630972791,2.343237184453732,5.286580611712831,4.988278042029226,3.7301216697885495,-0.2197737970372344,5.855497438196385,-17.479287490197503,-2.702899328933416,5.244954834214503,2.530479537964491
3.5891318253418785,4.805887395148107,-5.525438724246698,-5.520306782750575,3.6362275991538056,6.121101475741604,6.3349046997715135,3.3311797019043947,0.0323824434439599,3.18050406164841,-19.028875002195843,-2.603776843060964,2.5799831887178826,3.898917395984401
5.817302304561027,2.488213306308904,-1.889945760788789,-4.355867560310678,2.774259559404328,4.241002090686686,6.358759469650195,1.8163993921130417,-0.3080885639501929,0.0610293553838179,-18.97156560222637,-1.654822660884229,0.6277806024699997,3.866335063542512
9.005835496938595,1.9591943647109735,2.6444417695679645,-1.339061240091084,1.1847362150720884,2.911689247207904,5.1934055684656775,0.1713649496553229,-1.10778420247874,-2.078158330848888,-16.293374586176604,0.6289279419306464,0.5008877902091822,3.6185536470438446
13.07769841665008,1.3729043768422071,5.9102187093425735,2.81842650328398,0.5875239015945364,1.2931456492273523,3.784650661212913,-0.6067647106222758,-2.0087643517934097,-2.684861957414669,-11.971002921238547,3.873475208865343,2.2380026191410893,4.426312426488916
13.589030105076574,2.045059807283383,6.645913332455269,6.577626661943108,1.6020699466948536,0.7834411093675746,3.1278251503257057,-0.2346940265744903,-2.575827039313955,-2.1085936193751493,-8.091331549975838,7.08899654487639,4.8892829492609495,6.460343949302083
10.327037934777834,5.043150399677417,5.5204389867763375,8.67620815289681,3.4027560299710844,1.9416063622004172,3.550258149265397,0.773937433815779,-2.461912909695464,-1.0112494519631854,-6.207017488985052,9.40405392237242,7.242178632368836,8.55893941059482
6.8925100161289246,5.914241883025416,4.461426790126568,8.897681417907776,4.595097080879146,2.383768247035181,4.611725037756607,1.6559515663024431,-1.596658732290667,0.139704588218438,-6.380917531264517,10.492925540885013,8.456026223340354,9.167137502058871
2.2836253760967886,5.093267176665003,4.881280721034851,8.017475591750292,4.424468444628057,2.537231688187144,5.60287937574501,2.043648324249028,-0.2970310810598295,1.087478734834695,-7.532714542013543,10.392053668227527,8.129179379974513,7.624923975738531
0.7306148196480065,4.467339273394939,6.433015349473468,7.089085454129774,3.2502326252306144,2.290472034470771,6.109275685570455,2.1429043449164924,0.8500357970638053,1.5436442282370275,-8.53040530442674,9.14618649206211,6.0362317657629525,4.680226707848271
3.0986111086281376,3.277766269195246,7.422155949123793,6.6585268086553935,2.0169667197878,1.2321937619505234,6.149202132966487,2.34190051841757,1.328249808526111,1.1735967393154958,-9.02134918971029,6.813447175571388,2.115899389395109,1.8435494707907336
3.992588240649368,2.0065789551645947,6.443614054515973,6.470452570686529,1.380408921195047,0.3048406063203653,5.883380421174036,2.6786314638938946,1.0205029312251794,-0.0840821542744272,-9.45133942471993,3.772752543846876,-3.131766747320836,0.2429906896042437
4.492133764544062,0.8204729201664576,3.7045843948577697,5.839127828596976,1.307585467116111,-0.6408085527070372,5.307956606581721,2.7191643968155685,0.2484907822867312,-1.775138955600025,-10.45852195887511,0.8202626443187513,-8.366614800069698,-0.0160884259847335
4.933999395225595,0.5222162684158353,0.861075737959086,4.374038926756533,1.3537217709676137,-1.0608190151271146,4.28286483007774,1.9985712587630104,-0.5072580622132872,-3.1642076249795394,-12.2080178127394,-1.2081651077942364,-11.85492344513577,0.4077794658323546
4.4937930536044135,1.389934330407466,-0.3855994120548887,2.4770544479590915,1.1741003922255655,-0.7386507759539621,2.8310277473099874,0.6147370855522483,-0.93525497945566,-3.784469876581831,-14.108214818914837,-1.943958988961524,-12.519399562627973,0.7968102462592492
4.416125066563438,3.3259631097137983,0.3947072875270936,1.1554904122313845,0.7749368579467444,-0.2115454170810591,1.3262560810326396,-0.6350417145355225,-0.9759407070338356,-3.7167925176757257,-15.027814997832492,-1.5967933014948188,-10.70846007509831,0.8300172177859233
4.503126309738535,6.711907424575828,2.2217975379007444,1.192739659191136,0.4101273565764296,0.7345354545613908,0.288623010281233,-0.8192138193260066,-0.6628995514291258,-3.301484914336652,-13.894626283537542,-0.6238703238645498,-7.926807307779253,0.5492615236761145
2.037707927839195,6.718922063557716,3.635106886928369,2.273036673938124,0.3359347279082809,0.7718310658745895,-0.0778533924581279,0.2597212683489145,-0.0196035484859669,-2.689644224972187,-10.429334876490858,0.5619476994873862,-5.748860280100031,0.1074752189336696
-3.061171245379295,3.0529846729591203,3.675782759447965,2.832392304246278,0.5961231984254771,-0.2551157098122898,-0.1559343310609859,1.655068643450658,0.7721700533047784,-1.87515010352547,-5.638933536173493,1.471866586737578,-4.926852681997756,-0.3906075198049697
-8.677773183164652,-2.013843063492822,2.119320352452555,0.9660700092769292,0.8945990449461161,-1.0918901805401284,-0.6499808195992292,1.812040074424888,1.132437165511289,-1.2198972566518986,-1.6343202583679446,1.2764013467720627,-5.414473030965063,-0.938721685526226
-15.412427413356646,-9.753459236183923,-0.8856114638098206,-4.105179414748199,0.655051037338842,-2.060939623264127,-1.9203463998158472,-0.2127206081648416,0.2393056346359166,-1.6976800458876595,-0.5836197716755196,-0.9697619467749148,-6.981648298263545,-1.6849431080428563
-18.850612036763284,-13.288064060421371,-5.036692023494489,-11.086582996708138,-0.6051090836963364,-2.3589986256242783,-3.487901720846164,-3.763389582743352,-2.2727298201539945,-4.190373838735114,-3.237917396452968,-5.452170509430253,-9.500438320523106,-2.9334838144582926
-18.29008673476088,-12.01079762622086,-9.62250210555132,-17.039204507483866,-2.733417868596188,-1.7422805814346398,-4.244130191065492,-6.7312017664512345,-5.62591927650899,-8.277846988952732,-8.056883396361677,-10.820133542791329,-12.53513923704506,-4.916276727826806
-16.694163789466597,-10.901530548101851,-13.286882571476736,-19.08304372477348,-4.757917810655616,-1.7175110887879148,-3.339482404172637,-6.955694462652408,-8.071501226241889,-11.868436400690124,-11.845098869081824,-14.550922868894071,-14.892832779054196,-7.405097942532935
-12.755652990538044,-8.254401368991525,-14.505321083671904,-16.258375359952577,-5.485131543085364,-2.0900676478657894,-1.0741890936780891,-3.9732483890104073,-8.121134793240985,-12.504259545372411,-11.769465738103625,-14.61433541429619,-15.009334895202272,-9.591510080113371
-9.63286708091072,-6.253068606867647,-12.68728725682258,-10.199103704318873,-4.559341891239048,-2.1304471701149965,1.022125221726071,0.25980272699759,-5.915646809733095,-9.489817178078454,-7.383691799199111,-11.227619476924897,-12.116741567196506,-10.575895798720747
-7.704965858598086,-5.519500994456682,-8.909324153204066,-4.081899956720852,-2.9737030900159303,-2.0643382569168853,1.1465672543873249,2.452985445599397,-3.380221568836699,-4.843048571136929,-1.0066608264477992,-7.034512309567405,-7.10123372515735,-10.183577849225452
-6.482253916730704,-3.2400395418107544,-5.3541711107294425,-0.5723978355079762,-2.2992870972912924,-1.679668994937824,-1.4303729246436117,0.3142188631649427,-2.7537049883045404,-1.8690942738743983,4.016891125150039,-5.20374455217349,-2.066941630643385,-9.295782646336738
-6.957092959633807,-0.0143599712162154,-3.6945042823203007,-0.2243484993388627,-3.121817346027047,-0.8695781335294659,-5.6764310486942025,-5.544326269552018,-4.64132683366947,-2.3726250522602084,5.879102632756622,-6.841752323565857,1.143987419832769,-9.152215946132984
-5.9070449774109886,2.1582400246976747,-3.790855039175141,-1.4302573631971511,-4.168710205259367,-0.3733213770027013,-9.358629823525982,-11.70453424480593,-7.367143886156796,-5.005108955901878,5.618194097280341,-9.954068211403564,2.1757401676106345,-10.066758402325034
-3.446362773346384,3.4912380998027905,-3.937333265130552,-1.8589500536422308,-3.1997608683621523,-0.1568905137682192,-10.481217492461369,-14.20063988224959,-8.31573736000044,-6.389579185074255,6.094250341947027,-11.006892614828327,2.084435000167128,-10.757753199538124
1.2585148226393448,5.517945211516654,-2.496796901465525,-0.246985817233267,0.8962629425228297,1.0097411261305795,-8.553710946518436,-11.357813377126222,-6.114371940567415,-4.142419088277277,9.495500322070246,-7.8739674048135955,2.188712257750474,-9.148943897282257
9.087229180115486,7.929081819628261,0.5580569067215233,2.781332850109045,6.674289550805646,3.069958371694544,-4.794355952824303,-5.018208137129312,-1.7175660773318049,0.8979107354154525,15.432940032397276,-1.6745750115264229,3.003082517028275,-4.201889413487291
11.86783398053323,8.953722059220066,3.6229445915135017,5.3941842260244135,10.860201348314297,3.754043251245743,-1.1947136791759632,0.864100672364396,2.489884436472779,5.262985957962616,21.11306623644325,4.056269057571194,4.12375709818624,2.7456277127942066
9.489621650001885,8.67346429979909,4.960824663716883,6.107686308827122,10.82909877428383,3.1429572832801647,0.810982023825112,3.165708207335226,4.628242644322799,5.766844372681879,23.339795707331493,6.124286949647772,4.8946868563785735,8.447609675852366
6.826279288593238,7.329441329658686,4.296610975494405,4.944623023842253,6.763562477812055,1.1990727949098956,1.1102033276888723,1.7072581249916592,4.546217942332342,2.196266464483304,20.715878834852475,4.0351427316419946,5.0334907339898525,9.884229613161908
2.0626312055430454,4.48162300330171,3.0163643585996134,3.27977374810477,1.5700548468345343,-2.6751028415059337,0.636644645325934,-1.097820579512974,3.467497244342344,-2.4971905851676484,14.457368140591248,0.1166614287427392,4.693440292401906,6.465401176519977
0.6549076296318713,3.153260333901182,2.8051048638527245,2.549294069337928,-1.451155725570259,-4.4726701697466975,0.3789742540491732,-2.5506744256461698,2.715975953410465,-4.563903128544151,7.44719390734797,-2.483620202443266,4.141893109559288,0.5371568893297356
3.492596029927129,3.4760253904464347,4.014760369491444,2.966458814882934,-1.202795517424966,-4.128802007318381,0.5180444288189276,-1.797859985798548,2.793608228225649,-2.327684863869395,2.4168911020635324,-2.1678090381869373,3.5204060700604,-4.2586882370505705
3.3290997037126617,2.4802833622793234,5.293110143344034,3.39381358884999,0.5719214688332726,-3.826329764943815,0.4042623862465371,-0.0158418913687654,3.4049683900872214,2.731415187593647,0.5259339415034381,0.1921840591296719,2.8517558552202686,-5.51742092054639
1.3740786621058896,0.7639545260242987,4.834650907017039,2.50230653479551,1.097244725165783,-2.655568476030015,-0.6239934683462152,1.1870106736769763,4.007148442901831,7.344684390025257,1.0690291734152373,2.2828049550086646,2.104528186451297,-3.5660858176714987
-0.0061811142487974,-1.4748119492246852,2.1264177830270103,0.1513231768031264,-0.8634468009255963,-1.977098262024555,-2.32791044058968,1.3922991960203257,4.204462780316694,8.977738578327155,2.2185595624303422,2.33821108156428,1.172468811480364,-0.8631890487782155
-1.8716653106630805,-4.702231434579809,-1.4056717582957594,-2.3404590977458195,-3.9811177643811577,-2.0219584042598147,-3.461237540556982,1.498335447883,3.832840736527501,7.511713058444997,2.2203224787902047,0.5254802097300093,-0.0866196914798826,0.1049263030141061
-2.465090137120815,-6.925517074471268,-3.4750806530063354,-3.361828166815995,-5.713141408497794,-1.2793015878893337,-2.708422931854682,2.5027439763205823,3.032876544887679,4.9880357174566425,0.4244809493523398,-1.2580799665882374,-1.5779653837248846,-1.259079318402108
-1.4901757361839143,-8.122314471823245,-2.821094832371481,-2.548679844699403,-4.674831842462689,-0.0655008384759322,0.0686942512078583,4.392038649428019,2.418212402594072,3.890059417390451,-2.296663871297959,-0.9456260857084748,-2.651792505190004,-3.3718800769769643
-1.981763583474485,-8.099093965285205,-0.2505407570133058,-1.2042645270635663,-1.8132950480765768,0.5234993266772652,3.417711218757109,6.241776765884491,2.979444707904684,5.388390260381887,-3.991817917081845,2.0097631552712247,-2.2281099775865645,-3.936408043607431
-3.638683853171604,-6.285185865026548,2.072763454787641,-1.1292056154136434,0.5938482007534623,0.6079742986915013,5.234383814677361,7.196165772972614,5.400909609020292,8.738671490580579,-2.862858982785583,6.124761715973022,0.415819327332291,-1.9617200026112276
-4.8363327303783015,-5.3343696532201,2.436052367912984,-2.9313827689227296,1.018831851663076,0.8033407196291257,4.377303008875483,7.116763352254885,9.14511474854127,11.996089072249148,1.304895412274348,8.940307049083874,4.701504000401225,1.2810309375306903
-6.074078905381618,-5.138972113233897,0.8737377349045516,-5.417294331799068,-0.1482189909735897,0.9193177033173484,1.5990708836700471,6.264341724285213,12.220062726818488,13.30777873222436,6.529666416010046,8.790937897808844,8.602572923073103,3.187742914115431
-4.853229713137509,-3.9747202930472634,-1.1204210488604889,-6.630680088232039,-1.2831407455380994,0.813930668789805,-1.0507691383200084,4.6173331797928485,12.203924465771497,11.870641964866886,9.60138527747913,5.903260251063566,9.783256674920272,1.9916135526863925
-0.7314597265621204,-2.3214817218152457,-2.040995370306128,-5.508523215054586,-1.185844370391695,0.542344439481792,-1.881107197087717,1.8505622791656504,7.999270653867319,8.126417753672854,8.29530035881952,2.069210082046746,7.365380099723772,-1.545446285568744
3.275835180288607,1.6236858144338124,-1.540162854938545,-2.573167371315133,-0.0676857967658324,-0.3454862523078172,-0.8652241211518842,-1.8754474978115456,0.9547950048852548,3.3534645664257576,3.285393337138632,-0.6591190540339968,2.875645322624467,-4.419951519063585
7.789049185996585,8.261695066705514,-0.3095999898805486,0.8848140058116991,0.9015137257372364,-1.9130331525974915,0.5046988672733197,-5.284529914925123,-5.691942957278592,-0.9458709787499135,-1.922590670606057,-1.1354257546880318,-0.6225617465120028,-3.624024168593538
10.75132902762136,11.385281886855331,0.966765446691824,4.14256757076643,0.8190503162924065,-2.376053277528189,0.6333438924459358,-6.516749483693184,-8.808212340372725,-3.5894116559607445,-3.3206054433176746,0.5834332701475207,-0.7287276657099131,1.4078237495767456
11.478609522883064,11.068252940224944,2.3522826029741104,7.458999505006034,-0.1740588652072565,-1.7108979449643038,-0.7769729092640913,-4.636934271260557,-7.390431204414421,-4.1024550410933855,0.6391042197731021,3.649624879976769,2.485456690164564,8.244643512169773
13.71242960330082,10.369781104475235,4.325682053344603,11.205718737691974,-1.1295417036459638,-1.110596045674673,-2.5624519898089835,-0.7675478684853725,-3.1621053465572797,-2.890585453510118,7.782133902338353,6.942429415707984,6.573428557018402,13.37204745674608
16.89887308374474,7.922688951691188,6.8573366300759,14.78385249551764,-1.1316485302750483,-0.1864796582710368,-3.2546552886657327,2.3773882129356294,0.6475628165019369,-1.0817015060369584,13.710537013714475,9.381077000765124,8.660443632520952,14.952537565729491
16.82734949632906,6.26877060807865,9.01147050887055,16.64481425588911,0.0181505574409879,0.0687649675285028,-2.4689284227874437,2.388332821146851,1.4456479381770977,0.0095222906567036,14.908196138520026,10.174276120269226,7.617212886719109,13.99485483711124
13.767455358877948,5.752123709261487,9.581621087381404,15.53315256330542,1.6822782899132838,-0.5592083567635177,-1.2731158720298583,-1.0173364444479804,-1.1155479331775535,-0.3998638538178194,11.082350436433424,9.146418657438076,4.699098735388169,12.950483854080035
9.618458145305096,3.594572060881654,8.128935896946562,11.719316808417886,2.7791300478482253,-0.6367433161788295,-1.2314410922314345,-5.745058296100849,-5.048850379485515,-2.0702016641251144,5.13201633151838,6.9241425576000495,2.280596390049506,13.18035859308772
3.522069892732798,0.3570854884895282,5.385108371342464,6.946635287763806,2.4328894766129245,-0.3993236856153489,-2.981608914083847,-8.810529066602909,-7.412007673381729,-3.835466984557093,1.0590454034786785,4.661463011695807,1.9302130475519448,13.77382274268474
2.3768733994712674,-0.2461811805540017,2.684201261043293,3.135436314041561,0.5863578251682657,0.0581586610099362,-5.567073798990359,-8.318752938122923,-6.215103536311288,-4.295540020564104,1.52024256327267,3.381753560559822,3.4685094180138023,12.810280411172972
6.949033272834926,1.7229111242854989,1.06271517105819,1.140034318165165,-1.7729457441818113,0.984250392354728,-7.058127160448128,-4.443348801393659,-1.6563162953472963,-2.697625125293107,6.59650293566513,3.4554023112098995,5.586455642871936,9.705369523278764
9.532431356079751,3.905001472228217,0.8525789054780057,0.6974378440760467,-3.0606596527982783,1.9344236142701616,-5.934067450000252,1.077680957449804,4.058657857144702,0.5662455681528318,14.192751850894457,4.632385295849677,7.183767245880779,6.213852290707747
11.668029752666165,7.090455569011618,1.9050104387668296,1.338936874098829,-2.112629876896398,2.967204982748123,-2.170796358135771,6.202035921681331,8.16868691330432,4.1804731221143445,21.410684758900807,6.468760512420532,8.113981629338028,5.006647719786669
11.11515651557754,7.482426505677486,3.899375288013869,3.0084375817778737,0.8671382755173312,3.2156210190675822,2.683900511538305,9.537984620024364,9.114923788177892,6.690620395539203,25.93312272891642,8.599595662083349,8.798034437877469,7.132379341695702
6.393900621466014,4.47566897331381,6.28831577182424,5.599474833715441,4.206836840267869,2.510450973260081,6.390437911496756,10.56916610601166,7.412827717686295,7.313226868751123,26.773561318542228,10.581984370910652,9.324674315885732,10.77525501980235
3.1908801827131583,1.9124971026606108,8.091025149692094,8.056115850964352,5.7546219018224365,1.0716675084613632,7.233566571111374,9.484105906931736,5.050747974480982,6.25422649153232,24.22350082997531,11.63883867445484,9.089408500160044,12.53068479213144
0.6892335719374504,-1.1863379543163357,8.100073296313488,8.401460872052942,4.335884621433912,-1.415297386253345,4.903598085478415,7.042045189475492,3.905130771799346,4.413350847195494,19.23129389287686,10.837104929789596,7.397608392134307,10.138885274728931
-2.1295741458851523,-3.747138474760612,5.637454043121971,5.137947651576709,0.6207041213529161,-2.472326343521978,0.6547640399366887,4.445963082256734,4.412683301963391,2.780936486181177,12.70244241435369,7.757096218129364,4.425786962599557,4.360484318891876
-4.30790621499774,-5.167052657428578,1.2689804666060196,-1.1584835762937669,-3.278461702929225,-1.9697816188271984,-3.304042611135255,2.916851417619408,5.506254887500985,1.9468588025093572,5.215824624042917,3.063653793729518,1.4894423113698778,-1.5276141355795394
-6.389824982415677,-6.663842278954412,-3.286297359428146,-7.743962442643154,-5.226893724765086,-0.8025334214870099,-4.924783835142023,2.998253102935371,5.7398604810809655,1.9192991768674057,-2.710380262875949,-1.6735378680587214,0.1522271382235165,-4.134159739887133
-8.208674341409406,-7.762647644839164,-6.162779268904046,-11.51086233254516,-4.48436407345522,1.6924698218558971,-3.4218117218404056,4.141995884633796,4.526299035210496,2.1900663023344924,-10.196606229229022,-4.91623609696423,0.8301923083276499,-2.33202886745582
-8.211748183386057,-7.028851856501672,-6.535053873345998,-11.23624346807183,-2.085228764211469,2.704002905234352,0.2608329909381623,5.088660144545964,2.405955693309899,1.943063824537696,-16.01862578836161,-6.127119245949554,2.167345460459108,2.101621155644917
-6.252860887376832,-4.358097170240601,-5.045396323967674,-8.306409699354532,0.0728128450300151,2.0756039842507144,3.976341914866557,4.845091430654714,0.2591049035169721,0.4046696624501424,-19.238991416603376,-5.979266356815463,1.9197344379636512,5.831300533101596
-5.787745534121288,-2.7653750088349107,-3.1750150314422223,-5.336497371358015,0.6854826498026227,1.1549547310787278,5.65971767102662,3.421867220757469,-1.6080841508011825,-2.6846622084914578,-19.93052087662504,-5.677687079395135,-1.239259549821623,6.120247385986158
-6.645165552717999,-2.0769128568698365,-2.1389446535042387,-4.015289872804058,-0.1270231518332476,-0.7671714379460839,4.577288792653646,1.6680587223781238,-3.550231087192088,-6.707804677547086,-19.236677086750213,-6.027956965007751,-6.513313139162035,2.296473838947527
-8.632639413504421,-3.0447025469670552,-2.207173903188874,-4.092820270270558,-1.2350260200366083,-1.314394934874539,1.7049949095502823,0.4131472251256833,-5.840977218847796,-10.27427345524008,-18.57295332959051,-7.035212455631317,-11.490875040977942,-4.210887155079726
-12.596115041281845,-6.488654000343464,-2.890783884852084,-4.214786893679713,-1.683260030014031,-0.2754620373976795,-1.018346688365919,-0.2150499066752429,-8.003184947764606,-11.90224260865932,-18.616789552976226,-8.245992784077783,-13.99544537756126,-10.948400126764836
-14.20236355072335,-7.226085721211951,-3.6578502529554617,-3.5753772344960195,-1.5012099043795957,0.7858370873641084,-2.0186071726589088,-0.6768741640456097,-8.995912413430773,-10.901234325606527,-18.974548131439175,-9.345964789185825,-13.68361843982046,-15.768334581117472
-13.425917965726557,-5.394275474264035,-4.45646067068876,-2.756395145376369,-1.427354749272054,2.4635336380699986,-1.0495942824490032,-1.3567075298632272,-8.086323421005678,-7.815525473507002,-18.76686461865726,-10.369923442117406,-12.027752057571636,-17.69799131049195
-13.815854253605426,-5.288727681508198,-5.61171336211379,-3.0757930450479667,-1.951463142537471,2.8087750738308035,0.8476792701932125,-2.130675168909298,-5.515504407242815,-4.082856582269496,-17.504669154710072,-11.387574823569295,-10.831959809699631,-17.101324388128432
-14.545382185230537,-6.012632592150263,-7.295218489343755,-5.217248157544739,-2.7523517823189545,1.530465057835679,2.2672075727170906,-2.6117440538193533,-2.3507361771463096,-1.180441928506175,-15.445369962728195,-12.139856474276076,-10.766125952044447,-15.263312372171283
-16.90503878939726,-9.046782201122442,-9.138867071034936,-8.483794364761033,-3.1207438108978947,0.49991415568194,2.4918460146003447,-2.723548553624606,0.2083659694763939,0.1008533759878211,-13.25814988513718,-12.15964002526239,-11.251175829166662,-13.684809770559628
-21.55129515161557,-15.244331573419556,-10.369362877221723,-11.30138331114252,-2.8423836752322758,-0.7760691804839932,1.8996623937751256,-2.881527075380053,1.3720816474796345,-0.1806837581351228,-11.511830430651978,-11.329523906453725,-11.561904941607796,-13.392688418416617
-21.322561780149226,-15.59759962222634,-10.322153729509154,-12.40723773615488,-2.4937990181476426,-0.4631299220114279,1.5043419272381229,-3.507341391896846,0.8764348331104976,-1.4259547782600408,-10.478217090199667,-10.22821789715561,-11.762893906272746,-14.515748055025648
-16.180359786690623,-10.040452274761195,-8.867564732501519,-11.621800736273734,-2.761822065933612,1.858214153667867,2.0909447606239078,-4.371097791280067,-1.014806609422341,-2.875768900881502,-10.176101719318975,-9.706861987100146,-12.379357427894703,-16.257279244883417
-10.573684634720724,-4.56500984511237,-6.435099856583749,-9.622062678674732,-3.513128889876813,3.821949609381635,3.6644906138786526,-4.522484258902158,-3.377009524087816,-3.810134470243536,-10.290906967248604,-9.935492146199614,-13.222617038179177,-17.25678560521166
-2.9582180081347085,2.7391983687575143,-3.72045377290624,-7.111728999809098,-3.6750436874414447,5.916065319807062,5.591352489430125,-3.0274371016802606,-4.702885666647304,-3.650585532662924,-9.992526672089978,-9.877746040431033,-12.886594912876674,-16.224829261356607
0.8214451920565283,5.563554860637621,-1.378044378839934,-4.275486984311746,-2.161676149470223,6.963290788733381,7.1987944368345,0.0979170488056775,-3.671990742115634,-2.154696580876618,-8.15874760040208,-7.94203317259099,-9.823403904420488,-12.648749015490663
-0.2027328811924525,2.669150332896099,0.1333830991855324,-1.0036365500444646,1.0291684296109511,6.47583635914053,8.249832563229056,3.646450616825365,-0.3265086204027265,0.336063423200144,-4.2534261733269725,-3.455298075473762,-4.127393924569289,-7.24297021628249
1.6908622376127662,3.052917230475188,0.6202466523310965,2.46032405592628,4.635366194201758,6.794674036364669,8.908756582687685,5.9889896280298505,3.4732858393179447,2.8770605335471746,0.7830851570126187,2.354922626539956,1.893643277517893,-1.7658117001203824
5.175177757556744,5.251161671049979,0.2359869263988976,5.229313425322966,7.061721051563722,7.574507004101723,9.324082961174138,6.24639962788145,5.14714801384568,4.330460690040498,4.705704083903398,6.944158187206013,5.3032475043990495,1.9141333401052945
7.6408665060157235,6.917180940276457,-0.5003146571444312,6.256185041416003,7.556155438255637,6.986182520993139,9.294086551685456,4.856314990067824,3.413611280210066,4.021976036528963,5.449784774885515,8.296635962347093,5.026674446210524,3.018599920061771
10.18568354131061,9.44340040287748,-0.9039956756691128,5.223878077976115,6.581588413845172,5.279244453459954,8.34685647358777,3.0506334364373404,-0.5567320518665815,2.169852418542468,2.772090061239099,6.481758310007248,2.8420038864330275,2.399884043981805
9.968528189563376,9.769147516918624,-0.5167268418589401,3.031984286332436,5.160138735572863,2.640557787350372,6.145181098346553,1.7467288194839354,-4.070181166631157,-0.2630522754561193,-1.5316622690449746,3.528219724741006,1.7322051145814958,1.831365436832514
6.529466859825115,7.647396129976858,0.5839477109926703,1.3649649819488945,3.934389810325598,-1.297711779340878,2.8350029020976306,0.8754116388794693,-5.193210469395953,-2.188906313931465,-5.149203525421303,1.7250156104372945,3.057324650854527,2.5206729063971087
5.482359395050232,7.142955106616344,1.8314221314840335,1.5847405334648692,2.86435900106038,-3.309388948158019,-0.9524903036881552,-0.2788730807478854,-4.289936274991132,-3.013257513628682,-7.072882033430488,1.8848664674136804,5.314876979522224,4.142489255525494
6.395632625022497,7.738146548316504,2.5571080811723936,3.7523849657515,1.743446629386184,-3.208248067926005,-4.406258671406954,-2.140460699154481,-3.394694650161739,-2.829830440667536,-7.93556803456033,3.0598938975797654,5.787936785536112,5.308280145897073
7.213389838372777,7.028394526767623,2.4201299597829724,6.513206490101338,0.8419821889717691,-3.647371324426818,-6.884607180266479,-4.284341526505803,-4.102307621572217,-2.149983020594507,-8.633593451470041,3.7622864688198088,3.4909749289830625,5.018271065521924
9.032726550368118,5.600716374671763,1.5809682155015277,7.967096931574198,0.8649721868233566,-3.904852447597224,-8.099857455750845,-5.818095516931888,-6.0521640689941085,-1.464689269804195,-8.84913809577987,3.3718739475012,0.439835589814459,3.638351482964639
9.190420021610771,4.3675661422749394,0.5565836360278671,6.953442514953818,2.1737586249213567,-4.477953315276943,-8.13468229332317,-6.289924796660847,-7.390622197639157,-0.9732247097053612,-7.197161104517964,2.437309356602108,-0.1131724623918879,2.43020501824042
7.44103505093404,3.058796505739062,-0.0993312111991016,3.8723705422921055,4.095316389423081,-5.742378679446718,-7.385127870052489,-6.166092840741571,-6.6101059543255385,-0.6061882705765864,-2.9243127163263303,1.829163300582716,3.187521193423965,2.189076218256785
5.719672772253133,3.053844934397156,-0.1029247653052887,0.4550904545056142,5.192565278829319,-6.654714503567628,-6.452666106023731,-6.362814605712366,-3.928962116781527,-0.2507992011052602,2.688678992068086,1.8001260135298258,8.339027113689209,2.485061048900217
3.388341721757814,4.623786093931245,0.4102460711836033,-1.3807865064245988,4.442879935730663,-7.428228713879162,-5.92023917859842,-7.287975279559092,-1.0234247859905024,0.0075977074984692,6.8895553245229255,1.8825964090859264,11.578523290841533,2.3232553961870464
2.738736000547468,5.950343898414739,0.9935274428334812,-0.7779641840128928,2.2563783795779733,-7.467072781126071,-6.022811671065268,-8.35801962702129,0.4009111452760399,-0.1814441493345162,7.652372370006653,1.5300917494094914,10.490529365494565,1.4689472407825015
4.174836944453463,7.375793492668646,1.2500634826851185,1.6242245703856844,0.2568047635679278,-6.555908017281775,-6.4156515074554274,-8.486702175274772,-0.2256249140605355,-1.208131175526102,5.458387409623493,0.6902009086205734,5.786280680189972,0.937298528247843
5.090588842261037,8.637877373755853,1.225202137873282,4.3412088500856365,-0.1239188663894763,-4.589284305032046,-6.30767132754141,-7.081303345253319,-2.2855721664140027,-3.060152805953756,2.933764155937939,-0.2366501455200511,0.396354628127586,2.027587795498765
6.062162469861026,9.40682671125054,1.460156670077291,6.169461437019788,1.0185411413265726,-1.2760672979969283,-4.999122504226532,-4.595156737217282,-4.668914034673996,-5.006145281626934,2.6483736807963147,-0.8350743000459904,-2.956816668296783,4.84175597788049
5.606006480154337,7.977905612769359,2.5319641057276936,6.811133492892292,2.081169464963356,-0.3200673808031453,-2.4862639875270176,-2.143417514622153,-6.343143326652581,-5.820437378129013,5.064120588940256,-0.9639887089242408,-3.4866172276457448,7.812694514747933
3.184996903244995,3.929684755654376,4.393466069672561,6.5655242442088335,1.36906350858521,-1.8969705556268568,0.3706405304690747,-0.6007441117033556,-6.480110169014886,-4.605883366741814,8.377077322417792,-0.7019171394816066,-2.2664166256892626,8.798864208142495
1.891034970674011,-0.5338952945438948,6.1485075161377445,5.59670964995089,-1.376079204695289,-3.967967230718241,2.3386517536336324,-0.0430831990817086,-4.535458001333482,-1.6586252966395725,10.211674994122228,-0.2082788093681395,-1.0109244849471182,6.7937958468760815
1.3460536279283906,-5.920083881316341,6.611930894731666,3.6790175332771575,-4.7104284859930665,-7.449797859542797,2.6469431249455866,0.0315324236105514,-0.6250840682384204,1.4464382326298626,9.573223507321892,0.2597572786505697,-0.9770282789875776,2.7472804772989594
0.8037143844327731,-8.418894680668949,5.272792180105663,0.7334219984744159,-6.665496586021636,-7.946502002559363,1.5195993747070915,0.0744949217944981,4.134795572570653,2.8586483013859496,7.479172634403013,0.3004568705169967,-2.5159468394097537,-1.1570623147100907
0.8148699031519868,-7.328122730043588,2.808014472513744,-2.495735711139506,-6.263606432434816,-4.964159694397577,-0.0232841764125062,0.1602249996302962,7.980381651870124,1.8791281881861208,5.99791101405037,-0.4351655575508886,-5.008708685810738,-3.071596709058434
0.1962734892497871,-6.146025762461592,0.6180519176619459,-4.557561461707934,-4.098375754046392,-1.9082966286832288,-0.923911305929277,0.2374035686002695,9.604183098288258,-0.3823883238288665,6.688493340782344,-1.834100770042724,-6.979345537422379,-2.5985076320785314
-1.0866135455850936,-3.785929326210648,-0.2707792529770465,-4.368913946145632,-1.6706595572106515,2.3441819615192045,-0.7809634087974864,0.5433702767995197,9.143784868586348,-1.7882759253330764,9.64635129657306,-3.1178791792067884,-6.666144830895236,-0.7066888418265602
-1.4578380872611092,-2.889965161589789,0.0072646949292565,-2.338846487265423,-0.232885726863584,4.421123346594928,0.0421949815982038,1.585195757473656,8.056076844242833,-0.8412074284215691,13.627875163458691,-3.220222122802374,-3.209613525885928,1.2141960644914749
-1.0817234997653318,-4.060108971401882,0.3561034128384985,-0.3921911158704798,-0.1090004132792969,3.682633425271701,0.8751964936143626,3.603394983423655,7.855757839049254,2.1213945834825427,16.880991955278567,-1.6149571999015588,2.2430409127602253,2.24564579872189
-1.23972369707991,-6.506654778999741,-0.3006013306505224,-0.6479935800861263,-0.8319758206740548,2.862436284326688,1.2824435473876985,6.071143068590654,8.835075064363721,5.203413994522826,18.005402848537475,1.0391074576537918,6.733832068084388,2.171308095804166
-1.7166225583022012,-11.183396457968936,-2.1184145173863413,-3.740114771427608,-1.721158379316579,0.981945183328478,1.2453219553332922,7.837060293181898,9.9550724897661,6.455948932048411,16.40184691656364,3.0778716470972167,7.406800604117722,1.1915845931068263
-2.403024081633616,-13.40030126380083,-4.243840146044475,-8.169399888948842,-2.3313537548321026,-0.4275767329843301,0.9612677299096806,7.898307832356844,9.956428139489065,5.354754700630652,12.26155446524733,2.902243110533991,3.8871636616011926,-0.336223849514047
-3.532231543740245,-13.024589741103952,-5.530695466898518,-11.26504955019323,-2.527369274502975,-1.0286165155530436,0.5783042653700647,6.136362581903123,8.535375402808857,3.059980988543332,6.282594857861731,0.2364313132645321,-1.0000491860560563,-1.874723351317112
-3.2773627103643976,-9.170496987019996,-5.403976617673092,-11.04432065090815,-2.332344667616848,-1.1574863850954769,0.1227721160256596,3.3374251407288416,6.423914409390344,1.3199136882316314,-0.6527433649524452,-3.463850972058424,-3.207179290712487,-2.688847868815724
-1.5428231335217022,-0.3983376019035767,-4.182923049406208,-7.579609387663885,-1.816185553796908,-0.2714439443356824,-0.4236594406485512,0.491481878500112,4.402834952022651,0.9997909658495184,-7.664181725384054,-5.970376706047356,-0.8088554654992723,-2.2205008646789324
-0.9086344264356644,3.0589944539735936,-2.6975266843958963,-2.916778302545394,-1.134398940400322,0.1893167378262721,-1.0870584935254666,-1.950544274953224,2.402283295074291,1.481977123442526,-13.879521238059004,-5.990664595185617,4.115667396035624,-0.7108966830776513
-1.083702764863972,1.224085727954607,-1.6064565610495087,0.3101533332537549,-0.6096943883459698,0.3072091014778639,-1.935656820718874,-4.162821630216939,-0.2851227183932412,1.4078360631618043,-18.386331039031106,-4.185158548208395,6.93020396854096,0.6241939335714068
-2.030964650857405,-2.9842427524827637,-0.9845767258175916,0.5429638660040244,-0.6759603614935976,-1.304883447766688,-3.0339254144691727,-6.353449590809381,-3.902040487344771,0.0690967008401841,-20.347477042689192,-2.472191376809354,4.261854756275312,0.3637665665211056
-4.300490827974694,-12.059180880064714,-0.4418458516067556,-1.8556037856595484,-1.6275062792930497,-5.122083093552105,-4.262459091920085,-8.174640336619298,-7.492760842998441,-1.8280606762285412,-19.37884116418958,-2.135859949952583,-2.986165449799696,-1.8503475910284328
-5.083673672669429,-14.747075085018876,0.4236912351511206,-5.017217375820934,-3.3288277483699664,-6.541481072954635,-5.231973977098059,-8.838937211128771,-9.49232483520468,-2.785229908737417,-15.990063398775405,-2.5276522392378222,-10.095538544815389,-4.728967941875748
-4.381347131708775,-10.491063003913814,1.6584602411726292,-6.851048464297433,-5.15260616756573,-5.74589275947374,-5.553430052621758,-7.928147593177408,-9.212953257977276,-2.0320317909544148,-11.674104088454753,-1.7474452004395191,-12.186119682713674,-6.206459207845682
-3.82709018495508,-6.072635114350172,2.942318487950344,-6.325918558567694,-6.28927261917985,-3.659276407828447,-5.325187032898748,-6.09651013351586,-7.75386165434244,-0.5385251167680112,-8.361100173979196,1.2419875505126816,-7.98997350269047,-5.175405986755108
-2.8263527791235825,1.1723890825285952,3.870254468298681,-3.974773327507216,-6.271449625834691,0.7893419049235704,-5.27623684796691,-4.813580979294454,-7.264012549069276,-0.4161778183563029,-7.404469008685192,5.192573315310534,-0.5973467830710826,-2.498081465405889
-1.926658825248371,3.858424510794279,4.24936496680755,-1.363410526368098,-5.330004187704244,2.315243338368319,-6.164932282885907,-5.137534302238115,-9.04298722856018,-3.010041417451613,-8.706809079514514,7.44000517302551,5.269547219166587,-0.2371420672744335
-1.3039161487279918,0.8665429201942365,4.194376490978213,0.0973485141145784,-4.2692928366504,0.7174783217236969,-7.807347400337355,-6.539144631990823,-12.179117243520404,-7.307451890800944,-10.632107287296805,6.384636518965081,6.930422829767973,0.2646650885699788
-0.1578583750211459,-1.3874935947347806,4.013917291946731,0.1943243045126763,-3.8966277998831824,0.0225248440487558,-8.728556380301711,-6.984007340102861,-14.069035296623962,-10.244359122250616,-10.900769834179265,3.1821033213538445,5.288919139685751,-0.3644227174235332
1.3672010628505702,-4.832305709654261,4.024696004561187,0.0594545403430064,-4.394416564495009,-0.904116869220718,-7.080018645244195,-4.476755839639908,-12.48622203601952,-8.933189609757248,-7.997590812971867,0.9240144255427092,3.33693611475538,-0.1671255358515408
3.303432621556337,-4.174102318707103,4.413621915408341,1.2518905722776434,-5.101306181456415,0.3437087900443185,-2.273941467367192,1.1240003018912994,-7.41314250572751,-3.061353840985409,-2.200608068403933,2.0418359125482644,3.394056965511352,2.250805018187066
5.7884123008092505,1.7817193856855715,5.181483542840654,4.410604467327334,-4.905602188623767,4.48775973526892,4.114615774850834,7.669568369703097,-1.0203498427974915,4.620156283040056,4.504410369390529,6.3712091925128735,5.573738372158669,6.460359548188072
9.043241293644009,8.18567284328303,6.148679499139162,8.555005953760107,-3.023068282242579,6.952256429255637,9.196893354050898,12.229968891631415,4.150390924499578,10.25475738780528,9.64392081541563,11.557484419358293,8.388534603438663,10.767324879729872
13.171534959132307,16.61735261377567,7.00739114249403,11.70728929899297,0.3742977482754375,8.301155480166916,10.85557911840301,13.363763830186546,7.1249741167919565,11.706768022059554,11.797112125819986,15.14873110396301,10.364836557759345,13.867821565180058
14.339809648944671,19.92069824913456,7.400036473252808,12.44214793522544,4.167237818277194,8.468794200360009,9.328443852975129,12.178577353589086,8.845185454036164,9.91315106973158,11.338362075408549,16.256801897554617,10.993659620275626,15.788703483465383
12.28097390163948,16.953549777817518,6.99414490146961,11.09029186163954,6.997835629663348,6.5186743302098,6.886688881278265,11.225687419281218,10.770447772929144,7.719991005850657,9.844966433078088,15.439517804796676,10.464704818496148,17.188513206185757
9.417226118948372,13.92383051977172,5.553007062737873,9.484873872081844,8.18927911126712,6.2849421823087805,5.866097331308524,12.208932620091648,13.210729097636053,7.354764934173964,8.728445364534629,13.426146383335116,8.965466154094337,17.97531329961233
4.774127307157991,8.882821467822637,3.045995299523712,9.347084981125803,8.150024034831736,7.635644509214046,6.77299421663696,14.539145672571449,15.01657725929056,8.772000620452769,8.30797029867778,10.330306480307028,6.516081954089209,16.981783885314808
2.055377001333315,6.392541584660395,-0.1924073312258265,10.654090643273044,7.898608765761688,7.626266147769054,8.080026431841583,15.954428258528273,14.834776394508308,10.167051117850662,8.080566132862014,6.13712540666859,3.417408671492129,13.234850903389056
1.7541585098447343,7.501392171171051,-3.384752120937488,11.47193172517956,8.095451420385412,6.911768234007162,7.775894320911775,14.555393396028435,12.593816345819178,9.936107275578454,7.730179670378213,1.6423053342790617,0.5707313620227268,7.481967706469611
0.3276878248065992,6.118673630908242,-5.52465568432228,9.542010684908824,8.458379881426008,4.819331347057667,5.199072270280318,10.426782305119218,9.719969326666597,8.155448770585053,7.666755480307206,-1.5291272213324554,-0.937523147498652,2.178699435633682
-1.312484937632553,3.406478180557099,-5.920173416078551,4.371363929401561,8.14035023879368,0.820547492995993,1.5511021310754565,5.522909573314177,7.884386824294758,6.283857267147536,8.440446850218361,-2.147172394699158,-0.731398396254562,-0.3293846690382445
-3.069533049700329,0.959125696883694,-4.746416990719609,-1.9652786806915048,6.744261169068089,-0.8228263601382919,-1.2279908915575,2.065127704895893,7.512640796957157,5.542594351582348,9.706171570694169,-0.6962276238314011,0.3496000109127415,0.2063339252808873
-5.385501452733474,-2.0581472696614145,-3.107333523556488,-6.124535125494258,4.973072513932358,-0.1322457200959631,-2.087907437108868,0.8678665932037859,7.468495221927352,5.616899513382094,10.053870147673305,0.6515097849924842,0.7353113967011637,1.6799947260031196
-7.954175320958286,-3.4133057877624835,-2.3955430511581923,-5.984534604383324,4.185013633770918,-0.3237639649982936,-1.5537591946891638,0.889727757040756,6.164509707826642,4.920913144040622,8.172449734236153,-0.3720529545439355,-0.6974061154460323,1.3500305297470234
-10.927034226314458,-2.851657859411131,-3.3342614078513613,-2.365437809378172,5.162636718368468,-0.5685316282167107,-1.0073153049340284,0.2125044777495475,3.0309724462738004,2.1541644271486966,4.311686187860822,-4.28612754791499,-3.716175387733284,-2.039357147480956
-11.64525307017402,-1.5327272290849698,-5.434754319924739,1.4674477509831405,7.228337845884372,-0.9110469648619908,-1.3775012359592225,-2.4112272815683333,-0.968936736911914,-2.303581747880937,0.511790241005194,-9.39066093213323,-6.861196012394952,-7.5049856855039
-9.855917585711763,1.1576059576203863,-7.319085106398372,2.241996545730089,8.608666598122412,-1.7870171823804233,-2.455285606325802,-6.593728297694302,-4.141543801372293,-6.43372664804242,-0.7955972369258433,-13.070624783422282,-8.505535877513488,-12.770519907061823
-7.290557597179182,3.323997726213996,-7.658261101394476,-0.7940420228059963,7.830550152334322,-1.1148787188466984,-3.32419892053624,-10.557524034941196,-5.374591150531472,-8.03354964760629,1.3981678257209182,-13.69378602779243,-7.975688300328425,-15.791235676995168
-3.2436983340105883,4.807806756298254,-5.9986997498271535,-5.252297838427488,4.961839994497723,1.0967635864024738,-3.3288401802281697,-12.345774537946417,-4.817766394761506,-6.353735515598675,6.046761149507873,-11.49501740712833,-5.870266004852553,-15.640685810928794
-1.4901629783591803,4.954060569755906,-2.9154601629724723,-7.415357238050667,1.6041055851603332,1.5195954494169317,-2.6065890096630824,-11.109714559990852,-3.48316156763984,-2.5947020628471904,11.002904054955891,-7.911219514177389,-3.4495060350007947,-12.538021641870156
-2.490611871727766,3.101022846218503,0.4720552167613689,-5.080392144670483,-0.3804538353449587,0.3704470027392144,-1.768803156270458,-7.574322572109285,-2.2845122212963678,1.0506320661114756,14.509033188258428,-4.2552854632852615,-1.7135294988948149,-7.559484815075645
-0.97172669368434,2.8025124245394246,3.138270228162078,0.7696867847148781,-0.3403592181661778,-0.6917892158337691,-1.1909422396875726,-3.4153982477974623,-1.4067733857883835,2.944076439410516,15.939610099490466,-1.0014915056310798,-0.8932414631004093,-2.383120940315507
2.3192785193585186,3.85574760958216,4.510549305966258,6.696473862836367,0.7068957082536613,-2.30746715959411,-0.6923163282366289,-0.106596810458889,-0.4532936601534416,2.919318004325632,15.532531529422492,1.9215069186192932,-0.5705871694744786,1.150318320583544
3.997746421081372,3.050391717462356,4.486501836060469,9.251809879655276,0.9688171000362972,-3.3255734487740627,0.1051356008924031,1.8379306301011908,0.9192280980181023,2.003072581506366,13.829713631555244,4.484581610589785,-0.1222460075438647,1.8493572991253304
4.7483453205994905,0.9075898996754346,3.312031841715495,7.210706426104288,-0.6486457752055088,-3.517163406507697,1.1818763601051714,2.7186612449885885,2.513107800806978,1.366969068556017,11.46679148673379,6.341371692469991,0.8841156925904698,-0.0980059194802152
2.8374054680507506,-2.7422673590817115,1.4804799501166386,2.043577408124221,-3.684630248592072,-4.850790325306255,1.9600561994416807,2.9385045060427544,3.6343226467164698,1.4305506785117146,9.16379814494728,7.106341694406538,2.4581618581181037,-3.238495540647776
-2.507598616610585,-8.529995215499119,-0.3643565490410978,-3.406207339338565,-6.517672819812468,-7.104831716842799,1.7932263915616673,2.5427530446224047,3.557863665298012,1.736573373713675,7.419602905845139,6.643099382741454,4.114433099869586,-5.905350268414622
-3.7616995113478287,-9.272684138203058,-1.596951176896674,-6.790580822154368,-7.611188759771693,-7.037325972647831,0.6764562206282676,1.4885628468184962,2.025698284692212,1.5273422880285992,5.961999296920936,5.085132776713049,5.064983466535029,-7.284174851355139
-1.046145627791197,-4.614403936685446,-1.8244927611154296,-7.329844613577546,-6.573369627921146,-4.730285753422901,-0.4777632263294329,0.2839586061238179,-0.5391678788820791,0.4597047532907297,3.666512537817916,2.806440800929796,4.762527267377958,-7.456655557386739
2.032767642852185,-0.3840532027517135,-1.030722477129096,-5.654747889917942,-4.253305371042288,-1.653822971294776,-0.2990499022340351,0.148174908541268,-3.19872222987522,-1.1032888744880545,-0.5745364559949735,0.5378403577494772,3.497593895986782,-6.506041299991722
7.111675791012228,5.008869312278487,0.4278708995853719,-2.9526335327766446,-1.9632043230206264,2.914295223366194,2.1163163216955923,2.2391222118518077,-4.962988238332077,-2.411923807682065,-6.600212184520526,-0.6659560379807168,2.403500191382726,-3.924095000544423
7.203710393883767,5.502638925417677,1.9447261155546869,-0.2458282266829421,-0.6044222780430424,4.990608610998749,6.434452999797362,6.452321870916954,-5.343316831849389,-3.001336863534501,-12.603351174638586,-0.021711341576136,2.548120305997447,0.6854343177665427
1.5051375275042145,-0.239576974653392,2.8404626401497097,1.7804141405498868,-0.382428271600574,4.160521816605935,11.018572626187243,10.91046890648632,-4.676432870602827,-3.179752542096153,-16.268149072065842,2.083310729007458,3.738281422895241,6.201945771070047
-4.115692523399337,-4.101235598584873,2.574378110104228,2.587322212952476,-1.0972930529284677,4.084339310012104,13.718123820633302,12.86735007997996,-3.931117781664621,-3.8697723660335903,-16.598794516084986,3.8542756718624567,4.264283223709384,9.66856558780914
-11.39931390200983,-7.637906599293277,0.980131495955991,1.7070339090279028,-2.452937222766081,3.817288574487773,13.12572302055921,10.566967327902027,-4.0217843636177655,-5.8027707806253375,-14.786227425168612,3.147178656647064,2.1737199414099564,8.07651558029498
-13.665601020717023,-8.944634794041738,-1.5669915517902204,-0.9437502259923072,-4.000733943556881,3.84387400264095,9.532393649701092,4.643672383229109,-5.108346922478319,-8.677699167186471,-13.234657468608606,-0.8358007654623485,-2.8485060811856187,1.0569243554103274
-9.609160578289138,-6.495426195362678,-4.218055058870192,-4.5895738559120645,-4.960261967109917,4.683637192473584,4.87649981744844,-2.157211632452245,-6.504107669492026,-11.117821180727011,-13.588859839296545,-6.737280259180007,-8.787970124403603,-8.079174627726353
-6.098172140450869,-5.590585343133948,-6.026400418213099,-7.545718527516557,-4.452153000573665,5.380297935828675,1.5925035877048828,-6.846296246140961,-7.347390922904385,-11.69938569947269,-15.559709609808,-11.96520694438656,-12.70119431684736,-14.337631649624432
-1.299795525135166,-5.44212368846294,-6.452432171470786,-7.992762665389439,-2.215848020228627,6.224294522588097,1.0775941015151265,-8.204457413860986,-7.450104514222247,-10.296256199740489,-17.546087140258674,-14.54299620497962,-13.118602813329211,-14.656280765595811
1.331761360735622,-4.559510279926777,-5.631331182721594,-5.267288356149486,0.839229771205174,6.508007955346417,2.853550687666281,-7.33693516456826,-7.466050153898568,-8.447312676694539,-18.27569328615013,-14.22136608911133,-11.221127966487067,-10.044240226042437
0.618187759751375,-3.757694158813837,-4.161136881487315,-0.6857588659600089,2.990141178431073,6.07968571150048,5.024495543621102,-6.39539479157338,-8.12144486271893,-8.138345529639928,-17.74771282574916,-12.0245051199586,-9.580548831247835,-4.396257112812288
1.0866329504354173,-2.67120727408659,-2.562983317603507,3.00170428666684,2.908570665363394,3.861733769905902,5.6436946881326495,-6.657468882568374,-9.215789682681514,-9.87602616688456,-16.622386895626878,-8.997403601151056,-9.582256291495476,-1.159425550186599
1.645645899861753,-1.2725313544725954,-0.8976627848526819,3.4319339269813,0.745560418913001,-0.5286092327672645,3.9441332785229,-7.631018721964205,-9.455409381712869,-11.830703159643042,-14.93652148094752,-5.544783061136139,-10.017375174853829,-0.8832902460787331
1.7313881892135832,-1.2521478558762125,1.0779720195571123,0.4493554622225781,-1.921588465873196,-2.840169065125626,0.6024375227466492,-7.8363653019077,-7.467365643713814,-11.086547529978308,-11.768461879004414,-1.8536665318017107,-8.296941860761923,-1.6168300914996232
1.8800614165052076,-2.7032538693250787,3.3405043419099467,-3.603407308274392,-3.3106068209587107,-3.163166938016097,-2.95487779526918,-6.393212443570203,-3.1765671508877045,-6.151642850830209,-6.408755667603984,1.3856326732509157,-3.21386901796058,-1.331025520919049
2.0671722135984947,-2.96989364827687,5.20597058293469,-5.561559653803229,-2.786274925690096,-2.5951525098685013,-5.519267794666973,-3.913757017940165,1.7445341187664365,1.419247970110705,0.1613916293502413,2.9824612974151847,3.392172780028927,0.1546256157109873
2.387516614180992,-2.3051513096436453,5.621684183991949,-3.879597149203164,-1.2005179452012484,-0.1247061166328871,-6.666140555880354,-1.971866395614612,4.899069185531957,7.825757606668439,5.228969106684737,2.069746522769723,7.757682850534852,1.3896176140778458
2.156544748156441,-1.6343735465416758,4.014600943747325,0.1202661163190121,-0.022684846482182,-0.5258932701260883,-6.746774616221597,-1.751857885754049,4.890966632831351,9.709281744384242,6.172840194831789,-1.0947918581353484,7.193887945544027,1.0288849525000143
1.3756493533543672,-0.455816053970147,0.950791129266218,3.263536427948168,-0.115741248650373,-4.025540911787831,-6.553879846081337,-3.1345659621851354,2.318967711994091,6.527631859091056,2.6762528260775404,-5.158114761507672,2.2864970837476264,-0.8280997746570868
-0.2000203729549944,-0.4263751500726004,-2.083222693706837,3.013093929568157,-1.2093017095215115,-7.083266328219112,-6.931880771284234,-4.959582849053753,-0.7758507590620525,0.7068291101156063,-2.7164475616316395,-8.501721963204979,-3.631673588845903,-2.866049959231141
-2.7826897463229967,-1.7018558180163608,-3.7009401062655622,-0.5953290798454063,-2.375316214815328,-10.757743535058903,-8.412020432606177,-6.10723790871878,-2.4947681600155533,-4.388920642540953,-6.370583780572524,-10.149253301623531,-7.161837997552013,-3.82174319505296
-3.1770214110516743,-1.6527509235338025,-3.5924533701553685,-5.116678797622271,-2.917437459499226,-11.397793849760802,-10.898672955821247,-6.380518589416461,-2.348939510503392,-6.819720696192896,-6.2752451104029845,-10.08743323996839,-7.244778179847316,-3.42783178266793
-1.2438278732117078,-0.5393313418768784,-2.609674997836578,-7.710171294719473,-2.849912289536533,-8.247915886366282,-13.564106521350531,-6.438541873315565,-1.2456878190540976,-6.855954545553317,-3.4516572505825422,-8.914707826677457,-5.336062751312319,-2.301095031702573
0.2305511850142024,0.5919520808057794,-1.9258731782857552,-7.2358114630564785,-2.654439899555932,-6.720080082488872,-15.156195069406104,-6.924717864965736,-0.4125472097025096,-5.879519321658925,-0.8817695801844252,-7.230725538405899,-3.5833471851516805,-1.1904253696103808
1.925978954406037,2.215974341881146,-2.070980909086508,-4.757592601768607,-2.684208980550366,-5.964145092512638,-14.681051157587213,-7.650425257498,-0.3419747725563695,-4.764589792773144,-0.8498135510514331,-5.265137679598418,-2.947492043929067,-0.4361555661506884
2.151756448014288,2.1648066407159683,-2.6846746131636863,-2.305090875643785,-2.813887415014001,-5.525087719399732,-12.05736596172892,-7.642441619374566,-0.6431467756284235,-3.317667592469256,-2.9164128907426274,-2.985248908780754,-2.900156863300616,0.0007553370079591
0.3457842426198971,0.1803893898327477,-3.076444447677474,-1.2286344576758594,-2.6058581341926583,-6.355786876205822,-8.239200917248695,-6.077109820657498,-0.7260708783465759,-1.0809477669176104,-4.2553287612640105,-0.5273777935845487,-2.5517404825691017,0.2448052695599756
-0.191277746403054,-1.1551336574516744,-2.935075085254596,-1.57349301573106,-1.7654744506516522,-4.201535861922905,-4.6637661292356825,-3.2697038536903307,-0.4955601833890739,1.592163278519081,-2.146371149544308,1.4894464035867685,-1.7480794546460032,0.3698715529244936
0.1163631204417067,-2.30992865246472,-2.5214824624999466,-2.674023484648373,-0.444782957517674,0.9989980620344008,-2.42099520356976,-0.7385093872034645,-0.3757133188563983,3.432535582536204,3.421092959305355,2.170559251452744,-1.0449537114908622,0.4708308274505413
-0.1087467308853042,-2.190535723314627,-2.3048146122861937,-3.9913885512211063,0.8454004485459308,2.6116704176225527,-1.7696897157384228,-0.1350782765605203,-0.7645125456204909,3.24489415007902,9.296344494413972,1.0359456098127282,-0.8858388407619913,0.6899741804657822
-0.3495745008249785,-0.2383855157571126,-2.5273786087120413,-5.258057023155899,1.591611054288009,1.1392133794383608,-2.290567594648948,-1.8835383997142543,-1.5823591266618848,0.9626728803274744,11.411703562769873,-1.3773226952861393,-1.1198709958046038,1.0635424087115697
-1.285517099507376,1.089963280635677,-3.0961238358965346,-6.032378558089192,1.5836870033828063,-1.5468907612882647,-3.3832413466214035,-4.722661573696144,-2.3793521470940533,-2.274607571667957,7.966425084161045,-3.656272661458317,-1.394115010652186,1.368963855761706
-3.0978386214652254,2.14566120299574,-3.7331482937340894,-5.526756315697,0.966132494291884,-6.826900978281302,-4.553715977852761,-6.594858036950598,-2.7979179318645464,-5.015253604402474,0.9099173816615718,-4.447398172474991,-1.782941538169425,1.2461995241620514
-2.410458558595556,3.0035134497532936,-4.08343200151009,-3.1839202348486,0.07943810256792,-7.501777170729293,-5.279669938412937,-6.139461813410065,-2.810587596154903,-6.41557484516602,-5.49633105196159,-3.430883453080384,-2.6969179995567742,0.5984187495509588
0.8537999493944562,3.207543719421706,-3.696481979240602,0.55045193020689,-0.7237559161369234,-3.069201517422112,-4.813693918577279,-3.535312903629816,-2.464306360702011,-6.364927528594954,-7.742178832590866,-1.4061131955927522,-4.019851098125564,-0.0704957745328016
3.960818094729344,3.655215037746861,-2.0984134468463296,4.220316726406068,-1.1725085813156395,-0.0480373454199427,-2.4406497977170005,-0.0844104425005483,-1.4896061163046852,-4.939444330051309,-5.167530101514998,0.6647107547707023,-4.493338822217311,0.227640064183987
7.612632758932474,4.215999715603052,0.8882157111161888,6.343466774554436,-1.107870569363186,3.134741125819625,1.804975298269092,2.9289549161537707,0.6510318659871146,-1.983725611911112,0.3832481184091278,2.753644509188796,-2.3203308024866303,2.3494693286475155
9.898428864468816,4.143341790090518,4.788903109608711,6.532489137372814,-0.5144613151059261,3.779522075957448,6.631208392430501,5.034650084367648,4.170654412417953,2.665573393541344,6.495303014792512,5.847344354875233,3.265142087830924,6.318874973785931
10.257904253929558,3.5169276254874107,8.496215651524238,5.68940533612448,0.4565300803166749,0.6986096213890907,9.919122950959997,6.47044875619212,8.3857943551469,8.623083318721058,11.645453156248273,10.77315386137274,10.863379644547225,11.116617324523617
11.84556881254738,3.18775336831274,10.806698640890817,5.11503276972396,1.534262932632231,-0.2297978014219703,10.048038551242785,7.538624269739877,11.855174371124733,14.765186252476,15.125723469315034,16.828067581496164,17.440857981760026,15.209113762807618
14.162422384180145,3.07327207377951,11.129358336954134,5.414680442936714,2.4463160317829065,0.2364520023644871,7.143109437392475,8.187840821896216,13.289241195432943,19.678206021016276,16.252620299996593,21.65777788439641,20.323864902882494,17.47671252800385
14.543784513251255,3.0543260475337117,9.82244037265606,6.1833637996991655,3.017706160552514,0.9266625384866504,3.144866476066518,8.165234273164614,12.49941313878098,22.332994850752183,14.32038674108312,22.812744312702318,19.07972293119755,17.846224690423256
13.290588207314457,3.314141325365575,7.918416192574753,6.599499815528553,3.172824549747609,2.883691187756933,0.5169519721255327,7.426097103528363,10.5238154412977,22.424702747439355,9.544406118722511,19.81801637485448,15.71469257144389,17.156337254305683
12.127849222030044,3.069781701338137,6.490329929265378,6.2168715514864985,2.877736303616153,3.477929780881196,0.575665803999776,6.303794836607501,8.783409521333823,20.275567559949927,3.7388308837628657,14.918592958813328,13.033822239280788,16.422932743673307
10.63373371145788,2.30790928338931,6.12842921218234,5.240315359194334,2.138908050346636,2.6699677261548693,2.7588284389085658,5.312791429995883,8.01656291571549,16.632963027355935,-0.4737807913808609,11.64309138723479,12.565403700805057,16.15697482617079
9.591859250939166,2.212647394680697,6.79577883113582,4.232803502745696,1.1030687672152837,2.9346634054011216,5.333541047189371,4.863184556491142,7.929398402693842,12.588400601784848,-1.5207607599134576,12.198613580707288,13.753142689784347,16.25605887419602
9.340415015597646,2.6869030429684044,7.985528709168769,3.706542736120305,0.1488825656554766,3.814027840685109,6.834941118181845,5.156464136305544,7.787200943700363,9.428147287418916,-0.077575140012339,15.801791651432447,14.911734426021049,16.37789479078287
6.153131789868224,3.235327744537277,8.955564015847173,3.932931207183799,-0.18803891258149,4.856297031365929,7.016709405727877,6.21028052448581,7.269869024255204,8.135998295805994,1.6171229588700484,19.3215043071883,14.8543604742198,16.240215954198238
0.0399244132288368,4.083371047764591,8.940773940655184,4.885814383054491,0.5076935696673424,6.446731589093512,6.657178358661064,7.801290547219459,6.720224322760121,8.712479261856796,1.6954033573005065,19.658710777632542,13.620134765831365,15.479406799537829
-4.294721447938509,4.070748008450156,7.393949529105363,6.129734918481276,2.2118389953323216,6.698580247427644,6.601167353998964,9.328475492234118,6.586316739467756,9.92578579885099,-0.0191819820969776,15.868290135838732,11.77969619416874,13.335799038735118
-7.391450430737555,3.0630819230612105,4.264299873942754,6.769022910688138,4.340861729478549,5.489470022888376,6.979980446543972,9.883439470215416,6.695466023995317,9.93462408098202,-2.453916571942393,9.404471602641616,9.307524555467202,8.79003530354674
-9.68332214643396,1.735675769852312,0.1501270834881101,5.78299496789459,5.973778598793201,5.092243178206163,7.236072481635103,8.729984973700581,6.158082452280639,7.475019398021374,-4.778538777755459,2.6101155380952576,5.425292799830612,1.3713428702266324
-10.202087587186409,-0.2339623818812893,-3.886227028102693,2.7639725083126105,6.335651687788708,5.159097473345948,6.784505317399999,5.936867453249555,4.066006427233345,2.7187104087074787,-7.210445297244582,-3.000063690082323,-0.3029498216769313,-7.950225746919199
-12.51959960850271,-2.1051902217691048,-6.829245769975568,-1.4940422724316944,5.260398211802497,4.686624206010637,5.60972411363925,2.571063776507964,0.3740327083936954,-2.869731034988245,-10.284186748923,-7.259784698810552,-6.833491897461839,-16.72579494145144
-16.597734880558768,-3.802299980905308,-8.229692167780934,-5.238540573133113,3.3062471396604813,4.005616146837067,4.234997846322553,0.1137214612208197,-3.831977638127146,-7.513393544544691,-13.537333625096997,-10.638580097280782,-11.896670514716712,-22.198658094818533
-20.21654482498098,-4.858708831088847,-8.356465224537168,-6.885346320382663,1.3894629836544643,1.6285636893853412,3.125238888400805,-0.5426891717714106,-6.95715959030089,-10.12867865239194,-15.307613550732928,-13.360432704556708,-13.696400300765273,-22.99156680869989
-24.08398998225897,-4.9901221858872615,-7.894003999358574,-6.20342059442941,0.1614690884830167,-2.70667403638374,2.131205508542393,0.3037722619495184,-7.961697424921965,-10.67161182570704,-14.163203414324713,-15.2365574953024,-12.519313497081429,-20.06683720480425
-23.843027342829657,-4.621514616946034,-7.464170484139316,-4.506221983016161,-0.3856929804670486,-4.971683381570678,0.577579273081497,1.4882297542582492,-7.080682208579653,-9.819264927621283,-10.610582891404206,-16.083409606802796,-10.622715212830949,-16.192726839439516
-18.82398131777957,-3.5000179100432383,-7.337856188098428,-3.573949168890124,-0.7418140479362663,-5.303701492125227,-1.9862973416089105,1.9233482428900568,-5.669033712679678,-8.477686149095902,-7.171191759168451,-16.003043814039664,-10.359588721604446,-14.240921754547756
-13.079201848293025,-3.26440728068097,-7.4509819581865315,-4.162726197698547,-1.2907015187058022,-4.980484944490409,-5.04574059851322,1.3128020379597132,-5.262218487809079,-7.491881892975229,-6.404693485934857,-15.199831834378188,-12.202828050899043,-15.449403312346815
-5.453255126073845,-4.045373060783759,-7.565155537389998,-5.386507892225694,-1.8966182850319055,-3.092966014596816,-7.19999639611035,0.0691976281029553,-6.494477943788056,-7.491698575614706,-8.555305548836927,-13.73663811725821,-14.439328495163592,-18.74028825957745
-2.036594858342703,-3.65221860067536,-7.395075399881165,-5.523358169733712,-2.1036381266324757,-2.214279221981297,-7.2009726256032565,-1.3045071278664295,-8.630902321451927,-8.636078409775692,-11.05460908873421,-11.69940999480758,-14.733275338937688,-21.447011277392093
-3.9039715978836735,-2.3824195656025924,-6.697723671534959,-3.540371482462575,-1.73794254648584,-2.455834303554792,-5.11830481369006,-2.619044511781894,-10.057271098530052,-10.319556241411547,-10.48287384467656,-9.5734569745061,-12.091537293766066,-20.960280736563902
-4.561396305174296,-0.2183655096133807,-5.395276997082817,-0.0005233570418283,-1.2223874152225562,-2.387820977005838,-2.4835473715708503,-3.7882015231211454,-9.39246829047211,-11.244965906517152,-5.333415043977041,-8.15977046951329,-7.561740195613055,-16.327812048970728
-5.610054860829312,3.2810904773465537,-3.680160189105294,3.4116321041765616,-1.181943467326306,-2.6071602429052576,-1.0815191896424494,-4.39130095842458,-6.440807004233761,-10.130844879856994,2.7721355296117167,-7.821820909373258,-3.2851914832738203,-8.902459578464743
-4.399945708889548,4.279416823103023,-1.944777870911281,5.263195773091468,-1.72743032813392,-1.7116875876922293,-1.3711606473136726,-3.718134036045712,-2.3382440957379917,-6.715088391690415,10.319083200252066,-7.800452894059759,-0.9380683420202444,-1.6453709869942656
0.2021448870191965,2.624574229395119,-0.5107346436057867,5.405218766017214,-2.2470938504311846,0.4987536961550927,-2.03398469061662,-1.458153529949982,1.1528608854796405,-2.2435686536306605,14.39621561118048,-6.562123729082288,-0.8478096697082549,2.568504379449194
4.433937566268584,1.785247135682685,0.6136754531265467,4.818086323050864,-2.03659796308736,3.41484058640699,-1.1932345415279144,1.644251463491969,2.679712626597592,1.139608483771582,14.4651202213455,-3.1608399891270267,-2.181308137931524,2.680192470558524
9.224779136432332,0.9750017775212398,1.6879807104605504,4.552677418877238,-1.1326126639710594,7.454189378819121,1.762885611266796,4.012013409094919,2.0271745773814303,1.832894226500798,12.356852812083588,1.6424351127824366,-3.6415099913631366,0.1469433256611694
12.056559874634512,1.4070190128314086,2.93225293953995,4.832571506935437,-0.3771852190104425,8.993354290818427,5.494074114484533,4.379976438653188,0.193949129482263,0.0159251721981092,10.915304549446772,5.78789794949347,-3.986183006282914,-1.8946524891569825
12.196046922493634,3.724433073984472,4.276185567464637,5.115465845304527,-0.5165773289274398,7.735697669586014,7.859597759956785,2.9049635724508107,-1.1568867539770054,-2.324082272240503,12.363167260556338,7.688312018846574,-2.2810870732208457,-0.5751769152411725
12.169506536526182,4.664383079584677,5.421245313700467,4.913763746562154,-1.2423480880507896,6.550160057405583,7.825953063016868,1.1467036944255256,-0.6172864999180661,-2.7282145948125844,17.17923323854336,7.687956015512157,1.7439829215538794,4.8126890920704
11.154611577670469,4.562225405442498,6.117392140166714,4.44340501809603,-1.2759501018899186,4.564844272072056,6.295105452704945,0.7928003900222507,2.076742141796956,-0.0659861870645954,23.808968402706057,7.655543316712738,7.155781130676189,12.181236231933212
11.005629574928648,4.583175225975763,6.337111655971711,4.402959518709281,0.4388044337324004,4.063774805354304,5.081725393908698,2.1854045846545773,5.689792294538904,4.518981466408576,29.34960831766,8.972403305792056,11.680737158900058,17.781298539170166
12.119906444679431,4.152018218843748,6.197413608053125,5.124377625738532,3.585404148093062,5.576545904725428,5.088738776320895,3.957064663573476,8.044977695039336,8.274501434582817,31.11488560657449,10.8931921105754,12.665193020186509,18.52202206001982
11.401808435596593,3.618115010593813,5.808546852227153,6.0314167054690415,6.584885246397619,5.614846564059071,5.489688171747275,4.127491143484235,7.344911108944018,8.713639650141147,28.374746598460547,11.032492509734084,8.928580819729518,14.050034172806876
9.24204832935104,3.031905735028489,5.287571174619927,6.075634183749855,7.956876492535912,4.722764079663897,4.688323099648301,1.732382985698564,3.4382290836036304,5.375950396779331,23.04020974712336,7.66963837503414,2.1287861593082766,7.1414569995596935
8.40378592762187,2.251997097694448,4.893318719395722,4.816434038812872,7.628040926998324,3.727860161531151,2.0602598020295204,-2.382265833909344,-1.9526600463049704,0.1777959761167267,18.48094604815697,1.704428175993712,-3.858628141114536,1.9523751836112524
8.543497602230243,1.3642209432123706,4.994985633370078,3.0616253427452875,6.881866966703512,2.070696751080481,-1.2584829451201642,-6.206271623788439,-6.3341324057196005,-3.9401818595548255,17.076397325237735,-3.671971878181012,-5.570823650152533,1.1851828461182097
10.006285844696016,1.2772157131187047,5.73539721928239,2.285361184426648,6.979743501740302,0.8231972993872696,-3.3070833218686744,-8.042414397535651,-8.0913309161254,-5.081038022709976,18.344412608339155,-5.405949803610042,-2.683845217032399,4.187325841451866
13.42543942549227,2.096087785840658,6.66167314726448,3.200651795273359,7.816462140397164,0.0339844772130402,-3.06357932067516,-7.605607041597352,-7.412028769089886,-3.628868826805274,19.25564622336861,-2.992278044729062,1.5588538514201105,7.49581470770579
11.472523585899197,1.07443609366654,6.780539571522809,4.797528781873496,7.957055017727839,-1.438736220075406,-1.391658173054566,-5.9866441653820175,-5.816388359247355,-1.7557759234632613,16.602472525836788,1.169145034665917,2.840039544748606,7.512766415256067
3.835477496440012,-1.7514495855744323,5.169451633980884,4.886446868982489,6.036796941741272,-3.409567587074056,-0.3422027746977392,-4.704031375890224,-4.803717607876536,-1.6689641550665328,9.528463156653402,3.620840766525191,-0.7811260530646109,3.233803786160877
-4.520573826786526,-5.368712969670458,1.7182081368871422,1.8469475447632815,2.155847007463592,-5.083830399117387,-1.502411111016272,-4.699694954907784,-4.798773672106279,-4.033653124580496,0.1574229719357731,2.2378156824303232,-7.403233368353085,-3.179590527737787
-15.29076128920106,-10.418579210938068,-2.636290912758369,-3.915501341070666,-2.0991631335099044,-6.5922945391899175,-4.849873890676605,-5.971341254794908,-5.181010890245972,-7.758479938251554,-8.124641658470296,-2.659990449423105,-13.043512975838212,-8.404145900758124
-19.61460175681501,-12.720179813427968,-6.433403636220419,-10.153601246232483,-5.025521573907327,-7.1587205854179725,-8.961798557507166,-7.876414333522291,-5.161649424259963,-11.107390554458108,-13.213925146298491,-8.950565200356834,-15.000702874957256,-10.738253507778722
-16.167329856832637,-11.922869631828206,-8.580544281066977,-14.49761795636681,-6.237831227804975,-6.546168525220924,-12.1641813521191,-9.644779839171008,-4.599370004109289,-13.020081105362124,-15.552963503354022,-14.203134621827132,-13.834772732647878,-11.225082072794692
-15.15729592362634,-12.790502689878611,-8.928079481185648,-16.173626673257132,-6.8070725718490905,-7.291070790899155,-13.52660830927286,-10.672270976837892,-4.053539189048024,-13.523745515615389,-17.235532228695604,-16.84373416238202,-12.347373754994976,-12.234108779531908
-14.47022779332083,-14.469223529458072,-8.15230594958976,-16.182025201094092,-8.032787210838194,-9.30746894977678,-13.029854774715886,-10.555364489257729,-4.135106036891159,-13.106712728166542,-19.936562890966627,-16.515338350486303,-12.689399482691924,-14.941178105739
-14.406566487519491,-14.785317690417966,-7.162806209241353,-15.880969832547066,-10.080642685780193,-9.667746524334689,-11.138789824775673,-9.103085430948283,-4.799965483652784,-11.891135275120206,-23.48888887080213,-13.869745643180607,-14.288907297768247,-18.07639479789276
-16.596304109097982,-14.349312538681216,-6.565962056321069,-15.46928309272198,-11.782529697727284,-8.722701885805677,-8.423953230947888,-6.461755618270786,-5.198079313512267,-9.487668148053018,-26.1520721755455,-10.1535971871796,-14.386944227974624,-19.0292542177408
-14.800835289550609,-9.785477231706697,-6.526700357966661,-13.935206613754218,-11.727331559410231,-5.206314128906741,-5.5095097094499295,-3.205121988435451,-4.207978474434952,-5.608891611860827,-26.10889389773442,-6.710055553527241,-10.593327401582968,-16.199228443790133
-9.294737073564011,-0.4450305460312049,-6.942058916112785,-10.527730968649536,-9.57047797559028,1.637498079408697,-3.0853956904580286,-0.1663620192454402,-1.2875185055570455,-0.7395222824928283,-22.877929951011737,-4.447015107769829,-3.1897951567485734,-10.44753888489194
-7.797299486677945,3.288452902869022,-7.6252302687321105,-6.193874627550116,-6.387186031849069,4.099978955335507,-1.6868932360361557,1.962118315470576,2.923272292313925,3.840544678185666,-17.688366643963008,-3.497281724748433,4.759200957596448,-4.48466786695289
-9.583263029328382,1.6358006463083636,-8.340387446139687,-3.3566248817224817,-3.8568255808697383,2.1581531069897872,-1.374867090347962,2.945692478176994,6.680693510420937,6.716585685021826,-12.80039340859149,-3.340253996733594,9.544664974173898,-0.9129486425854908
-11.293852507182494,-2.366387431601231,-8.78965741604273,-4.007249406301241,-3.0726705192210204,-0.4564062660210148,-1.7110167435488108,2.962583605385973,7.975558351508241,7.127014998995392,-10.34609641450578,-3.3295540669547705,9.45923422286046,-0.6341267570095397
-14.349413650593393,-11.1647977696191,-8.71081161654358,-7.806325088380831,-3.9300431394470503,-5.50204755339462,-2.138986721423436,2.282455399863593,5.759132511049529,5.330672254862918,-11.267262711089783,-3.1861128366885083,5.885038135101212,-2.696560142819763
-13.884308169127838,-13.145286102204487,-8.070621303728132,-12.016631044507278,-5.40413743287823,-6.861517045085786,-2.399358159544107,1.0429289978848288,0.8346498027504339,2.439222316963864,-14.76120533344394,-3.045108428706044,2.060728408482817,-5.281471525920509
-9.231489448516973,-7.645177965910517,-7.163686470934607,-13.46151870752179,-6.33425731791543,-3.861472819852353,-2.547863330180178,-0.6240977117073214,-4.285366466567467,-0.0736499894059221,-18.578815832653238,-3.1105062369330625,0.6126553352341801,-6.789312619347896
-6.381596166471492,-1.6376557067412985,-6.462804926432504,-10.870159692263975,-6.130663922950866,-1.84075109619266,-2.609597067071292,-2.285344028657996,-6.698403744106201,-0.9775793249015052,-20.26631676489459,-3.352426518198285,1.8436897990486187,-6.34897156712784
-4.270193912683877,7.685419853086283,-6.276229759246206,-5.668687050749007,-5.048682268830085,0.6715886046228176,-2.3284761904029736,-3.142232261679432,-4.903710193615957,0.1287839430847057,-18.772267013348326,-3.5428215397430805,4.023178773592008,-3.837218764699607
-1.5950512806116983,11.04901256536464,-6.4418604187395445,-0.7123939755666626,-3.957529812189492,1.6369154870219675,-1.3486811997237425,-2.4303963509659354,0.1403158872206518,2.496468187300721,-15.246616365883996,-3.467690905825122,5.189234581754661,0.2198149020941571
0.7338540061493997,7.172867221004098,-6.292352811903815,1.8098542721167128,-3.722441286086408,0.2164893683496277,0.3583372158063831,-0.0377141782481516,5.537514455450722,4.53370033455009,-12.194866853019851,-2.9654843803451563,4.780819834062879,4.783388310952162
4.836619991088565,4.258171512089403,-4.975048712719275,1.605990538497469,-4.507737285374031,-0.9568198738765856,2.310650842599177,3.1744154559047697,8.29734723891254,4.826827528312377,-11.473242224990877,-1.7640350238560742,3.7839595001445474,8.664818172223018
10.82702780718993,-0.0557425788572139,-1.99686762411276,-0.0191865407452018,-5.466212460331722,-2.5950207262705445,3.806515814265116,5.689608413456771,7.23573350566853,3.296948158986014,-12.771097888178003,0.5311080405151261,3.557043680629281,11.103384611268524
15.01624197189516,0.0947357943828104,2.3222897325182483,-1.3304818333684771,-5.167357772805078,-2.5871186219219644,4.415021024265068,6.183750208311791,3.596808583953144,1.5066169550462165,-13.932933554691594,4.07095594111536,4.628831013080365,12.164772196911024
17.642785895794162,6.210262172450538,6.843734632925173,-1.1280876698763214,-2.6079124695074896,-0.4213499162313396,4.213771362833308,4.394728819726293,0.0256336233929319,1.6075102121816087,-12.840708271060937,8.334845663517939,6.5288415841230005,12.579451335178469
21.1965458433128,10.559167279262311,10.190134606284548,0.9594273500444376,1.9045916173019288,2.564141552506225,3.613013285133066,1.4247036070303576,-1.2595135582976962,4.575395035130315,-9.154768962744626,12.21574016231883,8.530288592851294,13.141971225227072
25.03949436090648,14.739024667636414,11.621178606478336,4.612020117797133,6.751084596252628,7.083372864425124,3.010037147862469,-0.8272957356482351,0.2455180595412649,9.182404264425005,-4.402652150831235,14.73643393957422,10.350022733462616,14.228833309018473
27.133199215087288,16.057397281843354,11.57687369332853,9.02818389261732,9.996444632169853,8.640748625526527,2.60904397302976,-0.8537034424746466,3.3673832783493154,12.714302830738362,-0.4842514047261659,15.78454093596736,12.126082263391766,15.813558135392704
27.61392486953113,13.046774170544412,11.386347017295346,13.169143629710888,10.67194938120334,6.828634785212371,2.499453072949457,1.415786699703645,6.347833952094668,12.998567413608097,1.9512994178904397,16.120381173970454,13.89838095037181,17.76207080614582
25.52378600966567,11.392622556552348,12.25969157011987,16.13661257285883,9.362451997985474,4.862257897807703,2.809681878783735,4.526261656392244,8.049251428575928,10.121921360083256,3.8532539470356895,16.615138584874792,15.300689379470532,19.9025707502862
20.24029269700617,10.160812174817364,14.318074577367554,17.552581763771876,7.665502723353875,1.6108507680361706,3.707835013488712,6.554532965837822,8.458632857880183,6.406656313417834,6.685510626361754,17.472142155301192,15.811149032109462,21.76539212251287
18.256918710283024,9.853549344073238,16.47021234724238,17.62650479589891,6.987073178633004,0.6941147417698965,5.205467293901457,6.563369454375014,8.342439271650896,4.655752092768211,10.949151602835563,18.18319273903453,15.235632966148252,22.479443667452365
19.6243762368997,11.518368114799417,17.272326370680396,16.8330814068649,7.621630888593643,2.723594075939173,6.947672801496886,5.278243313905172,8.509826962098643,6.105917320781273,15.545541649882304,18.18431006409805,13.89311330879658,21.285367283977507
21.004414969582463,11.790248173440297,16.069476715760203,15.545405581896889,8.768531447697903,3.367353873883631,8.249125828011913,4.395262314726409,9.278364972618796,9.708704000498358,18.475406713016213,17.47556138730699,12.363417166094294,18.37200506818661
23.876660304338863,11.018283221241015,13.466930254905265,14.011574551657318,9.359975383842285,3.492448549121645,8.482832296058248,5.1028587906941,10.428091314188164,13.175760829051974,18.372839056765383,16.594217220876025,11.122971504989865,15.12412397275579
22.45772962688104,10.125845960253974,10.766976869399308,12.602324877474985,8.978076477425923,3.243467815010606,7.605691889083964,7.090105680421637,11.500989695958609,14.7600994125075,15.749958086008531,16.04495797081473,10.417052694093684,13.24303066809466
16.061377520382745,8.510586370482143,8.900301607118614,11.844390256311364,8.148438965739714,1.9418076711174388,6.362734016293558,8.852462448382077,12.085470039236595,14.2562599232727,12.918632932913797,15.780119575727175,10.348289715345024,13.340602778139854
9.810901111998094,7.837647586380078,7.773070791721253,11.966679775540143,7.835358416278133,2.138528263720905,5.8333440626455015,8.934641782414865,11.85197217482274,12.543105905337995,12.398643287055783,15.145180848476912,10.875882270998405,14.29621977968609
2.2867230395693308,8.210166972283327,6.519287777654718,12.36474384893092,8.572883231145397,3.789659809179968,6.514894256093704,6.984829130228249,10.43763989971842,10.347681269108342,14.8189525260455,13.22376842118917,11.571335471775969,14.051445477804094
-3.2706003087669844,6.5593338388078335,4.332696134136526,11.719771590263662,9.907753347624102,3.87136511731061,7.679751266887479,3.807582782741214,7.491463229861914,7.537393183701546,17.98934351611654,9.296213889092009,11.41022873974464,11.150456411243384
-5.930421708040075,3.067850114712291,1.112092623031252,8.96328266204413,10.580658983577038,2.732275860988919,7.715266779607759,0.583114796887152,3.040953843641653,3.612292979474063,18.185493506260897,3.2426213853925816,9.086158239484227,5.652028042132564
-11.210871422885246,-1.5962520453442297,-2.5648866364642444,4.321977857561087,9.346848244375693,0.4705517405373208,5.393362096091209,-1.9164906590017807,-2.0870751227005258,-1.1993972705895146,12.961076970257295,-4.187029068677987,3.94983920647492,-1.240552928890274
-18.30472166871965,-8.116789757881946,-5.959148302183053,-0.6299354036964644,5.8902331557791,-3.5557882622094565,1.0987146053856236,-3.4804100535731664,-6.324407876414085,-5.495032984921892,3.346180695018944,-11.414745530481524,-3.054890507401822,-8.185566739695439
-21.148884882973164,-10.069280927796507,-8.607877717223332,-4.139687675414102,1.1923977436322415,-5.0107434004166524,-3.118239211493126,-4.074107953823749,-8.144658746184852,-7.525500796938623,-6.456969563755557,-16.579292714523973,-9.428859736948128,-14.246664350956776
-20.165214700155776,-6.986502910448864,-10.321535283296429,-5.6521922912364175,-2.955035809326233,-3.770551621725143,-4.895403526234034,-3.499697125809057,-7.110351679707669,-6.60634931189383,-11.805195104948432,-18.427131826653493,-12.492924329285836,-18.670503561594963
-17.16781674816791,-5.184543831070137,-10.901093545795398,-6.046231160640708,-5.029966818985436,-2.469652807020524,-3.303831736780729,-1.5277232908393683,-4.269457153004659,-3.740919637240317,-10.66396205772444,-16.9565913354136,-11.245218021166076,-20.592427205458502
-10.844760536214457,-3.2749313830698,-10.021177868308024,-6.453838471831865,-4.729523943150255,-0.1208902951566426,0.4549319660490809,1.6334393592141296,-1.3970201625257417,-0.788879171046645,-4.613186283184795,-13.2635434287728,-7.141035373003341,-19.3603600466392
-7.955858199969105,-2.7461460302712744,-7.505898366364477,-6.857184429269026,-3.0948040578917286,0.3493339759682918,3.9784319120335496,5.058375344593003,0.367746596699412,1.0550623356794873,2.774035383310519,-8.698719287167428,-2.9510863805940915,-15.239195860384932
-8.97735907700561,-4.711165234068283,-3.7577350767517146,-5.99107631064993,-1.6963620408988476,-1.5310784722838484,5.419024297538016,7.415142237790363,1.2466719111697984,1.9932190344796297,8.583995962345277,-4.108871446188978,-0.5696963897665555,-9.623322855902863
-5.861371953406398,-1.2511282697274355,0.1217387510345346,-2.800286680177948,-1.5050761985376653,-2.1678662147718346,4.628915305909757,7.735919949609745,2.1707182150899484,2.870140181913321,12.031029796882612,0.1535755506899789,0.2345722321804402,-4.3623528467326125
0.1114939580631998,7.460297856893163,2.7489703818589675,1.9687586791230205,-2.3422142678094104,-2.236455349222362,2.906197727759128,6.06149504766092,3.3783970153750715,3.75731737283607,13.894260207410092,3.601248145072546,0.8938235841994029,-0.8079057734050892
2.556734884766189,10.858696439293722,3.181154239985517,5.775992197449199,-3.301123437747968,-1.6539886262594652,1.7839461788498951,3.4112456444619355,3.759525730111342,3.420560528421646,14.972228812517493,5.226432168965275,1.84746173580195,0.5338049106747391
2.3242314771462724,9.92951613533369,1.4433693531219165,6.144863169641475,-3.680092480239793,0.1901647879913165,1.9596785638186065,1.0538080123148743,1.7826283731858084,0.357652618615262,15.22490455628852,4.000839833226962,1.4326259104979684,-0.3465494851427095
-1.8875627658102772,4.594853120598105,-1.496456187708603,2.7588765203314978,-3.54280840338086,0.9212334487608717,3.073463175266376,-0.3621879493480264,-2.810436895843903,-5.513275178392817,14.210520715989716,-0.0876894847511167,-2.679450118189933,-3.241712799848763
-11.579167629194403,-7.565072377977599,-4.256547625761662,-2.158460647600336,-3.448871830030818,0.6352328038275886,4.199358337360742,-1.1340287157249875,-8.302962553707683,-12.181269541512616,11.979802949199788,-5.510614565466867,-10.635577242907292,-7.378056660865365
-13.811980809505602,-12.19201781058342,-5.698941450095202,-5.57530928964211,-3.7325339095650953,0.8364202579608369,4.4819842065087805,-2.0583761556477107,-12.171963790956916,-16.680423902469688,9.283040797369214,-9.857197623576369,-19.046574189408165,-10.93480417911274
-8.436304300221762,-9.16468776750446,-5.329901213970892,-5.942244931534276,-4.114416506413171,1.0957986057544815,3.548230746460465,-3.621881882954924,-13.098818517174788,-17.161788480635803,6.930090584735549,-11.236430009742826,-22.989925669583545,-11.512710566758113
-2.1739481388781168,-5.621321482142491,-3.3235548667965027,-4.062457617449439,-4.02277710167785,2.1112559665043227,1.6575619149011125,-5.515449994390888,-11.867578628118808,-14.157103889782457,5.155533523200006,-9.297833183597522,-20.078626850737034,-7.818739721715389
7.931879657567901,1.692067697035048,-0.3304546981865073,-1.9904201598727769,-3.243938838576682,4.136670834273596,-0.4056298196707093,-6.858354894585153,-10.313099212489565,-10.034364502857724,3.714374518785217,-5.1842724058378575,-13.010156917049388,-1.3255034333871727
10.01787367141054,3.0683042806006564,2.715408349633293,-1.20765143645896,-2.2153850315178136,3.8871763903902528,-1.792387605809978,-6.935506574947254,-9.497037129579663,-7.243160598421424,2.421456522520849,-0.7464801243117876,-7.974954656415926,3.87340927517892
2.6691180377847266,-2.634306975579482,4.75867986763121,-1.7507523191520793,-1.680375560486203,1.3456397053702225,-2.302141201103555,-5.859760415689795,-9.0404638395669,-6.882235443341515,1.281381655296208,2.192062117157782,-9.899759430635651,3.532257864717552
-4.636398141079931,-7.671573057721072,4.887934074992851,-2.7898574054588687,-2.066151032344737,-1.4654250674546414,-2.8087436154264376,-4.641049182554679,-8.190893266074367,-8.588614609768479,-0.0146277423488161,2.2149179527466973,-18.45426326055884,-3.526698792919216
-14.924502100357968,-14.472983608836207,2.7572449250320386,-3.723836070373702,-3.160678557561072,-5.258109115502381,-4.785175167175503,-4.57946929503269,-7.24638098403626,-11.40418019937218,-2.409842590873009,-1.3279569921416083,-28.22976283703133,-14.011265053932185
-19.130986825905484,-16.53644309582387,-1.070918692433707,-4.591845990803491,-4.314578966400885,-6.122511237019314,-9.003150643055449,-6.378836211994308,-7.568344452476003,-14.511474840928685,-6.772881489441638,-7.774389420048671,-32.88830506344855,-21.985606189853133
-15.452867890398355,-12.456747873764009,-5.242977245130548,-5.577337908798085,-4.917662778682028,-3.495305291584577,-14.432625569344909,-9.585982489290489,-10.034576767726438,-17.217913696102684,-12.54016667312474,-14.941787046612731,-29.69971862375688,-22.834673409896727
-12.861436162293735,-8.883303650948847,-8.303064497542454,-6.4167354956871,-4.74469866652554,-2.282624214251207,-18.5134099653251,-12.757986703061531,-13.607438575098383,-18.61784089520837,-17.20576704156552,-19.978519574809116,-20.81479684257997,-16.466586879733683
-8.846362659320782,-3.9854977625186874,-9.54541207004753,-6.537917569954438,-3.9822559734151257,-1.603288509093232,-18.898599639532783,-14.268783937846102,-15.698336913849127,-17.73492003024389,-17.68475691679544,-21.076073192482227,-10.76386347250271,-7.290524714392193
-7.439649860537568,-3.515918404238508,-9.369552480843696,-5.835694617009436,-3.028322921616745,-1.8401757274831665,-15.340648941497813,-13.233041185451512,-14.178817875395891,-14.250231843296644,-12.744041734442597,-18.697323696991816,-2.922409113736053,-0.9521621667862004
-10.06021621250042,-8.824713597316077,-8.836451588125685,-5.192080165706617,-2.2586302212921456,-3.881542636440456,-10.052691563441478,-9.974256694636528,-9.189426834776295,-9.038320646973087,-4.3885767465933725,-15.086294338160476,1.950881348794386,-0.3534332209120094
-11.552227675736797,-13.05951134209671,-8.809151079695683,-6.014433338997966,-1.887493486457542,-3.855283003438841,-6.122260493304728,-5.816730549043426,-3.09385492847818,-3.772072990440771,3.1952631948477244,-12.377110730963064,4.520095415055913,-4.039706965281969
-13.210693189444116,-17.815767770031993,-9.401810079115842,-9.023023059028466,-1.9443488890752416,-1.9363902619402047,-5.287636183448711,-2.413026744521801,1.2898969773574152,0.1678552744835393,6.396863581950299,-11.050054375554122,5.070561118468827,-8.061171212806292
-13.731854559531586,-18.44885797454149,-10.107382875922726,-13.321287855150723,-2.326160398465809,-1.3019059804683624,-6.938581323710666,-0.992241937587144,2.561453192466665,2.460421199633544,4.424788216875179,-10.148014958641324,3.2792302348170104,-9.520296005025852
-12.337945363599715,-13.529048321130672,-10.31241414397621,-16.66119896839328,-2.863918374612222,-1.3324747405615118,-9.031259709882336,-1.8224638143407823,1.270555085995607,3.6176773294978446,-0.5975796331819456,-8.823687805127916,-0.449715483282489,-8.699821668814586
-12.191745660305696,-10.535220904290442,-9.6434881550952,-16.86366982597688,-3.357067688993414,-1.688282285056398,-9.880412077414118,-4.064554759834174,-0.9482254833896951,4.172764268535531,-5.422596312196841,-7.430789097267635,-4.045423732422727,-8.101178618069103
-12.86877866745488,-8.191244247100643,-7.961290133109458,-13.392689529426534,-3.592760766772237,-2.881070089359826,-9.19727919949985,-6.151142141523966,-2.617912775975473,4.22802101128686,-7.761157710533002,-6.997142638586613,-4.787739110002494,-9.597327575300454
-13.016941978926708,-6.618839872351668,-5.312429762913737,-7.893019959311186,-3.411164571906422,-2.884676442941626,-7.732181954018191,-6.665866202371952,-3.112020626983768,3.7108721606472015,-7.307299024970359,-7.789000283947026,-1.6079260524215755,-12.539854500505449
-13.10709570229625,-7.136536271357464,-2.1248770481208226,-3.232277852751377,-2.834554330439339,-1.6585202342814782,-6.281145001032318,-5.297104032975749,-2.6436386949829256,2.760752157380086,-5.483168087580516,-8.677463319794256,3.6057278747322,-14.537567195396662
-10.64543536524729,-5.079162265126897,0.5870772631953649,-1.6622310017310724,-2.1536904002235,-1.903485385660619,-5.170389842141105,-3.1289392047817017,-1.889459807905272,1.6111203716928235,-4.433503705519598,-8.067923733589517,7.208450112740479,-13.91387937155476
-5.244707976021286,-0.6939945044984155,1.5502777628114828,-3.351348045460956,-1.8120783619560044,-3.3291579023190474,-4.470249224570843,-1.8302903801792887,-1.510692892660618,0.1854474037101674,-5.798303204328448,-5.392356623196395,6.644501364094868,-11.252662606064169
-2.0912991252658024,0.7575562141111973,0.1879415640209849,-6.301458752942569,-2.06705877425329,-4.532789821540289,-4.282969790805421,-2.2220863625978886,-1.6652536013827373,-1.794012986508939,-9.642228635972042,-1.5796855779394685,2.485616030844888,-8.52132779293649
-0.8197483489542537,-0.1580785185596643,-2.5423020147114883,-7.729654101369356,-2.661812113116877,-5.960728637377785,-4.5607180068950335,-3.4350952718205505,-1.7236736680133262,-3.988874690734488,-14.070364623173305,1.9169582080555545,-2.08342085665571,-6.841533130757142
-0.1292202944218193,-0.7445782901569001,-4.422755126957821,-6.000695505331201,-2.8530294936637723,-5.8878973545829245,-4.758981400819707,-3.5447099454837634,-0.5505775799591639,-4.869070384501082,-16.088554814499496,4.428028850852883,-3.8292885520827222,-5.3809905547808725
-1.115572462826537,-1.8897914498080568,-3.505428019832713,-1.7961724119535916,-1.91480046426064,-3.984137789564634,-4.023685642754934,-1.2681642983588084,2.5959053909526766,-2.487290638760978,-13.571897651724758,6.36911428888757,-1.923295226004644,-2.6111460865475
-0.0586199388069154,-0.7770806662983941,0.2345147064093531,2.3182107145852626,0.1953200897483675,-1.9476005073616816,-1.968603204907552,2.7724379445306795,7.158244654735594,3.637751230441303,-7.095124480327094,8.382167138609066,1.5957517701987065,1.4077441414905003
3.1815595718698853,3.160114142993281,4.642277018917703,3.693585209982839,2.5805850306108558,0.6989796536042779,0.7799786427896827,6.443714978539738,11.27774326516384,11.285531263198711,-0.034030603793564,10.37756904331696,3.506590858935514,4.306625929801648
4.909093947581294,3.741766032710268,6.957591375334111,1.554491505963643,3.9140212087119295,3.175445454759118,3.0326992731615583,7.881726630751579,12.990903182262542,16.550884594843055,3.51767385927209,11.520552815842825,1.8425262472120885,3.3895621138247165
5.817342079332038,1.404772358025419,5.984097667509712,-2.2947091816929586,3.450037111341757,5.212150473014854,4.166167600955582,7.0763422745067786,11.79799340723606,16.710970836013555,1.629479785549492,11.121529960297384,-2.616640027963524,-1.3512558760556317
6.013499047128724,0.8751858708247744,2.977351283843852,-4.613017607749715,1.7523450967817276,6.896275695041388,4.759210427536171,5.830001538238818,9.238662470026966,12.56160474272394,-4.019905678323841,9.472442646100616,-6.669338874629879,-6.224727221192008
4.872918188673258,1.1797524005257387,0.4822894517369178,-2.997246402098188,0.4341038529901162,7.88594299971764,6.006108792652519,6.155215207993496,7.82312642822297,7.993668998319379,-9.314427636673951,7.806429540616545,-6.57681685840145,-6.288220603806973
4.662944831086289,3.5247500973259345,0.2149407088352468,2.3287615662257046,0.9585192631437458,9.136379388390294,8.501903474630492,8.579824720341964,9.092351839500791,6.931982281959153,-10.583163620640011,7.455441543481136,-0.4302409539138239,0.5131706515357095
5.322691642286247,8.826131840392831,1.9077836758060516,8.572547047317187,3.405020841799772,10.562994460448545,11.700677803170976,11.838233533865427,12.408331681176625,10.168312349436269,-6.981845821730193,8.966104902519652,10.367487404325818,11.15234942461913
7.504185623764165,10.852909283526122,4.02260392817222,12.323622962982448,6.284931390384857,11.142323576139546,14.595553329577378,14.101415346114829,15.488242634412687,14.801537701750078,-0.7075263216652736,11.83849103747189,21.536358294151743,19.51952970130005
11.847605213518516,9.779990911671534,5.414272506673623,11.997289784815514,7.690073976784589,10.97321495120614,16.79374163883315,14.53600994792866,16.21156586370206,16.744100801916524,4.83829381672836,14.944985257916883,28.27872304781136,21.249405167463657
17.098711640950278,11.024876705276332,6.231005434743221,8.93722037273585,6.881414580744012,10.493685203391465,18.73472713183496,13.821784635359188,14.189934349329716,14.11810072949796,7.365665387101348,17.214550304328917,28.234173689232676,17.350381762054088
23.67376538418524,13.537828723554668,7.300241700846579,6.324256032379973,4.936205706938145,9.513982467378488,20.8184710459182,13.313016877913242,10.88916337933358,8.68803349712888,6.850799118978621,18.140405904128954,22.9956640825566,13.413150857151116
26.96424571163604,16.19265144346455,8.883189873390593,6.729425261404414,3.826109398071207,8.434117556180885,22.499124784788805,13.727538767712508,8.357962298429126,4.256225437487002,5.000070782990434,17.90179893132231,16.937163391877633,14.91223374881303
26.41053681011415,19.80365377623265,10.244211740776237,10.211984220037577,4.695900855976419,7.314556246959979,22.47453259561968,14.520161344950663,7.68531265593432,3.5185809639537258,3.736179037124369,17.10029425280279,14.07654198601814,22.547803958237573
24.794035875822452,18.39628101218313,10.462607798223658,14.414407247924604,6.8799656139885474,5.634425941393612,19.87200083241136,14.359882381685336,8.34933462687184,6.022973156383744,3.907608774312056,16.257729133107535,15.328275209462124,31.61453410763681
20.80724182503624,11.455539538557398,9.506775019268066,16.500278317686703,8.554557794205842,3.478166683419337,15.188472682347667,12.187465758358496,8.799437303802586,8.766155156902824,5.007634188987916,15.374995617169176,18.258811793718472,35.91208279305988
19.5067456303157,8.719965736083925,8.346363297345302,15.331436968575357,8.425522651594656,2.2096345415226537,9.976909768177263,8.002398745603113,7.708365471251325,8.730891683785822,5.863686598990151,13.923007618820863,19.40380810148972,32.79600849048512
21.42241311625485,9.258432822079946,7.9976111846069,12.177100149131142,6.894526357430426,1.87392622185907,5.613269497834638,2.9056341188275034,4.970186216016872,5.217312369313188,5.639675845631428,11.393813480124225,17.116739267584343,25.08494214341648
22.72553671029398,13.723194901821454,8.571402972098191,9.525541676439165,5.6364251331520645,0.689102605131205,2.4268294058248365,-1.4933835642174884,1.7883429121176846,0.209819354873451,4.412972756114414,8.027577014646997,12.648487720091069,18.419093130600714
24.683640925763207,24.360599700076403,9.324578022565778,9.103775919042382,5.996848171620348,-1.1157668261336786,-0.0007559042973355,-3.888968080610616,-0.1809235135666345,-3.290637809354383,2.99608123964895,5.006130426266229,8.854118746365364,16.622179336817766
24.42835374331966,27.217694426449235,9.550825331007252,10.722606124691232,7.685235304192289,-2.2336371281625773,-1.8952729525233984,-3.9096988727792334,-0.040084050325631,-3.515555857027133,2.2282277205595538,3.737989720579689,7.913411262868831,19.089347888656405
21.33686036741839,22.279726023044592,9.246823652851152,12.721171881544851,8.929233116012021,-2.897505354835153,-2.913291360154054,-2.303410923477739,1.6457877769748332,-1.0667083613824713,2.2946256822646305,4.688741215162066,9.949361558750322,22.07399585456944
19.061956317618424,15.683388458994337,8.847445145866995,13.418696734280916,7.914666600917608,-2.4227517252322883,-2.79886784343113,-0.5699224107247209,3.2043487549194163,1.7215644484420487,2.559862813026456,6.766475871140976,13.276340875823426,22.19108929908704
16.877470015152095,4.238170465463267,8.45663893543584,12.276172483520336,4.241326705004076,-0.4943221540461298,-2.240112486745719,-0.16663797190385,3.04255656487471,2.517869505432963,2.023775009091433,7.917893531358692,15.60405225268882,18.82285224800393
14.17769748590736,-0.4841343507908997,7.577873849603734,9.932688957408438,-0.779042997610274,0.6623633587456517,-2.715701568044771,-1.6816031240984834,0.7640197422344557,0.5066029432445887,0.0945493408449937,6.575354542775255,15.1733992146504,13.664480170526875
11.48295274231494,2.610030978664148,5.716939269186831,7.357651857837317,-5.083505852935048,1.179403909058942,-5.170881331368017,-4.462713848156612,-2.6257852787185603,-3.259150350161552,-2.834026939667208,2.844800233431776,11.42373327231019,8.560620732345665
6.5753333664289615,3.8902854716333897,3.1600377322243567,5.050394192899959,-7.180250227421707,2.207517976299324,-8.748717573884848,-6.9596488019230645,-5.492130394785151,-6.66881314894392,-5.419132710640764,-1.4758076353789606,5.301011833979572,4.126342332424125
-0.6801469293258996,6.090900058227284,0.9683252789418164,2.9807406867476827,-6.846202312641413,3.3302294471852463,-11.005400698000878,-7.603817556399741,-6.610013702089345,-7.822330826215447,-6.086676332006037,-4.034729043611887,-0.8734940411577652,0.3146375863682458
-4.852800546699935,5.032105048458566,0.0865795854588986,1.1297207479680678,-4.92296634934557,3.5652929042293744,-9.725746672268986,-5.740815813905369,-5.70610979694243,-5.975714815813509,-4.058198705268223,-3.4019444269741785,-4.350952957878675,-2.268101623950903
-6.059335191596171,-0.810170110998842,0.4645100498503036,-0.1034214911042217,-2.649856924018536,2.9031983370813976,-4.875420943292424,-2.112432248953291,-3.355610597281345,-1.795149645119498,-0.0290106988163314,0.0515408205252865,-3.641678929331301,-2.295043373512263
-6.429038643368792,-4.17716396081845,1.110177865768124,-0.1695112711132527,-1.0901922674648663,1.964902483754076,1.049172612279528,1.399829870893066,-0.6195276512589749,3.018872048239083,4.046481158677681,4.323405035941225,0.1328935139342872,0.6718550313886293
-4.72926681450366,-6.238581852049557,1.0171718066301505,0.9046078343755352,-0.8347046935167839,0.5139884292907513,4.67491697370669,2.733826805432672,1.2715218961298005,6.494852503471818,6.067598960837172,6.845337919730373,3.595266829277177,4.649541984546424
-5.488633979017156,-7.676608789939826,0.0067506763883953,2.113167491951981,-1.860784443825028,-0.9306299572420362,4.103861248104808,0.8946750032587607,1.2766881150877063,7.270017000600203,5.1380875780284825,5.872706271876505,3.36491998916084,5.865522852278574
-9.07339467168547,-7.260900418499483,-1.3244487681755528,1.9642114481476056,-3.499789869248745,-2.276489360669134,0.1274029265572478,-3.236737997467255,-0.918871463938955,5.246925124802999,2.2247021653886945,1.476733763648408,-1.3872628181440465,1.5805655826501803
-12.023294358979012,-8.79525924966568,-2.372278436456676,-0.3884556007518656,-4.673586922524242,-4.551270195710545,-4.511998968623812,-7.208545576502084,-4.482420011351071,1.6448609630211362,-0.3941831930239825,-4.431754023874752,-8.240070896342829,-7.2870406492485
-15.405691716937913,-12.214830437758076,-3.103951872256608,-4.307606477956745,-4.478973988721839,-7.673215943854736,-7.069748575030363,-8.449803017262429,-7.678165043684804,-1.7051731521041322,-0.5614793614323794,-9.13072566821178,-13.367525784871829,-16.332172351501097
-16.396905523819484,-13.594571761824849,-3.851584579802415,-7.926741131221307,-2.816188170997697,-9.351018758499356,-6.458332406966077,-5.994054833287161,-8.88213193307191,-3.4468131861160547,2.408974316114028,-10.60843291725162,-14.37913513135369,-20.79793226725384
-14.360471587787078,-13.504750152878987,-4.673161186688346,-9.416741446442613,-0.5325588864605821,-9.586455472970137,-3.597126459542012,-1.2033336204085234,-7.664571075727056,-3.402946929171833,7.349225431823179,-8.664922743948672,-11.766731499509255,-19.073141219466294
-11.93372679284214,-11.594722047458555,-5.134049565997723,-8.323774376171041,1.1379554192560182,-9.463640101011038,-0.5154795879065244,3.1305086320881905,-4.999693888074531,-2.3696034273988005,11.995891726715984,-4.938680756239768,-7.948449301009264,-13.58082938606849
-8.281530836071692,-7.048755430327305,-4.8453506377326825,-5.938036504789206,1.427199858192134,-8.448163368869189,0.9663279274389414,4.655817134978533,-2.404016196019046,-1.2514639143265611,14.31065691010448,-1.906932387738614,-5.105389436952184,-8.50220694595068
-7.791020364779811,-5.293076427388064,-4.149786793553581,-4.394183927447254,0.4580241019017457,-8.520685259525617,0.1333529380764586,2.8757902486564086,-0.812531736004372,-0.3908453183317926,13.52807345983647,-1.5249001409721457,-3.8766745726403,-6.597637611205292
-11.148578336884889,-6.348769947115179,-4.058005709430082,-5.166700709780141,-1.0849577283425091,-9.884717776713693,-2.5065817769938343,-0.8646077779101118,-0.2066133430803169,0.2959870225940095,10.41214747007863,-4.276715375495421,-3.8021754842988313,-7.88166992555726
-13.636156156194016,-6.914145293403895,-5.305839064314646,-8.055690690339112,-2.6478471800027155,-11.456699293547024,-5.7199187151629145,-4.555748934843899,-0.1731779656331058,0.656979482781459,6.724565833075577,-9.062431587287795,-4.559232534488784,-10.793963192963387
-16.352793112055224,-8.147190188398948,-7.435592051335683,-11.38041198158426,-4.169198931457529,-13.772625383883764,-8.238186478749263,-6.769744869352423,-0.6198253590308678,0.0045803963837265,4.259821012027643,-13.882018889457097,-6.444718723126474,-14.112737013732913
-17.8605248043727,-8.98379079172127,-8.95648126096334,-13.230214525455246,-5.83363831295893,-14.208907283251753,-9.28009906476356,-7.143747264841643,-1.824873761209533,-2.323110455882472,3.902180455058368,-16.93470054721692,-9.673801722616131,-17.589493749795224
-17.34520799882288,-9.048923182595823,-8.636698603251409,-12.881617307164776,-7.607330028179879,-12.506358473424749,-8.762522484731075,-6.156266470449464,-3.862440034587462,-6.067320182334341,5.128785306880497,-17.584659341810127,-13.53549605808574,-21.102832159006287
-18.991636873708572,-10.273519405394207,-6.785042774569909,-11.358831248534011,-9.123567156207894,-9.761627976668592,-7.244318861484336,-4.748707079252464,-6.190722408293548,-9.875080691388266,6.267736781770456,-16.66621923513889,-16.632483841046508,-23.81723391258911
-22.413094121950945,-12.396977735056842,-5.236433034800862,-10.68108015464618,-10.015591661098682,-5.227894387575587,-5.673705720798785,-4.052562979111758,-7.976555899221952,-12.252095351400826,5.515352620701817,-15.887117806614526,-18.15029969243548,-24.5679441581453
-22.963736278204077,-12.508948892760449,-5.893694105967146,-12.271386077715777,-10.24404715692613,-3.0696123565780784,-4.95534986928627,-4.996087477582764,-8.823348524320224,-12.823782977978183,2.2136783228535077,-16.62642068719368,-18.786523369127,-23.01952129067619
-21.08217151042595,-10.686066467833063,-9.0428295091966,-15.674363706414043,-9.989290208810408,-3.585444155718332,-5.414593012639633,-7.653246251535322,-9.057639122796992,-12.609854917429686,-2.487334172753144,-18.904396194280736,-20.122182836641944,-20.163505850432607
-17.69963031179309,-9.460801812163584,-12.936359697408871,-18.61629324929044,-9.236664472667703,-3.679850428214809,-6.454561628991231,-10.805205447773831,-9.226233228439256,-12.916724041287637,-6.244179795736682,-21.30082179799802,-22.81064418446514,-17.52321695235344
-11.84007637449358,-8.308506734896293,-15.04466643938895,-18.50574440571089,-7.607563660052691,-4.339295806819533,-6.795570989053267,-12.425783056149944,-9.388152009984356,-13.885346975909185,-7.179544567527858,-21.959379820195416,-25.37485312145456,-15.943672286791893
-8.015284494564039,-7.221041172010154,-13.929099020822918,-14.343449105934162,-4.744072959444351,-1.9077756502739247,-5.347219928581884,-11.094488295452756,-9.04297997174637,-14.187553737844269,-5.397500268243478,-19.94820771750676,-25.07274662551424,-15.221553561820745
-6.414598084866228,-6.61282270497363,-10.20035276158842,-7.581933765826819,-0.8861803526241454,4.283703834628657,-2.1255381262358624,-7.245300272782646,-7.790142236004092,-12.272276582805784,-3.046303103208256,-15.88544527038436,-20.34880596293792,-14.721011528724024
-3.826341272445299,-3.7095848661749766,-5.875653454530219,-1.191202085928282,3.0350508160393783,9.713974226312242,1.6336142867998191,-2.963978482533715,-5.921420149303156,-7.983661644740747,-2.6845862653539303,-11.296921060037294,-12.682443617371696,-14.001210744526336
-1.2496376020751343,1.5642947736215638,-2.7949697312858635,2.429408252714558,6.00720213558394,15.280206768933636,4.423458762709203,-0.2739965018591248,-4.2066312391009895,-2.9440960476652487,-5.187405117586025,-7.278108204462984,-5.94885015723878,-12.724657167885413
0.7632890577027224,3.849248098324576,-1.4203420542106562,3.0938307143415247,7.687945682402235,16.71605593251724,5.691233351549336,0.5656127090507237,-3.10778839057946,0.69391626055274,-8.985810112162767,-3.700366439514716,-3.595325008480385,-10.289161682111557
2.478685806126842,3.396508434774494,-0.8611404055022938,2.7222572034809254,8.510203198387334,12.85558834695252,6.142448863230632,1.0175645150056989,-2.395314490888645,1.9075363442255235,-11.380417519571209,0.2740871730102951,-5.971988775257729,-6.095074048881656
4.093421845458662,2.169711745365416,0.1024954459724054,3.564765950262641,8.999368441139014,10.147371660445396,6.7654659695916735,2.407740224197706,-1.675212560864968,1.3222757277141834,-10.816775344031496,4.889479313770229,-10.076471148505153,-0.4308242914367599
5.5786221243001295,-0.986877431384966,1.9453522259216447,6.2146254365380775,9.03176938546938,7.433751844104388,7.573644734675528,4.159336488920704,-1.15887565135516,0.296041118383195,-8.063551438778934,9.090393657796865,-11.84687159515767,5.156114334148782
6.59817770201583,-1.800431676286432,4.098539168171879,9.079774172003846,7.897116408547939,5.752261819599113,7.481066103229197,4.156932918785873,-1.5578640399451134,-0.2706013062090844,-5.205634734484166,11.28349401256704,-8.999528283503917,8.846568641774683
7.168539546691186,0.072522405717326,5.534075084148093,9.778775579608098,5.194973740954152,6.306156559103085,5.593545811710458,1.1413748759584017,-2.9779374739423816,-0.1648582622740879,-3.45006866461245,10.934105413510473,-2.200571196112694,10.159173947815928
6.360553504461218,0.4047061957454991,5.653283746032217,7.276755561018254,1.6331079677542948,4.366705680110012,2.5910839879398964,-3.288232376898213,-4.074960459473727,0.7943799827011793,-1.956653661186225,9.369677661340411,5.940995409163712,10.434947036133664
3.992276940439053,0.1032639746194479,4.741994988571389,2.8952336722113685,-1.232921389378456,0.3714499920505962,0.5610896927675018,-5.440965621835393,-2.796024124098474,3.1124313798220697,1.045736623657655,8.79656182906081,12.757176250334298,11.418198139432413
3.076527526310829,-0.3066497821576697,3.669135538916602,-0.7136596985519796,-2.243945746314708,-0.9808958439282718,1.1390860573568702,-2.766262085004586,1.5953820310776798,6.911414414510083,5.889556175448961,10.282668637607346,16.682214586383818,13.22816102353276
3.5595614220997382,-1.4245529646499786,3.1365066975983225,-1.7286533132472202,-1.702686955400405,-0.2293145581429859,3.6872547382709513,3.4471787679642567,7.170546568526633,10.894188454990308,10.287333951548405,12.58830371917612,17.237813336212017,13.889357361751449
3.958271825856275,-1.6866263013310552,3.146145407063204,-0.5157999865835192,-1.133976932653873,0.3950317039897847,5.483706688762338,8.72417356706904,10.349653897634946,12.48638115195342,10.79519327860667,13.052267877169914,14.565418800952775,11.137065245782845
4.926783785534114,-1.0846701751338332,3.145592868491883,1.0138223187629805,-1.8363474901880024,1.6943091354861728,4.061246382637265,9.102540153544595,8.750010872644253,9.623696521664511,5.831418343362585,9.866559969820509,9.311142184089343,4.859487792161984
4.342691291440596,-0.5813059806294287,2.6891063342117176,1.3585467441514756,-3.557018547728659,1.333913635740617,-0.3535990962479594,4.54507178442144,3.3598033982087845,2.7760539974809197,-2.4976117200252754,3.790035081835756,2.8558821120003213,-2.236705419943739
1.9417681607638209,0.1405003554650349,1.954178958557822,0.770463916534982,-4.603323260024313,-1.1201167788484048,-4.678322956532827,-1.1161148165503496,-2.0668588877191185,-4.8359703017899305,-9.5940282814966,-2.1719986865472776,-2.7580777934956746,-6.4982545301754975
-0.6732869329123902,1.3024329165705566,1.5720501782658909,0.7125663124097459,-3.379257204473872,-1.1249884564673247,-5.474845572039214,-3.613135498645552,-3.9635580805217057,-9.384166816548325,-11.711823235067907,-4.869731383234814,-5.62260520688131,-6.093343091774946
-4.053947510404495,2.838260202731105,1.9114806554529151,2.06359314101848,0.0330443532653164,0.9208858846680636,-2.006629192612701,-1.8041760495531136,-1.638102295689911,-9.235139803860877,-8.621764750876618,-3.231459132485428,-5.087579486977372,-2.2548930776048257
-5.438252784850071,3.6852852378448335,2.554588211334649,3.9761587950017994,3.717990017696848,1.724602747918737,2.881446395566433,1.8438887971018303,2.5976719956084104,-5.974574484190391,-3.4073137305580667,1.044592496739727,-2.2883899055405275,1.9347074116618612
-4.418653674088222,3.773167211784632,2.568386380850177,4.616922534870019,5.379919424399952,1.975351658358812,4.928065455296322,3.9722745967772832,5.692576854116693,-2.7960079119386254,0.2288457792755602,4.741639634245007,0.5290244792957561,3.9674551008044383
-3.122231380811192,3.7837149265738512,1.3779914159591231,3.065549452798865,4.1489382432607655,0.6612045494796372,1.8637922989009903,3.3836739688317827,6.25342269437677,-1.7805199774087854,0.7017076318353359,5.331225138141003,1.5441919727764724,3.4542169962614646
-0.7854784087014842,3.4456069319869624,-0.6158115612773876,0.4193882161006081,1.2099224081959652,-2.871692064391778,-4.795682914785177,1.5698437422812703,5.034273742674541,-2.484189610165655,-0.8564225029477646,2.563378819487292,0.6371552962234146,1.7625993928048995
0.7788054086189186,4.230327206797397,-2.3263161447136653,-1.0833776212960675,-1.1972071144962575,-3.945800898554381,-10.983284363545833,0.6013036078780498,3.548077766136448,-2.879999376762264,-2.1863111626939835,-1.6068350710558374,-0.6150231052804815,0.4592559438668608
1.241079611177659,6.322766423783357,-2.9187780983405567,-0.117207405367484,-1.4803460119981091,-2.7049515815935607,-13.17455675177753,0.8554586036353244,2.53296313489329,-1.5016665319645512,-1.889824802116776,-4.587862191297091,-0.2443240232712624,0.1027805272141906
2.178300999715169,7.563588757461562,-2.4719194249258174,2.500941704570215,0.2924269036435425,-1.4145781895996168,-10.75592017366418,0.9433948546042784,1.7514134486628832,1.2886363352088477,-0.0934626594033911,-4.986380564738295,2.557687760636516,0.3134740285668016
3.0910445477562023,8.236596701239549,-1.7360517916687823,4.608939158928386,2.7353614373199417,0.8931771705138876,-5.945276810605068,-0.3013423215094564,0.9458501174984112,3.914483771918548,2.3160580648472493,-3.3428010708514733,6.900389664761985,0.7441784779590512
4.39548997055516,8.506565380062165,-1.3061849265522234,4.746546373946961,4.359034179907891,1.5201540008046102,-1.7260835715390437,-2.1020121934051947,0.5946054884794134,5.225445797625067,4.631376540011188,-1.328518106861127,11.013490442459776,1.7871541885202715
6.277185472697277,7.954620156648356,-1.1001583190112942,3.485418323138704,4.597476521821377,0.0980240933963605,0.253135880725214,-2.270160945083437,1.5420502213647858,5.465539789739589,6.399919562100673,-0.2302857206823696,13.585947688430096,4.212552725751516
9.084635063524946,8.747592642104095,-0.6292538675001556,2.807876559212006,3.9437676199370606,0.0850372981471171,0.2320742772240396,0.4710096022894143,3.953247517766192,5.715872896415252,6.923379847156619,-0.0574077795552678,14.454738182874332,8.045909876481206
13.053397834445027,10.928933174870618,0.340917325100611,4.181222824228778,3.3021390232944707,0.9141389672448524,-0.6255384493181348,4.808372607517377,6.814970333402444,6.52999069054697,5.291297778425725,0.0864005610137015,14.257222893743318,11.844672891344754
14.712245940109826,11.116788966332274,1.5161466416748537,7.167708566789377,3.2146525654809293,1.727630938438817,-1.4524151309315316,7.696400281437578,8.605017454978205,7.235606554493122,1.38247213727373,0.9393899027120414,13.68062869635332,13.319106377639686
13.944600520567455,9.57688019891158,2.446322440379614,9.823110970075104,3.5572423500684294,3.067729264086048,-2.0530276162763297,7.090556793295095,8.517732333226949,6.652992430698907,-3.160187892776156,2.44997178359842,13.133300604507124,11.067423560355396
12.403839270456425,7.70583925622125,3.0469147656227062,10.419587821154868,3.823008936621729,2.7024650164770705,-2.438966099994775,3.929649162801691,7.0697528427591045,4.528366311754021,-5.452360106527112,4.099260003778335,12.947425016127823,6.056567262961259
9.229997105398285,4.851565352785045,3.652129050451438,8.844529094777993,3.656302836136797,0.4444711716314771,-2.3377817496486792,1.3667824731718614,5.544855851421934,2.205162689769908,-3.567633305388819,5.651859480217056,13.530126339456451,1.4568896446481472
8.4814819355936,3.864834422561948,4.581201688992191,6.44897047368306,3.177026860620649,-0.413926965862369,-1.2895386093833254,1.9076531478705403,4.856231116994255,1.7146009495543355,1.338709234661593,7.415302492292164,15.029969423600068,0.6760982046306419
10.544364348899526,5.071473848914744,5.762258737785787,4.646495767594084,2.847046492822567,-0.2423578431766906,0.8513320613476223,5.172451099059015,4.892790196495209,3.9806881408522266,5.22798613733042,9.714920328054786,16.842059926473787,4.9350365252303865
11.447671457435716,3.8092880297010905,6.83144556943855,3.701366460047399,3.003047144044148,0.6754599252035745,3.646991313670164,8.402307966457574,4.874688775426829,7.790745978308552,4.134992368624047,12.205798213605227,17.675749492032274,12.207742840759709
12.102634366131989,0.5545374852149433,7.511984182104495,2.839703341905233,3.4518969674766686,3.015164963519781,6.369313302451392,9.158445465356223,4.274109721618331,10.612142887764747,-2.3305382775414456,13.854360159262225,16.409337060035945,18.381672616976655
10.699648098556306,-1.6302938196341947,7.761714872142753,1.435176626048599,3.5058966403652345,4.086537870220006,8.545718206661322,7.561839627605628,3.3947193544832563,10.66534214632373,-10.073696855801556,13.72432777719545,13.076658511227516,19.857650299156173
6.475118933192502,-3.452208227346501,7.535378347518861,-0.0533676776065048,2.499237884766608,3.901356537545712,10.192008849639134,5.942860739438403,3.099401310743235,8.419661048572756,-13.370461031213145,11.83335309883588,9.038603032518129,15.781554966374806
2.9243128187268126,-2.6377128060692585,6.564653305344166,-0.4400855662766876,0.3969689681428994,4.4779420373244205,11.52260879392906,6.350662017885766,3.9743413055555994,6.094122743014692,-9.390604966283696,9.208908976972426,6.041310931867876,8.407454136777446
-0.4946035388630021,1.5256355163520416,4.587192463894542,0.8267607531565617,-2.047229138001877,5.306599988870467,12.4830822086887,8.424932000144576,5.677199297344128,5.547369040499758,-0.658317912067143,7.018449390459171,4.860972577417155,1.43586439076749
-2.4697214271450947,1.7451292984066311,1.875604935512084,2.677869539441072,-3.799935158563064,5.818782207414569,12.628942782874752,9.681054060385645,7.009546103263897,6.479489273878145,6.687543823386212,5.560297422231866,4.655872439527304,-2.435585345310311
-2.228909885900769,-1.7178230305123627,-0.582327696334799,2.929913799323202,-4.347550138869053,6.232427710950942,11.51511037326231,7.854429628264671,6.648269721048669,6.650410147403694,7.497720036011287,4.081950038945804,3.611645270529257,-3.027976986683741
-2.8092807147817305,-6.317566743099475,-1.6636070997134182,0.025937850776204,-4.091510119160445,5.066831194543055,9.22414155731336,3.0176312809550483,3.99899029161448,3.975201853049942,1.4080704191170694,1.6377429075688417,0.4211007877867327,-2.282216486503012
-3.739701708706187,-13.657532957733055,-1.0578318873929056,-5.465684731827599,-3.953415391129052,2.110821653396268,6.4765165643172296,-2.4605528730161708,-0.3937354508137787,-1.4023621372622594,-7.089296221552464,-1.7999717460282527,-4.562846122778399,-2.40008071297732
-4.404534116135943,-16.225160875712692,0.3251933852095903,-10.96251521069453,-4.519293064681847,-0.0770141827317893,4.136880289188227,-5.910012545158272,-5.108758479728055,-6.957673233095276,-12.13840010335542,-5.034789660108099,-9.442945200269047,-4.0508380017481045
-5.2888139143817465,-13.43498077752885,0.998771673388498,-13.606671080778938,-5.503559541485711,-1.7594162085566163,2.5368342589638013,-6.370116899325217,-8.587178256285627,-9.696115835683852,-10.68827013969826,-6.474407553818757,-12.106547218443806,-6.034305562004221
-5.373517680591823,-10.941917794035552,0.1184895731625164,-12.269559554306866,-6.038214810688119,-2.856984834079417,1.2864573712039369,-4.91905454087108,-9.894026358809612,-8.42790563418443,-4.219627692372782,-5.36853695165877,-11.724068481419913,-6.5433989582587655
-4.635884088563364,-6.958845001804025,-1.807089499055501,-8.254248080336023,-5.517498057370266,-2.802824480345942,-0.1850237957267309,-3.36179450113568,-9.075094462672771,-4.487101994389765,2.909723037407771,-2.3758740271352607,-9.239293792512267,-4.84425220946752
-4.383085363959559,-5.212071244718564,-3.3821185061404897,-4.224843308354009,-4.199770886773243,-2.879152290949291,-1.8741468772301424,-2.7278915181056704,-6.956561694880213,-0.4760576935068266,6.829524727817402,0.961119024957934,-6.542999619977186,-1.9248659733476328
-4.472924863321345,-6.626499848592185,-3.552760290803099,-2.2947083733470484,-3.0015630359616177,-2.884425320750883,-3.0600111945742503,-2.8585184662910983,-4.590307415522855,1.6804205338395222,6.577180370814737,3.2724052654224147,-5.123831970636507,0.3633089191834311
-4.075533085118377,-6.527044619501243,-2.4635346980879627,-2.74327162773327,-2.6899239092483067,-2.8486134416109867,-3.0261799732132206,-3.0744250410086726,-2.7369497159595118,1.7406817458604191,4.059366639821472,4.0536943401292325,-5.311541390125102,0.8433178784345459
-3.390313441721468,-5.923893800128389,-1.1575667584638143,-4.177937933613045,-3.231151129112398,-2.9937414528854243,-1.942592237130087,-2.9618204913031194,-1.6636942061399078,0.7046827142973648,2.096517831626514,3.63642223179181,-6.510949007040762,-0.0783861462198594
-2.0179436931614703,-4.464115286218494,-0.4570555756083201,-4.789335396000533,-3.867730684644161,-2.602820607413287,-0.8965152879311584,-2.532604707493524,-1.2378355383670816,-0.2683713775388892,2.3408741260822543,2.769885944281049,-7.869628157600309,-0.7959909363910773
0.2084674903542482,-1.4176081770002245,-0.1645229676831476,-3.6434972795092495,-3.792473346805576,-1.7278208628397616,-0.8798982371898283,-1.903355257401507,-1.1138326703452517,-0.5211405809483391,4.52331611942698,2.260204642927359,-8.631210137645757,0.2289032335392093
2.5155563566972226,1.854956123119965,0.5910697019173827,-1.147151926077752,-2.7710770206155715,-0.9503995692274771,-1.7212693998777309,-1.1093804314421605,-0.8896922242476721,0.1355448471626656,7.1657479243166655,2.701487457386576,-8.091847282734633,3.313734179133362
5.021834383383343,5.682534096972052,2.2061555734284664,1.4305047526182253,-1.2028911023982496,-0.1689967726568617,-2.1747077880589325,-0.2969084248634308,-0.278376869717817,1.643243916499566,8.838712148327037,4.113824509578111,-5.703240658271914,7.277315146640342
4.541552740330484,7.309147975253317,3.864405831519756,2.8664058191836226,0.3080653956519441,0.281175668847483,-1.239502394980743,0.078864865635195,0.681162804305746,3.6500463653712663,8.97641240488494,5.6334715943807865,-1.621611565905995,10.119584165441116
0.6049549739911838,6.290331626620092,4.077569559055835,2.691542904198349,1.3912551360721284,0.2578544356403902,0.5984228358687531,-0.5153817719304139,1.5531825309419085,5.37769508967774,7.9155546443706175,5.776143404028367,2.821250191464534,10.16023679291252
-3.481114636347068,4.541492998142946,2.100448591606562,1.3571049772794177,2.0043707501648136,1.039915207429775,1.5946392206154734,-2.1458446889474394,1.8035825971296515,5.880664519626468,6.437334570731778,3.4807412002531306,5.565165285915039,6.957068947040662
-8.53309635510753,1.247725579982525,-1.1425364887842786,-0.1126497013196461,2.255892859140949,2.588423014590431,0.3781383667078173,-4.138707342469596,1.3598136270956287,4.723547518272047,5.233165052370637,-0.760484204810823,5.234277597528146,1.533058305790426
-10.590728411570351,0.0003134415313452,-3.616369746130566,-0.7384981149260403,2.2457272685467737,2.1502844856398435,-2.604741724021069,-5.472391809016732,0.8975144076094157,2.4630826322261616,4.542707229476349,-4.861747430651537,2.394544652266372,-4.14658471463947
-8.805278438486557,1.2214221427104432,-3.8243524639962874,-0.1673716032496242,2.0508136993986565,-0.2276046664342363,-5.357027478094517,-5.556203895890309,1.3781645044541602,0.3325296227962528,4.070246170802788,-6.6165035538050425,-0.666724525028445,-8.125907246380427
-8.462148059733337,1.7470231212510672,-2.076552627628523,1.0803427227185078,1.7343976246879085,-2.9990454992860003,-6.138270496337453,-4.693347220067709,3.060228095703009,-0.7083922678371186,3.225059121964039,-5.624333730953266,-1.7445318744555425,-9.351831911062416
-8.547081957467118,2.4629280946786323,-0.2099640144519881,1.8957716550682893,1.279136745076109,-6.752821181054551,-5.05138722025187,-3.798179300746147,4.907483618630528,-0.6969819576768792,1.5946268058934898,-3.886186402689953,-0.6358149650230716,-8.110273491863364
-7.40266426393109,2.7658458880131183,-0.0019297022143847,1.333029158494384,0.5698738192299801,-7.853154944280259,-3.830213870614391,-3.6172183838685177,5.173117800230813,-0.4746075753696863,-0.6617920146396723,-4.254441331363601,0.6151587438986451,-5.823122589543503
-5.724589231905897,2.2300511801872545,-1.6905476972936844,-0.6072093002277614,-0.4111674986821919,-5.825383291315195,-4.035045720794186,-4.127835353818093,2.876226575869406,-0.8016665424481777,-2.8522932517252784,-7.883835131577828,-0.4630538567209005,-4.262332045235393
-2.9347020201702363,2.0078492352759185,-3.87608594971561,-2.7816959059743294,-1.312654831072824,-5.267210580540185,-5.441190230368742,-4.597991631848754,-1.118633291513371,-1.6956412404439052,-4.2565937929534,-12.93368119398118,-4.402719888002172,-4.504055313219691
1.141681552246868,1.846425567860284,-4.810586308678749,-3.612366366606812,-1.4649422433787798,-5.387561796371188,-6.201030966323772,-4.220251398403768,-4.557051822075861,-2.633950185188997,-4.688177238984117,-15.84333217110735,-9.020140294816123,-6.205741359547677
2.4818674473800373,2.0057845571340707,-3.8830698648792,-2.2937124554859816,-0.4224983260658574,-5.112372714697834,-4.62935557565943,-2.7981809589727225,-5.579854443182385,-3.323366814063747,-4.606247253025988,-14.245044971115751,-11.032389848789563,-7.788598539861962
0.9017284908017684,2.672409922712753,-2.022526166823215,0.4689687847892143,1.4370954344360998,-5.1488161349283335,-0.929547872424692,-0.9663632316986106,-4.314416602598489,-4.143851550623388,-4.664045631978544,-9.03165013482776,-8.750925884837356,-7.589126579877504
1.045149062845709,3.736199625918996,-0.7596243677104715,2.929086969677893,2.966020284370341,-3.4248235513625684,2.732222773025213,0.206915867305812,-2.791376766690095,-5.755974996775517,-5.103461437929509,-3.736027610174932,-3.552534426377417,-5.211642978446797
2.163839987869101,5.353541468288886,-0.8552518481114455,3.697736227694489,3.122214955103041,0.2074795799681938,3.878788376785322,-0.043558051881571,-3.178290048798573,-8.28868548218879,-5.543809926187383,-1.708691124737168,1.1156170794925826,-1.9471621505674184
2.5391714277704445,4.635151674040346,-1.7201357999837483,2.8552490093743685,1.9343377461919031,0.7117284319571138,1.6806063270517626,-1.6169403391205055,-5.879527671369748,-10.991558776929503,-5.345128073067078,-3.5228362878047967,2.313812009118415,0.2080250358229687
2.8627013289330963,1.3504938162377853,-2.09581682421892,1.6968329122645909,0.5502054400059109,-1.7969667331561685,-2.384179935796041,-3.5702176503986465,-9.205495912596849,-12.753260996955513,-4.215176905090577,-6.825525256947082,-0.3920222141310638,0.1321260232424403
1.0974395589363202,-2.5178637854072634,-1.3329238140898347,1.2962136336249743,0.1775478717660572,-3.9839870515904536,-5.645344170366011,-4.759191649785127,-10.882304313879477,-12.990341383892424,-2.546880001676895,-8.656976434183616,-5.018748474762554,-1.673211478668918
-3.088767681824577,-7.701265455432078,-0.080601035430762,1.3048926895932933,0.8750804220891801,-6.847527928111429,-6.198936495833339,-4.667447910980016,-10.005632002237684,-12.043650596336732,-1.2306143058153118,-8.074095718240258,-8.972851470319153,-3.819586399066744
-3.959611437378082,-9.207046541427324,0.2614015617079896,0.2912084420007925,1.4147807271278603,-6.751611325013214,-4.2032756329605,-3.790254264087922,-7.691249727100443,-10.75225988505206,-1.114643533635398,-6.722196720932463,-10.87774016986086,-5.42782687176048
-1.6541267592313114,-6.392441944010266,-1.1425590692383043,-2.579543574054988,0.444587463519877,-2.94984359566462,-1.596597496082591,-3.220839354568932,-5.937788037363475,-9.708066585762058,-2.514864113505338,-6.94810917495874,-11.030657748139143,-6.719378978320327
0.2563516011688017,-3.904494018225774,-3.658991143438895,-6.17734241897975,-2.11231267356162,-1.0369854309817048,-0.5212735962865516,-3.712128952649008,-5.84359133161867,-8.940770471017133,-5.072697068875613,-9.314277245002067,-10.521702019616283,-8.256487131300759
2.920030694342804,-0.4869636032351939,-5.515818124505476,-7.871730470154077,-4.762358110219136,-0.1883901395514466,-1.6597233104435,-4.9726643171988165,-6.792468581421705,-8.23006789945218,-7.969401414846693,-11.86011293615266,-10.116364538985923,-9.783317032496344
3.7010404683158473,1.494427667932513,-5.112643318528818,-5.634025598917798,-5.566252125212348,0.5835592741401203,-3.7077586665998297,-5.825738605175978,-7.192729373514162,-7.536287350054369,-10.2852407500397,-11.765971391116404,-9.842917172807455,-10.066575688843717
1.973931384029534,1.2376249437125924,-2.2207766012162478,0.0664289331177947,-3.686349281321055,0.3145294667842657,-4.367701196452632,-5.143160892174002,-5.923444271215162,-6.975169404172384,-11.285213682113554,-7.836895518711815,-9.289755123219598,-8.028423595915818
1.8911626780733652,2.835282338332652,1.867555914729172,6.342170644769141,-0.0174068726680136,2.4041092095861964,-2.1394448463529905,-2.760556800002496,-3.165223247133408,-6.391743311506842,-10.563849101147987,-1.5334201678634294,-8.01352339742459,-4.020836014453231
2.836274146852078,5.6448697077297165,5.260416062631883,9.950867889293892,3.5528979890594528,6.967425041095778,2.4067577386514074,0.4232407008174554,-0.0643655235444491,-5.164245393091228,-8.108055808945336,4.292691785807872,-5.691860693763349,0.1297407249556101
3.427347617743714,6.895760850287956,6.663225358060455,9.59341166768862,5.513987875588846,8.218293327761536,6.844079707614647,3.2079152948515954,2.2193467018061988,-2.6891428755868496,-4.330003215684187,7.678126275136559,-2.200012743502999,2.449338815728304
4.307524353018298,7.0483734218086616,6.004225778972099,6.5764683525544,5.5835761237803965,6.536819677798188,8.491674426975568,4.95304926519235,3.1799472897271155,0.8044000841638663,-0.0265966892854976,8.759752420428656,2.1298928787741147,2.290731195369215
4.374809752083014,5.819490227854288,4.2270329988208974,3.485086152082607,4.503761091347348,3.417859433991284,6.271784830173457,5.737973548978317,2.977606924195639,4.006495472222289,3.812030498971815,9.007582430932525,6.258833740780251,0.6270347500070201
3.4662679065530204,2.6351812559813044,2.5836620263812886,2.16193779752303,3.1856409589943557,-2.387023941660658,1.463153130506618,5.809421054682961,2.0998822681734186,5.337495127732168,6.333635299933378,9.477785809571165,8.69721468475398,-0.9774808481113332
3.0075303625589247,0.908072185295328,1.924493177187193,2.6328612695824214,2.0222135614383774,-4.289486220384017,-3.205769174758732,5.084191666711812,1.1009238637869228,4.267988359109693,7.155206749294264,9.87555180853949,8.397085800897576,-1.6359225543941125
2.7726273921750053,0.6037685883930874,2.306123783039869,3.5714028579056976,0.853029161123958,-1.8862600988314304,-5.428002519358827,3.368157388007191,0.500881728525389,1.9571088562414476,6.517781053456776,9.225696999573318,5.672924118964989,-1.493562280420388
2.26072957713282,0.6659477023310997,3.0263197242653934,3.5988327368112785,-0.5671547071883118,0.0834170703652912,-4.73778164799646,1.0482522994350667,0.6710557057259727,0.5096100561852985,5.172845841770659,7.267640870298088,2.278357813911932,-1.0493270039116125
1.6841380470779803,1.897908518238099,3.0650895167961,2.273090681283751,-2.0957599043830832,3.1538787067639755,-2.471659938361384,-0.6715182044450749,1.6485796348256905,1.3819077836968423,4.039209221447333,5.013823769336513,0.3811675786382391,-0.3551428600682396
0.2078446318344636,1.8801329919566645,1.751863306313593,0.1655967557189512,-3.10809192880976,4.138942206176722,-0.4714818865398662,-0.5322378236488152,3.0529369312842167,4.272443740492109,3.772780246173159,3.850184418670649,1.1448648838389346,0.9775909102466044
-2.2840121621955247,0.523595056737461,-0.7166922723608309,-1.7584523528133822,-2.8335400360047505,2.273808451219261,0.2979265662922543,1.5949084104780198,4.253275058414552,7.417957379851561,4.444537414588826,4.0971199258181805,4.005736700949885,2.9809532936868983
-4.736701761992432,-1.6080110834733996,-3.310735058514746,-2.850969342929062,-0.9074489361142924,1.4826189002770158,0.128755430277323,4.314776628324715,4.686017829551705,8.973700714094125,5.513350161213804,4.529093501520411,7.161644888574273,4.687383328013169
-7.3323893273098655,-5.149730681898923,-4.82807397683052,-3.127644972249744,2.1880073473393296,0.9092062153134424,-0.1335728966746074,5.680530139974259,4.088225566245605,8.26638599298133,6.163504795157255,3.4211258908441664,8.813281560951566,4.545418986125664
-7.625588746301765,-5.777994151895852,-4.747055324402121,-3.1352539655558544,5.128109013090651,0.6876116567921546,-0.016355901532524,4.772840695558534,2.547972119774661,5.9711943726209125,5.849018949385368,0.2014008781573828,8.206161357735354,1.767984865987927
-5.1777066849654725,-3.255803567770928,-3.597607271778683,-3.471177003370162,6.364576920679903,1.4097965742337355,0.3061097519258737,2.459886172662072,0.4598462477325711,3.3245844299836183,4.692821789947233,-3.811184152767325,5.852069322790527,-2.5643939933760667
-3.266450750141692,-0.6758547333436586,-2.513911476630989,-4.233180716690852,5.121127331736275,1.061263315501893,0.4533256890835861,0.6310077842298352,-1.5409799490314366,1.2616709612832595,3.430791299436139,-6.283116572539424,3.0161619717242605,-5.836208042239749
-1.300901007376778,2.9632513807479315,-2.3183174520030825,-4.775317158291129,2.0780799670733145,-0.229481926096535,0.3354568156676336,0.6020179035880933,-2.7389171887961226,0.1685860716305072,2.9120947002909983,-5.632882972641429,0.9785096457200382,-5.678600322308469
0.135382786357793,3.65297194246888,-2.917042021579828,-4.076843599925569,-0.938147063442905,-0.6880670688017094,0.1474791908588812,2.1129643118860653,-2.6565364313943345,0.1406593471872064,3.5199400501649656,-2.236924530387853,0.495292086894965,-1.8415837906964203
0.41936172841179,0.6945051778621196,-3.5260216964816102,-1.627008478736439,-2.2360399183216124,-0.5968726454100408,0.0034753976990096,3.730297132233627,-1.3706654082356522,1.1725898902787364,4.945847060459226,1.8441406563971616,1.585740935896446,3.478660019808368
2.519383063285841,-0.6504190534049539,-3.4870724319587296,1.8214009667374889,-1.5506434579734218,0.4251507507917968,-0.2102782485371186,4.174368267988921,0.4914192308164722,3.0230360269448617,6.4588696736162845,4.329015030274132,3.610863251428423,7.279126270757235
6.249000020418802,-1.3180283614606114,-2.8751288761441884,4.420979488611735,-0.1866615158618643,2.7602145980597013,-0.5138810858291762,3.3473020095465813,2.1973194639893414,5.096851558591816,7.423484855258117,4.229389637090005,5.606307833554585,8.068732816246694
6.627653903803848,-1.6035160363098042,-2.298837668455516,4.474816262911791,0.2020807599876626,3.559600947360434,-0.4700287341827049,2.240181764101795,3.487448614065528,6.754987734554529,7.672557951278243,2.3716217961523487,6.776990441155995,6.907686573063756
3.8410120878490943,-0.6262191377718538,-2.1124084990824734,1.8805333477803927,-0.8942079116642105,2.842059378669642,0.6188628693774945,1.9542669890438693,4.7617172451573,7.87547429828841,7.52191665089706,0.6825611393146325,6.909240059606024,6.2606058589358256
0.3441408098013963,-1.194644738263621,-1.889329796850502,-1.5305466970728965,-2.4895542700727558,2.217852652231634,2.943088303304764,2.7855649896687247,6.63481162843021,8.982991486165124,7.502792845284377,0.8234800152328265,6.413384469111353,7.661091915565461
-4.911160000166235,-3.2215433076065136,-0.7867041809912507,-3.2694137580323464,-3.2026425939800944,1.0812666856170026,5.5792044979116255,4.116507143040382,9.189112695390216,10.585271305724874,8.033311190654846,3.094342044513679,5.943674148267402,10.25541181530619
-5.777412537513674,-4.511826385206809,1.483277486070925,-2.14266716516952,-2.657631097396816,1.1198715633770278,6.818359536781138,5.053924541203909,11.589388881549496,12.28158109731401,9.19829471491423,6.276028265178972,5.89643391228746,11.547648112299957
-1.5219060228914063,-5.537725860912081,4.056573756553334,0.7761965915185911,-1.7552603811194452,2.6148329751689072,5.402523543548401,5.138572102743375,12.491797620472592,12.698367787568548,10.69845056816368,8.475199885702851,6.206315254415337,9.723831758797424
2.077864752872367,-6.157118978802108,5.407733192058679,3.020497365562335,-1.6082363959706534,2.8698859810061195,1.7311980639264384,4.548701307227905,11.040061126386682,10.630103050161376,11.971951523875926,8.425480409132643,6.578822142647727,5.499778085385813
6.522700373589757,-6.004453637613021,4.595689960477355,2.673514720499228,-2.3504052369387765,2.2137559142984817,-2.042484737575215,3.805140933775061,7.702111613215514,6.459807133102984,12.453642459838806,6.396637332442781,6.868721700609711,1.7982420399067394
7.500605446962187,-5.258242791866945,2.135940626591088,-0.2949289849623913,-3.1078455484883207,1.3194954808034165,-3.299303497245728,3.3959200600550226,4.215604838567955,2.370722819642543,11.850450872042456,4.052237706061954,7.171107700260256,1.4253980157253618
3.835453162630879,-3.710198445635332,-0.3580930771456891,-4.295776037209501,-3.102397157878059,-0.300137584756873,-0.7970054422408044,3.601167788960801,2.522363839745161,0.8161192358457754,10.23413095630854,3.2471039933425736,7.497007991538911,4.675777753318048
-0.3566129531959116,-2.93861067630452,-1.493805123301252,-7.48013449305299,-2.6106690733660987,-0.6580785602378835,4.266803462642924,4.414944585101544,3.369247749891219,2.40920035600897,7.851449099489951,4.530515255409195,7.378796876296498,8.907793442417308
-6.46418899097332,-3.020441194880609,-1.1964879942951647,-8.866854491745524,-2.6855113624041103,0.3763848928945483,8.827872053889916,5.3985281206186535,5.625275697556621,5.161690746970482,4.8227607667228725,6.49062979290272,5.926681342481739,10.485855496009012
-10.363381217688072,-5.166091210383169,-0.5934326030181545,-8.474499672605708,-3.9290986589379777,1.0174184337469283,9.89523851262308,5.649961062508357,6.951307714577764,5.944412438894737,1.0854514223962577,6.631747341079636,2.4997521574449437,7.509618760536753
-11.320227844100623,-9.977543612288926,-0.8179092539522621,-6.832539395609064,-5.669127378340129,1.6911793368037369,6.603514544800071,4.269838063056682,5.472645914214784,3.046006505101005,-3.245240754028419,3.3539301653345603,-2.468869113031424,1.1396239804600157
-10.954577611458348,-13.025618087072957,-1.8723593537415544,-4.670612053560735,-6.4855949572854215,2.1347030055930807,0.9525011597726624,1.2587500775181049,1.2602458725578654,-2.367134955042424,-7.405787964214559,-2.4316465438528745,-7.289291055062733,-5.4353302938266825
-7.920713775096768,-14.541085980341448,-2.628375851848933,-2.9767415461590847,-5.612254201984683,2.068639439067236,-3.378696987282721,-1.9535080014892845,-3.559281632397864,-7.174196776349898,-10.007722168192547,-7.524421947747559,-9.906515566862325,-9.393344858281656
-6.620977848295464,-14.280586912366228,-1.9669167601515247,-2.8760335891975477,-3.7898466454816457,2.686692492344967,-3.4544996962173062,-3.199796343943863,-6.268702901088874,-8.810870371346459,-9.8400125789062,-8.654912390558776,-9.392014696796068,-10.063361402419035
-7.161989385460493,-11.134951328662998,0.022450638757002,-4.905938774328373,-2.6557777038131487,3.898189153470815,0.8736137679315501,-1.3103365507409477,-5.559555703864174,-7.220123577807662,-6.971844813395361,-5.129404078491218,-6.855051425589497,-8.848579382061262
-9.321328686320268,-9.954216192805257,1.9423173361738968,-8.160647945939967,-3.1931050456044936,4.213674603961787,6.766809882384255,2.525394537308344,-2.51753295984013,-4.663304794525166,-3.183018295445123,0.3173668297316663,-4.826979202722386,-7.678964565781783
-14.31090059375469,-10.54730266363336,2.2325984437618374,-10.335562812711686,-4.697116664904815,3.750388088565603,10.273490367156676,5.2287621367068615,0.2279561418965112,-3.703501289966456,-1.116970860331076,3.41399158343258,-5.357390296533635,-7.464382006333787
-14.048916354142303,-7.228087277330993,0.5434684336396307,-9.101054989763597,-5.253311816238938,3.023693103959054,9.020362404394506,4.090073544464461,0.5542880508459502,-5.153336538070344,-2.58300695993442,1.6395780524556225,-8.279015997375952,-7.738764835818784
-8.337158155817734,-0.6128656917619015,-1.900690678625677,-3.923529079691173,-3.32497294926314,1.731188465250092,3.811000266162977,-0.9653585846237532,-1.549958167102318,-7.625846375786797,-7.241785733880615,-3.780425769977018,-11.17482746402244,-7.497005265547919
-0.8714921689190847,7.934316060862755,-3.262024761720439,3.2374482039525803,0.9483205893357832,1.9248036418202028,-2.0245681975545367,-7.110956841736681,-4.140549650291872,-8.857411282250155,-12.719351180053136,-8.885688778026932,-11.250845399499848,-6.266379290737491
10.293807554229607,19.52664698264113,-2.5090706946149908,9.142984916246403,5.839046675378606,3.793351230210363,-5.034233619068695,-10.713253671453804,-5.077632983428078,-7.565234711904358,-16.12699425075779,-10.16564518512201,-7.6408141439280275,-4.463709691072563
15.0083475140315,22.72159354997499,-0.0931963343992992,11.539196612387524,9.346746609241588,4.207600930319177,-4.0098469137442665,-10.094205296011168,-3.8621430942667794,-4.371578432825958,-15.896617675001377,-7.222435361728642,-2.1828857193348465,-2.877851782716986
12.308601715421483,16.56496145752006,2.5693010129374088,10.62852448721623,10.553546126896984,3.51528130861951,-0.5998217756873148,-6.696417221426035,-1.9669754551465088,-1.2329053628662567,-12.64875308554453,-2.75372225970186,2.028555357118911,-1.8926276891524871
11.584088122305928,12.4806442034012,4.209599282413157,8.559945774108296,9.941157843111238,1.5249225875654209,2.1497447296901093,-3.7856276727585456,-1.4326298679901086,0.0387529947285703,-8.581924352034584,-0.1061922318830088,3.071460496190596,-1.1980723579630546
10.491681508537203,7.939193748460653,4.448782746729574,7.470059305838859,8.613222369182479,-2.454662883967339,2.0633882907884065,-3.876742449050365,-3.046664789255006,-0.9674814761277072,-5.9416963104993386,-0.6797893958115111,1.51205466315335,-0.2107609006842263
9.594824378548784,6.709036225606385,3.727633880397452,7.809125536617977,7.287423633715733,-4.864030342317773,-0.8430511697947054,-6.993696321432008,-5.748695084833692,-3.076464339478301,-5.681606168670017,-3.314880175572114,-0.4476482415408647,1.2426291876700652
10.20679930034752,10.89863245678645,2.732625483433164,8.297803342162371,5.934617151470704,-5.768764763907146,-4.827798593815942,-11.007038869462122,-7.71210730672945,-4.490492713135314,-7.147773429540781,-5.800312426572919,-1.0866407947140644,2.643469273547023
7.193944355563415,10.145270639052056,1.89717089090332,7.328040067251338,4.189552334994158,-6.59684829925007,-8.037603339680711,-13.532531339424205,-7.99882241665564,-4.211142714257633,-8.821778670243175,-6.822254728380511,-0.5801270722836964,3.170275000581743
0.8272467425893152,5.526402101670154,1.2651027030043611,4.422958353523823,1.9586483658240272,-6.56520295116153,-9.851687952954826,-13.730608077286185,-7.242426631733476,-2.8861007261313425,-9.458250006580666,-6.646735851695901,-0.5241269184394728,2.395341208767759
-1.5085083820710248,3.90123430632862,0.6240674038679739,0.5411843854991609,-0.3740123540795856,-7.376493915587655,-10.985245062533076,-12.63511301826932,-6.842121352199676,-2.3753782945228137,-8.801381886618016,-6.325605351728628,-2.183801747447008,0.6472482033567601
-0.2794308914663888,3.778110626159063,-0.2798670178294467,-2.790370889994491,-2.2293535286958868,-9.163265960509314,-12.513371875391012,-11.952874033785736,-7.56954059341334,-4.23664452244709,-7.4788914251525265,-6.559556330081911,-5.189124468940731,-1.258642559407514
0.3553721792391069,4.51761541137789,-1.5304679420690706,-4.552089671724377,-3.239556415013386,-11.769128738319646,-14.765133694076733,-12.468084989097196,-8.923704077536545,-8.241049648614231,-6.300263476025779,-7.301954050167671,-7.833484120916421,-2.6046683057602964
1.787596287379114,7.178377193508317,-2.8768774358206497,-4.632338405470358,-3.413191423633124,-15.695556210936507,-16.94869329455438,-13.361974443880785,-9.70369473012591,-12.182169961928205,-5.567745117456771,-8.111021152362772,-8.545605473024473,-3.1034744689802185
2.158370069379078,7.069144022409169,-3.7395087106820215,-3.513983412722257,-3.0089769877672072,-16.81444426830507,-17.680246617034072,-12.912106286541617,-9.092549005046756,-13.321082264723229,-4.914030328441644,-8.514629736014141,-7.080087440089416,-2.771350726568803
0.8810370985049915,4.062686141202943,-3.49557952793726,-1.829121004648288,-2.318918070940271,-14.949080916808049,-15.946239761998688,-9.938834258758009,-7.216184999559882,-10.44721441234998,-3.7320208453828334,-7.9909603758611745,-4.423648112264763,-1.6753778704607725
2.241594269028321,3.0849673682167493,-1.9371283102759855,-0.2144259266540205,-1.5526094462275877,-10.980866184652673,-11.830137220621816,-4.854455555366979,-4.826928318809683,-4.898127823812096,-1.802491141198448,-5.954342589460161,-1.7554893754237,0.0352114773367016
5.888783157899587,3.302157482604199,0.4354619080292687,0.6745971407828186,-0.8486783846885722,-3.7639019321403975,-6.549808457360988,0.4701304796575769,-2.61626045580907,0.3616783937530829,0.4108121499640331,-2.2278027773445084,0.3842210646300348,1.8797452498371452
7.391359222672339,3.45646751881446,2.5880834126432752,0.3776314862755754,-0.3096281184118439,-0.0249782519555437,-1.7706083795831216,3.926368301290996,-0.8355171289435699,2.91662989778494,2.0675136691004576,2.3141487257207967,2.0260726953861727,3.072271259377501
7.269118592493146,4.319910562252805,3.5612025475894296,-0.9037246316494852,0.0354106554487287,-0.0422616037388252,1.3966930242072788,4.623387500926578,0.6013602302706769,2.589982011943606,2.647879795938758,5.872928008817462,3.204504793628095,3.0810438227425294
6.225994793902584,4.032702744624663,3.1044965400833124,-2.0742635949939423,0.3191970492249272,0.0347234249800877,3.042314200920977,3.540737817755634,1.8545360623657137,1.3172586610071555,2.4758217788070382,6.994314407907893,3.754846524078776,2.2719738639960703
3.3707363114835744,2.4522560584776403,1.8534954104886656,-1.6470394199001426,0.8359228642145702,-1.392072472855099,4.237767987393669,2.8489086541280315,3.039673885313533,1.3921318551702644,2.5556310810304463,5.981709867465083,3.709416799854784,1.841667954331932
1.729485887467447,1.1733764931482067,0.8761428460793201,1.150777432430763,1.8279135598533396,-0.3259550948685776,6.058563217915756,4.28509604581696,4.2199958880179285,3.5788108686670945,3.703354480552719,4.889152683681502,3.644688507390344,2.826256891446814
1.3269485229157,-0.2076974114851895,0.8983957626461478,5.493362698580388,3.1359540414749443,3.801210243391127,8.618251489032154,7.741903391895612,5.325682720200906,6.5945106910564135,5.5801747737718514,5.717030458354394,4.304248433197298,4.990419505958565
0.5115698123401689,-1.9846468561241324,1.7891969019039529,9.159385280462269,4.037291008256769,6.805727902351596,10.953128139762196,11.21558910657685,6.029284350597596,8.245182796067118,6.484098202603743,8.371378219572904,5.724562970010608,6.741046481485132
-0.0640092552786989,-3.976819857695506,2.703268009140068,9.89509569387026,3.583501697778546,9.62949310517482,11.887919357274296,12.296917411504923,5.822924323762436,7.161373846044368,4.309749835452692,10.501129398441428,6.843818051686368,6.3581625836842495
-1.5643366670977423,-5.837332023547739,2.755540059370325,6.999436278499976,1.3517595661022437,10.25457766031405,11.10777597811798,10.10884416556972,4.402629374454337,3.728666591200968,-1.8316118670978376,9.628061595490038,6.214139925611283,3.5327608404882493
-4.199571822188678,-7.528466032378898,1.671408807526781,1.8784470585040955,-1.965098062403204,7.862089736608605,9.447238868948292,6.104376384116659,2.080236357727353,-0.3654811202522801,-10.523342806333709,5.617139279137245,3.288125087819516,-0.2250137341650244
-7.421602858905858,-9.162707736973143,-0.0922598489272985,-2.926059788180748,-4.7483046148090615,6.701088533188053,8.152695675778073,3.015449836340373,-0.2115354533572002,-3.367427843019282,-18.477177017015528,1.0240334830577922,-0.922262522630824,-2.764821961410963
-11.59078098833987,-10.6244312894649,-1.7645941916647416,-5.48220346694109,-5.447974430413472,6.218718322610037,7.863334221303173,2.808793069190754,-1.4329914220200912,-4.382267224303719,-22.41829853642968,-1.1051120571811026,-4.450711982812109,-3.0331778343494022
-12.75671014023578,-11.0494019724022,-2.7747985954847323,-5.595440538417122,-3.667979274717165,5.880533651402674,8.286351151173601,5.34042212757292,-1.0887407487980418,-3.423991261301129,-21.204465013845432,0.1268096109932592,-5.7031076167806205,-1.8082230611231476
-10.5740832836564,-10.312561353340408,-2.9500289071919923,-4.498337499398319,-0.4689514799424774,6.4714038070560775,8.773085105600051,8.714612246433532,0.5010307623578463,-0.9479258340209746,-16.659562168154665,2.8919897527863867,-4.406564980713721,-0.8287113371186692
-7.161483608701793,-8.283575178989091,-2.4002268316589337,-3.55491467235834,2.3477563615511627,5.497712601887557,9.053301491577848,10.836531370699277,2.4689767226527817,2.40927809168787,-12.440294633857237,4.503045419986783,-1.6033752204513263,-1.2207614938614402
-1.4476000520771488,-4.629762888263467,-1.3860923754658785,-3.2181919609391727,3.3813882595775127,2.9749560558988284,9.278185992500209,10.75509399138276,3.916984729761596,5.667385586999737,-11.631068976143109,3.738166772008492,1.0327312225346912,-2.692384431682301
1.71012026732211,-2.3100809944448257,-0.3083840940566187,-3.064463206461044,2.354245823009201,1.7269516466746977,9.380262789451272,8.865111010235568,4.3012320658555385,7.449169640317397,-14.667717452257774,1.4690459175817343,2.000148313809259,-4.091411635606521
1.8438198979197304,-1.3970184493663067,0.3658959069756058,-2.5980674637632752,0.0471338657748283,1.3892546173459792,8.630671726721978,6.209982434622518,3.580724446701737,6.618565532642263,-18.992564214985197,-0.6007069662509963,0.639044146517179,-4.567494974620027
2.08192687487209,-1.3926177071548775,0.4145888583529782,-1.85015673667416,-2.288608865825005,0.0592569293041814,6.137450117048154,3.759292150962992,2.242612807315478,3.362023346629101,-20.69929891106147,-1.4525787298811874,-2.39640457401306,-4.126079162047905
1.1652432651988098,-3.102346720979376,0.1841933552933508,-1.2014676327598686,-3.576026366537292,-1.8732760892264717,1.9466828004403656,2.167609025699523,1.2191764591424246,-0.3662661641450118,-17.115365996966197,-1.0661696077552296,-5.163965224076264,-3.19409569366735
1.3075566513383476,-2.648462388016819,0.4526039242834816,-0.8002503150902562,-3.3561545223587324,-3.4209186629187305,-2.456256078359853,1.80446940166936,1.5236788733438331,-1.869280278649864,-8.633982388633283,0.279882611393738,-5.35578837236263,-1.9322095473576208
2.8753125099003154,0.0452520485772673,1.720704994359444,-0.3467742694218003,-1.966121022126252,-4.810631571000693,-5.042226141002056,2.6559942881675145,3.575481934203804,0.2948342644480348,1.4419167266857773,2.465955089727654,-1.9009943241188303,-0.2005459216443732
4.39006044377655,3.551198604018008,3.5167033613939207,0.5132323688193026,-0.3690789907577727,-4.367877079310047,-4.91803743164783,4.123230904201213,6.635552592697074,5.001692329837676,8.996379953940895,5.144874551486369,3.8917229366913455,1.822667489868513
6.472182702186618,8.817469742409836,4.513278574384309,1.7110153819481848,0.415712886229544,-1.7546010939817882,-3.208771275126132,5.117823106906579,8.986118683864314,9.258293780486396,11.763607422016715,7.258857743106681,8.873551492219567,3.2636520397954047
6.775162053524335,10.292678329272542,3.583705357534848,2.809359966157219,0.0342378816676038,-0.8598273846458064,-2.160749005004208,4.651263005634307,9.008859710878683,10.49170395495346,10.732452793007278,7.490246655002009,10.244056940280329,3.114319683641833
5.013095550329303,7.548868863386854,0.9415761342159588,3.531950149696627,-0.8921757177190042,-1.4313936774959768,-3.185598915814838,2.552498712107898,6.44678250810605,8.483365366970666,9.296702026866225,5.507077232148705,7.749620192842839,1.3216862977787338
3.651018521564663,5.524302695537449,-1.7591207026088371,4.099804342410749,-1.2516872336935174,-2.08811397964239,-5.66380891938294,-0.3059422542393353,2.750121253300597,5.267758300026132,10.768942532797038,2.663865227643884,3.948073579079183,-0.7778269096930046
2.1493879312038104,2.968346499272837,-2.6412784144084887,4.899888557146241,-0.4160976107416587,-3.620240586550527,-7.634625407599153,-2.533387805299423,0.0596877362755643,3.200822773634595,16.091349453249677,1.115448102728843,2.133569901009011,-1.3575741656411546
1.268388592998232,1.8234029790124688,-1.1903402221576842,5.812495819949908,1.154721557807564,-3.931811528350165,-7.665507467881716,-3.1324144532027987,-0.4186465652511337,3.07245020549205,23.407239672350016,1.9175230430677328,3.605127435381446,0.3294119601707042
1.457419490775388,2.9427880878093067,1.1841955835607871,6.007085738059037,2.281087563215773,-2.8584459207875828,-6.089750946694463,-2.1397240928114982,0.7140651930219013,3.925424028381551,29.69351866130885,3.897409868767425,6.638903579154638,3.160361815085598
-0.6341649022088524,1.024651273518971,2.1947972822396267,4.591565414240486,2.1011619725086224,-2.1600854898200628,-4.530868153520025,-0.5916125836144035,1.6662530564630291,4.4243495066944645,33.06002526246006,4.509213672720318,8.067708941931377,4.9530253507023225
-4.906352661746077,-3.502288566436804,0.5334032211652868,1.5813643046427703,0.8116482337990001,-1.3720726877050908,-4.368212652491978,0.0928820471833224,0.985034532407984,4.130668601482614,33.900741297827494,2.01837190768238,6.06278792697241,4.227661896920009
-6.191593778865525,-4.700397139846922,-2.986044756344428,-1.7846624827661284,-0.5693919825748828,-0.328059897413721,-5.699313379479749,-1.0930264540607886,-1.3365562747316972,3.407491559711528,34.12843546616071,-2.937695939125925,1.6606731547204827,1.3927461229133744
-4.820917107445682,-3.1631571383565484,-5.96459708083749,-3.804513289635031,-1.1391328591720606,0.767568330498489,-7.585808829812349,-4.163624720941728,-4.034239762181341,2.3847352564414708,35.30144013572722,-7.794686695117391,-2.252919988702271,-1.6353814383928826
-2.327838749584997,-0.3320405297146107,-6.217190017003862,-3.5483200492355103,-0.8117035429562316,1.8343325210446595,-8.9560726800622,-8.000649714040792,-5.699029630335472,0.4928912861961532,37.24656714698137,-10.03321035111304,-3.47609396005208,-2.97182274004577
2.396312521422066,4.992722577504469,-3.383055288598409,-1.479186992360181,-0.1484121513091385,2.8154555172640574,-9.086677374947548,-10.747421515156548,-5.781277712249204,-2.6970243374462424,38.22708353028112,-8.895864241765365,-2.197824199710386,-2.1129438702226926
4.243171020074282,6.523294347303957,0.9197253261769562,1.0769158911643235,0.4051234907209959,3.512453541846265,-7.452126857903742,-10.692364277435528,-4.718766847139429,-6.312985622286255,36.37986954525309,-5.514903678868738,-0.4272767712114631,-0.0544362704875487
2.873497157692641,3.864754091246303,4.426712768339331,3.069886970809581,1.0123000014722283,3.840519329701462,-3.687887671232529,-7.340729322027019,-3.35452205336171,-8.327185560923201,31.170076674836796,-1.7134566417375596,0.0900673290200431,1.7185996649906985
3.5963168596793142,3.0539744771229143,5.858519366147914,4.375920856894149,2.13320791848764,5.7824368262866805,1.80978631431446,-2.057338126445563,-2.358780996427093,-7.3159540009688175,23.714776647641365,1.188913299475816,-0.6703325500858917,2.3736494294850594
5.381516219099222,2.777074090391465,5.516853289080667,5.396809563909558,3.750670701187596,9.435595363806804,7.260026724301585,2.35836055444076,-2.0969473160347225,-4.197432572381651,15.8441966523027,2.652513228816844,-1.5157861892471276,2.093996405603381
5.502510132463156,2.1477934874421343,4.527510572654717,6.149644531139933,5.011903965742198,10.443420300769876,10.017264813021171,3.2494007130611493,-2.751009375448008,-1.9377273581965155,8.819815757621665,2.565415454531066,-1.711385682887366,1.5841691949202197
4.5659658942021295,2.0021564904033897,3.6294499235393856,5.932715738156993,4.792478692222216,8.96576386682521,8.43007166717372,-0.0144800510575873,-4.270862589174832,-3.063186566548964,2.8358533900400325,1.1028724747799474,-1.839915774055248,1.3683360933609698
1.167281216630524,-0.3101823695110557,2.698581607046478,4.032703067401768,2.746063552451582,5.3053636192465135,3.598528180272452,-5.248040597538023,-6.125265639483766,-7.143905845682118,-2.3833666342025346,-0.9945329207283872,-2.876248620936117,1.5300908623418508
-5.304953748514295,-4.89445824329242,1.3315039018255437,0.7532685372821213,-0.1746320139044663,-1.634015202125328,-0.8555421409574882,-8.648296886923262,-7.296270492053406,-10.775524370761566,-6.669899295646797,-2.3890551180489856,-4.619521038599705,1.9390150351222972
-7.567032466521523,-6.555893982328453,-0.2952393847736152,-2.432204657645713,-2.333504682955282,-4.16932675557388,-1.3415206213514148,-7.415014124857669,-6.862303750310227,-10.388830002703038,-9.26237148511144,-1.9296872450629692,-5.459735678750904,2.498879733259221
-5.584354287995648,-5.525391260048844,-1.3140937211876125,-3.9679924648869065,-2.7055390302808373,-2.042620170352341,2.7353294310501086,-1.9163741884837175,-4.847981803452671,-5.467404553119695,-9.641630333043436,0.2358797954919627,-3.992642475039277,3.0628473964769807
-3.99558155258033,-4.624932972756134,-0.9878737856571878,-3.564088914673309,-1.6883908544007982,-0.5357450609798747,8.227116808526937,4.401797530108864,-2.495169080543298,0.821000963922315,-8.394931980326174,2.4390685952003075,-0.8064936271277734,3.2137509005123475
-1.2417751218816364,-2.8231636248448475,0.3796488737010062,-2.4307182618204592,-0.6661901461716324,2.061224188948564,10.61558193212066,7.503824728241026,-1.4272996893882528,4.275358822877179,-6.971807659745818,2.729981017467345,1.6573053389793992,2.403701641918772
-0.4253255507007084,-2.388749789443193,1.4416657097707375,-2.0980668258401742,-0.7251990434358264,2.692453461622411,7.665918580831177,5.794820632904793,-2.199359013901128,3.2287846198886374,-6.366171038145186,0.6392268928056488,1.3060471571692889,0.5542022139991616
-2.27709739468342,-3.769844750989787,0.8462848400981802,-2.989193342367372,-1.7208269466277537,0.5476915605718717,1.29195280385054,1.26469028678987,-3.5005257248358363,-0.2054734643421021,-6.086469422902141,-2.2285802208436927,-1.4778763110191315,-1.480925277957141
-1.5373890836097783,-3.884108089197552,-1.576686950758436,-4.182702782610253,-2.526822493353244,1.231686676571124,-3.961772639227913,-2.1933111541106403,-2.931638409254949,-2.2659691462948617,-4.681480818217277,-3.495100711195712,-3.998069194350011,-2.314454146838697
1.1191124941921746,-3.2593191791960137,-4.55195598562894,-4.539558637384663,-2.142508273199761,4.080006698031025,-4.516703190681305,-1.8794231601146,1.055933594994093,-0.9558874139407632,-1.4615258269142934,-2.105513464116436,-3.6161484637790906,-1.2098679464146382
2.32335111237409,-2.68553692386688,-6.286469426243652,-3.924503680742003,-0.5558818311885494,5.665659621081536,-0.4128481220769444,1.767547664107609,7.6269021996075965,2.443575305295342,2.394117249624358,0.7245414015755287,-0.0284527273857086,1.0120202967774308
2.786713426253175,-1.7003861390031894,-5.831848686373567,-3.209247746016038,1.3867775224855985,6.793132344721524,5.056571751891387,5.875621657964117,13.823081317092562,4.975114570667191,4.678939603265452,2.6139136897590856,4.6774629703766895,2.410108503166935
1.4329292203034658,-0.2214834192359202,-3.782248491548207,-3.150787452792432,2.8179055960681536,6.016430803545744,8.146347095528787,7.67590713577257,16.536955681290166,4.93186543744347,4.206127017536401,2.122696234130773,7.989318159033397,1.535568188721074
-2.419905477612597,1.7772834595596678,-1.7928723426755182,-3.505562905110761,3.4846561339164843,2.6529000339217137,7.380733745251859,6.5838883991167645,14.631499946678623,3.215398089360786,1.8781463929360636,-0.1351479212787314,8.827794549185978,-1.260015350481874
-5.226387504329557,2.436049492241928,-1.3573259128668456,-3.441121218402717,3.631366777311059,0.0899777682831303,4.077078897294445,4.163217186893104,9.520117016371488,1.99645365311528,-0.4708318395758599,-2.3809481161978017,7.59115993456696,-4.1988604177644575
-7.279918904580238,1.622665917899696,-2.8136615460991514,-2.776091586439396,3.421667868824928,-2.0819379376155087,0.670387580156719,2.3156978919969884,3.8776583244870784,2.269692992764483,-2.26123246927105,-3.6114585003182103,4.825832764548139,-5.871190451908335
-10.163111200731729,-0.786484918931102,-5.2810374592177,-2.551125025707257,2.610932177750532,-4.522333584220989,-1.3752607036256157,1.5248904234399303,-0.2807824184361047,2.8462224124282214,-4.893089032420933,-4.613998330719614,0.3883577700918987,-6.622087294833394
-13.242249137929996,-5.400424820914643,-7.449593685575756,-4.105796315807421,0.8232841383024843,-6.613128961614395,-2.3044922423351464,0.6896424793264577,-2.5681963292728067,1.7060637276777788,-9.968935533304135,-6.994671312545671,-5.824161237148957,-7.973879621682718
-14.03778059588576,-6.616879168308468,-8.510715115912877,-7.502862132758633,-1.8783898320063572,-7.881853787862403,-3.193739963613507,-1.5188321318008065,-3.7294003091927976,-1.777169666382581,-16.751964803690818,-11.145720726015632,-12.51218927569657,-10.563667726817725
-12.390844549665175,-4.247325440513747,-8.506600917045962,-10.976859207349216,-4.737895683511619,-8.131347432054795,-4.609061670578328,-5.179707019279155,-4.511818408994818,-6.002851276647393,-21.725067478185792,-15.221945343658268,-16.862719511620142,-12.809645150391232
-8.994784839237063,-1.4967896665348366,-7.952264232953285,-12.14104268274378,-6.67273835040497,-7.960513716704982,-6.082969476138259,-8.867294662014569,-5.073294070560973,-8.4905504488097,-21.20671087985848,-16.333883071779145,-16.361102856656444,-12.00244726182918
-3.105115573810753,2.957092646619994,-7.207314918974903,-9.924065771835467,-7.003720738336404,-7.1574805900999054,-6.707209420288871,-10.749517704606056,-5.273267617991793,-8.068266023195992,-14.84290552097397,-13.04738416403848,-11.07456119800854,-7.0669628600107695
-0.7048285989982325,3.238953859752171,-6.216542253049145,-5.4611741801886655,-5.945041305980047,-6.875634321436378,-6.109627440692165,-10.009604444270238,-5.212523074738502,-5.851323227248932,-6.6213724467398265,-6.917936808196939,-4.168607454760073,-0.3104777790734951
-2.172495867595243,-1.3928706128570534,-4.808980937650234,-1.1814386684258178,-4.41796102131718,-7.271921175925382,-4.883771395986974,-7.411239709441943,-5.264088525720648,-4.185395038012995,-2.160433707691947,-1.5412627122180549,0.1311013468713344,3.831428553458785
-3.5716069453685835,-4.463309757518502,-3.178407605544222,0.9649340525062736,-3.3131857978624115,-7.49573468814661,-4.146404422235744,-4.653520781953764,-5.573354412432596,-4.5896135803453255,-4.45774290804178,0.1609087828813846,-0.4281067697438301,2.23696170895889
-6.35827446397733,-7.317465694612858,-1.9978783371976585,0.53116342175655,-2.845751859703108,-7.863082569274756,-4.655197996926885,-3.149683343986853,-5.702757060846473,-6.525578221158472,-11.75508548949469,-1.9236767662013985,-4.634704881468448,-4.273002964872723
-6.849988889023407,-8.159316914769127,-1.9814186280061292,-1.8048440296562864,-2.6130134392064504,-7.786655722560351,-6.215444030768107,-3.204323089252464,-4.971463251455646,-7.978558693243248,-19.27430656366934,-5.348369413022086,-9.051079722801044,-11.493632786007606
-4.410469446925965,-5.787487077084314,-3.234399484986322,-5.21915335859432,-2.298537178942833,-7.154655330626901,-7.808278648054165,-4.103822811498283,-3.2479610622443333,-7.24791519999362,-23.122145998311844,-7.36533341768544,-10.772191886259597,-15.084792547238694
-3.464128024695764,-6.929062370423284,-4.94844943078148,-9.10115105287828,-2.239997800024688,-6.665416558769878,-8.295715034670978,-4.857777533143815,-1.3547929105362506,-4.3803184856666055,-22.902818892846632,-7.05923695889534,-9.297457033726744,-13.648284374057503
-3.1366543888416016,-11.148955165314913,-5.741708868705638,-12.551391230313577,-3.1095177159535634,-6.176715438037504,-7.149552894160454,-4.895840629526658,-0.5155334129304125,-1.0684087620095113,-21.047714879101942,-5.529485524428246,-6.151287265900088,-9.11391852084995
-2.623904601556045,-11.755249942985772,-4.475483481192569,-13.975634494879843,-4.893275982264827,-5.867542337032857,-4.693336732061384,-4.221499178492902,-1.208951030690795,0.8284534186661254,-20.00796763901,-4.257236504658992,-3.042918892766739,-4.487574329719387
-2.5572792200679046,-9.644261153193238,-1.0445674282609794,-11.74862967684494,-6.298372182909868,-5.866110655027962,-1.7713501343109326,-3.086975127046835,-2.493444581326041,0.8293495382758582,-20.204165141035567,-3.4587773625004488,-0.5095350279042528,-1.287742749044213
-0.2653447490065325,-3.9721840219497193,3.377064078455228,-5.675474813210332,-5.522396586308654,-4.545429100335613,0.8045960015124374,-1.6410826025238885,-2.5883185824997765,0.1078827056472704,-20.446738346898208,-2.046550651873812,1.8410950329589468,1.0749922575042152
4.432734930410481,6.7353097699806375,6.869550104848447,2.1754215374942776,-1.96098728758272,-1.8548599951287144,2.59573923312269,0.1010877319204044,-0.3929189210889623,0.2833790250038723,-19.867242192544555,0.8981248951538356,4.147490570457318,3.808070377939091
6.930494873463482,10.774008551721089,7.860242877505167,8.39508903907706,2.7628861943032144,-0.7197519249703623,3.5264976625023454,2.0264422666537034,3.3385045730475422,1.8287662601619523,-19.02786895626201,4.742138518563388,5.677687112354839,6.927684671247369
7.577843174312628,7.975693837101937,6.144893310617805,10.44368904414069,5.688199961421185,-0.9614787398489052,3.716090983137452,3.765058951663412,6.315256089849733,3.5544948286662352,-19.079348108705563,7.4846299987556755,5.468114037719982,8.97738298828991
7.144785661325821,5.204800275494901,3.1182065086743465,8.366890262455946,4.794059664025074,-2.400202777130306,3.378201178054095,4.828239749038612,6.435591109941891,3.6782153548971817,-20.12210641088378,7.438421733580526,3.4652946976931283,8.469562812269968
4.625264814388684,-0.146014004528922,0.9386360438540696,4.579815474195957,0.6986550282968249,-5.734456382486542,2.792948257725887,4.9392813698824725,3.5345240843267733,1.557701753777276,-20.7614879281706,4.889135316940444,0.91998697184665,5.5897390033372805
5.5527761422246105,-0.4425872958580765,1.1275313441324908,1.9863412625185892,-3.7704355432203487,-5.607245278920551,2.219299195828081,4.254813455477987,-0.3645174787553538,-1.4633904705703111,-19.41203621452596,2.186667266362657,-0.3769484144506814,2.5308702921439483
10.155366512011206,5.533174982024165,3.616945643363364,2.0877428146538444,-5.756932892178282,-1.8068584916956516,1.7478526643780743,3.282605281592983,-2.575880147285753,-2.8987612770887177,-15.90090651528856,2.08467960095276,0.7096803459833865,2.1002063136204816
14.429382591216818,9.659267101598862,6.971427530762625,4.50975694510669,-4.383603440036861,1.6204491393850518,1.284103059365842,2.5612597024619905,-1.792684433452881,-1.006538363334207,-11.59728151305045,5.644465083238134,4.013397118053425,5.69975453065484
19.599954600440597,13.817640227023212,9.570570983864515,7.920859557255992,-0.9777691877334248,5.850701937085517,0.7654123813068896,2.339092953542589,1.056276345423134,3.7986661019102703,-7.949203431380498,11.374027791636742,8.278215827268355,12.215577302500671
21.1122279442651,15.330142757932943,10.746901870500572,11.185516698607614,2.3620261344294637,6.920180428196624,0.3940080090145033,2.4650168766836744,3.7624329140532415,9.114930915240542,-5.046307856168466,16.25494808847299,11.835065678373152,18.582869760339065
18.08261963018973,12.770344988077929,10.977847852237892,13.786824284180568,4.353935546969407,3.9654301182492593,0.5353880237338817,2.5501362353313093,4.664875285355807,12.13955867657032,-1.7551713511996656,17.83002901801979,13.288670890250316,21.586521264763075
16.075093671927068,11.164165883816407,11.125768680055968,15.564589698921369,4.976004027960276,2.394168010906467,1.2637891844804017,2.27865283288903,3.7619684704082728,11.463400912448623,2.7505511144765986,15.781502008898428,12.070927187386818,19.705524431210087
13.9360676303001,9.55010871820608,11.545558459534936,16.410748227378342,4.796164951296582,1.2119025794459657,2.023401084550195,1.6381110124675835,2.303373625483406,7.815452351934127,7.712882277262461,11.925252949648758,8.787971565007933,13.89341200243702
11.008533431311088,7.1701301541613,11.861102410536247,16.252079752240544,4.202783067770152,1.2879878380333882,1.903925419623902,0.8862398086805676,1.4449914216426007,3.361031572858842,11.120800287042655,8.77286903074688,5.074486341220074,6.901409728257671
8.088295139854782,4.7431680475256535,11.456330597443811,15.08742756847973,3.311494854215523,3.623135202361509,0.4380726204604226,0.2848953302060071,1.2561432642111363,0.1913178355500608,11.38042314526454,7.793515660068305,2.7306184647021245,1.6216636988023805
2.924384766262288,1.073804333607791,10.05599020891778,12.845466646053886,2.3612866369031265,4.906008499675202,-1.801163182257418,-0.1372441205092087,0.8750107612136668,-0.8882877758247467,8.788605352169041,8.574714406676582,2.516269686735943,-0.5221926185060397
-4.498530224175044,-3.808011751644415,7.833028688204975,9.294552332304605,1.8764176795174323,5.564817473254563,-3.4679348413665183,-0.5328317095216164,-0.494398787305875,-0.50862738782586,5.509424192553706,9.31920066949582,3.5408251125420964,-0.1665472767311344
-8.268495955135805,-5.572064255165821,5.096479142762633,4.380582820088744,2.2673301492429063,6.395241516633071,-3.4498079742391674,-0.9315222292505076,-2.72786454249317,0.1019076785176889,4.095332576995692,8.17609760520845,3.918972581365587,0.7175516791610512
-8.38105030716882,-4.058081584488416,2.0501352930825707,-1.159048361133694,3.305554054557009,6.839826630739138,-1.7476809373785525,-1.03270056853615,-4.802931411578442,0.1766382681462142,5.755850924354083,4.445015284375639,2.289204209974888,0.2844604768151662
-8.971796642465081,-2.2339479253198244,-1.0801557505420227,-5.640043520356075,4.128590734738443,7.538096872021517,0.5564645341838066,-0.3993200338142841,-5.602009967305146,-0.1463053513281567,9.6760660153784,-1.0611519082954448,-1.0673577185853844,-2.035698642048212
-8.804884185319464,0.903278920725588,-3.7868703401999255,-7.248592151737359,3.883328808510495,8.481018098780577,2.1876477462138126,1.0699925843302402,-4.765877150476054,-0.2502790025339294,13.812787495365656,-6.550034464153455,-4.482519750927382,-5.42105754873813
-8.662775695270888,2.043073905833989,-5.350006990398294,-5.381076443530583,2.432176642671356,8.670022781144393,2.6058667675625564,2.873963585596073,-2.9143007792847357,0.1605934033784635,16.486540602214927,-10.194498103475336,-6.272348126813723,-8.456227687550367
-9.08196995179902,0.5908730097723391,-5.345939488207822,-1.3491510446450636,0.4768845093479115,8.151068540580626,2.205700704813625,4.187870649994757,-1.1357392910875037,0.6746265710383064,17.52487140681303,-10.9221389314911,-5.987576733773304,-10.085272121430062
-7.3419971507809425,-0.2573307273264487,-4.16024752835745,2.305488947288948,-0.9628150066274568,7.160862786783792,1.7638917857941792,4.478793184272421,-0.2263426629013905,0.5656222153432502,18.076828712417598,-8.775786676905337,-4.526933923626547,-10.044577719633136
-3.6316340108440266,-1.394914731040833,-2.937703123273211,3.444619699398311,-1.200034027191574,5.469232444874365,1.7708012119641872,3.8787003003438647,-0.2601021624752446,-0.4190844847859871,19.291794185854823,-4.863973863947528,-3.2199613292327456,-8.709566177982072
-2.854986362512912,-2.643800932015417,-2.8650688448308816,1.6476936546452805,-0.1569824640032884,4.946927436413249,2.246023517241856,2.978476430371692,-0.7014283477736178,-1.654196469720656,21.04413024272521,-0.9634263495626084,-2.843543376036788,-6.746302242652666
-4.885453399028997,-3.6253035828552886,-4.308467460521502,-1.744440683196547,1.7570114081163375,5.7237977497514585,3.041647850430346,2.30506792336,-0.8323575543472819,-2.057831021888669,21.912649398487677,1.2186740792728532,-3.356159060255557,-4.865750209239026
-6.788803695388145,-4.544457675966972,-6.513441999714262,-4.722792989626459,3.855056250845117,7.635845553621191,4.140982121410435,2.026969954925235,-0.1501247053126402,-1.0162268741668503,20.525067840026143,0.9522789911748752,-4.27396353018082,-3.624954373882929
-9.576247896923086,-5.197493421472744,-8.129948551833449,-5.900263515532533,5.311558765677265,11.254845858353724,5.547837245999769,2.0932558700807222,1.4128945213351145,0.9938361597600798,17.051709516988495,-0.9609416775006654,-5.066923785715693,-3.152009561548157
-8.738003440001764,-3.873813155006693,-8.143470327787274,-5.13557270012859,5.387608314454162,12.318909629194554,6.901566793992263,2.4767743138086,3.4147850371619723,2.656105116729913,13.365855669524736,-2.579164456774704,-5.2182885372642325,-2.9709448023103366
-3.557032078743438,-0.3212668944954184,-6.485608943863783,-3.290714186373842,3.864030026616269,10.675389547199597,7.365308129431067,3.1256336735941304,4.99352180023061,2.780760669153765,11.578224355743185,-2.1556452822156604,-4.187917100893252,-2.267514073353242
1.0917338363512612,2.471954977761302,-3.908544327872052,-1.4852269592221106,1.4102750917832036,7.570273559755214,6.154394999443994,3.7156475672753615,5.250505779206453,1.2421942915187705,12.246392700425176,0.4971545772932604,-1.654245236021893,-0.5661204400154709
6.3350008408717375,4.831681855299662,-1.333644518112731,-0.3470921442381023,-0.5872111370047701,1.8745916661391837,3.40329135527991,3.6968683095765904,3.8997778782832926,-0.8209263520632444,13.975928421162354,3.813372440909675,2.070232195039676,1.777485418248844
9.563815974756118,5.742475706771338,0.7457325576099745,0.3581582007641932,-0.8338615510779945,-0.4926650508108994,0.5349352634022235,2.842232101360712,1.7552708236154322,-1.700691160352335,14.850383795175276,5.782686846655302,5.9911965106257865,3.873880593197759
9.816651270468377,4.458355213349497,2.3787115108657755,1.503722577433665,0.9830923789912358,0.7766363197467168,-0.4820018059166411,1.7788007754705115,0.4714799151419493,-0.2578887167052972,14.329300917015129,5.705659237539614,9.033161093407774,5.230383878334893
12.770135892223838,6.031712472802427,3.8221468549614577,3.825909778555433,3.971608233065552,2.135477737980247,1.3500248415738525,1.723990643358233,1.433499493824335,3.219125156772873,13.724826192674438,4.790205233797351,10.819158872927716,6.364709063272217
17.7795856573374,10.287058705301389,5.124876038769786,7.055421917873463,6.679950948158223,5.004235569238778,4.993797059956888,3.360524154403125,4.534824918189658,6.995405293846618,14.70525890903713,4.957173688332008,11.801991921470902,8.307051470314592
18.995773362498475,11.55589409608079,5.979210529316729,9.7000537525977,8.04164483754018,4.7001912505415895,7.878239532838702,5.845612289457055,7.936644940510321,8.808377274661943,17.245488369685532,6.89755601423482,12.513096672519843,11.318314236915445
16.998345324279583,10.538734809415304,5.927642062858401,9.916012224359136,7.848873827970477,0.5698335520866081,7.817555110411948,7.12794365097852,9.234588196362584,7.266494716975904,19.102325825627812,9.19689090463156,12.69686215323512,14.124111292672213
10.500260732994755,6.168761431054912,4.756332975723541,6.992936755880272,6.514983368382519,-2.6419574655996376,4.828934574381052,5.608454376684752,7.229425321304538,2.875685711886555,17.52178221686909,9.41758427359829,11.382047894334148,14.655035833106284
-1.972106939045546,-2.8637291740683826,2.791814616060201,2.219277857130047,4.551629356324099,-6.068770862601035,1.1915199243205024,1.734777413450617,2.863792307757841,-2.070012422472248,11.732417665228382,6.247508083339763,8.030343008677939,11.850451144733473
-6.720999803106587,-6.0659377748894405,0.8509801796162026,-1.8267481649877928,2.30987792243414,-7.860033600226395,-0.4680404498972095,-2.0802130817671607,-1.4731015813346977,-4.823233312446153,3.914804302110502,0.8320660626225838,3.653509071160979,6.911019143531943
-3.511599272722107,-3.372062049942388,-0.2138696548605629,-3.195787146847646,0.0805122253753829,-7.169792251821267,0.531736064045278,-3.376175700599377,-3.690485982288608,-3.935001827247225,-2.3558458027393074,-3.908128630124751,0.5666983738498175,2.710285943366994
0.927426018016521,-0.8101339318212046,-0.1261938728439249,-2.111278927658443,-1.79639463554264,-7.550721399681411,2.310403750251864,-1.7731619781159065,-3.362344381740592,-0.2000326340825822,-4.894469061117858,-5.461559128927162,0.6654939799419273,1.684587550123689
9.815068130779448,3.922355678187541,0.526549644659065,-0.7050410531738027,-3.0953381521733743,-8.418651750509882,2.099926960294698,0.6455534162424659,-1.7253950901164314,3.906734806541572,-4.482963119665123,-3.648040377986882,3.6583384539089288,3.9188611236946382
11.189894102761375,4.04123018991798,0.6713519241281531,-1.0816199968472322,-3.974034604366624,-8.733505497181003,-1.2393020837744722,1.1034682296351814,-0.5414815205297749,5.883014084618656,-3.8984456529917058,-0.7289129344670044,6.966973187314496,7.0357000298858114
3.778419110052746,-1.5278741965313978,-0.392290383463024,-3.4240452839059223,-4.922795277167802,-9.013502599983518,-6.087172075893145,-1.5085018549364424,-0.882460469571754,4.724200135544972,-5.350470813969332,0.3907391883622733,7.599317417802585,7.982298017203378
-2.727037525179769,-4.67234763211673,-2.35101411579762,-5.878976947836643,-6.26463580042798,-9.298666816719956,-9.309370154387404,-5.74893547698132,-2.680759244119244,1.294342163467098,-8.65235258540867,-1.5559513394742748,4.473997607138356,5.257354739149156
-11.265065574193512,-6.968535399348417,-4.078350846428833,-6.332181364864413,-7.642767265590878,-9.569817238330243,-8.786209526879809,-8.889193750901473,-5.068376311805963,-2.5119332123122504,-11.665855660268782,-5.2560132177105885,-0.80217911824084,-0.1561117488710053
-15.267391020930711,-8.13821900718215,-4.584917716937813,-4.431656912462561,-8.122521551242892,-9.48229384016798,-5.085592244054851,-9.086516422503893,-6.9841826240696,-5.0091124990963,-12.435120786230184,-7.985197037190698,-5.3325191977189945,-5.747530056855162
-13.071509197237804,-6.82372644445292,-3.8905244346582712,-2.0153710191888976,-7.023331514921416,-9.024755004640651,-0.9817507640665396,-6.59620765518526,-7.633750785119453,-5.476250072664374,-10.961144588958064,-7.926165649264391,-7.200143509718711,-9.404646612340912
-13.458237070482292,-8.244600953434398,-2.995545978642614,-1.5921691687582502,-4.795468710103034,-6.699290285905037,0.6389513174887433,-3.215521078224839,-6.745742849092061,-4.150951048918351,-9.04249576021705,-5.664920279091433,-6.635652350847437,-10.741019648304572
-14.674444055041077,-12.158179002105625,-2.948591419756948,-4.2485344726939225,-3.0009012710536034,-2.247608429912259,-1.2459391945329197,-0.7416241702042932,-4.672377356401192,-1.8048191568446263,-8.469938839303033,-3.545054699321863,-5.271265761760205,-10.903250793220128
-15.271729523039038,-12.800515715259303,-3.875515002159144,-8.732777874519574,-3.154376773766881,-0.5002204771338172,-5.335111563667152,0.1452613245627638,-2.2480940006028405,0.6396415852957951,-9.34527461884791,-3.4430458491688505,-4.469484866750342,-11.24477113165933
-16.489750409229067,-10.842778397971625,-4.892224284968364,-12.33313210831522,-5.304218246579225,-1.3859878215379615,-9.12398659366304,-0.1437594118570615,-0.3442767599524039,2.3119812915623044,-10.095561387975303,-5.019402146512245,-4.4019873312869535,-12.113730039772967
-14.052027063394767,-7.039346220950079,-4.98795819349731,-12.71927016724407,-7.688817190863684,-2.8069453773584296,-10.569159438266126,-0.8784262281919553,0.6350759775949442,2.572464116919001,-9.134440284556504,-6.143007249692921,-4.566101977408447,-12.758382460575536
-7.738130743626788,-0.2213512469973302,-4.043941201441943,-9.392189529992606,-7.997142597563315,-5.8507880127708365,-9.151662138924458,-1.668635812545677,0.8608241286050813,1.2702431883300136,-6.593596100220079,-5.15410821182704,-4.885871392137158,-12.288843588731904
-4.73297896388134,1.8231592911870524,-3.0171398683948034,-3.931972924104372,-5.303049956441299,-6.099720693945073,-5.868796460619514,-2.5570635251066527,0.6326127810811997,-1.0883272939003632,-4.47184881666918,-2.785088162930545,-6.048004511119011,-10.709719852173745
-4.506873117803012,-1.2834606809720452,-3.090493240920093,0.9043025161521144,-0.986409182780907,-3.1271159287355195,-2.420070892388008,-3.720141081957309,-0.1657146165380894,-3.5404604094392447,-4.974496073762442,-1.7489872043440189,-8.698512309307262,-9.045408784367634
-5.6229670698576975,-4.018401442186659,-4.539701739231152,2.661976679036325,2.273379369524722,-1.5445873450179308,-0.1714599338545035,-5.168103053826812,-2.026297933730305,-5.246197666449923,-8.473281570122815,-4.209801227477886,-12.449265992327234,-8.46720301928347
-9.638180773332325,-8.161188827470733,-6.3420264060078,0.5336929825414671,2.650974087954939,-0.3932978907111217,0.5633474307462336,-6.626316901597285,-5.06887409806901,-6.037702051731291,-12.92885514763736,-9.495884819080583,-15.87574339163844,-9.2583035559963
-10.764073708526311,-9.4712055440287,-6.922467722394021,-4.111828322474338,0.6232774246367008,-0.2095608448554098,0.572835507104557,-7.578983139910086,-8.311353681999602,-6.439516288934208,-15.382289863707108,-14.348121985574082,-17.617149774288528,-10.584312847478976
-8.865056061623047,-6.993804151770795,-5.454326698176796,-8.440474922252783,-1.5498328744896774,-1.7767418202900298,1.0560308224143995,-7.474427703384443,-9.88587947864879,-7.0920327696613015,-14.293607762482218,-15.644464902970135,-17.49005764279378,-11.272908756042424
-7.032606086435306,-5.14391601712757,-2.6335411711877086,-9.862672342643332,-1.827607061293332,-1.9695448681457304,2.55840595749968,-6.104659554571668,-8.304954774489257,-8.102061843762556,-10.712360575171587,-13.127809811477746,-16.48438058462265,-10.872367647050371
-3.954200957900234,-2.72287646522754,-0.2416578181682922,-7.690903939608507,-0.0802108490540227,-1.0195134214432218,4.307666137266452,-3.954582524864904,-3.768098721536287,-8.949855723242138,-7.2534731601252815,-9.565433351953754,-15.64607303028592,-10.000135411196824
-2.045600305179729,0.0007358205467848,0.2077429705342552,-3.498233652711356,1.9983010100251877,-1.4539914918315346,4.624841402322765,-2.0967671706264426,1.745555467356688,-9.024568840170424,-5.776399069105239,-8.157086001550496,-14.967845633063805,-9.63158404066484
-1.6685371737943768,2.4873997992277896,-1.3288981088585068,0.1908570858085951,2.578857253936917,-2.823832766589467,2.284701748037129,-1.4501551393590226,5.850648874887604,-8.186513686544522,-5.815277523542186,-9.606738321711962,-13.38228331449167,-9.94957132790459
0.0263773393792275,5.570790914814296,-3.364429853438708,1.8517221596466733,1.373551747379654,-4.825814100049428,-2.249149587019179,-1.91085750684028,7.484189485562325,-6.7421778990684444,-5.132096755712951,-11.572377028448573,-9.864413010851372,-9.83740636225916
2.5083136159773702,9.008753114853173,-4.049627576147032,1.9025283483547568,-0.2390830746816092,-7.892727386225052,-6.90719502217955,-2.274786831595744,7.485095327308187,-4.924714077722555,-1.8675613844002756,-10.93392284650722,-4.6076661436949,-7.627463915171258
4.910177171816159,10.176214031041573,-2.646029588113357,1.8613521691445776,-0.6803987601840618,-8.070330912792937,-9.533243726971072,-1.3131539777409174,7.529342218225121,-2.601435674185428,3.653641666153405,-6.692319596073372,0.8075961809868346,-2.648553535812205
7.623251742429942,8.874085705203829,-0.1006505219798441,2.602458671046996,0.2303185930086684,-5.092657936353359,-9.568134820268993,0.838854502907445,8.417169230353096,0.3126859452499886,9.07372626238735,-0.8424316224835131,4.424849334410055,3.698183124315413
8.662436406292258,6.740522936886521,1.759385502708028,3.4547520608811872,1.1026309311187426,-2.8082436900761074,-8.33536111582152,2.4175446453195484,9.281284674166322,3.1642870827453717,11.94770822512853,3.416589360670283,5.280156336757912,8.429979126286835
7.778721426961296,3.0825069549765525,1.7499556796607152,3.040799325612511,0.398737414931464,-0.3713466976123068,-7.626516461246478,1.4446989639308685,8.414326730659742,4.5327011797088375,11.721971362915006,4.318940310868364,4.038970072709308,8.959623786577136
7.478029987755453,1.2911082023614673,0.2995801914897313,0.989988396076278,-1.9272953487412217,1.0949779923261145,-7.942055950372598,-2.309766495888105,4.943572248589071,3.21800757284678,9.977609272260684,2.65204988449052,2.4123020307576084,5.157115322919655
7.336992928411231,1.770853184820935,-0.9416459011274688,-1.2713745561857337,-4.178836039371802,0.8893011680970075,-8.107317994331929,-6.709629953978055,-0.1388284597720321,-0.539041431616269,8.7631031393182,0.6573679250559792,1.8209473363575055,-0.2223271618013669
7.972898462163105,2.4554258602577783,-0.5093045627151263,-1.5760854565535285,-4.338483468227306,2.174108863145113,-6.607920533182465,-8.746631278305813,-4.467865653577622,-4.821843344338912,8.598852949259886,0.063588644110176,2.3789265829075568,-3.3181510399392278
9.899870566842774,4.282966779752355,1.6557846058227348,0.9994100240576778,-1.8592036957604563,4.598495089708571,-3.252148162774006,-6.902374934934183,-5.9006855973219245,-7.189749736791878,8.052572240450157,1.0832002132916614,3.039926753214228,-1.9183756716991416
10.217666870774575,4.693903602730069,4.200217830400543,5.112363841511467,1.8131561706204096,5.885057632884691,0.5464743329931103,-2.263483444417311,-3.960137268780265,-6.334968917449983,5.330755438752576,2.931215764358392,2.7994195750295265,2.980995381751354
9.074802631994482,3.398348350688285,5.53340604180169,8.105917827984396,4.414520084531956,6.454802942040287,3.1360905716227148,2.533247296119203,-0.0984908011591034,-2.8944858715173005,0.3953103023501079,4.926529508456147,1.8794852593262927,8.104090013273211
7.687859351982368,2.393206730849482,5.141964744777681,8.093954401332212,4.6240073718228665,7.473441032171369,4.224620470670207,5.4161148543754525,3.305956528205092,1.1645881013084018,-4.49664028087323,6.9745626386928965,1.7222970492100664,10.54923777958136
5.476213653032044,1.043282427811233,3.916815172757829,5.323920972898717,2.8854250174102054,8.64558480365227,5.077694237600489,6.116631368564452,4.444354284002494,3.961954900179803,-6.553273055257852,9.17216548427163,3.627966671100349,9.941219377796804
4.1379448279634925,0.4521976492044039,3.2655895865923403,1.72777796772964,0.7490098155688418,8.905129988512005,7.113904557917178,5.681018228235715,3.06003110045912,4.764398007737359,-5.046636248489612,11.220424656159327,7.213672015046358,8.310203693589024
3.865059303140913,0.9185437929727364,3.84725183860499,-0.7441165980549016,-0.4858027528153301,8.320494339514006,10.280149969768605,5.126523142048084,0.3358648435536757,4.016418194041867,-2.3320583838718,12.360600029082724,10.247295459069033,7.929799862951231
2.721782687389725,-0.4672090703412908,5.048586667769506,-1.4668542077380242,-0.6176952628631227,5.7500310626653,12.783943435139282,4.686914269653393,-2.1412668549923684,2.595131732565777,-2.1435762982438025,11.880408538560358,10.28147511055493,9.120432944574963
1.068372750366513,-3.5536398838471035,5.613253484640501,-1.1797953342872831,-0.3572992766199827,0.8023685705950778,12.468390497711946,4.152023255410136,-3.536475596330426,1.0851189050596703,-6.449668060448258,9.715350572025413,6.803676398203368,9.993942756468012
0.8129928578009749,-4.665422924952202,4.808478736338694,-1.015070508393051,-0.5330615487240529,-1.519238364843177,8.638851404999112,3.575016405883575,-4.153385745538504,-0.328249535851655,-13.536539025284323,6.703045452608912,1.960979091036691,8.346119853963897
1.8229118228646544,-4.140963968734424,3.094234040875036,-1.5148466223566377,-1.4499275432738887,-1.2403629110904677,2.8030636116207,3.417212765637431,-4.769212420300068,-1.4199177668544412,-19.026580571051856,4.352297895769943,-0.9283906888452584,3.989170483606034
2.4412101981015155,-1.9842784197887104,1.754574559116143,-2.3174597760149425,-2.7873265239750804,-0.6274349840626212,-2.26574950462026,4.025496384731397,-5.563594624318699,-1.5599943401098813,-19.073308621387284,4.180676627819494,0.1089450008193653,-0.579856794415015
2.9738988065077647,2.6499760084898933,1.8566677349368448,-2.498213055385964,-3.897756429623443,1.4582610006914682,-4.399489722756191,5.12625330310407,-5.733424750751681,0.0119484843017145,-13.178829019526349,6.807843714650303,4.288782195546258,-1.8626057137963667
1.6678613670230036,2.9678346514918745,3.415306426410556,-1.221878951895917,-4.184950918184356,2.3906771975222787,-3.4296852050857574,5.9384313463806,-4.296825330707407,3.368950066457508,-4.467628711599911,11.261187100178184,8.90325566530519,1.898986221598847
-1.954086579930948,-1.2645827512045245,5.393963775697472,1.586071325801754,-3.374367310887351,1.911514077759099,-1.1021200765956536,5.797047072872271,-1.3656378858849578,7.32536476747854,2.6364498473640694,15.15883934970378,11.554593862974826,9.114464090616243
-3.1133599767851234,-3.4016632837233822,6.462398068862619,4.844406400902159,-1.6405325715841954,1.3235193705353725,0.3941555630051887,4.683157762373398,1.4958279461891628,9.901638910749227,5.404985713398183,16.062176931131823,11.814772970025174,15.684429719726047
-2.068331341102643,-4.7611745985034615,5.884257839377348,6.606909034188625,0.4338966099423302,-0.0713735762572679,0.1707469811245658,3.230721447254368,2.463442735490037,9.739097180351584,4.25745925369608,13.28907556500453,11.032380137871794,17.709786650680655
-2.874527636898362,-5.216016788969365,3.90602671429275,5.20963099713688,2.104338053226904,0.1163413320540669,-0.6842241183828364,2.3032441404582933,1.2406639373344177,7.355422276418871,1.87419811321638,8.709285042606169,10.754393350389606,14.081494580461769
-4.777180995129616,-3.649773061678222,1.4643327651924452,0.680622117968376,2.842791694463216,2.088334731912941,-0.067274360566671,2.5194455447058672,-0.3539474814678982,5.013731481782941,0.9659411019817056,5.52645544202673,11.346640301709192,7.089624100434811
-9.324766278681995,-7.317660143250413,-0.487435140001331,-4.7937956784926,2.62346583402892,6.112456006891291,3.2513475072392737,3.982310744586656,0.1557918820266479,5.060235263990023,2.4751523262666524,5.726759969784084,11.95350482129748,0.6945490230752611
-17.39661661273982,-16.35467495074366,-1.5452802466519344,-8.094307077729695,1.8877962051697068,12.970002619815078,8.329811946558976,6.216030353086296,3.541046355891893,7.972726790121186,5.343867344618872,8.283632317724532,11.537363390964494,-2.1997203469808824
-17.753826588364053,-17.54866930915672,-1.9880090255380551,-7.387320492115563,1.1910838460074515,15.102116526761986,12.47533699986908,8.258134518956822,7.798819826968966,11.7553358870762,7.656813005041236,9.827796204524295,9.80742437151092,-1.492618351103566
-10.141064029190314,-11.602131555862432,-2.468750969599128,-3.5255848127310827,0.8146857457463881,12.260824628915255,13.136829736948194,8.961391911689205,9.539910348326451,13.285231822398984,8.06247825025654,7.406392996454144,7.199985584042373,0.4949986551567136
-2.1284087306253285,-2.2633611416194244,-3.494674720894828,0.6821456723571231,0.6824596553218711,7.708865651586048,9.792415356337912,7.552836109777829,6.754173581864997,10.632603781871175,6.467853990623894,1.020090377768966,4.193905849181419,1.0746389500671825
8.765273763641996,13.384080011216598,-5.003479151439308,2.788817569938594,0.6457440718810972,-0.4454486832322335,4.344324608486119,4.2390494725161005,0.5669154324691732,4.579619874030804,3.7902121338832586,-6.262675355743888,0.9089811443065584,-0.7222527902559435
12.798890259289742,18.71627591048681,-6.283308326680462,2.595823735025178,0.8257454608775063,-3.554573639355375,-0.2372460333644994,0.3815056987103702,-5.514790701282479,-1.8182328487586048,1.2488734732043554,-10.68138538150614,-2.5229131732962458,-3.573480492499314
8.27140397354709,12.600847959876692,-6.330519559154013,1.9752843181826307,1.6084627318551554,-0.902737185239646,-1.8935125198196872,-2.118448519233304,-8.15752595956684,-5.304981980132659,-0.2253745709229377,-10.55193013132417,-5.348370445194973,-5.128261081502252
8.13503846506986,10.01394892539623,-4.50568377434621,2.913962912257091,3.2283108302320613,1.490951882125013,-0.5885467097027544,-2.0048127796795896,-6.401156595692491,-4.611848460706,-0.24984005443563,-7.144796079832986,-6.291224839181297,-3.9959666630518527
10.132290310854902,7.318497655589867,-1.1014935802604668,5.660965516631094,5.357632306974374,5.755820584614147,2.081584605736161,0.3986221797449616,-1.8796033874201608,-1.1755909832732598,0.9848533685988344,-3.2258517831963616,-4.573199168163264,-0.8312278861511118
11.343975781168998,7.557224676315358,2.635013794919317,8.63424375117988,7.208436751298642,6.843226703110608,4.222120827035106,3.317424068556626,2.749976130195748,2.1098990699794484,2.840007980320649,-0.8162327630499959,-0.9304099059408344,2.326366679691148
13.739990647479068,13.121222770664438,5.191653893694777,10.004481390970334,8.16685983128422,3.791079830150438,4.832809972002508,4.756179019059751,5.641743657804341,3.136601962028699,4.542550352199932,-0.0847202298454945,2.5597236242626806,3.828423356708442
12.234123327165284,13.1329333531857,5.796552524803673,9.352911715588183,8.360562649112367,0.841327703500631,4.159094219569717,3.916098032800484,6.504502917623668,2.064789659718187,5.626275591133876,0.0581380253250571,3.9613567505717526,3.7360072783811935
6.502975314090669,8.523328429339427,4.95889219520835,7.8840536062971935,8.49996277067833,-3.4374951288514626,3.220942886888295,1.655166873437203,6.088472538187737,0.8609317703489552,6.183893201888566,0.6126803929523348,3.004706585324108,3.5147542969093597
3.686094424446892,6.109714921348687,4.012451841354313,7.132923397917423,9.01685858697136,-5.746319179043386,2.9796036844271327,-0.3709878182280235,5.218364202612932,1.2980369192341925,6.604279588804168,1.6636016650913843,1.1610925525029856,4.400405513307398
2.996655635651247,4.181046688000415,3.945871055580646,7.473325284527817,9.322202599900926,-5.415369457361374,3.637806933248271,-1.1184464679420645,4.212498525929611,3.1745109198913326,6.909219110781216,2.508868941417852,0.0998296283724329,5.966386250639367
0.1633673310231115,2.390309636210446,4.508655789268865,7.789912583422456,8.05031364707667,-4.937318375196441,4.428957392654482,-0.9043026465808026,2.926840782352862,4.385094870530367,6.323718528758668,2.2799057146905355,-0.0229619130108318,6.2919569762697805
-3.71272539647806,1.6826035200202412,4.4467146571964165,6.521533952689559,4.28528926295494,-3.326427466542157,4.056600314460901,-0.935328933281994,1.145923716111824,2.857436185871471,3.680605710860213,0.4495199228646171,-0.7457638114126937,3.678835161529534
-6.120166156624308,-0.252275148697249,2.740348014170735,3.0782208800231388,-1.2522353853153234,-3.1377020167212946,1.6096715223133629,-2.153175557300393,-1.054348062776164,-1.3777206726974711,-1.4579092152345297,-2.942597352543366,-3.713240595787269,-1.605687301129393
-7.407781650175555,-3.2892249353051293,-0.2554880670161452,-1.578807762791726,-6.227732032687669,-4.740905137329087,-2.63077556946088,-4.455455962798574,-3.1893006822965333,-5.941461124309534,-7.884604511368501,-7.210180816442161,-8.823940989637777,-7.185521791972448
-5.023916835900024,-3.973200259614669,-2.875065719947401,-5.585470309334511,-8.143107717228276,-5.723087722333318,-7.17472850787928,-6.892709738115023,-4.560808762771096,-8.04145134684967,-13.011356375043064,-11.07602317368518,-13.910828424730692,-10.25837879064018
1.850829559093264,-2.482299987556766,-3.46126194526898,-7.426373600391429,-6.1840551556829695,-6.718705901315118,-10.258631827410149,-8.525259225813521,-4.702661979065965,-6.910539701990679,-14.393247968734556,-13.05718029788288,-16.30364448972394,-9.69717235837535
4.557400060542451,-1.4458538642727448,-1.8115093782278533,-6.809448957521084,-1.985930141738173,-6.302967525007688,-11.059545891608312,-9.117191720679012,-3.817419591951808,-4.514818551345211,-11.448300821288658,-12.218170911495044,-14.871745478994306,-6.80078340531578
3.3721305244993696,-0.2603699405368368,0.5653752653087736,-4.641961396993271,1.387048922169324,-4.030676680616429,-10.166381881345217,-9.114701189189994,-2.8095141631320963,-3.800781723296343,-5.960827584373735,-8.882459379827665,-10.775157465160351,-4.135415585254869
0.6730466303857562,-0.4530605454911767,1.6647911383327385,-2.320396533176769,1.5742530431510708,-3.207432843020656,-8.891554426128437,-9.038559489223204,-2.700893896507065,-5.996347471904446,-0.8213652372009967,-4.66907262607284,-6.417329321635158,-3.540147420705406
-5.530686234893567,-2.583271164677447,0.6332677005401557,-0.9342174749337744,-1.411992508123042,-3.548771759048613,-8.079080457658296,-8.890488909902782,-3.745987557268109,-9.40829649784201,2.090825566490178,-1.6010062547039006,-3.680511088460026,-4.960706291301236
-8.244520590280478,-3.517117307879286,-1.5923384839501544,-0.8433347995517622,-5.2588338161796,-4.162634038024016,-7.539596208721106,-8.100826169602326,-5.005470172424028,-10.868127299542936,3.166831086801245,-0.7955974942225517,-2.950450206076667,-6.8997382623478245
-7.20362833640673,-3.652018701987178,-3.1870372775735394,-1.7063997225133978,-7.155695640404915,-5.702479208545769,-6.5933032076420375,-6.072890934550571,-4.934644292127544,-8.590885723811349,4.378202450409543,-1.7259058283894984,-3.479838290243622,-7.84861840959811
-6.330216176312675,-3.191910128620227,-3.0388534519036874,-2.782636860953854,-5.979413910675529,-4.691343460763336,-5.058526318643496,-2.8833429841859406,-2.683206134240857,-3.88764456278272,7.187397996315955,-2.710006635208366,-4.38712726231188,-7.384312393123881
-4.004923689288342,-1.5303819755997692,-1.6182928390836544,-3.311570388479554,-3.1657132513527664,-0.8805091914758085,-3.575299779939732,0.4679945055852688,0.983398373904139,-0.1518391717507032,10.89428562277628,-2.312432219961055,-5.2373799427860686,-6.146149813990589
-3.14339442655718,-1.635603538296452,-0.4092749902986892,-2.8610058877573348,-1.5389112643542733,1.1090172249546943,-2.889036858462431,2.5696820910843847,4.090129424292208,0.0236087794308588,12.97893432176597,-0.526716621144173,-5.857527402940855,-4.993960811393322
-4.211085573278593,-3.542770560562763,-0.5270967978596852,-1.5623936787324508,-2.97811569871488,1.889488354025621,-2.8799998943699614,2.5835434316406194,5.00756052861842,-2.943397228537353,11.270519215495373,1.2725061777510307,-5.921340533078282,-4.264242157761846
-4.110669862287014,-5.547232314937594,-1.8277842095651649,-0.1169754827458713,-6.775154107130005,1.2549468748847816,-2.469101062265392,0.9547822430304724,3.842372193408401,-6.017405722431048,6.068166071474699,1.5709801082003407,-4.976503429367025,-3.739104473512761
-3.532834119111503,-8.298975277684095,-3.243031486385639,0.5298098048941533,-10.041787532303884,-1.7524581063528857,-0.6452827078898759,-0.8005409053531792,2.360469258795748,-6.127958495359041,0.2395314042471374,0.0350631454727988,-2.935101236023873,-3.1624651737429974
-2.838513559064978,-8.207578825674753,-3.865481483585261,-0.2093456963475519,-9.882623907455764,-1.4337749135293625,2.3678712095539973,-1.183304458545158,2.4270749605724413,-2.621599670649416,-2.958367573889014,-2.2848054881874664,-0.4054443615860903,-2.6571782490898976
-1.6106627922232588,-4.797247484665486,-3.669835175024048,-2.0021527106464614,-5.601463755434772,2.2216482243249303,5.064016320614409,0.1474759535088194,4.349045788267811,2.4771179875543545,-2.5369546170735795,-4.005470994514511,1.6441636131372248,-2.602116518050324
-0.7189365626092087,-1.1352848291498838,-3.257164354161386,-3.544871140215794,0.816393278977829,5.122744348362817,5.931643163001369,2.1414598137246257,6.633438313523707,6.376271133513115,-0.5914744034476591,-4.655456718042279,2.6512482743506287,-3.1354329290854563
-0.1480939547124389,3.712007751338636,-3.0602924200042665,-3.2860875450785425,6.264757979850644,8.410325392173998,4.891527231649391,3.268310440707672,7.350621259875755,7.698078118342093,-0.4994841789218807,-4.898396445955168,2.8784515618752247,-3.842422252592234
-0.0528746036323996,5.89576288349166,-2.931134992942802,-0.6155700251367566,8.76114325064065,8.202346891804277,3.4384999813902954,2.7978486266591585,5.7873118828622605,7.0556680549469695,-4.0027097189763285,-5.594667249918757,3.0269644545802024,-4.00044368447112
-0.6654724728933258,4.7131158533048,-2.5026228136233293,3.3444334960088096,8.545075231083105,3.6018494032294104,3.214482738853585,1.311424756811153,2.8727478443206014,5.859286866154713,-9.657709755073418,-6.760472637839426,3.445108234398745,-3.1866720882595363
-1.9407073185903008,4.29310830629921,-1.823844430306682,6.160088365117293,7.293985802220282,0.8785246643087607,4.304204283810794,-0.002704695555213,0.1255932604048197,4.800228411206605,-13.969964088127751,-7.559583239361505,3.7843142666420846,-1.677311494372045
-4.049096361431163,3.622318457276377,-1.4921888525017462,5.68134579112402,6.366966989947155,-0.8711941927099661,4.930736355933558,-0.5632129443374367,-1.714443278087067,3.48551221090462,-14.231226756831044,-7.323690612010999,3.4596554947767064,-0.2554877931806096
-5.1794724690889975,2.876770932568163,-2.1000623310257183,1.7065668351451606,5.71596366049107,-1.853989021273858,2.976848212405617,-0.9065715538676892,-3.0377206549510483,1.328241732969648,-10.663221567054649,-6.452780771702798,2.362684026111019,0.3827291344006411
-5.240658360669829,2.6234328280526604,-3.577794617366525,-3.669304699952925,4.334844209464791,-0.8876034187801303,-1.9796050940474608,-1.9664633384307564,-4.519573792040479,-1.4479351601865176,-6.108286692580297,-6.137707675242456,0.9954643943543536,0.0608658645134738
-5.220458626314713,0.6073592383874422,-5.1258751766067725,-7.453640411023695,1.633467455933495,-2.3142944732779505,-7.977204190870321,-3.854080280583954,-6.113917994938895,-3.775773734625332,-3.5976837669542725,-7.107755002719369,-0.1085015456673126,-0.9573717825628024
-4.667933055283256,-3.077395784328733,-5.81819002826035,-7.859471751578749,-1.676379671628066,-6.006324431116867,-12.004843167252863,-5.448477046363312,-6.974186713241622,-4.6474944663574895,-3.861364634825904,-8.700688555364938,-0.9400899829818848,-2.3461541768175103
-4.088488965424849,-4.407683366287359,-5.310176735455602,-5.425830308315071,-4.027761624298691,-7.1067492390136096,-12.233165798124736,-5.353835342720679,-6.343360538279697,-3.987460926908305,-4.801571511891272,-9.292504196682705,-1.8187465063089971,-3.88347584192374
-3.5500802039985326,-3.5227150997716765,-4.0427416323995295,-2.308818240324751,-4.309291489148574,-6.207424925110921,-9.278357750921153,-3.3712849501795468,-4.456627785851758,-2.663317203471255,-3.280393781309872,-7.745468491939096,-2.645367390144937,-5.208203431102621
-1.825142876502096,-1.5263613972697756,-2.8394449583207155,-0.4790140109631835,-2.79223626681306,-4.796127478052632,-5.556152909988416,-0.982599149029241,-2.5351011789297075,-1.7259656225131472,2.2686072411188363,-4.467563492654087,-2.573130752327604,-5.553312075763753
1.052779219949251,2.522124726708284,-2.2948480072073707,-0.4091888808563944,-0.8707289561641041,-1.99415862092926,-3.4102858339013444,-0.1955032490310841,-1.873385418990896,-1.6622279076455122,10.43187443886012,-1.0411946452978391,-0.6963179345022361,-4.005690645498792
3.195327668433346,4.186375621161829,-2.4193716080968315,-1.214237658072534,0.0527841308713021,-1.3546959375835137,-3.5599616357035444,-1.7104160043525916,-2.862700659851569,-2.277004039910661,17.60109201875477,1.1954000033880805,2.8267507823763083,-0.3201054286854301
4.7304946054188,3.229989106157711,-2.7143960706970915,-1.8123809006240383,-0.4842603929335851,-3.1872195559311574,-4.91983356756554,-4.151294376350137,-4.770830359357959,-3.1044589846145385,20.28814734669107,2.209942483942676,6.458333345244576,4.40788539554325
4.480190418666596,1.541713260877249,-2.5365334902770265,-1.8777971755681904,-1.913755721603412,-3.255935042622326,-5.663512673616456,-5.202217506864034,-6.365892345269298,-3.794994659971504,17.30838801330988,2.998247518696868,8.315060454846154,8.029358036712583
1.8644785791317284,-2.0210394037204966,-1.4883948830410991,-1.8030617066972816,-3.2335792214804364,-2.25843517531205,-4.585319606610462,-3.693715576403825,-6.781720335164252,-4.143837859587656,10.408891714872208,4.368969035656015,7.695931819177279,8.673942503988052
1.163841823071604,-3.042187275850531,0.3748678461030472,-1.959134873334808,-3.651136452300051,-1.5391364403326222,-1.8411210887228544,-0.7107356155073994,-5.956851213663118,-3.952952379758607,3.0434607531904803,6.096228048155215,5.6504834552620125,6.206475304321902
2.1632758159283028,-1.1994678348991317,2.6065583113296604,-2.1273970555997685,-2.87514335036342,-0.4593802867263477,1.272561832434132,1.360524805334581,-4.454429109162604,-3.0955283133927125,-1.8019621640282537,7.267523104502093,4.00971533880287,2.5713992940046104
5.579726729416765,1.5038130969651424,4.62803563814494,-1.6375562638307493,-1.1380478026633725,-0.5125390690779547,3.236358660132346,1.0226578085705569,-2.964303948943129,-1.7927106873818417,-3.2647531700902164,7.365933630157325,3.7865848482335664,0.5514810572264643
12.539372908379905,6.232440700776656,6.007647718279333,0.001880245075629,0.8593988738107718,-1.8975944814411008,3.3188327645223303,-0.911011571122323,-1.9039318435492485,-0.7028162525670929,-2.65769938458072,6.901531363156458,4.429345600440051,1.7665344564848129
14.357960374535203,7.40028050933051,6.590899582793853,2.57932802715342,2.1353645610428416,-2.310996267742636,2.060573052147852,-1.9905846386956083,-1.2987730544977405,-0.5152042887546386,-1.9737041836720763,6.952186099263809,4.5376746205573575,5.4658446197269015
10.975284588963184,4.549083964349135,6.456383462180472,5.154681409903219,1.8945612928517723,-2.0189865904002,0.9100547555338814,-0.3095015313197251,-0.8682889040761346,-1.2968200617560512,-2.071857412411255,8.128474973290345,3.2537477926724385,9.128231234789991
5.9283281892058985,1.4390958965426397,5.804841271016613,6.505270268055973,0.1101793887533233,-1.9195626163406083,1.2143382360207011,3.778906849794112,-0.1927422367925793,-2.227501549252864,-2.056279330591405,10.010898915097346,1.0113573457651874,10.430276326744591
-2.839352137703576,-3.3186360624238334,4.887820376501296,5.780017604849743,-2.285261082559529,-1.6194681932470427,3.237852559486754,7.952063551752087,1.0797663122458232,-2.085462076462548,-0.3670272957766336,11.55091297798632,-0.9180121785707342,8.981319200752582
-4.90840647024116,-4.907582388711236,3.975696767562919,3.065403693380258,-3.9326419900025336,-1.3655919631395292,5.929227348216962,9.935883463015486,3.01188339597787,-0.1391673035033136,3.44217378450994,11.976157059212278,-1.4715188314629195,6.412949590646489
0.6109738917003819,-2.589581366944478,3.311408731714696,-0.4423721822606676,-3.9886065715599663,-1.2234063851083945,7.655860710557782,9.424071873351703,5.2613935813899015,3.30452049931786,7.955126518721318,11.379526580956258,-0.4190290626775983,4.852713943813395
5.00725730679611,-0.9557612307890426,3.050209771351172,-2.927759482027016,-2.712034657489781,-0.4805189892288193,7.398493423061025,8.192019681652939,7.221206620121388,7.118997198187824,10.948390906548171,10.606426103928415,1.810107041127964,5.217037948143394
10.721724326702674,1.2305829332112033,3.236890345872924,-3.0603306115769726,-1.207289114352733,0.8478361668771052,5.513779358891657,8.337823670797098,8.378731802814128,10.060696344918965,11.261210444644927,10.668736461725253,4.599618646717207,6.801812278481478
10.775701219096476,0.4372022196874836,3.817056482204866,-1.0904021519116025,-0.5898347201495415,1.466627103854308,3.460139118301589,10.25034113959623,8.603694292419226,11.327684242656112,9.647970636334168,12.102546746744183,7.268583319722573,8.29704638703828
3.438501139202588,-4.249086304647599,4.612216722796896,1.0072646486399606,-1.2989757328282376,1.4308478452015527,2.667834968763515,12.116840452258044,8.077784647579483,10.655383919357734,7.790589864948833,14.518940607087398,8.835344526656932,8.979091452740274
-2.041261249778702,-8.899685136952506,5.251667705619221,0.7872890259862686,-3.018994363238344,1.0305940313010309,3.421797974740304,11.405441709095893,6.935325972646579,8.1637450199304,6.523728547604772,16.508707816800065,8.037950574388143,8.849036060732248
-7.545541983015439,-14.565775147176646,5.203810251819439,-2.7339685292838425,-5.045851054710395,-0.0371715994622366,4.6586048881340725,7.046101844605516,5.04286550671256,4.310511696666253,5.12832919019133,16.127130482690916,4.039594924995595,7.824838780618936
-10.492670787408125,-15.93285772557898,4.045811798091549,-8.016014593042573,-6.643840550207125,0.0601516087492122,4.871923304311536,0.4793990981741824,2.251335059367155,-0.0322481177674465,2.411677931375664,12.0084386394212,-2.5997211242677,5.232922464041797
-9.173451938687256,-11.992536698754986,1.854621894831592,-11.881220295829332,-7.189755121133026,1.4223336790741203,3.40039587843028,-5.252478221486754,-1.0826630320389077,-3.684251220638039,-1.602507964497466,4.568058347919468,-9.674858176976429,0.4745657046744362
-9.756585840430107,-7.888699276436481,-0.6498318952937954,-11.829271857357194,-6.276626425704424,2.5199272482276065,1.0160921372584184,-7.5851080935937825,-3.917737289459486,-5.617606359678952,-5.217505800181865,-3.715589223392525,-14.36527414910872,-5.744686570043651
-11.264019124457304,-2.132078132529918,-2.4615690809724127,-7.908535118140838,-3.938201257151928,3.752942370702065,-0.6920859456214181,-6.051963689785051,-5.058048503261856,-5.49871766342044,-6.423984919195522,-9.52400063410739,-14.95985314205658,-11.127167549294736
-9.94985411031796,1.0622033631734853,-2.9349801392873376,-2.5314313329420948,-0.8148828663808239,4.655891967659567,-0.5943938597860825,-2.3399680319215097,-4.034174183951856,-3.8316222814476735,-4.783933074145014,-10.771263071939496,-11.94693886276993,-13.1329491519704
-6.523853554864398,0.7119694429455599,-2.1727816894181435,1.6028216088016531,2.0728860505653626,4.984221037954836,1.1661873740940658,1.030381599443787,-1.5324777404720331,-1.5428653712152656,-1.9821731939984888,-7.9412654242510685,-7.566923222879144,-10.93793681261
-1.4829099786616908,2.108963005771689,-0.8063701063962547,3.6165020713948,3.9478235560187978,6.671065572242053,3.478087318185102,2.280517806452593,1.06424814063562,0.6203297567729735,-0.4748042475656455,-3.558016087000359,-4.189368911731562,-6.188268323103786
5.813626414742148,4.122875705712004,0.598034272313209,4.734534854215525,4.806464867905642,9.663650129728614,5.278618434394488,1.1569438672447143,2.631138390723628,2.351067070464569,-1.4716670413754835,-0.2425773311154353,-2.8263497948254663,-1.786492862841829
8.720948512475246,5.4646498034232245,1.9180151657306024,6.612748889984766,5.325117880424926,10.59494774364104,6.2707781216100935,-1.3354718579350076,2.92531801105794,3.572670618675976,-4.042862159361675,0.9704477993083492,-2.877140902111999,0.2237112491264277
6.748335653709836,6.797348143552879,3.301234088302944,9.409122771439796,6.161740746222572,9.619735982349065,6.759271978745582,-3.7719838424345222,2.4508761152451077,4.140203750321114,-6.008884831507062,0.7467630128921137,-3.076523475080494,-0.1554670951929484
6.3379461442626805,6.817368245723959,4.700582347217743,11.476034114404932,7.296330735359457,7.443921916984991,6.994315334761496,-5.071798854098182,1.883243598892488,3.887197445158552,-5.672958598231645,0.2423751621101786,-2.658740508092013,-1.4521523298811818
6.0370438330986325,5.354816488535765,5.676787440813266,10.94825442480956,8.054859396039404,3.2807688865610496,6.862047337321005,-4.854627803961376,1.6601464000073514,2.970302411979457,-2.9162683556206237,-0.0470426759123778,-1.7739641044017125,-2.253953044693634
5.476727876290086,4.537367327791938,5.718759247736212,7.673486981494314,7.79442943830813,1.336972504869709,6.236362434956323,-3.4160123985528568,1.9540813216182256,2.0126557442557,0.9766603302435586,-0.3656814622743098,-1.0335458125854382,-2.211388326830563
5.576452384537708,4.151663059883665,4.759497013217924,3.6119052288185136,6.560884247580574,1.802125256776693,5.4528129605928495,-1.4714448693902469,2.755269459542852,1.6903064604417397,4.214732449055327,-0.9976862982062292,-0.8248552240636506,-1.8241228285718163
3.079989173889497,3.8000503875888,3.337632737309648,1.2825858994139088,5.058597722924612,1.2320963979992214,5.183666045337432,0.2189803919418356,3.812315255979629,2.061744546959651,5.250432764426699,-1.8122936016792028,-1.04908440304437,-1.5729785700753212
-1.9938247066968644,3.90941183574934,2.198470312175673,1.6571677376173293,3.977485778397881,0.5252858653562206,5.705222855793394,1.2283416764001411,4.593694168717542,2.3831005401592016,3.130198258370561,-2.529306053104877,-1.3465553506337722,-1.4123479045946077
-3.92613942008708,3.2998023071329348,1.6859964822541196,3.401497173604783,3.368513895952309,-0.4246591837383827,6.343454988077072,1.6408284453402744,4.589091515558874,1.7779143531166754,-2.2134418113352723,-3.1742697841146086,-1.399551225376376,-1.0247737689673675
-2.9894055420349424,1.9717836316336943,1.4881983006491746,4.114297988802796,2.6844943738375626,-2.074466986498838,5.821710957880744,1.8604795651795136,3.84572165359292,0.2157181373603709,-9.588129027999644,-4.005518658028588,-1.007327098178389,-0.3690812737817701
-2.0190454244757183,-0.0252659338902321,0.9605518440674948,2.4021462176496966,1.4098938098783158,-2.3792786136031774,3.3238546834017377,2.143670948147676,3.138866005482305,-1.2325565957347902,-16.58770209847998,-4.996087687949035,-0.0582940017759696,0.1598806285916909
0.1440494865349745,-2.9975591516373696,-0.2877287778571835,-1.0651034686886955,-0.3732478115425568,-1.3776313997369356,-0.7043023371368919,2.261279993727327,3.3450182026233617,-1.301037888192461,-20.60115069763554,-5.65893250226487,1.3242570800230915,0.1070872724482114
0.8697731806768224,-3.8323355810404665,-2.085035630628721,-4.357665840574125,-2.024935503326322,-0.8628111835386997,-4.79876462347106,1.6861805724745285,4.436839169489309,0.1633661877291032,-20.41421948355673,-5.63364086785173,2.527810066630491,-0.5953227405058996
-0.2600535278835176,-2.3699493299349075,-3.914208763739797,-6.056039896430175,-2.904902032056213,-0.4883278235828528,-7.55387314795201,0.2366330555739484,5.146848491529095,1.8131790098560927,-17.1087510264149,-5.405570773694923,2.530041611951712,-1.6051141660434975
-0.7677012621995181,-1.711692835397966,-5.390730880379201,-6.285466090385885,-2.885852751682677,-0.1261743609667791,-8.553955162514672,-1.4343228733922162,3.897973161334101,1.870340271384367,-13.262563851165591,-6.128620545482263,0.584894174601919,-2.546052461067944
-1.3216799002943231,-1.225959060888104,-6.511135202339139,-6.152338890914247,-2.380206034668241,-0.0707717076256293,-8.403656835374413,-2.12552533467724,0.3365087906001527,-0.2490146528831847,-10.9616623261949,-8.422702161930623,-2.890476642880758,-3.3065875594530194
-2.34783100749841,-1.4171767639397503,-7.454833503341895,-6.3300893238605225,-1.943465325033156,0.4601157989497149,-8.007049144876301,-1.0856211236372977,-4.008994058829343,-3.299621363772585,-10.357735590311242,-11.310679759238395,-6.107699046774595,-3.915356266604414
-3.594910150874095,-2.840340198762872,-8.201126209310452,-6.319251647719368,-1.8576781695995868,1.4309615530782354,-7.866111724411849,1.144002175616773,-6.7794639517332165,-5.221135782648983,-10.047354674798616,-12.617757609386862,-6.866106837685253,-4.203776312672753
-4.687772690110122,-1.0774488566831102,-8.412379565025901,-5.109044156735957,-1.994500158834436,2.142751935837848,-7.940866608903715,2.951395867786349,-6.748545050621676,-4.883878134427772,-8.756281296943948,-10.797628299972375,-4.131778680895186,-3.787847085507691
-5.594811783791146,3.897160049679535,-7.743597644873276,-2.4624965567984525,-1.9371133577703723,2.7093323252311508,-7.944615051788492,2.928224628477732,-4.877523798063375,-2.95290344455913,-6.552224280807426,-6.584295695168102,1.0269001425795938,-2.559633920564293
-6.447935288059434,6.198361516618381,-6.281530585723331,0.5918635947774513,-1.1860089048899454,2.361402687418079,-7.629800943550107,1.0952434880879292,-3.3837890349822484,-1.1323351658306071,-4.42096021240604,-2.788726423694735,6.026296440359246,-1.1998396014139203
-7.125820586252011,6.449786748772971,-4.673759607621761,2.6119123112297142,0.6230423026473924,0.8868354762061498,-6.890330785184538,-1.1316176053168796,-3.6619329230488376,-0.6043132282168315,-2.855315398058746,-2.206189574794406,8.520154459105001,-0.9921721287873452
-8.184099844686996,4.25412450883558,-3.801118033228665,3.0523248262987828,3.4559858362682885,-0.286572979555826,-5.846803534566865,-2.309904332752988,-5.087142727312428,-1.1645023497582834,-1.1348798654996075,-5.4054346018856965,7.959481764850114,-2.826962498228701
-9.646348111192056,-1.724826271002866,-4.249368231157306,2.667212208959204,6.641304726459093,-1.3435737028320842,-4.975715784313779,-2.4013606985891016,-5.899484482345735,-1.7597588979193048,1.8694950264762695,-10.339623070730358,5.75040063919473,-6.191282526944582
-9.022955172206188,-4.337084559696842,-5.950752566549039,2.5992254041488168,8.913034110558415,-2.2271257781032223,-4.995306229028204,-2.809851288493002,-5.246337538976676,-1.7262045189498796,6.267155342135082,-14.047003321022974,3.9753722536342977,-9.175437722406414
-6.221512165608254,-3.69162396709276,-8.169658589580433,3.1241290944001343,8.94806431671161,-2.6456523555826594,-6.274343329182617,-4.866303872225713,-4.200378638489253,-1.4196574903549664,10.703307412481792,-14.825642710523551,3.8002497741541337,-9.701435064141496
-3.3427587341643745,-3.09501032666332,-9.770074379166328,3.3720216259231486,6.223396196689542,-3.593491625614833,-8.137508923809783,-8.162207781144168,-4.560911997241838,-1.6466420731381342,13.45858538829707,-12.981597006555896,4.850905496423891,-7.022429365693545
0.1476140574975168,-1.003956916653997,-9.638296374554365,2.33598816986998,1.6007860422609927,-4.999181561493111,-8.900824517611156,-10.41128787271773,-6.590444018936879,-2.5619533814692828,14.02813371165337,-9.765067465395028,5.923117896506785,-2.212320247419835
2.2337034757451635,0.1774311034692848,-7.158615434308478,0.1520328259122445,-2.9298703253932943,-5.133850966584609,-7.01505728790255,-9.160904205216877,-8.131986822051525,-3.2357628949943287,13.6229912106262,-5.848410100568385,6.245599006808968,2.747386598090581
2.427242408683048,0.1485999122542893,-2.587043111358964,-1.6696283655709463,-5.344651303244631,-4.044520816435945,-2.551007572215835,-3.946283667384263,-6.330499286869278,-2.4169836714834547,14.103383064618225,-0.953800897431086,6.129201885633689,6.412722275396797
4.242922302480483,1.7008979927801762,2.915677711354968,-1.3825109750800395,-4.81679069020502,-2.8614330960902143,2.383820295705487,2.9946606410380605,-0.5323114500571968,0.1859751926187769,16.328787719978394,5.135762047796624,6.490933079513226,8.583780808729383
7.222683654824606,4.346301053292108,7.73087147263875,1.4800548697408802,-2.195772212888513,-1.2391002273010705,4.969190467933616,8.119220664868761,6.4765258740398925,3.362067994402196,19.3750965584153,11.456870791626908,7.799463817736471,9.817809652406996
9.685398349097024,6.169792554229304,10.52174462601745,5.581075032672053,0.6197400380707592,-0.701587992494781,3.809298135370958,8.993612199884941,10.352056251479048,5.220692997750319,21.233443469012144,16.004584271480773,9.489850829702917,10.465425476652095
12.161017049879876,7.465725593576516,10.810260534548146,8.728599493267415,1.933160258345747,-1.528189740057113,0.0569166129218365,5.845342433671665,8.69867231666991,4.736290832224919,20.3503861907638,17.152616286686474,10.399380838220452,10.29576860053119
13.878239360421432,7.938493051830152,9.03693302518026,9.468595712353142,1.2186854968419345,-1.914232670572524,-3.5083636721342937,1.1587327615227858,3.055366887636636,2.635378447730063,16.76764706444951,15.027330853716728,9.77809287208318,9.036261675537496
14.566899499710273,7.165484749712616,6.165488775485257,7.962734829163782,-0.792247545464025,-2.245216155362104,-4.664616431868877,-2.2229827298089107,-2.455964738452312,0.7675884208027561,12.023110904713729,11.52163226108856,7.88945600200045,7.136846138544005
13.389246849799608,5.973838175061011,3.212433441841797,5.495435257485556,-2.7962028980652223,-2.741653843626908,-3.30586169219424,-2.984695811147411,-4.573042859375104,0.4614020158081722,7.9386529474743055,8.919942321355146,5.649135488032368,5.813829558533051
9.912812465913415,4.138216173265347,0.9921696346019316,3.205610034719628,-3.772570957229186,-3.152318443523676,-1.134538300498643,-1.8993138361091952,-3.323727521325239,1.3302002264510513,5.233269745128581,8.327828964036723,3.704224877540502,6.149880701160681
5.135067519698661,1.7900710084004077,0.0266984070372271,1.2715589041358104,-3.459750723841589,-3.732609659304454,0.0217456030084228,-0.8605370976397266,-1.424299799881558,1.6353745284852472,3.030695704556309,9.126002099842772,1.8762902953821667,7.99184037745662
-1.3355820407515535,-0.9728172545256312,0.4099159017984957,-0.7783906994533969,-2.305170460203012,-4.44517195807085,-0.3481568479981702,-1.2945019519607448,-1.4988358514681113,-0.0859147139436078,-0.3022633758930606,9.65686462444048,-0.518620512612229,9.68743647719244
-4.387149971355642,-2.382709054493524,1.6263968511861746,-3.118321811293906,-1.0827420416759757,-4.433367315815256,-1.3931664555352603,-3.170394871977447,-3.828749521521372,-3.587406924787513,-5.574043586067525,8.407058164296743,-3.837266622468991,9.06939608818129
-3.456659037659841,-2.175343358120473,2.614891479744006,-5.133853407198328,-0.4534082116357426,-3.6478588844476505,-1.967240997338351,-5.221737918876947,-6.519214475091664,-6.971589317894244,-11.707802583034686,4.856761419838676,-7.5850211481068275,5.06179048478898
-3.161694487243141,-1.864668356580501,2.2966831636901466,-5.94139997515021,-0.6634851843604543,-3.0398383667832887,-1.6001826879099363,-6.021907169753052,-7.516411021677772,-8.188086502101243,-16.194617486566948,-0.306710861661938,-10.655591692710347,-1.3042555198914378
-2.2393644006855347,-0.9550351672739268,0.3415603798904643,-5.365331268487443,-1.48547862955643,-2.436867895092077,-0.5506597214392333,-4.989638375999398,-6.329354373049298,-6.636382695783543,-16.891927986880273,-5.483403129942335,-12.066361435904028,-7.342065131835154
-1.7234669916382577,-1.1017260505633075,-2.4304095393289717,-4.303558388505481,-2.413495102856128,-1.634268368707191,0.7831091933849569,-2.6214503755225587,-3.99271687166834,-3.4994301961989844,-13.809485197922754,-8.807937573295398,-11.565066822688806,-10.432033098396676
-2.27056656297622,-2.6052996466399945,-4.452740991252199,-4.01675840215449,-2.9911415239951857,-0.7773885837835518,2.248495628729871,0.0331103753723986,-1.748071070220464,-0.6279236925997029,-9.356533396153768,-9.029101373271882,-9.72710875167861,-9.786874553154684
-1.3674366866735823,-4.137778423069073,-4.430440245262194,-4.9752459994305305,-3.051859187361812,0.1988106930137748,3.738136430473432,2.084143184488071,-0.0167136728739931,0.9317644835038914,-6.674128128712354,-6.284166590340909,-7.614845645944666,-6.887530253096836
0.6380218484166612,-6.175786681672291,-2.238031600704685,-6.371306933533065,-2.7207072345183176,1.2835196713923278,4.852202605715881,3.168479169043308,1.4550326600173111,1.4765265773202785,-7.277071993603801,-2.1945733990243,-6.275644591313141,-4.20919810399408
0.8549367087668062,-6.932673134823655,0.9782069080147152,-6.79243621915208,-2.237776055261672,1.9141820281328104,5.045128095246472,3.3842885805373264,2.8424488378507826,1.9407116289232684,-9.904151790993938,1.0328770881699398,-6.283623525739892,-3.26612448435654
-0.5373234745496113,-6.137385035728106,3.5559469327371978,-5.473487146804828,-1.7987102180987824,2.038300584271106,4.225279701841535,3.060084616406531,3.9650539425613625,2.788104033627232,-11.553651018627416,2.0410391550117213,-7.444538172872715,-3.615585539200196
-1.4226758887744215,-5.3169183130551705,4.360277958737067,-3.015409261808924,-1.5180811819355131,3.05031801298622,3.1144441881622225,2.592492149118158,4.738708969866964,3.596706250734771,-9.87803027598226,1.2324774519419184,-8.816298374302136,-3.638348782392675
-2.308582930262641,-3.994207033836789,3.397861205629908,-0.934838051818442,-1.4350364494198242,4.9053987493172615,2.825633681730019,2.347385467528452,5.5774068191071775,3.631711396564032,-4.982729680904676,0.3639597402896671,-9.171162115146773,-2.3097112700426736
-2.761021448350014,-3.586261729991414,1.6613104820425644,-0.4183643369278953,-1.461759167413324,5.618428148794999,3.94899979559468,2.519090153765742,7.006052730171671,2.7035917742267026,0.7779759674189677,1.0834255395540362,-7.769010403133587,-0.2756439043846275
-2.4224289178521428,-4.383064390500758,0.4019251533497394,-1.3302748824392117,-1.349339115588009,5.348558813835721,6.011860244107299,2.9782688807962314,8.789985334300827,1.3982975752991529,4.681178300434043,3.58178042754757,-4.96521330390726,0.7702081087516182
-3.667954755883159,-4.042392604798995,0.3436567713530731,-2.32248200348008,-0.8413898574787293,3.906452579160746,7.844274179576305,3.2834396640958987,9.6557803291226,0.4924223556092704,5.51249488601205,6.45789498468472,-2.118610516532897,-0.2242680425018512
-6.439644560807095,-2.86440422816396,1.3143504149898648,-1.9895827896900915,0.0121866963970616,0.8040360879259534,8.503802071282868,2.955773989860023,8.196214901260843,0.2272561119722498,3.974615493154996,7.875556355900836,-0.6930188438956351,-2.546367074674197
-6.852513813760151,-1.6996105535122048,2.4834921790165114,-0.1182256370524896,0.7078288439397791,-0.701325516188023,7.921241732111662,1.868981695845256,4.278718013807582,0.2141037317671963,1.6285492023493608,7.027331435324721,-1.1102336588974833,-4.214660755999734
-5.123962687664502,-0.1625402530592372,3.023094839926872,2.0558273488369325,0.6102716261544994,-0.5985440273452582,6.784561675518106,0.4405896040289097,-0.41476515663489,0.0116419343344769,-0.3877736219774839,4.716121438140902,-2.2696694356604734,-3.5986929565449324
-1.732104471628447,0.2131133808204703,2.7304148384062845,2.8670521505641178,-0.4218058040922536,-0.5545950613687702,5.912611302178092,-0.5836998673886238,-3.3980439717998614,-0.3266358154634727,-1.7386833086717235,2.641321341161325,-2.287185514977772,-0.6769534065293428
4.2431761858823975,-0.763243925123579,2.1488257850513564,1.6743337662213684,-1.719738168408914,0.1572674925785284,5.709889310929639,-0.6473592277228462,-3.199780804510977,-0.3762907446133536,-2.4211965799220803,2.0336062653823888,-0.0602851603888092,3.092565431887888
6.576834682488647,-1.104191146938434,2.0696874777490093,-0.5377482912198004,-2.2601721887301336,0.6793529809342713,6.025902935180002,0.1725035427057024,-0.4787510468936102,0.0083327982617973,-2.3693746360778105,2.7542146703372388,3.5574266934730523,5.978131678662869
5.008666280492262,-1.126692629057349,2.804938503328222,-1.980794164843844,-1.6029228906781037,0.8703962264117568,6.317236125704906,1.1622798642499437,2.4714683866271474,0.2946188223438342,-1.7045478230162474,3.532662834527976,6.097298680052889,7.076491376668991
2.901010852923869,-0.5509743211125108,3.857632526824601,-1.5930852850836177,-0.4118408758508427,1.185901194767778,5.909956162794185,1.470265088496974,3.37893795068694,-0.3454544686006215,-1.1604411467818976,3.077134841739481,5.304933300685567,6.477125932812735
-1.2537095499819135,1.0201582803282865,4.314424212569564,0.0907497093375031,0.0834751602090917,1.3848316248111638,4.326473211852596,0.7572102652936108,1.4991380078493055,-2.1921388284326566,-1.7969190495554312,1.1283897488798882,1.0816414167874489,4.696479472010166
-3.0938859938349617,1.6823819869002647,3.6425532027409178,1.482879218030602,-0.682428438359687,1.4216360483584018,1.6664535187164096,-0.5118890353590282,-2.0511751858452216,-4.521228751356743,-3.918185430594768,-1.3572970748083018,-4.133830046576881,2.213734281225123
-2.098434485158912,1.5301772073210955,2.178279065273906,1.3594975429912797,-1.851600276178556,1.2755327517738178,-1.195525528883652,-1.3948041557576143,-5.159157988077316,-6.014996733772236,-6.247442021893184,-2.972481059471913,-7.005263875893313,-0.4282730913065693
-1.6445610578841574,1.1655435555784923,0.8477155281414177,-0.1160157608436094,-1.7229068280718955,1.8124019761934969,-2.9584246346590644,-1.1792748292538509,-6.043243821668373,-5.690104925136131,-6.50673014390529,-2.9183283919646943,-5.687277847883808,-2.341319444263143
-0.6275856865906607,0.1879910146774248,0.3581548990873138,-1.578709597896515,0.6789787570382968,3.0856419618712234,-2.802388263189103,0.0795812417196466,-4.242178955836308,-3.568246954901414,-3.2798778178779013,-1.56206733690306,-1.0364773951189408,-2.5406915080338117
-0.3050858200540216,0.1894462874881048,0.5898585124795348,-1.5784584310026872,4.419568740191732,2.547696735305536,-1.2468982804939248,1.585113391665504,-0.8469883625208501,-0.6437982748787725,2.387301395205271,-0.1623789159694819,4.2149019080488905,-0.8214085978157541
-1.10060183823576,1.278704826714511,0.7383430670492963,0.3402492921463338,7.035105676086862,0.2089246627130658,-0.1160492433824318,2.3154351148007013,2.0725534694610084,1.6920391299986242,7.256498663493933,-0.045735394474593,7.444513782803201,1.570733927447573
-1.7897962131958465,2.2745613512930984,0.0752110669370713,3.37250114334282,6.339225183520219,-2.982413608937561,-1.3501742550118836,1.626746786691498,2.630732540980937,2.3485002480996093,8.110132198965466,-1.8044364258330683,7.63860063370296,2.453377107502889
-2.7904362806560417,3.545969946230389,-1.3567958707211387,6.067607119144399,2.23915241663746,-7.635537409992649,-5.422575236895376,-0.4051498973555496,0.3458927775567995,1.0644873829982684,4.230543676151218,-4.947507505766902,5.527927637126642,0.3735688084742685
-2.607241199461946,3.816616776250163,-2.7325145902673333,7.303302315693442,-2.9469704580197504,-8.773039846799062,-10.64864518038898,-2.9958021594387128,-3.376908831230877,-1.381757895149817,-1.871979400483724,-8.130819215830153,2.7620498317246565,-3.905411114060489
-1.000333941507576,2.838954059088657,-3.1278131828420794,6.945436660099353,-5.997254408250264,-5.963360049154636,-14.11184612624266,-4.962987570072751,-6.059460459821263,-3.457315209599607,-6.11352661285474,-9.843511473222415,0.9866112048443264,-7.613002546513339
1.532613512111204,2.400029221445669,-2.3021666941970547,5.760161182758154,-5.007551192254985,-2.8865707965750005,-13.65013629569119,-5.282881387701801,-5.904835039143097,-3.724025888297621,-5.625813738934543,-9.252095016593904,1.1970116856110664,-8.019565694967863
5.477745812631175,2.2012664431385924,-0.9099666287331925,4.642576326775199,-0.6991161792712002,1.6939763183212768,-9.422484190976563,-3.735555756878847,-3.187285499611986,-1.8658028988384092,-0.6347997357051938,-6.761817290170916,3.2684876271647605,-4.693860901991705
6.552759372456569,2.6009609002012914,0.0290556125526002,3.7622509458146616,4.081863120999538,3.514212822454903,-3.837877836623022,-1.2372000744546852,-0.015394441476765,0.913907225199856,5.812474753489324,-3.877781167537997,5.7806580927099125,0.0570525444280809
4.465454849748603,3.9560051368199054,-0.070604660163652,2.4111639308389434,6.249324052718617,1.8272581658642093,0.1132315881266415,0.5906359844706186,1.4842657943079614,2.673192206101022,9.927607012939948,-2.3039096869628106,6.62979785003625,3.0490748487768906
0.8857149512322596,3.756499746551399,-0.965478160510958,-0.1582471053932777,4.439528449404626,0.17323901163444,0.8710011874067519,0.5661119181348468,1.0203283453119192,2.265666271745853,9.59483527321668,-2.781153090791248,4.51929879159412,2.765479689986996
-5.361059420258169,2.034496278591631,-1.8776045331318687,-3.5640611738400163,-0.1885244963929846,-2.649613946097068,-0.7907689530954568,-0.9999149455726858,0.3190069438320559,0.3814917476515294,5.61821083803291,-4.48716073412185,0.346098502287905,0.3501183556190064
-7.163261140582512,1.4989046762284983,-2.1539752864698394,-5.991882364138174,-4.7281367148400975,-3.268588892206769,-2.5243222376419965,-2.358848534115816,1.4245641741679136,-0.8862723851337848,1.144105601066734,-5.52066804687269,-2.956345703359452,-1.7058968472598472
-4.003440460504435,1.758636495235119,-1.7056619720172637,-5.366873000591972,-6.321533765944766,-1.062453810777631,-2.1698042926815444,-1.6876110289300503,4.705624479829355,0.3168804485685168,-0.323372019729188,-4.21650552816201,-2.4761616897098278,-1.8238304817983328
0.7813737205403265,3.963283226597592,-0.93223292461317,-1.2255141267806224,-3.865733194669178,2.49366857969209,0.7506886395937795,1.2871304743922536,8.455648014757294,4.11469029561861,2.867282406056214,-0.3850025404732142,2.203768531322296,-0.4712411840274662
9.085263204967868,8.770084796301377,-0.3300899529940221,4.387411588351676,1.3954832412374518,8.493809044545133,4.765247179091575,4.892104136033911,10.439121687599322,8.790858003791666,9.40774576193827,4.430307273735628,8.318341328322024,0.6463060536842463
11.619543027177746,9.69923133592785,-0.1788927875535602,8.058743994055428,6.740434902250861,10.45069402559706,7.498615094387512,6.840945958451663,9.869570098216734,12.08052654799152,15.779314490496777,7.910272030408512,11.836077808203296,0.3141840859779379
7.595352812378865,6.763332958583289,-0.4862289404360672,7.488283485745373,9.729693283963002,7.934998144897255,7.304593251293076,6.194519491966041,7.944065046268912,12.72747329199754,18.490219938883328,8.505219146180288,10.477425125702537,-1.208025974147324
2.306724289065454,3.0950624186955893,-1.0866078832192478,3.288875258343528,9.671275024510503,3.269029271258269,4.421064260551297,4.162612347725226,6.513877751733165,11.090168719121666,16.352637789521268,6.481135002614845,5.30102862618161,-2.669805178582972
-6.671868199667076,-2.764816839924594,-1.7594633993477016,-1.5040115991592038,7.772167252318701,-5.323914498286911,0.8612333646659982,2.9596145656140336,6.244632645545106,8.504528576802509,11.13957062871932,3.658108155972506,-0.4031455716500567,-3.107658633904008
-11.189458073077686,-5.883638873359383,-2.3723415778565538,-3.912807695533655,5.9114121152634285,-8.823403760728356,-0.9775172039825586,3.728756479671071,6.013421996477752,6.11055786071665,6.023158320692794,1.9428462986886876,-3.8063396324058982,-2.7127702564384446
-10.340476818134611,-5.70589544098354,-3.060480638887831,-3.43787904934087,5.051196631337794,-6.682058883949943,-0.102331632966127,5.44592343703987,4.035545043010318,4.112417086191503,2.9381232365673533,1.7312861980015244,-4.46356231336117,-2.641404036679829
-9.82416853837863,-7.597203369879982,-4.25916737054588,-2.3460858885660967,4.608571529576409,-4.336763658006746,2.2153061560535203,5.828137658075465,-0.3790396470974894,1.922499773694904,1.0497475703431665,1.5275416114144624,-4.02838535388956,-4.022610307694549
-7.533998530390869,-10.475379778464536,-6.350751525431795,-3.544243116656361,3.2831955889361324,0.4156698115340218,3.337169275648228,3.430424519709862,-5.998696256219227,-1.0753790030499817,-2.234695516250341,-0.712187596411721,-4.381421079734562,-6.918724119823919
-5.766196039644827,-11.74196914104163,-9.039185488492798,-7.830038940217503,0.5332048896928492,1.864662774787481,1.4331754488919843,-0.959196094350598,-10.4101698723603,-4.777497505513419,-8.428349814011355,-5.473172608724437,-6.031974305277055,-9.95251955469951
-5.114012715059943,-11.993069359342254,-11.0428993540186,-12.888813478957308,-2.7076080372694564,-0.8221788677180749,-2.7397078862157693,-4.858143422544119,-11.649893129979109,-8.158650352583136,-15.815443793817014,-10.648954264079972,-8.069798901983878,-10.934702298969864
-3.344100240150331,-10.025647635124637,-10.678577768428935,-14.957392351725638,-4.771102887910295,-1.492775999490516,-6.091901330285284,-6.065233073399186,-9.472721488695186,-9.774082208881264,-20.18681471012712,-12.74181642944424,-9.32912989104467,-8.255516985124714
-1.112659861781882,-5.276589229619249,-7.168933331603725,-11.82575319716524,-4.759670586065097,-1.4904427668683666,-5.603183127246281,-4.371065364608319,-5.447966819307647,-8.703822502963886,-18.214313281299987,-9.580236111154004,-9.406934624281297,-2.202602581838355
1.6529992566241831,-1.993548343559384,-1.6432230241611805,-4.701366764455847,-3.3692980415985474,-0.7024664874355679,-1.0695562330831203,-1.62556394438364,-1.958690760238829,-5.363576191066307,-10.671764310320595,-2.3504558578794934,-8.606877649218024,4.850409542159296
5.185796472016438,0.0177339515035784,3.2435524393779565,2.6078747800003765,-2.225027981321026,1.8054346024461596,4.212208647993952,-0.2256661600744849,-0.8059143911780302,-1.5541437595639571,-2.4700968532122465,4.906561139765016,-7.136921601988959,9.831652459402784
8.871377853729099,2.9006447289146764,5.093324350140483,6.5202062108372605,-2.3514014551323688,1.6916416350562995,5.732202731628735,-1.3262631838254388,-2.2220695565570017,0.5128054084354488,0.9509326055526072,8.14120211599894,-4.625671059735247,11.128314890546775
12.769570201859818,5.8200345349219855,3.64482290285537,6.220895729058124,-3.232998612095044,-0.9880331084416686,1.4032743790440767,-4.139791286072153,-4.810808827538392,-0.250246479371621,-1.94567761021377,6.285562007011613,-0.5601360015952908,9.819176790789754
12.706442500400223,6.837402958846576,1.1112233416944353,3.925078254804889,-3.355808756612097,-2.4129339130968117,-6.457573633092482,-6.697350807044609,-6.446804208735036,-2.802808733346008,-7.363013588555005,1.9950539759381525,4.826160054232541,8.774532314833422
8.124730416432495,5.887564644648058,0.4733422734871215,2.783927861397433,-1.7159765282622517,-3.333832660649528,-12.632447325320982,-7.330505791173872,-5.640162242199191,-4.48668849183101,-9.188792416336282,-0.4565997360662748,10.19906629601508,10.146872161324213
4.364851562273388,3.9753755941135247,2.990566465144396,4.237547241320028,1.1095675018272717,-2.04749495893007,-12.928835194169968,-5.737520717543423,-2.520366014639044,-2.979138184699033,-4.09773971236325,1.5316048590498694,13.755710019005186,13.322068465326208
0.4896585063047031,0.5844670467484829,7.01697906383634,6.951840774050485,3.3027116388289466,2.268366514635498,-7.34804413809316,-2.963623745879333,1.261306752963093,1.696431417058571,5.534769639887319,6.948107154725998,14.331261592100043,15.237191601968677
-0.7051214917355407,-1.2516537930525438,9.246949467112884,8.091165070202585,3.2368329895082706,4.264017271856307,0.0930365540649464,-0.4684744973501047,3.6994533873426994,6.856400510747339,13.425949027707029,12.004844836211,12.078317090144404,13.010923028711382
2.007404125550578,-1.2361454932434393,7.465929821886711,5.786901567025209,0.7577623376478773,4.301401447687274,4.6352213120262,0.9485608680213576,3.83831466191528,9.094002315769949,14.445267693964182,13.042505087295677,8.296204804447886,6.718322072473266
1.7605433067843257,-2.1112282902215624,2.506560929836528,0.7817581584699811,-2.707071651393504,3.6269681221687846,4.329036336854703,1.5848036989744627,2.353077767001054,7.058899108276854,8.733942465797178,9.288110661279482,4.710809267930655,-0.1728490135160543
-0.7110146277042614,-3.1620045602909266,-2.299914954089368,-4.032451096890241,-5.189182701225699,1.1114100525409043,1.0140236708085486,2.371245335264239,0.9056723239486058,2.7088265657565698,1.4682078659884483,3.415233835473667,2.7378867026453646,-3.2797174038228656
-1.9758588255748075,-3.3098819385516145,-3.763646950461769,-5.779166373115203,-5.471304345979199,0.5797282222769564,-1.7388125754221293,3.919023094719061,0.8705201865138115,-0.2127038607320077,-1.4926786545247808,-0.4958535473348271,2.975480593188972,-0.7421357488905578
-3.133058167432514,-2.79229329375713,-1.34400239768706,-3.7584813810243074,-3.71286536951338,2.1481264028544,-1.647234033970427,5.847941117132551,2.459450286213364,0.6872008961680995,1.5785167183433917,-0.0713389523405929,4.9208952340753,5.229193830860421
-2.975932660171165,-1.8059903818441017,2.561611369645721,0.0514315338746656,-1.1467622038106553,2.9812213381513124,0.8422488774069423,6.953844843328815,4.789080319347173,4.3840921423415,6.97241797885683,3.514574679873951,7.02362331382798,9.978022495790436
-1.0099977456550002,-0.1709564846692156,4.681981941502102,2.500036550458381,0.7549734240157662,3.875302754714735,3.512253893058048,6.117182637176989,6.576295518058978,7.26307401796364,8.736873277543094,6.401058178984982,7.317496289821124,9.821097338020053
-1.0386514071252568,-0.4255337276276272,3.432544433955354,1.5860773995138062,1.066465558056162,3.1435054675478185,4.4550156199012125,3.243044244095446,6.778042494110885,6.125627821459142,3.617114179423681,5.004869303415976,4.552716264834357,4.477771467994261
-2.8831616357586105,-2.79448509263468,-0.1385022421069397,-2.1778670580753308,-0.2120908227039217,0.2757010421714533,3.3944610810982705,-0.5396570304821857,4.850407997785129,0.7688617156959872,-6.36757450862818,-1.1526044395381416,-0.8699602911989051,-3.246545356450213
-4.477679079245646,-4.623261411944726,-3.5482311891375167,-6.326703629227115,-2.247938461155844,-1.8914685331286156,1.4404135216485152,-3.6294233834230223,0.8303593072118161,-5.9986850207053095,-15.714331781340457,-8.9360841724488,-7.012459856320584,-9.871330794166395
-6.552628308278342,-6.47113754542232,-4.905022958100863,-8.371743334045696,-3.8534780700902544,-3.793899988834109,-0.0908686265322624,-5.086042783463359,-4.515507348539514,-10.71957152017983,-19.88389890216615,-13.814174957991238,-11.668830222293572,-13.516965308361296
-6.554873474814624,-6.316398033615921,-3.997996432621035,-7.527242018917976,-4.14836171107801,-4.268924128049664,-0.6361226832584734,-5.229118026524414,-9.649300896223952,-11.863126903449851,-18.572829460873574,-13.09756529655885,-13.84675385071437,-14.358032340053294
-4.050022912877294,-3.535030683263729,-1.8276997155830017,-4.955836459069167,-3.075887667768137,-2.672591980256266,-0.5100806921096501,-5.187809201267086,-12.726171489102049,-10.523951147847336,-15.207391174355916,-7.729838084282374,-14.238294581448258,-13.460964805204837
-1.0223718987505506,-2.1223349967746685,0.5839570182217177,-2.546192369541412,-1.4206865344396125,-1.5800157251619924,-0.3867761635952393,-5.765542994778334,-12.572933032300666,-8.991421041137396,-13.44498084675876,-1.3661990464399207,-14.330688775945635,-11.544578509930346
3.254737115186164,-1.5918178737344637,2.863474965815163,-1.3876909690548225,-0.2454084056778809,-0.5826389950119593,-0.6861780086916487,-6.611298508154326,-9.531348310823976,-8.71621554130251,-13.970513089651956,2.381070981890951,-15.016705773568702,-8.833284637650022
4.878048078952018,-1.331895954713434,5.009369749760034,-1.1747138201423648,-0.1159039345793502,-0.2129388755158603,-1.2756045467278252,-6.4792786113678105,-5.376707105595435,-9.413696565265663,-14.342814115892322,2.3239252250416644,-15.922438452010304,-5.745147495941982
3.323149858739689,-2.09507254439276,6.7801975464549855,-0.8220689065096269,-0.7172563380524892,-0.9860143934631364,-1.598634801255283,-4.4176475951938325,-2.198760317717636,-9.778994489236476,-11.730505089523126,0.0108002945702802,-15.893574703399672,-3.260222127187509
1.811375913476424,-0.2359332784270111,7.575073948550592,0.4474414495126195,-1.1870240177815414,-1.15237390541981,-1.1173364387621112,-0.8425336496449108,-1.0499431371256485,-8.879272062643993,-5.829842930149624,-1.942206936726817,-14.026205201544071,-2.3168075167140576
-0.687142071035895,4.38564416494111,6.958119676940121,2.4935877274304348,-0.8885356619771372,-0.9564091548781972,0.2097028143003676,2.534806575550051,-1.4310251524515856,-6.92848072596197,0.6864804379531995,-1.919311658710568,-10.320270763882814,-2.8190233862812617
-0.8299283154027001,6.125127593655704,5.218206629742346,4.465833055958836,0.0389409382740597,-0.716561702884602,1.7668123015143609,3.969167248266222,-1.984064614625031,-4.91647884362632,4.439753443651946,-0.1671184315419809,-5.5946342462725696,-3.4204558490097456
2.0199148243504768,5.470215087353919,3.3049167001799487,5.455443053949638,0.8215411683210799,-0.1375441800136946,2.643579954780684,3.072347999445735,-1.7284308705696163,-3.608659955751636,4.182254402132308,1.902476296559746,-0.98397768827082,-2.536350173019792
4.158684640978535,2.8319776690265432,2.1395289925576684,5.05037237456997,0.7454694773659003,0.0454428735167413,2.337990913226617,1.1075383036837048,-0.7574775985671665,-2.8660862450599467,1.745622629332308,3.039199966927968,2.526486946927452,0.2425923280083375
6.459374610047376,-3.047296806903984,1.950887549388804,3.5451404565557203,-0.1986986700220083,-0.1755035781091443,1.266671369849505,-0.0692025688387076,0.1231346778854478,-1.84632733374804,0.4565826252023299,2.9475773020035008,4.385796675451968,3.683797247069866
6.507659238890526,-4.022749671863563,2.254894712052311,1.828773113360304,-1.2660280219269704,-0.0537256133838752,0.6026777429921445,0.5336753134213371,0.3519252349651964,0.1416362747604411,2.4926920646934017,2.160942438935041,4.651115547410637,5.925894648938607
3.5424621247664465,0.1645031317653378,2.437620089832526,0.9839569205708698,-1.5406579140356496,0.2903104147925411,1.4663320303295349,2.441710732744758,0.2174081497846803,2.890404397328082,7.290192281527013,1.454475574609536,4.007157416940089,6.099428352445692
0.7102838257667338,4.211089894147634,2.3091720999599774,1.647698801024939,-0.6734192867803254,0.8065361042140513,4.04662220177129,4.36584212421584,0.5874446919685432,5.3268222320053145,12.040615778394692,1.385097151117212,3.459718534571386,5.048008767056728
-2.7366975975698504,9.947472409893342,2.075294991914861,3.452082981162998,0.8230461725352427,1.6303417067632462,7.335958536383942,5.3665287025250565,2.0826361570668808,6.353074155033934,13.687372476931657,2.0921797477467523,3.727355318918541,4.440566829954987
-4.704955869618892,11.2427138074414,1.831064289148569,5.095934127060442,1.9659071193863284,1.9396373968089395,9.70382998837824,5.458252183444751,4.470220967201,5.811597395671246,10.943080159973604,3.1791853666215744,4.726984044873072,5.086996171174208
-4.557184099048018,7.032784663798694,1.2051073942787882,5.268656037234,2.075443066859868,1.707424333487255,9.899538487207185,5.26206137223516,6.762337338057204,4.692960812487914,5.071682919351707,3.681545703755261,5.618807509813263,6.0657876739368985
-4.794847056326603,4.820712166423717,-0.3759544435441815,3.808512762785075,1.301509371274833,2.103117374781064,7.777622311055591,5.221486987048588,7.853424657906501,4.287240046103683,-0.9368540392818884,2.4083346169978963,5.454820122293146,5.539480917047272
-4.758619950604059,3.134973138318024,-3.012869689684492,1.981750779562113,0.4575691084028537,3.007126015287912,4.284108440599196,5.163925019872689,7.161565985139762,4.942761974585013,-4.242937793291526,-1.2612379316319329,3.9299575781401943,2.5305861985258646
-3.9675265699568896,3.209420459625273,-5.940864758560851,1.3923648203845045,0.3022314671908808,3.299536305828894,0.7915322425729996,4.51112390546884,4.887229975983889,5.591894331571344,-3.933078730471752,-6.647756213462989,1.6225722796868325,-2.009940101019761
-2.668958284765753,6.389218437480138,-7.888871165282632,2.393633365408414,0.9083907546154272,3.123921677359495,-1.7058919187656791,2.8317469814450025,1.8588245755905504,4.646363328311574,-1.524888431863212,-11.866710373998089,-0.4450868791752063,-5.857483457892318
-0.7324856243947175,6.924597316787185,-7.962749336067381,3.5842346933816427,1.6997025344413124,1.571487591616236,-2.999103872411527,0.2566959988203472,-0.8610126487313883,1.59895594550955,0.2558181362664977,-14.895942413143471,-1.5109273082081478,-7.284901092122563
1.8795773272382044,5.2696123394306085,-6.329005778174013,3.0801090631466943,2.106449320313644,-1.6893255726806424,-3.4734576598899034,-2.480402006562654,-2.428737221412777,-2.15081469045141,-0.3313765394616172,-14.814705662050375,-1.4398357999977267,-6.330119843446409
3.16330369128756,4.614064247658055,-4.130401284795495,0.469218779693878,2.1748960747981427,-3.0844175877324727,-3.560349572300728,-4.338563913364692,-2.558423813179182,-4.184036222581142,-2.536150402095715,-12.16243123495116,-0.5152734810242712,-4.49268389558665
2.959155965191141,3.992960189519292,-2.698934349164153,-2.502624604857276,2.486489550775824,-2.683526835856307,-3.314166039596665,-4.4686787530410745,-1.5622891748074696,-3.033984447007892,-3.63591916198655,-8.197743905336587,1.033114895186782,-3.303308346975641
2.669269105429493,5.0437111887098975,-2.670346224474504,-3.366854943170215,3.433253897729922,-1.6317890467900795,-2.477142649349368,-2.744979998034584,-0.0484590693356714,0.5160147818607834,-1.2465428565781629,-3.9154667401506775,3.226034568285324,-3.167455249370416
1.7861377074644638,8.300867853098968,-3.648136242423892,-1.2492269017736115,4.588368788844689,0.9012759871441848,-0.9783124526573655,-0.0435327898129638,1.4761696129578694,4.060836546438562,4.422746251229622,0.1731855896214966,6.022631816108374,-3.430343308541949
0.5912111788468218,8.7070671914039,-4.6308968201919285,2.1472115800597384,4.884965739234577,1.6388566440965724,0.5960154370931177,2.051624158710097,2.7180968214745884,5.601781156336655,10.36262486956782,3.457763864727124,8.832393869584447,-3.3409763537169823
-0.7896973076635115,6.461908696548458,-4.8482948799354055,3.9174007782598874,3.5518034800593665,0.3926279269393145,1.0806181630003169,2.1352316916388743,3.351016715233218,5.094850792232606,12.937651594786502,4.8181350698216425,10.462682549906216,-2.826337965983781
-1.902732978845573,2.98209499795212,-4.345118925237413,2.469702780402768,0.9780108278007424,-0.4360436201204148,-0.5327570143402198,-0.0523626343593677,2.823471435639308,4.092588583963648,10.69401507312574,3.230187489001008,9.778973629539514,-2.377161936971777
-2.57375696163572,-2.867904074862929,-3.833353039555004,-1.1317380054475272,-1.3420477282598022,-1.5891047123546047,-4.190901256912702,-3.3542488427106822,0.6865698075664974,3.917214070793487,5.458621835994852,-0.9745673497460774,6.651954235407517,-2.333888318072507
-2.162255338732112,-5.38773307983464,-3.9168513081136553,-4.189486426033922,-1.8488198423112576,-1.8570371453873835,-8.465192468537385,-5.977017903734184,-2.6932358411372226,4.239440564199269,0.8661557315816522,-5.55127265385506,2.351530469117164,-2.401010854197856
-0.3697813811276359,-4.231376029517437,-4.363015056264098,-4.734233785243366,-0.1291766489319731,-0.8730143637810248,-11.2331350974076,-6.792037185488351,-5.82507396441464,3.496935059361717,-0.3609121755988438,-7.444729252882691,-1.1034487223752834,-1.8828639511837348
0.5441200306268034,-2.2177262495553323,-4.137825103857189,-3.0312626890646284,2.6975715661593807,-1.1295129871818912,-10.990482801055991,-6.084466618240848,-6.825084058951109,0.7165770791773554,1.8628850019863528,-4.968296615910804,-2.246799036212268,-0.3861995778907245
0.7049099579463615,2.108465010439317,-2.2924803806881204,-0.975342705271862,4.749514579268434,-2.368449050818479,-7.871206543600467,-5.08392609102396,-4.817737289848187,-3.1166527994389357,5.43144029754952,0.7351236810794184,-1.109715821537968,1.684910668571416
0.4955203429019413,1.9061078289176712,1.0267254275830149,-0.1630220372811719,4.708585695389779,-3.0991422127592325,-3.5963662368969813,-4.705875342091223,-0.7729248312351324,-5.560659496179139,7.937306209379049,6.357357255171814,0.94914080013887,3.307739834455592
-0.5936842302485273,-3.4744314857302574,4.399166038120843,-0.5847792584717286,2.6850593179594417,-3.703813200709272,-0.3483438658781135,-4.691022574940941,3.1393554393476606,-4.671445899153157,8.304583423996679,8.85873703835413,2.357662108740961,3.584166748681735
-0.5770607721701513,-9.40973225949062,6.070606745153679,-1.102484506651167,0.0080655088760719,-2.2896696245562707,0.6316284445794966,-3.96889028160001,5.236578710308016,-0.6082161455321895,7.055216651320419,7.727794985069121,2.455659035842692,2.4737457320210146
0.5723878056576125,-17.648001261821474,5.281168441909147,-1.0293393924403076,-1.818808724325088,1.5504820543156708,-0.2741928641245659,-1.8733257047429137,5.542897695614228,4.52556607958433,5.406967598688814,5.173988466608769,1.7616272867688747,0.9083987971938924
0.5364765620406874,-20.1509670871329,2.841413661684489,-1.063909210718358,-2.157726413352509,2.542091745683256,-1.5470510253404377,1.0193641689726824,5.407516391984217,8.321858070417338,4.170960867307953,4.075418600763905,1.2869447272284216,0.1182397456393813
-0.3740143118912779,-15.820223656609278,0.4464937283219532,-2.561820792482701,-1.5292212142774806,0.8882697901891563,-1.773284910816758,3.29217551217389,5.931050798275656,9.61496943303352,3.2285281778950434,5.431971275153316,1.5676888760673855,0.6404915212825504
-2.7938236232191334,-12.250789871981755,-0.6691123917262058,-5.8821137324656,-1.055019604230937,-2.869915597268977,-0.6959599526853039,3.938856801159824,6.784649639720872,8.685560882151668,1.7435670374189811,7.525390699197834,2.2261318925707303,1.8444581356175596
-7.260592592326423,-7.421765118923312,-0.5672396057185174,-9.546077781871404,-1.5734940667870827,-10.022953139832197,0.7010534394618294,3.2180845465124155,6.609412803746538,6.336527383183521,-1.1602179107924695,7.53493288780841,2.367763921050631,2.473324861202334
-8.563881169114397,-5.271250200315434,-0.2565158460467369,-11.187700302455603,-3.097902032273772,-11.784693438336138,1.1228365719763895,2.294511380612363,4.581211579180952,3.082375867978909,-5.655298086660161,4.2189553506436415,1.4332019100262117,1.821951547826787
-6.637903294623494,-7.133677616209878,-0.5587259587186431,-9.50588184085896,-4.922929053134532,-7.82553323506913,0.1768454999886999,2.102126412553506,1.5267689738286876,-0.7163373843302778,-10.821692227596126,-0.6888106053296443,-0.2214978954422934,0.4920805905586352
-3.824738938075665,-6.989216765059725,-1.2618292374064488,-5.401482796301488,-6.178571564011404,-2.884813322459488,-1.1181994937908413,2.6139335346742305,-0.6065559317152416,-4.217116557819319,-14.955073623842935,-3.6425254104627856,-1.5280134238984395,-0.0623208065565519
1.1100817252100823,-5.99191123885427,-1.3177332786287423,-1.2254826337450029,-6.369674347409557,5.144843436665568,-1.025030149863428,3.178418493711669,-0.4933658411515174,-6.059457817163965,-16.535694091518636,-2.083027408787716,-1.5804472943747765,1.1197398269514802
2.500376013258361,-5.381447676665563,0.1239090863786104,1.1537199226534067,-5.555484105292047,8.236178100403764,1.4655864918253207,3.403974421222215,1.27785528723963,-5.324002272130303,-15.255956304905974,3.453665633011101,-0.4849628368713805,3.509341878169419
-0.1875045154233303,-4.3150222082652006,2.793251262812753,1.6705715867752753,-4.15255144285634,5.4495005073039735,5.583433434606597,3.544958463846545,2.6342087415345063,-2.601358712599734,-12.29669433883795,9.635737163397051,0.5785974133517264,5.429485065951851
-1.4512935172254986,-2.143015533422506,5.31721961407456,1.6309795308371409,-2.609421117234656,3.880756728186322,9.090447736989493,3.997911371468812,1.814973942263434,0.0870120274541679,-9.569346966089586,12.720767405242714,0.2403601424469643,5.464737799553385
-2.5629044081000103,1.281007374515296,6.182631305793315,2.106915794881973,-1.221969034951342,1.5678102228396409,9.86548620366294,4.568562166821021,-1.1006717919284803,0.73001344970851,-8.516688518599976,11.051999542654649,-1.9116477957106903,3.6323031456169055
-1.451792887518072,4.56511741047119,4.86501173899146,2.8240693145630544,-0.158545727534106,0.7728496318635558,7.5366439807313315,4.428572613844163,-4.293487000278048,-1.0681864169999675,-9.409564590421155,5.810039343308588,-4.908454844659772,1.2655829138347143
2.8898843705678194,7.870698188663119,2.2415765470903657,2.640841009078481,0.4586216616917038,2.558511931921021,3.75894714425865,2.8840797304694434,-5.774913940705794,-3.795291110133785,-11.516362830393309,-0.2233355568123882,-7.097447929034235,-0.1575661809806883
4.644673564941625,8.000341764442995,0.0098040355822646,1.0844524059216545,0.5883001588163626,2.401025615748096,0.8288444808483342,0.1567739465583404,-4.983208587752944,-5.328877115292594,-13.691196717968882,-4.576935087535023,-7.3476849130047,-0.0442450151749032
4.311348842331149,4.33294877849661,-0.4189676336715937,-0.6818785626662313,0.3933346441366364,0.9856271241884512,-0.1787217040469144,-2.655977009944654,-3.058743897085637,-4.636365787373791,-14.751737924594806,-6.169755913771207,-5.711076241567751,1.2944280694954091
4.952435699211458,3.23283191339215,1.2253246621689629,-0.5768661255683349,0.2371748332038574,0.3953863514898352,-0.069945938077063,-4.416716352459689,-1.719846535467927,-2.399542033622101,-13.615546014795363,-5.133544259989986,-3.0614312119249263,3.326671765492993
5.580827211133068,4.110643816270603,3.96685738130664,2.51001244693672,0.4319776104706223,0.0144281304718531,-0.3996154432303074,-4.76320485061615,-1.8356727044848664,-0.1790527116364417,-9.655275889147344,-2.101245336034143,-0.2373269943961884,5.69520840908854
8.46865954917837,7.1948616592185575,6.199199483159697,7.384177701790431,0.9393830869658172,0.316390175862235,-1.6896309582015536,-4.176325853255581,-2.8716993196287888,0.9498116402065008,-3.3825160887175465,2.1470403930127646,2.398414318974358,7.884349781537528
14.169530540662082,13.930996204294615,6.607348381267064,11.112978086400918,1.3902906157957615,1.615083292699118,-2.820694439326662,-3.3677027213915283,-3.493415154129171,1.0636970279553275,3.2233495592362478,6.533517301534289,4.665783497681399,8.801591896904686
14.845791913219262,15.063034532810391,4.897624863820895,11.173456359713205,1.503707098199749,1.7954793267367326,-2.287234358769441,-2.678680053338799,-2.6887446665684305,0.9598378897324338,7.518335051844048,9.603205282044474,6.097046396738457,7.201212237465073
10.598900116811166,10.499695541192434,1.960396179462269,7.40798422199386,1.4827884566689564,0.92348851306385,-0.0949352638188372,-2.0452192450952,-0.5349701722564384,1.2327250183981855,7.884552803601976,10.01439698578914,6.00789305098894,2.914278179085004
6.225023395798677,5.488725760640351,-0.6498210516851117,2.1246286878160414,1.8592060051423704,0.0829282684929471,1.691267903403877,-1.430342998054488,1.84250760340398,1.7400054777164151,4.942889669323954,7.381191931086697,4.13958902933644,-2.331923995168119
0.1008623423719671,-2.013774318030017,-1.6729351419768186,-1.7122105511264998,2.810573152289174,-1.1563797235251834,0.5203653111079354,-1.156666584008092,3.0064572627672272,1.834615888060772,1.0889980289073469,2.7147276185252927,1.170892400601452,-5.693908224189953
-1.4262441416543017,-3.632832777830665,-0.9587116874315016,-2.610257465409469,3.6693997069420554,-1.236800374799903,-4.257409959745605,-1.7155404417440308,2.174284619512493,1.0553130284072132,-1.3227005791906885,-2.039828233610108,-1.5274968911207087,-5.3125755169341335
2.7223451995810777,1.796924891868913,0.4696208142786424,-1.2345405017188562,3.333237436833789,0.0639489668934516,-10.392628854656872,-3.1801578746284584,-0.1530212920766129,-0.3382831498267311,-1.480712644210228,-5.0800132919119685,-2.7401325446660403,-1.93656503964168
3.9163290315521735,4.935904950036949,1.237430095465483,0.6954656345516996,1.4020039955251982,1.344937130630646,-14.14185642548946,-4.780422206418455,-2.3439131621824263,-1.4240723728294733,0.0201865220593182,-5.616939104946496,-2.0901253613265416,1.6188226720213936
3.589813347800058,7.744552507484124,0.7463988506530279,2.031803264618044,-1.0483862691715318,3.006234445110046,-12.949064039135056,-5.135972218902694,-2.611039059665496,-1.2494488028990116,2.530645758812649,-3.966392849994543,-0.0111128131859417,2.944580814340271
3.180062431941052,7.228153928943903,-0.319177101969564,2.8095997678883657,-2.0343842542875388,3.301275156742126,-7.2018400035259145,-3.1363129701819847,-0.2558755555475145,0.4241150487645615,6.224793060344672,-1.022682306658507,2.7846884848953413,2.234875498152748
1.2797201226330277,1.628217757454098,-0.592767816188567,3.5277787447425397,-0.3307172472742152,1.8953899520682376,0.2354200387564602,1.1141184496574033,3.7162937374869887,2.865844293299338,11.45106799493927,2.2623505210432437,5.697442369967922,2.018183673864321
1.67209688701408,-1.7043786389907776,0.7194489925854899,4.148162045478843,3.205638229983212,0.4957444923224208,6.103492343317505,6.040175738110198,7.1681502955323,4.869536765878927,17.35951595486471,5.000280156697466,8.165871579218017,4.4829500667659214
4.413412902500816,-3.766465784379678,2.9988471520698887,3.9774937174549754,5.99520145862741,-1.384732703100455,8.689479782937296,9.364785565435154,8.234480322832068,5.613271308155259,21.59848227609408,6.2725075151044125,9.433672570638034,8.878648997426804
3.1125344646969344,-5.231394363106244,4.552674276491069,2.472413176050528,5.676140981072104,-2.537013836231722,8.324712828245733,9.474732948072957,6.492248704840197,5.122570490874528,21.815809958243022,5.260857784142757,8.658543708437907,11.619008526041076
-1.8589522811940715,-4.754237658898323,3.896933105338504,-0.0361400530066475,2.0415003580206954,-2.6505777225961915,6.50599970983064,6.448741199045458,3.022191786124191,3.926861042217773,17.689915099194813,1.7178581111581277,5.428329452734711,9.246573324368471
-7.032083119788317,-5.321679169047079,0.9396657585708912,-2.547574324802093,-2.7023993272022286,-3.044310387712083,4.678193187304468,2.0115311905132387,-0.5415022840051531,2.338501319396908,11.458129294894327,-3.5987890715527677,0.2218882083315865,1.635367520057267
-13.629496183603909,-6.708974309259742,-2.8922698799382847,-4.290471641103367,-5.606987237679145,-3.3598546418977024,3.609855280343222,-1.5307259291798436,-3.055436291095013,0.2229481108422115,6.291969386222598,-9.007997194439008,-5.654512040562191,-7.536948196807893
-15.626957437368402,-7.313091871283223,-5.658228861613693,-5.330814668862398,-5.180200480610326,-2.582159156136293,3.5019396563056797,-2.597145418335953,-4.194283344707998,-2.414829816541335,3.975621245709771,-12.600185352259974,-10.632053264075983,-13.527289620186686
-12.11074016788922,-7.617451372674014,-6.2281116052202,-6.278512721623159,-2.319842575567018,-0.7583343118619418,4.334016450274181,-1.0362702903670225,-4.091191756721989,-4.741234893694701,3.967590693211133,-13.164985527959203,-13.508806181393782,-14.037411484395424
-9.67823921447615,-7.555107278043444,-4.941860190391842,-7.478538715818658,0.6486043712396379,1.638599394250962,5.955451266995869,2.058192126661628,-2.9642518475292103,-5.349026566183291,4.476543943062962,-10.810807636158149,-13.791686253608775,-10.510622111455714
-6.852431229025588,-6.93451293015061,-3.216314823851654,-8.56548838592735,1.8528230955936245,4.834530003649631,7.898895710210789,5.086594388897415,-1.1934581961356825,-3.568441998640317,4.246206799083242,-6.925323388996515,-11.78013661933484,-6.431049501158833
-5.328574072151916,-6.402339370958085,-2.500335562575187,-8.789191150309106,1.072057437135281,6.264551860200002,9.298993385068092,6.71781011294383,0.4162655470848739,-0.6173637102265019,3.312377285214067,-3.471131637449215,-8.559493020735767,-4.494954955107739
-6.248859064825615,-5.91934739693809,-3.3462909107289143,-7.70102589552049,-0.5529715241622242,5.658526112759839,9.25635542237768,6.389904896676139,0.7991243594198676,0.8360100768889298,2.3233045624203603,-1.9471597749031928,-5.82167872853494,-5.120128674232396
-5.765524790858838,-4.913187237935905,-5.146836435607398,-5.510694932094387,-1.749413551545672,5.046383862347082,7.526552761657808,4.466668757529278,-0.6357156157917494,-1.269395820551089,1.5082896291612369,-2.5857064936956218,-5.230590986350548,-7.075206856074329
-4.541920571548186,-3.475298985299662,-6.593449006885515,-2.8693061921447702,-2.065171659017336,3.773330789685857,4.9554289411748,2.035418633330816,-3.3226362764478177,-6.40075803282671,0.4685550816920112,-4.321950293204253,-7.376752673478219,-9.01752656219852
-4.417078666911407,-2.327233474266366,-6.516370977977768,-0.4113887082016462,-1.8390300134339117,2.788868210623993,3.1091930834431425,0.3499337350663496,-5.705094326535955,-11.447885700725063,-1.1982892104053802,-5.628200688300908,-11.026905952248669,-10.341970821294002
-4.930961306071184,-1.432928431517025,-4.62846488123108,1.4947900172889494,-1.51557839338796,2.374726103111885,3.1629755257879424,0.1108009718832008,-6.318062648787276,-12.992098402772845,-3.3550983674181625,-5.639299296106033,-13.566238027480203,-10.939885528337408
-4.979452178953563,-0.3895030043970066,-1.7691197556487874,2.686138887057048,-1.159676763902498,1.9908867430698212,4.845481676789321,1.01299285224386,-4.935911764303213,-9.98249625338794,-5.473263620502387,-4.691131352281644,-12.73011539910112,-10.6743590787489
-4.733323908061775,0.6583082904986925,0.5226771107763732,3.0651757515264,-0.6224721122558707,1.9788832689285405,6.390822816003686,1.9471434210766208,-2.762933978972045,-4.514105588065812,-7.128499391506404,-3.847083265610477,-8.45352858542161,-9.384192569865329
-4.286445395717981,0.6985189474459537,0.9192290687078626,2.600349052228492,-0.0220146437579085,1.3202332356599096,5.726785742994805,1.7982230295159578,-1.4500065790323946,-0.0644258010210894,-8.159957277893561,-3.881019319051355,-3.197812176598645,-7.320207609488068
-3.414749604138,-0.3408213738872615,-0.8352080545659168,1.4342150347067726,0.1273486416677238,-0.0337521644275007,2.063538444946861,0.2706998113608323,-1.7685823493095212,1.2097583274822323,-8.424587078639822,-4.667931440366683,-0.1790541100651475,-5.298400197577395
-3.840822343600592,-1.5187071244398955,-3.713614841499399,-0.0928470436288302,-0.6319848618940402,-2.7195253496795284,-3.4088469869762683,-1.921015706170488,-3.078563892790928,-0.217159791998589,-7.717658343106758,-5.49837404945302,-0.7891181287300033,-4.191727301172207
-5.648386995450188,-3.0700731364172285,-6.064124628312495,-1.594515656642591,-2.1219928833904964,-7.100579706614537,-8.345023175692425,-3.670966177901284,-4.01803109821523,-2.2525477325333,-6.173714127712888,-5.912585619311343,-3.438203978603211,-4.2066622176579225
-5.15573819138204,-2.329894703591432,-6.718208066097218,-2.836849202921889,-3.4797737676159586,-9.101452858216335,-10.952087045532046,-4.402863918384474,-3.7785295443730105,-3.324200334311711,-4.630568528689853,-6.173576828156794,-4.970810073648448,-4.725821762278526
-2.5049465143496974,1.1030159299813462,-5.737996110686867,-3.768105828730147,-3.7854964343476567,-8.690878111712054,-11.17926562633588,-4.509029219880221,-2.8454598820192225,-3.584000985107891,-4.204321060238518,-6.9098925937219615,-3.5028833254584337,-4.950772997144384
0.915791268363314,3.271927234046754,-4.219925699517634,-4.321925143637037,-2.8220101540158518,-7.899468580439445,-10.436694328123671,-4.918982756824989,-2.5633869797810367,-4.21350634818665,-5.181935565861684,-8.289735791196128,-0.1106857667796079,-4.7052430018962
5.912292359123279,4.735737421111527,-3.30058451946392,-4.191918099738125,-1.25238578339303,-5.790999866640947,-10.17183535656826,-6.162771822258195,-3.884634907619906,-5.757094004679638,-6.354529129434264,-9.520944122057646,2.2544126567044493,-4.496769853531213
8.583601581385594,5.647163975680233,-3.1654841386893477,-2.8740882893390944,-0.0279075994667148,-4.932218536047298,-10.599889838817536,-7.763043689247722,-6.34812796372086,-7.255479351579264,-5.772127113569593,-9.1744167534065,1.6836764255759031,-4.662309085727617
8.591520653523546,5.2483443207446046,-2.8866052950417345,-0.0714820076791049,0.437201585776299,-5.62199077643901,-10.680171235617676,-8.54086440885637,-8.187746768292113,-7.042355990560473,-2.5238302094724467,-6.156444338939849,-0.6790921821407911,-4.487960090402751
9.623929293911836,7.712864961870967,-1.2622592039335885,3.8095590175673983,0.5661304025363316,-4.8344714072682775,-9.274104766688724,-7.633039201285818,-7.599747913160753,-4.391982509418908,2.0606657568700912,-0.6670010689173491,-1.514859926221272,-2.452479896488418
10.809472106729526,13.106667922769487,1.995361292616181,7.537789699998999,1.1231502947977177,-3.106169246437708,-6.373768028964317,-5.358163741923424,-4.2500401548444735,-0.4059774975667831,5.057023432160687,5.549911726156208,1.626260769368853,2.296932686550377
10.943751413189688,14.712234132908517,5.727790852772296,9.574821124656552,2.3889236760208874,-1.8286025381662576,-3.28594260129145,-3.1365130253321327,0.2009238579971755,2.7107500800106736,4.05518216487927,9.978162000554292,7.922128280116857,8.578140947807494
10.425595440000375,13.012540180055574,7.996670009580738,9.003275470701098,3.784689022275467,-0.6152768860932072,-1.6405272405280202,-2.449235087776138,3.1248983643822843,3.338932717431444,-1.0034171934918614,10.82046826309674,13.782579188331525,13.540278981223915
7.2029339490121576,8.407411698626797,7.542712783522302,6.231027699241258,4.313821047601783,-0.0641847598790231,-2.125722144882423,-3.659265876740059,2.8557161493351764,1.6584220462562698,-7.734841064722469,8.320989805234216,15.837980386635016,14.88105041006016
0.9138096446924474,-0.6693515294784975,4.915390041408715,2.887804013990717,3.4421453035254483,-0.4317758593600158,-4.014553968173509,-5.673923781696809,0.028551114975869,-0.528110451160174,-12.908962784922386,4.900430315184355,13.706038838477966,13.028323835197403
-1.4178352082697423,-3.889459158488902,2.294120803708422,0.8538267724227095,1.628766871820527,-0.5754512347800778,-5.77851544875592,-6.751235032812367,-2.838836741023932,-1.0819748539023637,-14.383930458619336,3.726086778025823,10.10013311189126,11.039533267787654
0.1668053160951245,-0.9485983527210642,2.002815148265636,1.016681191113304,0.022577872020447,-0.6739620989764102,-6.1654572806379,-5.81000502703332,-3.293759187353201,1.1020918518649765,-12.05060669863916,6.516678281900907,8.337918469540835,11.96488241623217
3.9559894897849466,2.6053844808545925,4.790676398085036,2.6489206337617164,-0.4219618425301377,-0.9974976282754668,-4.875089277491383,-3.190534957792785,-0.8436017350675691,5.508057820069913,-7.465374259081865,12.19050028707659,9.620863948052286,15.980745001213366
11.70525031322176,9.202472696771313,9.21525294569281,3.943743114707562,0.3508788370075257,-1.3668451982586134,-2.4757840118093477,-0.2723972841413808,2.828902302365233,10.391509721131042,-2.7453928963044536,17.54622695863854,12.452955297412938,20.069847697827715
14.248983294796624,10.391842097615926,12.633925714996488,3.4051320827364178,1.553002902644538,-0.835882656725645,0.1346633636752221,1.702849168715458,5.5133880069698735,13.80586134279748,0.5374001185438599,19.607376175744065,14.411477293481356,20.697846164839717
11.162556005962111,5.146057742733529,13.042315741086284,1.0612101214044918,2.2617979882618107,0.7109123739266076,2.220408508269239,2.61110000796108,6.4629901529511695,14.690566237004465,2.0135451172139778,17.802197852702836,14.349063917863774,17.015209010831626
6.597119146671214,0.2565680039624071,10.35068953340256,-1.4969788050175137,2.132672119963076,2.909222794166802,3.425251270791257,3.412832879875323,6.872036155595529,13.445012202837248,2.5129031154340358,14.167361606646088,12.987532382562108,11.560911512042448
-1.7545803810405511,-6.424219662032461,6.204713154928522,-2.3464917582558478,1.5420506502881732,6.061288942833683,3.796145678084943,5.1568904152770605,8.415211667051643,11.604491962890004,3.356955928492693,11.41726247331362,11.664462740053215,7.870709543900842
-5.806334511587238,-8.637611273871093,2.6526681459312185,-0.7440330000870896,1.1560493557679492,7.558268015555476,3.7111322364175,7.899935041520973,11.304230501236871,10.736161190136656,5.263322215843348,10.61126100842171,10.797469077213432,7.354739631753407
-4.895878370289356,-5.104894860399192,0.7991955296504343,2.343532135689551,1.3901688818962687,7.207042897084323,3.6821830473569297,10.498260322994591,13.81478577216925,11.280653072822473,7.613797120843899,10.501960295751486,9.663943757669507,8.355923768336948
-3.767213688032646,-2.199129424143399,0.4063041698607428,5.075750985261238,2.179197356121823,6.071159568641582,4.030173559472583,11.462022214158551,13.806881894539975,12.23297387328682,8.775105699005191,9.044810354416017,7.507929801504815,8.017852580020735
-0.3669847939080685,1.811235956035233,0.4865193232172937,6.098961732146149,3.0808812228511906,3.431457788944842,4.630347063415983,10.120627560258264,10.78500219379437,11.942842731173414,7.360592164907423,5.495942887468432,4.5593835528047855,4.913994518182947
0.0508533660502009,2.947509930003036,0.1729772088989971,5.216032867158801,3.4885463930927387,1.9675451012075345,4.992842989707792,7.093949071682344,6.481142383204162,9.379936411610792,3.417928092363108,1.0371466962736695,1.786949213373786,-0.0332298730829858
-3.184745316205629,0.0573978205180638,-0.8466424696013419,2.994482926380692,2.8406223455332023,1.834768334677318,4.681147264520994,3.736777518933956,3.367674397415485,4.846127295305106,-1.5030565555533109,-2.5487784853568503,-0.253808227941616,-4.838457097915057
-6.734453421708201,-1.8752633822782976,-2.443173220331793,0.0478883462098571,0.8934934683279866,1.6447117007674772,3.715254721655619,1.155797085792611,2.512784412451114,-0.3217703461252199,-5.456171679333307,-4.61840745878281,-2.044732871441476,-8.304405968259257
-12.017785540044375,-4.031979744748354,-4.311558554370719,-3.1336935534191497,-1.977712421335014,2.0622422833337275,2.571219303581474,-0.3245657695069628,2.7940831610306844,-4.637784743030941,-7.379398547356817,-5.96660316019452,-4.403501015750298,-10.614176617206764
-13.339219169141534,-5.566117781277453,-6.046902542259484,-5.840791483895655,-4.757429968810161,1.900690812370006,1.7680951096214477,-0.957766365168376,2.127563105371376,-7.208785292673323,-7.5066122094167325,-7.521324676727582,-7.270937192721102,-12.462503897315017
-10.0155023261178,-5.718250111885422,-7.108419784968373,-7.115570073130119,-6.31017606360367,1.0344757298186018,1.439892022996287,-1.0995843045173377,-0.5512195941612958,-7.986418096181556,-6.796326702247153,-9.08562670140154,-9.505774753519026,-14.003036041659852
-5.8240715835795545,-6.35748491273677,-6.974274207043062,-6.485765062327653,-6.195861926744973,0.2994548410330274,1.2901139795074643,-1.0314125551999087,-4.411215037130115,-7.639705026073644,-6.103970608005971,-9.6586601231471,-10.098658048786854,-14.75543065065689
0.769574248722453,-7.059755156700734,-5.538701817295497,-4.777146050195121,-5.061171356744236,-0.5925152423233515,0.934246956245818,-1.092077440787635,-7.601099886464674,-7.191670797310673,-5.767778939983851,-8.940452718259685,-9.494790874360236,-14.327435856127916
2.074772160684132,-7.92738382015231,-3.3896293369168884,-3.8678290132964497,-4.124553441941277,-0.6439713053233963,0.2717884886421283,-1.6788260840479023,-8.844227936268664,-7.4407316196620545,-5.637452074836782,-8.12268685972188,-9.40141721154641,-12.962267185137572
-2.8539432523861628,-9.218834924397749,-1.5736456047359533,-5.226007043329794,-4.137523565264858,0.3122974923686989,-0.4439335745706098,-2.907288700890147,-8.242878885017774,-8.379498963144329,-5.24457760237501,-8.808596454718588,-11.058939991462656,-11.34882456677868
-6.8912027141215,-10.79754329296305,-0.9271859989239384,-8.49955032864331,-4.805922617527488,1.4212198413227852,-0.8404953874629097,-4.307276677819215,-6.795076477727188,-9.149102653673568,-4.055206763829929,-11.122463882505771,-13.763184378801272,-10.09439676615158
-11.931265943964275,-12.806081185258124,-1.529075510973099,-11.625364719864375,-5.239900368620583,2.9569164890658888,-0.7077728129723944,-5.058427469204253,-5.4056323378816025,-8.833119280073856,-1.9353013910680816,-13.200324032439951,-15.339570734595975,-9.524280383815178
-12.386815649036304,-11.854530782096717,-2.754335513566359,-12.498615661231328,-4.924190281337525,3.3671778812240567,-0.0981608357995131,-4.682588747315415,-4.4024360496336366,-7.5031343043838525,0.3924381666841769,-12.857010273359023,-14.23319240662716,-9.825787003741471
-6.806247555890474,-7.6488271515498685,-3.819933370232865,-10.633690242980617,-4.140648315050828,2.4162157775055046,0.7695272392785026,-3.499714917665757,-3.7399127002416472,-6.35141323018726,1.540604707815246,-9.775010995779107,-11.07146889284726,-10.986628651165606
-3.3147801528639023,-2.9490587642409656,-4.260058496826147,-7.238450702960929,-3.412312951546048,1.5107834974348693,1.6631598907612637,-2.3109186154113,-3.303054236351077,-6.46647530238436,0.5564141390986683,-5.846221039249013,-8.024856441611064,-12.337426881042202
-0.4394346130452389,3.073501036534084,-3.954308639318184,-3.784617756094632,-2.696188376131893,0.2380517887830803,2.412826134741912,-1.6050253575436488,-2.871964667307272,-7.363867549666237,-1.905888452392567,-3.2409108705681104,-6.616021713009658,-12.360003639718158
0.9638058125236402,5.520647061653136,-2.9119288596808546,-0.7066188264470217,-1.3853229337648871,-0.9038283373851254,2.872961369906163,-1.1442796815464842,-2.0107653450288625,-7.020242995140178,-3.7063641496395454,-2.2862391971292704,-6.301627994121409,-9.52402019862874
-0.5673409642669974,3.599522274883314,-1.258848410627166,2.3987349890381124,0.7716182156489186,-1.7149523617274602,2.8391304332897125,-0.3821277556565401,-0.3706838653243398,-3.808484572222129,-2.970199113161085,-1.4732082247229827,-5.314989213900046,-3.816748965179421
-0.4820281091208512,2.9609979561799817,0.5257530712880373,5.48928389985288,2.916185839888997,-3.523027675679176,2.054850993796509,0.7750948019370112,1.7129366263468908,1.4410496068872414,0.0201038534072375,0.4609396819299101,-2.7905262313231987,2.5377444097046715
0.6816344428885087,2.397555882265231,1.584362095366207,7.430520363642817,3.57006579323311,-6.229846576255158,0.4109547621055274,1.755167923321121,3.106159219226584,5.594618461140634,2.8560923972813903,2.801884340285301,0.2096029785236903,6.348222588609662
2.037423892221871,2.281938673232182,1.2109886757559338,6.995752754072763,2.110638002127975,-7.0228532231812135,-1.7524536386603138,1.932332326175508,2.738155114775269,5.903246283185526,3.3266362215955176,3.5803522013408298,1.931141884118296,6.0193883938811785
4.397537043656074,3.513754159208621,-0.435712378437421,4.524099928688859,-0.2779298151315004,-5.920074866110749,-3.5540914753765014,1.392609832839418,0.828933241858453,2.8013431957212607,1.8977052576396984,2.075700938330659,2.059993812595152,3.114193105345965
8.07677597131405,3.7994470109861376,-2.2463480499939648,2.2196003218980263,-1.3673033558793422,-2.729593974130596,-3.979870917347257,0.9744315078814269,-0.8254439618263021,-0.1114309120085108,1.6349727655326864,0.2531887901137555,2.3129002041935878,1.2000202173612928
13.297219083469292,3.4651102900149278,-3.0014917819330527,2.346680199526406,0.1677493775814742,3.352163942535451,-2.659025661446803,1.4918767240876551,-0.1341009908588066,0.7458477555263343,5.205550759299554,1.213598866057973,4.652726012168831,2.771687478652632
14.483156155745402,3.3272015366921948,-2.417684380178456,4.9355915358114935,3.4883180592297904,6.447863938035988,-0.3708501047200329,2.9427317027187865,3.391395040527989,5.467683491038419,11.729421767680249,5.936282184948642,8.90306293786198,7.045159717394835
11.313066920700695,3.0532413456528973,-1.3175359906526942,7.462718311633192,6.337888971180753,6.463897021334014,1.347960863681816,4.521958005182918,7.913181435704353,10.33248809868367,16.837474911709716,11.6773747377276,12.347223355056288,10.740744249235268
4.932413783719152,1.1795513441954917,-0.6847819793926839,7.148061791475778,7.120836418158692,4.876432990901198,1.3982426469105016,5.393701982355846,10.58669159145938,11.12625510706888,16.35214060819726,13.97646952737893,11.967629306074596,11.120291788467856
-6.279356559365137,-2.389942145912086,-0.5799679523577335,3.751022235977648,6.245897382882991,0.1710161894721678,0.1543557598239964,5.386743502626984,9.872622004934453,7.0573476584320645,10.277960425842805,10.617199162639142,7.262941576144994,8.355248028274616
-10.035597454270654,-3.376263539205719,-0.1121589198671038,-0.0037017509327634,5.393964924447531,-0.970964929716642,-0.6949711245845565,4.922441908294284,6.761571613870051,1.5255901938694278,3.136931070802036,3.773673240475909,0.8977374874734276,5.039444916448663
-5.6890991637496455,-1.819965986083105,1.452618430054447,-0.9673120698093172,5.533874038318928,1.6845780288900558,0.4472900700529914,4.360971061449595,3.79110526073173,-1.008946755096194,0.0664032580477611,-1.7866011132968076,-3.4721990002080423,3.5587681977827974
-0.982134019964898,0.6603657932039875,3.6487149817074327,1.3919598905572697,5.843997948593286,4.6832887956137865,3.5944018207898574,3.574101451256557,2.8032217008989875,0.9293172302996862,2.29118452750273,-2.773153456779585,-4.122739428916392,4.075476719144622
7.0322509956525465,5.071840369104085,5.050578871592385,4.526540890494447,4.747242962720496,9.609151105102978,6.97684903093504,2.2472865023903235,3.5436575516133293,4.694312074131343,6.314478706138343,0.098719919375469,-2.240466151121133,5.0068979591628056
10.03696219780477,6.51823018272335,4.661067387264124,5.40052973093478,1.973615772338772,10.418963755580338,8.403630302230571,0.5449225016741026,4.313883972026943,6.248933053536749,7.552265158328274,3.312608415878069,-0.303252558664572,5.143684707460177
6.712894734018115,4.613686940493748,3.023024534047578,3.458879236582623,-0.6387459720787891,6.435097083635272,7.008106600342772,-0.6870061135971388,3.863389007026878,4.012646903207657,4.749201872622443,4.02923118359775,0.2756760922105732,4.931983373754795
5.379750753956951,4.351897022827876,1.8222845342318097,0.9449460200646396,-0.6623526169706779,4.154630228055629,3.8436515583934177,-0.5441007877508666,2.579136094993284,0.1385310688146259,0.8287760958703578,2.3945098581102107,-0.0656391836253069,5.583527636393605
3.9422177265859553,4.698588471996398,2.286645408177524,0.3672971227239885,2.467185363064818,2.236165306600646,0.8850409264689575,1.0235916626839363,1.8585923737193308,-1.828943966999467,-0.4680524409479982,0.731439906619832,-0.23817088922425,7.186749478436582
1.907531896790504,4.749178100490633,3.971652205672497,1.89790977032482,6.553296229810327,1.0991194169927756,-0.5370955658383716,2.92467718512436,2.431325475877254,-0.4539843730882715,1.460176338789859,0.8651611201280358,-0.0372829212384857,8.086409917347723
0.3049028284388154,5.204832102468077,5.180378043493893,3.421066017067853,8.3368622764707,1.814409685156299,-0.4474403758295096,3.638186645738729,3.4055357637778494,2.330820853631072,3.5778592362423023,2.4106774191573006,-0.2770797598882626,6.358593389669421
-1.8262492968410304,4.104654363461275,4.6150381637541535,2.9872365138190604,6.2712526534014845,-1.300214184797484,0.3261970950773056,2.358681902762791,3.00184018767104,3.223556200916349,2.512759271976853,3.4716196681383007,-1.564303390314205,1.8830006944618347
-4.232527063519772,1.345179964465529,2.600676202776471,0.8529104049611287,1.7824245584459082,-8.162814496123366,1.0907964420537892,-0.4079097525448572,0.2145859814969384,0.6644050436383083,-1.9084466502784387,2.626718609778675,-3.3075000404564348,-3.180732371892823
-4.03735288310895,0.6658330885426336,0.6675627347679667,-1.0953286619540965,-2.100360429605892,-11.892689796986812,1.5381242169254552,-3.2938202455258203,-4.223087959546115,-3.9226805151614026,-6.517984112491352,0.0475627843018964,-4.193191195463852,-6.099548502587382
-1.0224405072662122,1.87426944535558,-0.0309791868424718,-1.70722707591489,-3.3609263850428066,-13.280814244010353,1.2656688456614802,-5.141070100099368,-8.412844881435499,-7.662622735490063,-8.028028088132086,-3.1108226621839616,-3.605757558199871,-5.865342702839614
-1.01350022604983,1.8122104037970443,0.2003896925416821,-1.8969976073206647,-2.436296422802136,-13.575322988731,-0.4679948978587713,-5.766390408441184,-10.732064399241246,-8.760336672686915,-6.160375086149604,-5.98375856180984,-2.3393450398523203,-3.939328559791875
-3.666471626314018,1.0898988610674247,0.1293106656129863,-3.3582716166067947,-1.3658651450021575,-11.420381182859098,-4.051698864194286,-5.815202549086239,-10.780147604348082,-7.614891599556683,-3.539732087204234,-8.407551017509272,-1.700930167002246,-2.7943711814777945
-4.356947360592315,0.165079819071507,-0.8708100636768421,-6.142764807172084,-1.7344881602721594,-10.211032526160484,-8.48425919009892,-5.928525366894923,-9.175060675960989,-5.8331021568600505,-2.6998936955832047,-10.202846014887925,-1.9040392679296876,-3.624107074272662
-4.038143469114399,-1.4625773017770216,-1.9725900870383335,-7.97867278684761,-3.412856339590112,-9.9102372473292,-11.373819812414272,-6.033703070033166,-6.73929162050761,-4.528867191257778,-3.4629659976972,-10.46366861391022,-1.5361549788920676,-5.270202067306974
1.156201206678666,-0.2530173708222494,-1.708545733033829,-6.353782913782502,-5.046858498936492,-6.773284545682977,-10.525809043441384,-5.423587889138462,-4.02398496019836,-3.639074325887964,-3.364262777515332,-7.971389728370067,1.1223092769922154,-5.292429406795473
12.394457980019563,4.029364195523567,0.3582908463298322,-1.3107106621631708,-5.499950555600268,-1.2843413271702504,-5.912875228913615,-3.552513891061964,-1.4632043257490288,-2.5970022994286603,-0.5495856494966365,-2.5350480360085825,6.067572684332594,-2.2615916233161304
16.11406490064314,5.347846673458974,2.895914190719047,4.03082997685908,-4.759179117648792,1.5135478622654603,-0.0639193352445266,-0.7995922718393054,0.366810026512574,-1.2913165291477284,3.8998141265445,4.0965761562603085,10.866219489905276,2.673012036631864
12.626916504577975,4.186238175778392,3.8915668634508735,5.97233291229254,-3.6299469363308408,1.8781354732623323,3.7840026639413296,1.5606315801434856,0.9301068488453286,-0.2285210586180381,6.5725943854703885,8.878842746235703,12.228767154308231,6.335002087257273
7.297355839697881,1.273881226760799,2.5738908679588715,3.4494288744076265,-2.815173495059698,0.5921512781733328,4.219636612548058,2.244204296820284,0.1989818200633593,0.0758997385059414,4.676691101354496,9.4095302476958,8.695970745227253,5.901561475471561
-2.898320171324627,-4.722103764120838,0.2403931952678752,-1.059608648821289,-2.401392269713685,-3.554865521695191,2.5200675862417103,0.9608038208420704,-1.237923730560932,-0.3693653791605897,-1.446725199409677,5.665144467044636,2.093949798171032,1.2939235474784514
-5.458897399914681,-6.269022698107479,-0.9088493704641052,-3.7008878976051474,-2.1269294009385167,-5.321475920306058,1.0597814234879763,-1.3600240752661084,-2.7076479342173774,-1.1501340804743698,-8.465684257641772,0.1044726474438877,-3.6517440003098978,-4.404237819427262
0.6981835144560159,-3.1247018474759543,0.1579697921874094,-2.406795212541205,-1.9270440091423653,-4.626939896957099,0.9093344986575866,-3.327408490504194,-4.098470897289589,-1.9382932525843144,-12.549404919826346,-3.988693887649672,-5.450119926718699,-7.024869726002744
4.326588154686487,-0.5294390208467531,2.352658680155709,1.724037390424293,-2.0643013160254,-4.3766413767096655,1.036710143953571,-4.131712388882913,-5.840342658722552,-2.7109002449508197,-11.930596099380312,-4.64202931493427,-3.242882505698262,-4.38732593894242
8.256577137455151,3.16887541432464,3.578685615629701,5.733920758780165,-2.727245473093016,-3.407810770902896,-0.1886993617519419,-3.930960789567969,-8.125389630587645,-3.501284747133366,-7.553994832508291,-2.206448071997145,0.382351018148741,2.0647878157569526
8.658613165025683,4.138772644344932,2.8142979432886914,7.30636450849822,-3.609126522802263,-1.8043593133617155,-2.888239477965164,-3.3331744283132587,-10.18583089418842,-4.09517191930486,-1.7960891811883553,1.3619741371940997,2.676266135916249,8.410913790572584
3.645260416941781,1.4681291933415086,1.1117287933064368,6.253494559272564,-4.003536335540293,0.2763115391139715,-5.2420687405500015,-2.642564128074528,-10.537475362139846,-4.108891047839393,3.189996378653639,4.1341024104523925,2.9585387861857155,11.23959316038058
2.3517974887018207,1.1332093035603066,0.5172993213424606,4.073017200207223,-3.393717231254969,3.401727018118613,-5.206578595474204,-1.708830865903297,-8.17238900517691,-3.3649059618360844,6.1576926779333725,5.340713661625539,2.6285086089582395,9.995869889112331
3.697170712085335,2.2293127530165786,1.9608184894843923,2.4245469485655606,-1.970218377217404,7.570462754462834,-2.590470954086259,-0.451288855800199,-3.64648294004535,-2.089623554110396,6.557929828767859,5.276709625751359,3.231133910734572,6.844614856098989
4.612950414081529,3.413626371532584,4.197956804414584,2.0101197916202977,-0.530842369283044,9.358943979709936,0.663524161210284,0.7060010797790532,1.046207690991924,-0.6628073368436556,4.43095010212523,4.477449338081335,4.713878230236274,4.450651186755472
6.644512247812408,5.667743443561244,4.895151673168483,2.5868260659991598,0.2204213455857395,8.566048655261707,2.291302062555296,1.1637687702129869,3.859995873864172,0.814166589736173,0.8349968602852273,3.2207219677149155,5.642723602270447,3.8528186248072434
6.450342083182543,6.360678035070136,2.8696197318317687,3.670378618716816,0.3635880023582629,7.77239534060202,1.7974699450889648,0.9451833897392694,4.205953050171805,2.6182756516046712,-1.948183241937551,1.7875634906980429,4.992112283707929,4.2705375608596405
3.656726069949825,5.362862328225932,-0.6747522434994382,5.005361573111852,0.7519629642890493,6.167720113974361,0.7580781705452839,0.9375614395969852,3.265260045498476,4.983638643344513,-1.4135289299164775,0.8749364676416862,3.460196768278161,4.625708631700938
1.2681125654957937,3.971697110717197,-3.1816589815608527,6.358686634958486,2.1721850484808014,4.550708743039758,1.0706077792744804,2.0247988613867705,2.8212989909884065,7.522774680055528,3.229953990493737,1.299074584375843,2.8197950804135434,4.881372905363442
-1.4863814419347827,1.5533713640805218,-3.1531306138100472,7.033014516903502,4.32813528591199,3.2566703628225437,2.892678126173005,3.854762992283285,3.635688372632272,9.087154328860848,9.8603683720367,3.006400299101962,3.963705532135656,5.690966352297311
-5.072364097604473,-1.672973827395266,-1.6542853327642613,5.874279248356277,5.6357483339263865,-0.0457869687557596,4.285375361098847,4.6617231045664,4.805367634638451,8.3538628958996,14.475169918020756,4.458176791100991,5.746435424621119,6.871562256728243
-9.151156880736156,-5.687999020580755,-1.39064939556408,2.090262696793239,4.288869511580209,-5.218451849340352,2.9404862862423347,2.692894228442441,4.6777891717334,4.83013386639038,14.03321754376524,3.40686901141361,5.940890100214878,6.69096576654683
-11.18741896609169,-7.863715493611735,-4.105867468088462,-3.698537959213743,-0.0522129452187325,-7.069668196851126,-1.5730924947347198,-1.9011099682721628,2.520556260236976,-0.4428737770342223,8.842504362891251,-1.221625909788273,3.4472139505071238,3.2132106449952644
-10.893197828181242,-7.8862252399028,-8.708948000786593,-9.24461405430324,-5.384837787056692,-5.625304708705146,-7.068633243216716,-6.595808671455835,-0.5524830532125264,-5.110520678501871,2.4054130825956985,-7.932552229103766,-0.4211301755333281,-3.361495695708029
-8.569741718857133,-6.203452854152576,-11.965258731298452,-11.860739837441818,-8.355280628429327,-2.45956674201295,-10.181055261380216,-8.181325127943015,-2.2845968354465533,-6.6961120421737945,-1.1964690138827765,-13.223304645569694,-2.8775020351055005,-9.85815848695766
-3.3564904778957407,-1.9438183070594977,-11.240184978772051,-10.359876827225165,-6.68626989787802,3.714596233425595,-8.79748928535823,-5.305957273421573,-1.0878896579184882,-4.106505023024141,-0.1766152231113409,-13.946397687339276,-1.994633353948608,-12.13452361596365
-1.669726469536739,-0.1266518560752616,-6.860640239258151,-6.212891079618366,-1.1924976508897895,5.7631018698592245,-3.552305367289065,0.3545084841925874,2.5461799973351056,1.5369666203850691,4.087282896125153,-9.653321548229876,1.67701964804502,-8.493279757483641
-3.7504065505115856,-0.8828187603662851,-1.974807603134586,-2.765470892034664,4.437489843898074,3.242550632597932,2.652092040401616,5.361272087012946,6.253585889079165,7.383694313614129,8.529926268662702,-2.988703535173704,5.561285402246973,-1.426516005262016
-7.349102765479482,-3.93523765546516,-0.0509193211044554,-2.868567814726756,6.202853078826859,0.0258027042224403,6.556776588263734,7.097362729630346,7.499369380333137,10.442594578692953,10.617550513285064,2.196142920771063,7.031060500595601,4.0640814263399925
-14.13339580225874,-10.699036045045744,-2.2182782626159003,-6.692495798479518,2.77789455810502,-5.6849733432895455,6.441901419390876,5.469757215646473,5.420733957403913,9.297009854941434,9.514835027706509,3.483305395239171,5.165333767435204,4.231973662389674
-16.757030727780744,-13.135152517677618,-6.6385217624634585,-11.50891753318444,-3.49167917923992,-6.817758936008582,2.871051145274384,2.486110588782795,1.380903198953099,4.87015558211364,5.814587377468282,1.2610114417399494,1.0283744039161604,-0.7734893483656116
-14.79451275265721,-11.151441673808153,-10.1714577761356,-13.694063877836491,-8.39497969637109,-2.603130553306328,-1.8820849717364003,0.4146955252850972,-2.1109214341212788,-0.2021934861552026,0.7666619553552145,-2.009011310260881,-3.364930745536018,-7.469716192788873
-11.403043053365378,-6.360264061441613,-10.67734071565704,-11.390988655475503,-8.949592435689748,1.7991587963439704,-5.162535208170908,0.2630068329522501,-3.182506034056709,-3.160853247655289,-4.113274370634729,-3.785046751769672,-6.3218019893579935,-11.97462983481093
-4.679278083602101,3.3167246606590526,-8.09634789696102,-5.754266527504058,-5.2922304529917845,8.199501508628796,-5.301174911667975,1.6094794996267154,-1.7456595561994703,-2.714190194297444,-7.191791001602965,-3.098837965465803,-7.161638880511212,-12.64606741301981
-2.162508146549179,5.717242272644508,-3.857039152325431,0.0713386551671746,-0.0714804690163717,9.857339213975552,-2.4446042928359226,3.3851455831470965,0.6771932370184324,0.2618030251872127,-7.300764627753789,-0.84599593110444,-6.290971799888297,-10.52763500570058
-4.409989469106479,0.3263472556782079,0.3809737626694698,3.2208182212942447,3.7913775803157774,5.698250727136956,1.553234595180868,4.580996442106102,2.100511694770628,3.284893784583595,-4.771151039929762,1.1535963340377755,-4.981076968773776,-7.907961435651906
-7.504105092863624,-6.548671233668052,3.476295543063298,2.7609269140086994,4.961203668825771,3.0952155009644557,4.241786208734887,4.457155600371401,1.2973080721560244,3.776815227874774,-1.9019052827703504,1.459696167553517,-4.904426110294905,-6.64773784765862
-13.38842248599878,-17.871062301216348,4.819332964518992,-0.3257927742724824,3.892795586185734,0.3853320328117686,4.140191492505011,2.6542228393683054,-1.6164534700862774,0.6568135559644119,-1.8632418655956329,-0.1466873802758002,-7.294523341012391,-7.448088983292118
-15.154622302321895,-21.540109345440044,4.211273256738817,-4.308087185134353,1.7610438023688992,-0.4036798038952107,1.7059618057693484,-0.4352067859391724,-5.384975571977666,-4.969878591569124,-6.401972291823711,-2.6389844396375928,-11.979248280698666,-9.97684028113008
-12.125921501139134,-16.25331406499085,2.061595391357436,-7.733444271969457,-0.5648067450811531,2.0089218069318786,-1.0971658469482222,-3.4231251215739533,-8.319099172652784,-10.51240620086224,-14.141524820574933,-4.4422848293399895,-17.085047527424315,-13.224766774670378
-8.649633640074184,-11.42981723306848,-0.4038837890150155,-9.6462995288341,-2.6731402624289693,1.9409715631710052,-2.3683974306962448,-4.5089366547852645,-9.102701385548308,-13.528867550799047,-21.149134558145345,-4.457418446386917,-20.036926896280097,-15.861856019238186
-2.9372366911345718,-4.03549700699141,-1.5577176555555106,-9.448733379505605,-4.188526755877827,0.0308042413685554,-1.7007154470060968,-2.824526283593101,-7.372072694547718,-13.13941951358452,-23.609357116348438,-2.828669987109709,-19.400830073978295,-16.767488568164353
-1.094190522278006,-1.6360055779000808,-0.447742308292284,-7.143316496784795,-4.600201471467615,-0.5212011817292475,-0.2716580373916493,0.5963555318176752,-3.859573755291869,-10.242389685980395,-20.52297615623511,-0.8919766759598282,-16.103534803699244,-15.655958851792091
-3.918199001757441,-5.863998617639377,2.309422521588072,-3.863056813528157,-3.655369124583196,-0.5578325041766836,0.4147644263134999,3.3771706910183497,-0.027382340224701,-6.5436436138408265,-14.205315650859848,-0.1797735541891185,-12.803951103160555,-13.267604705673625
-6.7226974196673215,-9.098970576459337,4.790085516527242,-1.7556988153327566,-1.812142694344793,-0.2104831604137564,-0.0645000713899612,3.6897661651714975,2.6813080483289973,-3.335414942631651,-8.233776267369153,-1.1106221530670162,-11.727630676399096,-10.770359355639354
-11.111994309873165,-13.472065668617589,5.207545497465436,-2.6609590548075843,-0.086171453013474,0.9544759203014692,-0.7569763855096596,1.848795427588243,3.619426214367266,-0.9890401884379364,-4.69189347673789,-2.4591791877331204,-12.760948905497294,-8.809782907286497
-12.540920745953484,-14.253021165446873,3.392482692987805,-6.40208809811887,0.7124800391170929,0.3655939841800635,-0.3268150817918958,0.0393348631901275,3.277492284271446,0.6924217108647248,-3.054987437878218,-2.270364416861945,-13.555687237503385,-7.137299069680845
-10.177635442221192,-10.10616225108315,0.9614833240306772,-10.366927064847346,0.6321458685557637,-2.0701543715184174,1.645869888724647,0.2922773390736708,2.897233955331572,1.88938282600704,-1.4554207059735162,0.3296949018684785,-11.693370970861237,-5.231674560066654
-7.934849258300797,-6.253912688233322,-0.0753748390783002,-11.18596780950892,0.4396297277291161,-2.856157331320842,4.206963064304222,2.53172622498829,3.5101844926773147,2.5690465134051905,1.086581747118423,3.958383811192256,-7.072464709655863,-3.263598461532961
-4.538685165805669,-1.2421253692034029,0.9189081708017852,-7.354461045341228,0.7961539021318416,-2.387509282558414,5.730692440697052,4.535353501805872,5.034785880313443,2.680960132305387,3.594472502885079,5.682866527852386,-2.343662873274118,-2.2963494502375568
-2.133363359932205,2.2186783025703343,2.6551381310826123,-0.5513762167602199,1.577244833432056,-1.5997679977824804,5.134138982756484,3.8963517230551545,6.178593839069929,2.3197938432124534,4.107244126970905,3.302340713263746,-0.8216239139387369,-3.341981492941244
-1.2732293634873617,3.2741701121614635,3.089979931775476,5.586616455637502,2.0378453109371417,0.1627764962158996,2.656161396538092,0.218149888723067,5.395290237272619,1.627476515667876,1.6519846674237757,-2.6171888659509523,-3.5141414616223354,-6.105932718458265
-0.7660728730730335,6.233785609581363,1.2594398994325608,8.233132240847965,1.668349172976919,0.4532939973667498,-0.304614497945602,-4.428834437169302,2.2876256708914138,0.658890077851817,-2.6347643108252505,-8.789041468871382,-7.814739020455192,-8.696285014557382
-1.3486995776495667,10.359801332323256,-1.8773001944182253,7.3349492206485,0.8747494913860603,-0.886916946241096,-2.099456492852619,-7.163928945302935,-1.6913925158277294,-0.4916908825701398,-6.20317832328467,-11.48756167217516,-9.154058784780135,-8.74624064782938
0.44718940881114,13.9067701284726,-4.289592314476184,5.234638164221213,0.7751375947372541,-0.652803956101469,-1.8434677731783555,-6.573014774740895,-4.001089658108743,-1.402329765882488,-6.960081691467549,-9.279112855752812,-4.47956276495522,-5.091892824935751
4.867562400049399,17.444794620242543,-4.5675481186121925,4.525440373819517,2.265925514658891,0.7382718664506362,0.1062342967489193,-3.660603088049319,-2.8444253818200758,-1.306521747096391,-4.771749582665963,-3.9822968360805007,5.166863711766951,1.3759898311900471
10.995663132795116,18.93160614333914,-2.908925219366682,6.105320755418708,5.204663691368348,2.69735803532515,2.479746801371144,-0.7961308507866063,1.3337882295370482,0.4239217027949138,-1.494851940048271,0.8709049541145664,15.101838378893216,8.325884584623228
19.81719364724612,17.958195047950284,-0.6328009894701196,8.933647472722983,8.42376456924123,5.818269507836565,3.987096206027108,0.2777193090799938,5.981549024300295,3.628180568194335,0.3755331819575511,2.7255172262519043,20.23639624560061,13.463678337163689
24.30714769301653,17.730859118241547,1.1378015228622465,11.340884281345904,10.52342785433428,6.528679267437604,4.161039478456164,-0.3692455403147132,8.240781707844445,7.174989644112563,-0.5860153613333576,1.6777786650896127,18.637701678021568,15.706590129739714
24.0585579092863,17.79924324017028,2.3130724847531017,12.510380219663851,10.766047625750826,4.615016151139604,3.5583271231934126,-1.341876137735468,7.049472024072832,9.562976546507972,-3.7888886763387415,0.0003702695899301,12.730586164233117,15.397846937399052
23.77149995472036,18.84550776435432,3.51341113596272,12.893833602368913,9.425266045220113,3.029916641126447,3.182107554556755,-1.4149293529493288,3.873581847289364,9.929794250128602,-6.956565915695448,0.1911248292838321,7.363031658382116,13.808531136101388
21.770826855992254,21.564323035685028,5.105906720209794,13.440694447461862,7.467159708884528,0.979930065866127,3.58272190081287,-0.5812902968916358,1.4940161266801582,8.67604498376748,-7.468882570124084,3.201929544824538,6.38463594090073,12.523206427951486
22.030141525731544,21.932236396620517,6.67272396913075,14.510998725499684,5.901088554660857,-0.0869027567939714,4.369253434052967,0.2156781911311442,1.8423781974395768,7.151976002832781,-3.9276321934618377,8.028733900464859,10.343108509378697,12.953781108360548
25.303818532027044,20.102091500013103,7.429807177289984,15.446048735100153,5.220090778250202,0.345021494023019,4.551109279254964,0.216305452792179,4.593416209079848,6.58243624665611,2.9279444453430115,12.615814072989211,16.744759611206746,15.840048812729329
27.05870721886265,17.586093222564298,7.099571127923987,15.100284731358766,5.179728339031888,0.5590915492376389,3.430812516581245,-0.3839761794270018,7.528539981021176,7.051846565524666,10.488289619307666,15.177229198267009,22.2160305412776,20.74618479387448
28.29692258887066,13.52949598157233,6.303071524492918,12.835891253184776,4.986049015277686,1.042697206454495,1.256871573432104,-0.7767627872517053,8.244964662185847,7.387753716942099,15.618619341308952,15.064044293099554,24.64845780337728,25.975442354335826
26.90204846545399,11.442964560681045,6.056577876070584,9.159754605026972,3.826311883556434,1.5708840993860973,-0.9764400340027226,-0.5424362416117958,5.826008374806944,6.1075367948205646,16.343666005586,12.860272196867507,23.87268192386682,29.281777327686637
21.9898634734288,11.631927636251476,6.853886787731607,5.5079813106888444,1.4890300864802022,1.940275995756154,-2.4156570767858625,-0.1598143181480331,1.309993688944019,2.719096373268613,12.884086391900691,9.876083340411927,20.8854571005057,29.09911872480149
15.986155928095233,8.81465790505244,8.203417984920845,3.3559478506591347,-1.3450615647580977,1.098348328162409,-3.0606383276258065,-0.4161552908680122,-3.156734307038878,-1.6859212729602395,7.421985519396234,7.402696624608701,16.73870242909296,25.423915713802277
8.088259575386699,3.5679450204874352,9.037272283212276,3.3177494868996504,-3.4604099752395285,-1.2199616780070446,-3.563238857134568,-1.338203489440943,-5.672256554872295,-5.083092552935955,2.7788767022731022,6.101703305582017,12.079964901551753,19.7036455318028
4.443061623499967,-0.1063181746578217,8.600875752040455,4.852066657706796,-3.970585605408047,-2.2620880079722783,-4.295445835688813,-1.872545199956104,-5.497578689885675,-5.930873536931113,0.8930761852396145,5.825969312145968,7.421575904157507,13.921468388282598
5.865813755971562,-2.935967039455948,7.027983433982143,6.700037947195291,-3.0483361063851646,-2.200715268121531,-4.702167545176415,-0.818786879386451,-3.146569677296494,-4.2290343419657255,2.0589555585576207,5.96418469460496,3.5084331163793614,9.6380873608974
7.36245900745814,-1.9215002631997096,5.140363435783581,7.668555404575564,-1.8599301887131856,-0.9080189454096872,-3.7536847477542032,1.8380068422453848,0.1376321189070992,-1.4062563195703677,5.260204763639727,6.059191190656371,1.2353237994604631,7.520946507816639
10.572642958778518,3.980722306605737,3.7187610657154906,7.221574482246126,-1.658075425251404,2.291220322482311,-1.1542068333414337,4.604708917771504,3.072350384413703,0.789328770507268,9.099678216851675,6.200637554066553,1.1505952610762833,7.300534466712044
9.790641659156163,5.122633405601483,2.9138275680032564,5.5826625680686845,-2.753168755662223,2.1324927480714537,1.967143792865798,5.650248843236426,4.848792380077068,1.4336845312066089,12.487358270774951,6.813997639094055,2.995633881467974,7.902121723193041
3.9997932802766982,1.9149513550739092,2.265365525959026,3.410443213314565,-4.2681654194255,-1.5130442524725092,3.756672594828373,4.423214178251101,5.299117194785332,0.7323182071781673,14.67366942149718,7.978166317181017,5.645566099417188,7.796237400831174
-0.4969062063445152,-2.597994811198981,1.2162757297676308,1.323947029994784,-4.928066159438735,-4.873704060737266,3.1657174368433587,2.1278378047756803,4.68782691315959,-0.568801123525013,14.976773127503286,8.904931153324632,7.484048008086425,5.743871129392836
-5.156890900083747,-10.5291484500758,-0.3949585429884621,-0.4256019382791649,-4.194093910121339,-9.081618864018289,0.7916944861198871,0.5508180943435548,3.2924938941503896,-1.969404194624744,12.87063304859464,8.201860513337003,7.047274129826107,1.682837594636574
-8.188187573657267,-13.246545868438057,-2.267567535427688,-1.9519200231105456,-2.717345313038102,-9.543426785063454,-1.8290457518255396,0.3817695569719319,1.1357912110140165,-3.465736300524668,8.600679216811429,4.90489681587227,3.7430985000701895,-3.0003562337649967
-8.514860676455978,-10.193223354023118,-3.951323805891704,-3.423966877598182,-1.710831856790577,-5.379099245662482,-3.7024814010939338,0.6932697028144119,-1.8246194300404357,-5.1595174071157,3.675243745470354,-0.5073352741932808,-1.6334258254062064,-6.331441126503833
-10.776875694418171,-8.275212209980698,-5.167971392792886,-4.717581854849257,-1.8452124757705803,-2.4773956165698543,-5.030664777309944,0.0745649424415049,-5.181576414114012,-6.757568969454276,0.3773016133456934,-6.080566029730839,-7.013819592124463,-7.270748376394749
-14.402161360456947,-5.5596031932752,-5.864213347209095,-5.387071926817221,-2.698061977830207,0.2948959503320556,-6.387427458783414,-1.772546526318969,-7.834198824743353,-7.550642299522913,0.2768406746894882,-9.574996398629152,-10.065647233126375,-6.639424504885199
-14.931144813902776,-5.49600506756936,-6.06109966846995,-5.077772733319904,-3.229344060250092,1.2410783659650677,-7.474623026521627,-3.624875459670783,-8.510717496759938,-6.939970343175027,2.88390030924964,-10.02949328053998,-9.69811628940156,-6.5312638408339225
-12.831634103008454,-9.250236666248476,-5.756512095492127,-4.042645892584076,-2.776472266878472,-0.7798858952350523,-7.056523995642564,-3.9343046008365263,-6.80616953442685,-5.006645929140184,5.817234898772568,-8.399599731733026,-6.9664759994436665,-8.564753480044239
-8.282787413941302,-10.431800897944294,-5.000571370746002,-3.1969603589886617,-1.6285820887291038,-2.1531854500207857,-4.356247142236981,-2.4049560209000305,-3.786752589973986,-2.5531208001942005,6.668653218667693,-6.688470426918826,-4.428821841377022,-12.388780712933643
-0.2915766336987312,-9.927332751348624,-4.004019111227528,-3.4890276125084867,-0.7142027676201508,-3.58170886996144,-0.4462430466500251,-0.3579034979157285,-1.4082657945779573,-0.5382557136502797,5.09392766830819,-6.321254814811141,-4.219140623432367,-15.721779126101763
0.9920060466301998,-9.385908971844438,-3.09864157588536,-5.052603836771915,-0.7849546216857064,-4.704024582806486,2.066390918745199,0.4682655991206985,-1.06756368943185,0.5964157070433131,3.2078766475289484,-7.200688315227325,-6.375958536319764,-15.98649980467276
-4.982251739437823,-7.742537411060486,-2.577540547180135,-6.948881851555129,-1.852766859226861,-4.92149259971933,1.0979912930997244,-0.5052791414800168,-2.52405296694387,1.1111915554849503,3.766089575380761,-8.206694486943,-8.935506227583126,-12.328438834450289
-10.977759460362996,-7.090307567638601,-2.608472197257875,-7.856421883901696,-3.273817735941307,-4.043944837388368,-2.928813706487489,-2.227507878769387,-4.189412074793026,1.5329562297708037,7.6729062985174465,-8.492904282486975,-9.751259535057043,-6.481092300952376
-19.367231501363054,-7.541003695208425,-3.294922965345336,-7.183284979980584,-4.256469465728713,-1.6412491767532582,-7.105372773316695,-2.994394087816751,-4.529626458445094,2.0502639010193637,13.071870529329397,-8.212677504489086,-8.357920353737818,-1.784152928869446
-22.062145108397186,-6.598306363877001,-4.7056603306299465,-5.615499627171886,-4.323389996315164,0.1852555523240795,-8.185726705687507,-1.8629783377218276,-3.2872950544640247,2.323741091774032,16.849091728497875,-8.01039470103845,-6.155392434142257,-1.0103639003325495
-17.576916260695842,-4.60763461292366,-6.682598314711044,-4.577835801897429,-3.4791790357525514,1.5455183717627334,-5.038626730652787,0.7567390576912203,-1.4613337082212183,1.8754704282641088,17.14478130235394,-7.9845314000045775,-4.865376715030493,-4.513945520250452
-14.660934669143858,-2.688677986326989,-8.566120914122571,-5.055758920067518,-2.139023077767668,1.6646772020551628,0.6529650806438383,3.65705158298843,-0.2177786916372142,0.6658725877628129,14.59634534009356,-7.380043807367599,-4.906101111194104,-9.967353283074416
-11.205920550615888,-0.4580284115942921,-9.265626885733752,-6.796130839433445,-0.9388099590982292,-0.0444522729730942,5.873891047695274,5.812514835450081,0.1161050614968246,-0.700425606760426,11.348081336056254,-5.404179414797909,-5.28007944249665,-13.817613433261734
-8.396626524397842,-0.2200537063768399,-7.894294876777057,-8.549957546322325,-0.460244256368977,-0.3599454711827216,8.502911944185804,6.891266207127526,0.0555293479469973,-1.353597270325217,8.991056773257181,-2.2601502122697994,-4.887747589592266,-13.437724619408383
-7.540506224898245,-2.32350145432064,-4.576697338484216,-9.104876297948742,-0.920952865439432,0.5024709314380678,8.435087727736278,7.073555534158675,0.147663648306711,-0.8255740346908098,7.421969311685572,0.7811137353786712,-3.719615373740801,-8.5991382915076
-5.200361327942307,-4.19909078355465,-0.6599516899655136,-8.214304566622104,-2.006991697610939,1.5020721050580832,6.984747268532782,6.618250208592821,0.3197694652718752,0.533090306296387,5.447292547566889,2.400866075658218,-2.6845027957488945,-1.484509761869642
-2.003700799577575,-6.410544950693206,2.054675359508128,-6.687040755910317,-3.0333824435135988,3.2861965424317603,5.4920447051922014,5.65607417028726,0.0607325338772248,1.733096150314699,2.172868883198671,2.2842411642675007,-2.448521590269204,4.588936212996494
-1.9106196487411604,-7.078912206624548,2.5549116644440977,-5.641745951600333,-3.3787675555398664,3.756625711257702,4.475028583052777,4.2546802818196845,-0.8601546425671174,1.8241750405933883,-2.335157652069345,1.1454218389284971,-2.724952398725991,6.920198509804774
-4.7818250015433055,-5.627053442639852,1.2940828382415577,-5.593795811939492,-2.872568405884474,2.76449355734432,3.803547385438759,2.504143211110854,-2.000281918293428,0.5910522302054604,-7.565565586813099,-0.1789022923589822,-2.8144872371109217,4.735989934903594
-7.221432753289934,-4.615377409155995,-0.3097808511313933,-6.117856835920327,-1.8258088982017384,2.22276749613032,3.296515175468276,0.4917603998839102,-2.6325298437202824,-1.2649054414281746,-13.355792664126284,-1.492666272213182,-2.6688667268268778,-0.5594585821672833
-9.941060680292573,-3.47671229432809,-1.1154128931357672,-6.314110320123909,-0.7161174659453149,1.6841822148107133,2.9419716761032886,-1.7085739517802851,-2.4874652035066527,-2.638136038777837,-19.9071253233579,-3.0624409858266963,-3.115000806285269,-6.299390255856359
-10.00312026201003,-2.763483664399868,-1.12755980860684,-5.644951504790628,0.1610681959765347,1.0104228644373394,2.6304396754620747,-3.912969645737366,-2.0306680344828685,-2.862204874808512,-27.01165234338123,-4.85421442036367,-4.849636201226666,-10.106261711771053
-6.551347723889949,-2.901325741054942,-1.2436658452852072,-4.421758986061175,0.7806056773751564,0.4623522332625391,1.951376170569322,-5.699887727083805,-1.96432812233423,-2.196646472811008,-33.45274303133484,-6.2095308961049085,-7.281674283957017,-11.105461868505316
-5.184863684946908,-3.0588855855958004,-2.192577854716763,-3.5244815077772813,1.2114474713014405,-0.314097663114274,0.4887739219821903,-6.524799704731869,-2.477146744756024,-1.5157830065149334,-37.37079659238967,-6.417709228444693,-8.598069403377487,-10.00840043886015
-5.199687760981501,-3.522339513694409,-3.716951364528029,-3.5879254551303426,1.4265162991663516,-1.265997045997917,-1.631632717154499,-6.084191818932329,-3.0289120344093625,-1.446110732840694,-37.36500686482304,-5.520698051712685,-7.202913751701281,-8.136578631460143
-4.048304072552391,-3.600368573379543,-4.760356463535821,-4.358584944534158,1.312570016782189,-1.691511445900478,-3.5889151992045,-4.600352404444294,-2.878409862530475,-1.7340770918295263,-33.37627079432304,-4.3453764627735865,-3.220942273463152,-6.318319615335952
-2.599473176983475,-3.1712190491664543,-4.413792685524591,-4.802925319777721,0.8512172296783191,-1.5756121180280842,-4.394424066836372,-2.701270482289232,-1.7911822977747818,-1.4593839830077968,-26.666402863369605,-3.609851232869431,1.3995850986933078,-4.598789828168776
0.5412112294723996,-2.2063166374965477,-2.6588707052505143,-3.9118846880028215,0.2493657600992591,-2.604835174028051,-3.6844843338555577,-0.9726988438746744,-0.2154740634869512,0.0680647153237288,-19.056950059655527,-3.049912891283583,4.3455956493401615,-2.796699359957337
5.76935582537341,-0.4523663913936266,-0.2252231930838704,-1.5367624473237669,-0.1519511169292613,-4.744742308754691,-2.079740597579842,0.3701673982564131,1.181617754469464,2.549258217993696,-12.10579160825975,-1.6009043651154755,4.666408533850074,-1.0881070058560809
6.598102688045238,0.2660229037928946,2.1635606774633374,1.4533250920800214,-0.1391817240204886,-5.65328043428195,-0.8124569396933481,1.3538550127256173,2.0647443221620563,4.788623704154958,-6.705270831439833,1.4106270003267838,3.2783823744912297,0.0736082864339096
2.936873626103479,-0.0808734819022096,4.268724144205706,3.815942777003841,0.1726783723953247,-5.5425163807040985,-0.9388882119518484,1.836720515232102,2.501735524543278,5.565650161862266,-3.0829563931093134,5.234416234122136,1.922777330483356,0.4860851390632916
-0.4312355617643751,-0.5754172986101421,6.047382158269301,4.809910895550004,0.39264685443068,-4.20703767598012,-2.701353236798198,1.3441389577237717,2.581430333341657,4.519258033041439,-0.9489202818937628,7.951017482360342,1.6186621614725851,0.4066129631998194
-4.868446421754683,-1.640688431417233,7.073055486817935,4.558840735518302,0.1418863254592821,-1.0875681435509124,-5.38481544836992,-0.5533985842487112,2.1041530734526503,2.314731421490535,0.3358742133461163,7.929145938595582,1.965901239206744,0.1542456358494348
-5.319824533561857,-1.813204551783572,6.568589243500938,3.678120824494485,-0.6442122964209176,0.5275217518141646,-7.66368500308846,-3.622265574877801,0.7457296339024282,0.0452609066203848,1.5236383779999445,5.217603405157831,1.7648032100772753,-0.3121349532392088
-0.7033599520634286,-0.9273774207903872,4.270727982685273,2.644214063399943,-1.632347732772942,0.6666402645668164,-8.237337788140564,-6.749073133024481,-1.4661753461407727,-1.5368743965357794,3.175332199794198,1.6184325163192312,0.2512925840126172,-1.1717584974700657
2.021147004258977,-1.0648361285307664,1.233240924449177,1.5789624644269225,-2.2886189137317103,1.5249963012478556,-6.481437336299493,-8.465572467696148,-3.878726122823153,-2.3281103817372184,5.436390066659882,-0.6322896195213303,-2.168396732320616,-2.095186978612915
4.110856620067485,-1.954015775960772,-0.5566070836068491,0.6032653422976466,-2.211449530705877,2.4473127663689143,-2.806792388172724,-7.890862181849698,-5.4651225205018505,-2.6067139628885627,8.04431738102788,-0.4556228115125407,-4.234563885096634,-2.133096413709012
4.172484168785028,-2.967365197216546,0.23130912382112,0.2112624286069291,-1.3837490577390668,3.312649934489573,1.5089828674965986,-5.368017159051092,-5.44068987717371,-2.5988697272292,10.528221769174422,1.4555299722420898,-4.842465543144954,-0.6298476003770048
0.8755267005025141,-4.462177186895032,2.8534091155344754,1.0170996092667224,-0.2033449207584539,4.352412886968426,4.972238336754799,-2.2948661336546934,-3.792036923245149,-2.342646320616268,12.412661322261728,3.315681113291703,-3.900799565259802,1.64800380134497
-1.3998152791042373,-4.013458889000831,4.771711453972955,2.93210513504863,0.7142334415931089,4.4759943006235785,6.612256020049131,-0.2589961407052215,-1.3573721074550915,-1.9138056765017664,13.319704607040704,3.524999597784472,-2.4118518786170284,2.576567273511614
-3.294825837797897,-1.386710183550129,3.662156230322921,4.650521401757629,0.8604427997968571,3.639019414753869,6.334432704462074,-0.0708744610141138,0.6087829986986151,-1.653859110407666,13.075098819900605,1.608519037970666,-1.7522111492786507,0.3302600005395675
-3.9934700453081815,-0.0970777753106288,-0.5478516037995291,4.288749124862534,0.1210277324940136,2.4723354470579597,4.7205180238173625,-1.3174317769467905,1.1653227325809894,-2.029447784804006,11.956044856388928,-1.6187487326998564,-2.6690294221838826,-4.700449227234714
-2.6090234087786883,0.2917081494593778,-5.505377028331367,0.964268477658436,-1.1515323317493935,0.7200405780086847,2.5323998603624887,-2.694617984540713,0.3002102115216871,-3.169125738990914,10.945904932993043,-4.531746970553485,-4.686072115478282,-9.641832409725367
-1.007081109689314,-1.4481273468167817,-8.346827287743139,-4.02958739050149,-2.362539217395124,-1.2750144848783551,0.3161865235566949,-2.901376476002042,-0.9994241810466916,-4.548724749840545,11.565628352005234,-5.5200505558081545,-6.377787098316617,-11.080774738063695
1.3256473835490925,-6.17018113365106,-7.986095070689174,-7.747613826217901,-3.069801818765057,-3.448428926583169,-1.7050516547488712,-1.5442153090739907,-1.3942030925987297,-5.256664307039671,14.988773103860892,-3.899257270321982,-6.413210990988745,-7.708907001767102
3.007616567196506,-6.438917794307653,-5.742229605535783,-7.693979607870972,-3.24133997049276,-4.104627540596553,-3.5261851904603816,0.5355954349831507,-0.2160345791766929,-4.738893098903901,20.80950602911653,-0.5482136976408754,-4.669710505468657,-1.4069450435413555
3.706419152993583,-2.30043254809816,-3.870921966644517,-3.838937205190661,-3.137367335651362,-2.947873507055468,-5.18289658008905,1.7886371031340218,1.882550205249828,-3.3861137945999644,26.473583602302256,2.254852102761845,-2.508702416461915,4.152931510981716
4.071014235363377,2.941652019989873,-3.4909800586266897,1.2303431434921208,-2.907862114504752,-2.2365303961606258,-6.566486206109147,1.0714635383164364,3.268193755051641,-2.351308422717068,28.2402825163162,2.077567995561992,-1.8131590115097251,6.162606469313715
3.614379928180745,10.969152280645462,-3.8162696206644,4.251137859295966,-2.304213622133261,-1.555415968005223,-7.292994984289919,-1.3909615803092097,2.5427194708865954,-2.6236489653796866,23.44432348229185,-1.8790828694561408,-3.388447240803515,4.426986784481187
3.2933285419982723,14.029365265149323,-3.232866316286419,3.723735690787862,-0.8377098071680109,-0.6851235349347571,-6.771810912083026,-3.946056570850516,-0.2419379592947166,-4.085989432092163,12.571967373365254,-7.749438095628136,-6.0230205392699645,1.0389974653060108
3.095476597936926,11.35392474561149,-1.024012592408326,0.8628697785131578,1.7070182986680609,0.0133241114469563,-4.580100248402147,-4.544943829591801,-3.369802770752756,-5.392874141654431,-0.544893943826736,-11.824047784821758,-7.152492459399014,-1.3803917117631954
3.422526295358895,10.712798613323434,1.9144846858986284,-1.5593917482942177,4.877588465663052,2.3663510451515477,-0.9764168194214022,-2.2276829130081808,-4.539637607663295,-4.892718501514466,-10.858762073334615,-10.99654526360257,-4.779748052426783,-1.3331075272972157
4.554970804067852,10.368441840062134,3.9217045272565088,-1.334957448276299,7.685726579815068,6.436744263302191,2.8884014358852994,2.0243058365213216,-2.524570528263638,-1.9702975603184851,-15.179962985269384,-5.156176893529974,0.850052287363738,1.0079207017672331
5.964658491140461,11.094162452756,4.0583859164361655,1.8111155415472524,9.202601899135914,8.725695773018291,5.423417477415029,5.804066524782769,1.8059289813934924,2.227051359661374,-13.976376837903416,2.4087831114806733,7.241249886357409,4.251962311095028
7.869402831414524,14.124539410315409,2.8396226379165626,6.403494131819983,9.142646516296182,9.405012448328597,5.571589079065674,6.910612847592944,5.93127895733474,5.365905407923876,-10.618695983242176,7.164077258955473,11.3792032273505,6.651629546219752
9.177519756008127,14.30744548483026,1.6588083557027176,10.433950318183122,7.991677404339939,9.30534280659099,3.641645280445303,4.946142290566968,7.391679797943098,5.576575860673529,-8.750759237287085,6.600630349035029,11.82580566605479,7.007736984581825
9.765498640430314,11.953853387274576,1.5777941208358897,12.560452778458838,6.646581589297767,7.630822662682192,1.293571567405536,1.667698082463161,5.60740505651448,3.063016066973418,-9.818137661874246,2.1754330629175627,9.5504911957849,5.45390104262782
11.278619711566051,11.360153988901228,2.612609236816027,12.636820845950297,5.8991784737171855,6.606470343835407,0.5496537961472825,-0.2198932926759482,2.452305788349165,0.358490119789181,-12.475015799660554,-1.6485896633036532,6.987562011920701,3.706695125407961
13.519336958194344,11.75634521996004,4.025986409964645,11.54731605825765,6.1053419806163305,6.248498314005191,2.465176426568135,1.0490993698288662,1.0250077729449174,0.7266952587827689,-14.012220000583689,-0.6645424248349627,6.233970354161372,4.22458869931657
17.38356555307781,12.408552995993842,5.14925088185295,10.593240790033754,7.126202193288449,6.123962638254483,6.410957478908685,5.129804579911685,3.3773270894185146,5.642515142566921,-12.49027037248603,5.906573646798286,7.794554734690244,8.391377379649938
23.307063341030773,14.0225349560578,5.870959679439075,10.697927529624558,8.426969594363932,6.785577928478711,10.49223223275044,9.92719206984286,8.84533085076528,13.260803799959604,-8.01503241989397,14.723962390354297,10.598688876436384,14.98129566956365
24.32706422132489,13.193681593723316,6.429578518997513,11.78090431320136,9.244232176939178,6.294027099368199,12.781997993089586,13.105125068768944,14.315982805486216,19.310211572893888,-2.4987578088994624,20.657027632149653,12.95624359137101,20.45415562972168
20.217835407631693,9.732623613714525,6.918703449663948,12.740969170875784,8.852433018495372,4.644127799734775,12.464587178844788,13.551651204454371,16.35178107125253,20.01952347400339,1.6292865174799651,20.388614599646363,13.616029309840956,21.307539425284645
14.093902791228082,6.773469247968444,7.139361401542062,12.220865934411218,6.946024500829592,1.69367447974791,10.130326796800148,11.795427747155165,13.632357421556478,14.911063083957504,2.8064453462913947,14.602267629726022,12.325546473000015,16.767983598026852
4.212455989070423,3.6074837284318426,6.930864348065179,9.690568771041368,3.955505228302121,-3.0939360663178213,7.164473269221218,9.28992825973767,7.870312137978782,7.203944253345371,1.0860365276011097,7.219193472116991,9.785374380903791,9.503895028568646
-0.8222487976297449,0.6902805512193964,6.502053783737374,5.955243703118576,0.975092654412066,-5.610432416471165,4.805278741910676,7.295144674714514,2.515412429902621,1.4296954346457866,-1.9852735452956976,2.4497239855884274,7.181941152208012,3.629367072352864
-0.2545708564478574,-1.4643138682825574,6.271962717062507,2.5525993665385656,-0.8477553921415151,-5.779147118726447,3.5267756132862047,6.189606568207687,0.2713120645114415,0.1469464694333595,-4.231129221934381,2.0024170485605666,5.544790242927441,1.660072326355639
-0.921744937532627,-4.619137687973094,6.327615126096497,0.4647595524338612,-1.147775851600457,-5.61349811660593,2.995979423113752,5.532637484781411,1.3223596959609836,2.3521022843531085,-4.069257778934528,4.436201795323001,5.209673033343861,2.968719885202404
-0.7612207438769504,-8.567285322462359,6.118705519905859,-0.7393226383883302,-0.7371477671152888,-4.1483499446421455,2.436216370347651,4.6225828018414745,3.528592986128686,4.705514544383661,-1.4760814690108504,6.795083058848661,5.688382912112374,4.831739525269427
-1.7075083361367498,-9.513364284057166,4.83406485187021,-2.5062966366190693,-1.0782156016061035,-3.5807626520749825,1.1206053051944878,3.073630285769056,4.280181321955524,4.365091372102455,1.9809658014557807,6.951928964768044,6.078514049131286,4.850363673679652
-4.66808382694054,-7.419959189127083,2.1962330884024936,-5.894392578137598,-3.0847916766718413,-4.1481453760494365,-1.180727757037772,1.073571742218448,2.4906135982276965,1.0654179775220456,4.247926888601597,4.848774522045559,5.765032623589718,2.5934348587600056
-6.192466695385462,-5.507054483712562,-1.0747719586379674,-10.32359587688859,-6.193479122220538,-4.49887846033994,-3.944242094071996,-0.7557673410464076,-0.7509812778143896,-3.05057330984036,4.342891752505324,1.9946516664785177,4.871903003332022,-0.59514372307342
-6.891265427701904,-3.0097298631757186,-3.628153099415357,-13.598525747373005,-8.593704700448455,-5.201636241924644,-6.0307026786543645,-1.761930993601652,-3.2009776515517387,-5.39092555477518,3.1080643787111057,-0.0147694559986462,4.05924478536258,-2.935714996723931
-7.885633645292193,-2.9706763525732702,-4.437753804765634,-13.3482757375632,-8.586790665044362,-5.435337494794192,-6.311311857892321,-1.687043261816484,-3.225705660354379,-4.896825990062808,2.375471725301338,-0.6820793029544916,3.799095269078805,-3.363594359148152
-8.712295329910503,-6.169066028546258,-3.585620362001805,-8.901537237866421,-6.0107385399473685,-5.0712741384413285,-4.496855517214186,-0.8677937364637955,-0.9437318496546254,-2.556097934202484,3.1374458064261432,-0.7510385512210007,3.751076424975878,-1.883683053339212
-9.092411362297138,-6.827882384465936,-2.256627518855737,-2.187493829307129,-2.4986789106064293,-3.4750068337086755,-1.548572948244555,-0.0837655073186738,1.9984707975762603,-0.3415479155324306,4.371964141491674,-1.4465865851867363,2.839659208988053,0.5609228592414581
-9.075894433418505,-5.615880855478372,-1.942599317668737,3.1446588795390937,-0.2947668916114025,-0.3034778087773164,0.7935122948854314,-0.1370393230358217,3.682105772059231,0.3177327060010668,3.7718568518335474,-3.4889121015222315,0.0784559867015843,2.3436244398695862
-9.237778901799564,-5.470603684787361,-3.411907045530171,3.9547635111592,-0.6063527220765366,0.5133126701491821,1.1499617282078702,-1.4133620037967771,3.178293882585649,-0.7009370296543409,-0.0782997453542861,-6.544074983138671,-4.464231784011133,1.691866792743724
-9.56612999699655,-5.489858452123186,-6.136418372145499,-0.278620016371633,-2.857237230579017,-1.049468811805901,-0.5427785040012623,-3.681937948312452,0.9407946408897488,-2.586579526869229,-6.000896094926986,-9.416263097227898,-9.372021145552822,-2.2726921799717275
-10.397030024105597,-7.563356591965397,-8.569646767287793,-6.991063519196871,-5.368545077107626,-3.41298300154717,-3.052830172514291,-6.235723856936261,-1.7970711894847111,-4.4951524953499415,-10.684034393168474,-10.836291151338798,-12.623987040994791,-8.500948334705981
-11.921994153883915,-12.226493854195464,-9.134879931136425,-12.152848322786838,-6.738023384578241,-7.516390611427173,-4.852162425068968,-8.27140493696919,-4.026542869785942,-6.103013685884264,-11.120036434201722,-10.33171212914175,-12.934992036864912,-14.08760045094175
-11.63161099033134,-12.691001845855576,-7.295850627050981,-12.902482169325085,-6.695751064043293,-7.462857446279494,-5.25092775625194,-9.281669023928146,-5.578990993945354,-7.470903682681239,-7.020544069090363,-8.556280324252782,-10.70427975023432,-15.940440030555637
-9.470611720733745,-9.052515900451231,-3.953512999962584,-9.308161901717028,-5.857351635015107,-2.73895413021373,-4.716792674859562,-9.243193040932963,-6.948556863558849,-8.59192033554723,-1.1245553734256075,-6.778645041317702,-7.783671917267043,-13.015023653139508
-5.737680364066508,-4.8165708379579,-0.827180383072573,-3.993985645122223,-4.852158296329094,1.5105566721665646,-4.179567584466497,-8.520570914191978,-8.546915951810547,-9.202723980793849,2.907519022134238,-5.875208640987978,-6.156952827122268,-7.199988851488513
0.2636317147608095,1.482538714219997,0.7648268907834677,-0.017946741315086,-3.7522161198230606,6.661191463950682,-4.051811183181087,-7.588262711784978,-10.05564901739234,-9.032445134800753,3.266468590703596,-5.645832951650391,-6.510077092916276,-1.8847793119326184
3.003906300317508,3.634888761345775,0.7889068186009922,1.2659835968998436,-2.254188598832968,7.893812882905043,-3.924992798974813,-6.776409763708614,-10.48852274429646,-8.149556049913542,1.162978492177615,-5.068572531368488,-7.809519064167205,0.6491638382734664
2.229890963571942,0.8486956085320541,0.3367468913450011,0.7336310570209434,-0.2710172128649333,4.076182966224055,-3.2020890383860205,-6.18985972209714,-9.016326355620665,-6.988447124340894,-0.4581688435516753,-3.2952706325611416,-8.208669885173094,0.6846594291251904
0.2449103067653162,-0.7416361548354319,0.5743391084567975,0.2381827352659229,1.739561235713495,1.3355044976273132,-1.967033248268592,-5.789106055783634,-5.90143656766611,-6.004888918201402,0.5588548350913243,-0.4895387959800246,-6.5254519653824445,0.1157062248000784
-4.378656214462668,-2.632186662689694,1.7098321363507694,0.9092048293250627,3.032243416411859,-1.6329218433053814,-1.1267160600390866,-5.50250721188263,-2.636327263759199,-5.285355419946541,3.9653205313501294,2.267139494399657,-3.103864929885674,0.2091583848118148
-5.230682717930928,-2.4446750762542915,2.856267615022375,2.508130536468684,3.1529355765975424,-2.5693106083144035,-1.590009049000173,-5.260337803726486,-0.9453917085445482,-4.447453770767652,7.623121466915393,3.88745777652332,0.552807341109542,0.4674070137718331
-1.83060928422364,0.8981574007448834,2.8673280017271736,4.128598342244857,2.3109602582774187,-0.3171318502868907,-3.268618422939255,-4.949036509322639,-1.353781332063818,-2.8874080236074637,9.509951343230568,4.119893416900936,2.9602342173298557,-0.2622576719505787
1.5057143046744643,3.152417363027842,1.391561364433187,5.204029738312272,1.2351943347416636,1.3635593341409995,-4.947866129577449,-4.357595966014856,-2.605392171519725,-0.1845955129393246,9.411418215257072,3.571080700785899,3.651993069778996,-1.78065656951361
6.342009219973915,5.094518660624874,-0.7548128179835771,5.694130976537963,0.6385418972922707,3.319727622671913,-5.258250268821712,-3.1900440368194154,-2.613077095626977,3.564002434811755,8.93478962005463,3.0404155712058127,3.301816726316304,-2.053208444108634
8.449644541429208,5.99003625603951,-2.183975861748195,5.4722856511602345,0.7093617006087811,4.137285464568597,-3.872978698045415,-1.19302862829403,-0.2433810039776176,7.6331652500823,9.98379191639583,2.9514197879224184,3.0402149485419727,0.9220220819660768
7.095696565658089,5.064331833091868,-1.9911266879296927,3.981024478356801,1.016565540602869,3.1513503764075503,-1.789932574400325,1.6035797105625988,3.6307249527259273,10.874788776713215,13.0498049373781,3.384779932544689,3.5756332957602126,6.703697169260408
7.486446150938333,3.731426120187081,-0.4227376206600297,0.89959407738354,0.9123541653545432,1.4480017989021965,-0.4295398442113765,4.656704161712241,6.787043725018236,12.2343510968675,16.671770505645213,4.392348387166408,4.718517622560228,12.088138320931137
8.624577724109615,1.524600571380917,1.3362216695482516,-2.81031062006889,0.1378994526167503,-1.598196937646167,-0.4217388898072158,6.944170712670825,7.427302415109096,11.363356371820773,18.40399575997003,5.938631670330835,5.543552893111041,13.528445465446168
8.432803926664398,-0.257944797428165,2.0489847241449866,-4.93118177988751,-0.8578079920627033,-2.9969079408947605,-1.2100130121911263,7.448762516769932,5.461878990091861,8.919143370000654,16.534484147434796,7.422138356033713,5.056009084668716,10.13518134425584
7.556377516740479,-1.3874370119373638,1.2824318524505998,-3.640587798040684,-1.2063415449742363,-2.522722113624692,-1.74893200692523,5.900970848074309,2.259673578155798,6.24284781426482,11.366783789985108,7.531049873366101,2.976556586269794,4.413002598986395
3.326574397143162,-2.4293571482472984,-0.4064160521706412,0.5203811161195517,-0.3593154188754681,-1.5947766523482867,-1.5097648540324258,3.188374419904733,-0.6644800890552744,4.53819229614777,5.221366723855937,5.066083200923458,0.1340904559343414,0.0516844041769388
-4.792337038832104,-2.968452586894637,-2.027506776877118,4.448962623966906,1.3094672360948325,0.580136463422938,-0.8103869709006517,0.9156916128209788,-2.659570283592928,4.104833408612194,1.086727573892091,0.2408470605193713,-1.9416762678362147,-1.1206900897190335
-9.474109499938974,-4.123637699942048,-2.9436535242158186,4.720439313693589,2.602454986904945,0.6114955553665309,-0.2709303155172335,0.2740731258331124,-3.8601307016526505,4.191141933048286,0.6724762483322309,-4.924572975132364,-2.153889372478531,-0.2886203573687851
-10.989710615401515,-5.921478744217057,-3.2391377644034662,0.5137809944614702,2.3150231210509986,-1.7853313860501354,-0.0933954659837752,1.0971395510709812,-4.511064433757809,3.56795993034072,3.112433517338133,-7.936686197145278,-0.951580885492234,-0.1707040287179779
-11.21547864453824,-7.418262700451023,-3.437879610145874,-5.483653680581973,0.1537352146217792,-3.762235992497287,0.0490595101235555,1.9691621607787653,-4.6950749458877645,1.385283005195774,5.354815810594612,-7.980033528834305,-0.4021241444683383,-2.6091136332630853
-8.466996088238918,-8.827020656581915,-3.902855448859029,-9.219897354440484,-2.995142634457441,-6.103745211588118,0.468492931880486,1.3818005763583567,-4.727324471365689,-2.293257883205758,4.241105849902894,-6.845571129764521,-2.818992789641856,-7.40900670128911
-7.40674326933534,-8.331922296341961,-4.470916038246365,-8.658451981669678,-5.66605096456113,-6.416797044427608,0.9545582690441988,-1.0134430951709703,-5.479849890236721,-6.5783221357695965,-1.0387356800840095,-7.460054812803378,-8.76170418335549,-13.001208836485665
-8.093176555972908,-5.603848521359105,-4.599627309441445,-5.35628070256611,-6.772269112745008,-4.116039793797208,0.9421146363470284,-4.106204447363169,-7.876415514056788,-10.294205924807926,-7.977246059829383,-11.11090414607547,-16.026610554413196,-17.757954096866868
-9.025153633967982,-4.331738463692392,-3.846192900235593,-2.841785161190188,-6.162644669240052,-2.670770085875392,0.2305637358116143,-6.1752562404104765,-11.81683136067454,-12.537905569693834,-12.227273235432108,-15.923599371813026,-20.72965345684761,-20.64932840835644
-11.312939390061416,-4.207624160565683,-2.267145281192967,-3.356393007129327,-4.458497051993419,-1.4685134017965935,-0.5329834459973313,-6.104374828774013,-15.66179705873924,-12.929827219442046,-10.641581685832108,-18.18603201112816,-19.949731848045843,-21.127268457693987
-11.603233200236804,-4.170924320234834,-0.4542253234375266,-5.970316776705431,-2.506369911480249,-0.7889260808056912,-0.2363657977697926,-3.996072091341148,-17.067677111843295,-11.542683604465424,-3.657934892751712,-15.489435570875628,-13.967596373841502,-19.02145053896163
-9.765360674858838,-4.957303893438056,0.7943880545641377,-7.68311516652625,-0.9851014827718814,-1.2585074338222004,1.6802394782267245,-0.8658904689877431,-14.671185494883275,-8.734402437846597,4.816310785125609,-8.877913566857842,-6.241471658770422,-14.851318361653512
-6.570195368587348,-2.771559959588162,0.9510628968075708,-6.302637129906657,-0.3358911146937089,-0.2432844499996144,4.5144871552123504,2.1283806048180054,-9.198905517610342,-5.083549456644334,9.992817519966422,-2.054101371971001,-0.9838524926665856,-10.008607646402028
-1.132238491292286,2.669288689122085,0.0938611010752765,-2.367616431590534,-0.7453944350910433,2.120212851442294,6.651331686807112,4.266254240213243,-2.9988907940445984,-1.391682423887005,9.351252254630596,1.604397404800011,-0.1592569418328366,-6.124779410665269
0.9185088451082676,4.513550469232424,-1.1252272389224345,1.5266835673996866,-1.9570541394227805,3.0424913502971505,6.761337557320644,5.37382921508231,1.6196279867616568,1.4545081866485816,4.052552533692392,1.50983808449746,-2.2394066735291744,-3.901443588241023
-0.7028290715467959,3.2489714065356905,-1.895656253360812,3.135045739895645,-3.127253229382404,2.869187348518741,4.820903631924011,5.623135986670832,3.830088960862781,2.84739534102539,-2.280656482201721,-0.261286784265053,-3.6445851818181154,-2.5714736065714305
-2.29836084512281,1.535521360629175,-1.778562511452492,2.3556247983789262,-3.1560458285732693,1.4740728470983744,2.06334229005256,5.295605749027914,4.393968299360608,2.815560762475002,-6.295896334937652,-1.2440365741676942,-1.6488887692252092,-0.7529900660219937
-5.189738847287972,-1.985322871560856,-0.9411368548894644,0.8867128847642789,-1.5010541388935508,-1.7481071842241245,-0.0514439305177347,4.631050985136199,4.573230001531897,1.997997609928461,-7.006359155262203,-0.6816440224266671,3.564676324153197,1.9924962813687443
-4.46264017163599,-1.0618365013048796,0.1067684685397125,0.3548102801103141,1.1907867501705596,-2.242566952284054,-0.8897601906838872,3.755934495770134,4.998924237028177,1.1547785935197226,-5.808849099414488,0.4102731987877632,9.201996787065127,4.505826446029687
0.6600166715690511,4.943853387695582,1.022325580260258,0.8593343779537008,3.395033019274706,0.094790140067368,-0.818907468877569,2.696282933065504,5.4915012193398525,0.6311892345870547,-4.744724758911616,0.8957848103614197,12.087659546052691,5.125569739333514
5.272349437512394,8.416320434136937,1.88702113739987,1.2592688914678547,3.9348200328033727,3.0165001214419624,-0.4941177013424749,1.50571739677207,5.779151951635868,0.3210568381327903,-4.646136273133379,0.965477420698562,11.00892849298384,3.579763166301518
10.631412047116068,10.628085962569816,2.9751547176324493,0.7304278147980767,3.099858990183748,7.601445916217678,-0.0675841522815972,0.448937646828881,6.197746341413904,0.1838862058020822,-4.653160560583274,1.919455292147404,7.494434883185022,1.7485635460336653
13.003622999096953,10.755974455706092,4.324634148449604,-0.0652716375757336,2.530881741158055,8.90978223939707,0.8887278062381938,0.0440838732120028,7.585056933962733,0.712431468772138,-3.2521928840162677,4.677335929239007,4.666117508983461,2.3434114339183907
11.380109314176629,7.332438246490766,5.606467035284368,0.5966886157564204,3.7930317679365535,6.422211649448999,2.720731022216796,0.7900307040902135,10.46818322436684,2.686720095170813,0.2591427500160534,8.660669389796112,5.122005719086246,6.567341740619213
10.497919603136818,6.4354850115519975,6.422189655118473,3.824791947927224,6.839843003998794,4.3544712898451,4.994738878837325,2.6659689825469286,14.348457476753993,6.276685776950217,5.094672771620026,12.162478282224356,9.255035258505814,12.873731723509763
9.27892774229566,7.681183846137631,6.6450835916846245,8.698636001961859,9.798363867207172,1.5071598679675546,6.500177990875272,4.79962396713745,17.7616478397224,10.360879416937678,9.419132444651725,13.732474746092066,14.970675454648015,17.971954537307056
9.395923833692072,7.219460941807124,6.389660317260677,12.473442278447692,10.372178530260951,0.277316420453771,6.043718244127149,5.733168845136333,19.07767043569538,12.907761790268296,11.34304471094856,13.178593667977111,18.92796296608958,19.21323450294381
11.689648943248654,6.073858855864111,5.691096842613206,12.43124494981771,7.695221829206957,1.3872327217511604,3.407712499665194,4.310760672218521,17.436207089764594,12.324129924711317,9.772083301728117,11.361238446000923,18.612492828029644,16.37031100265449
12.367342730173034,3.6226976643422497,4.378736667244311,8.02040632296621,3.060500603624177,0.2183454538378881,-0.3378717850946486,0.6231559770774311,13.228331219625034,8.70126808403802,4.828188892498019,9.251513791294885,14.015844867682972,11.52798332314751
11.93813065203763,-0.7127660257462727,2.393668954266559,1.5583950626332808,-1.045746661499834,-2.675032915559284,-3.488422734127653,-3.7954697231552927,7.916566582615815,3.868531973377685,-2.1374324452208384,7.310012815090431,7.751590457208749,7.454796857724432
10.33858281400552,-1.9841923148942295,0.1828787823103539,-3.231596000230411,-2.7307025978791444,-4.3526593859425295,-4.860706067851197,-6.862478226451458,3.3185834324965526,0.1474897274779323,-8.983760944978712,5.627828919804415,3.3183623766985875,5.853089313806777
6.8264532438426615,-0.1397621971279267,-1.4177462035581812,-3.888869387973614,-1.8599190086691808,-5.459116615426413,-4.549092136018089,-7.378440172545993,0.6611181762490332,-1.2141305550065908,-13.734330255394866,4.315604557798451,2.592075575668332,6.607159407972063
4.152862934271067,0.689834829641236,-1.8670153455911984,-1.034265325176534,0.1526260009495672,-4.444126382320176,-3.672310588522805,-5.876718168373145,-0.1344763499186001,-0.7326389482074092,-15.706753207314478,3.4608984784019867,4.436014150053779,8.18748111460468
2.1832743034709536,1.4715269775392643,-1.5008504610227646,2.194693372873872,1.521606330498571,-0.6648141486960313,-3.34120873034999,-4.15134084512124,-0.4149259947580503,-0.0724145833719376,-15.996843217029893,2.7122519271479177,5.6378827264193205,8.69603290633222
0.7910616014825319,0.9599256073460544,-1.314310076489619,2.725804910372517,1.2373174268113871,0.6539993829794384,-3.759223797899722,-3.817518956665936,-1.8231417167821744,-0.7204429885541686,-16.677141275272334,1.209774569257661,3.517675590284398,6.9466759162705785
0.6246536106962189,-1.5789351978156596,-2.031349256826843,0.0314745685539037,-0.5167081267591129,-0.2532646215564273,-4.242100701614163,-5.104231800928574,-4.949163225910979,-2.987498884001297,-19.08330491281322,-1.7102980283764282,-1.9201072896084952,3.123657820801782
-0.8128123883091732,-2.301391593193151,-3.354077199567655,-3.602728269563613,-2.701335756021763,-1.6151941141943935,-4.066567141989481,-6.86153776344031,-8.692991878975135,-5.9856958364193815,-22.55021673432429,-5.592485848014803,-8.066775938030787,-1.30564347939071
-3.450258945543939,-1.5355604511116938,-4.193431123695973,-5.214780861605959,-4.12902630793883,-4.552976952722607,-3.247764330133805,-7.661384214165537,-11.031216278304782,-8.43304226017608,-24.82862999780923,-8.792229166744846,-11.856830797685006,-4.479794832317339
-5.179414813812319,-2.600649439312496,-3.732494746604061,-3.7738255612746334,-4.139490787068553,-4.828445443769944,-2.435437699637987,-6.926654638093396,-10.66849233616449,-9.567942012334242,-24.029685973469668,-9.646211269000103,-12.080271311894194,-5.373260083818423
-6.413864757284999,-4.980155245932807,-2.3136548862835298,-0.968433539820353,-2.96872598918776,-2.136727558123688,-2.0534819223248637,-5.119223188662545,-8.134171475954417,-9.49987268391942,-20.479398259550635,-7.977268984187958,-10.004480601763817,-4.509818947333542
-7.91954112601111,-8.731707877594522,-1.257245401012824,0.3748086489488287,-1.6321964643118465,0.4903690748974479,-1.6431047589098853,-3.004722906135612,-5.281135452697981,-8.856920343672073,-16.748077112456713,-5.487841087063316,-8.084976170410982,-3.557858671796112
-9.416027476228408,-14.513573041979054,-1.7205905193432045,-1.328269939447864,-1.3123789294807011,4.052883689188429,-0.2046247258488165,-0.8682652647592022,-3.624772090651277,-8.15478641378013,-15.62844631230314,-4.489952254677291,-8.096885253763048,-4.079414077777301
-10.120127810455594,-15.426214046583718,-3.620373872559867,-5.318356099269522,-2.554665336747348,5.226026654544352,2.6985028554145174,1.5360680977928496,-3.0971187980328523,-7.453942284579398,-17.693679755928315,-5.966925339643922,-10.147118540990732,-6.424074218875603
-10.025345151481648,-11.127301551008218,-5.595566929798906,-9.334776080409256,-4.819847443016442,3.400816077693479,6.155290186477714,4.3709096796274025,-2.3953368414058787,-6.520405212364494,-20.571214091051388,-8.656863925193193,-12.956044518942916,-9.598898787755616
-6.843269631782707,-6.319099648874058,-6.048251918127335,-11.304245642285878,-6.775669693219925,1.7362006966745631,8.295491283878846,7.183987837604036,-0.5212785317080488,-5.215051264865224,-20.673625988994445,-9.98460734079049,-14.798385337574018,-12.051185495151003
-0.1018763257490124,0.6162865311594428,-4.356075598991765,-10.367690217295376,-7.158705233777141,-0.6773710380622318,7.625603653068765,9.05492106570125,2.0739765385700366,-3.670621394080399,-16.01359277447682,-8.054701114751765,-14.370752617607993,-12.581879910409498
4.294222966725868,4.332622535807784,-1.251339271404845,-6.784814885825199,-5.560643941871263,-1.2102771973953337,4.220686114718887,9.276384786801486,3.905361274624852,-2.0949573425295966,-7.767222080938836,-3.05001417323399,-11.295181831147602,-10.73214199591905
6.649205775402816,3.898006304826236,1.8505613447733824,-1.4120826714030272,-2.571941430142488,0.7482215098289666,-0.179144551277659,7.911363759077631,3.9967135321628575,-0.4556922725358845,0.6811756509565612,3.0102907785664,-6.249570930460777,-6.677104126127688
7.732846485596387,5.686980989815137,3.890890195247039,4.485353860591431,0.7192954043799773,2.885291793482175,-3.2021506075568595,5.7555382440716585,2.962795130799236,1.574050737137327,6.345801935837017,7.780763981138307,-0.6828078934660198,-1.0773719840456124
6.161940989013051,8.3977391475967,4.685708313624104,9.1749841633374,3.3657742090689453,6.007583656431788,-3.2393605145935,3.8297195550701417,2.491088818599451,4.290131757914082,8.71110378275796,10.06997163053461,3.88100243802478,4.919982291957695
5.270898797056431,9.040035176254696,4.6401650951222,10.82677299200344,4.861312383302675,6.865298455193958,-0.3285670589145866,2.8708123772902923,3.678953758088369,7.506288135953753,9.678884928862203,10.245308946788668,6.620005491538905,9.810022222598946
4.844143867024874,8.31030753743995,4.141542127641117,8.552493240890556,5.080006378801159,4.962788476473003,3.890683174512162,3.116712021103353,5.838694950585193,10.37335386199618,11.660873161965696,9.52197141814156,7.717190721292923,12.258795767463424
3.656311618809909,5.349664407653131,3.2939176482347534,3.380059470799722,4.166376978093865,2.7153850501315517,7.052009126624284,4.316549773424981,6.964983112487573,11.684311445208778,15.5277402702543,8.899387828379588,7.925200016953227,11.785072112819762
2.3307827309411344,-0.4324505908541163,2.1511911242877773,-1.9268159938703773,2.562432887957982,-0.7862100936193981,7.339812547536326,5.802620104482855,5.480485328627481,10.544437322463864,20.01157316378317,8.549415590597278,7.767398557937213,8.997284515846047
0.3682406450533187,-2.284950819029797,1.0201840222362648,-4.461432565960251,1.0008370923239056,-2.1042396517076045,4.5468468429708935,6.654238715360378,1.6618956726221938,7.016918646203862,22.811116881776456,7.930677428778097,7.083227777799152,5.1169071282627385
-2.281095261236222,-0.0588358125759354,0.3735019110661994,-3.112433909355701,0.2131027587534504,-0.7481836821412223,0.2637446202026865,6.087933761803072,-2.5490742494786787,2.2998080230529467,22.34982136134198,6.359575366475696,5.289412905876105,1.2131189225707146
-4.31378150341279,1.5379577474221706,0.4210582606062019,0.7284925657553885,0.4492510820889634,-0.2896619387695918,-3.076038912800783,3.9746564778303366,-5.139893409241608,-1.786344451996584,18.858716323022577,3.579012376242048,2.074039545430068,-2.1688305335977702
-5.73554451990502,3.973918455715757,0.829612435450656,4.338433961642181,1.2649838638899595,0.1067256525462392,-3.798925375455149,1.0637283087733778,-5.549384910712064,-3.7809160109690234,14.176503914885728,0.0077211610178764,-2.0933375154750493,-4.790086088611005
-5.029016012203043,5.481766730096141,0.952026119295561,5.765862691091842,1.907527711904578,0.5218161556967811,-2.105413948523756,-1.428044926555594,-4.786017572987193,-3.414701312246118,10.637510699555836,-3.402668004026327,-6.016147635221053,-6.367247324389401
-1.6776441154455388,5.402290683134426,0.3945240978444495,5.129112122371666,2.047463112278887,0.4602701784274211,0.2252089342220067,-2.6479532407675563,-4.179105119359441,-1.6686003725013163,9.915614412623365,-5.590859021749395,-8.299522403134304,-6.601031105269147
-0.017114017276557,7.024181603890916,-0.6017823651322658,4.14809214756346,2.1713208230999044,1.9555087620430869,1.352977048623785,-2.653156430231704,-4.052388337063775,0.0352165242300941,12.497229564008007,-5.886032649722509,-7.992376446487171,-5.5366558139119775
0.2266179679654517,9.881391700634635,-1.3063794713107768,4.522080126691918,3.1825527384460486,4.995448879236862,0.8388921625544583,-2.148960482941206,-3.580894061612227,0.8952832005778646,17.843772366714163,-4.359209807853517,-5.027823819193401,-3.751959388208391
0.3005552817311617,10.742770377308164,-1.041896766311481,6.631562722762197,5.501508115889919,5.4934627032472605,-0.2261271830021485,-1.691991112915673,-1.8788823514617832,1.1816937096450886,24.794264456831684,-1.846388477480445,-0.3197016785780704,-2.072447168798845
-0.7040690654693268,9.902856466683591,0.2971223452084928,9.477831585822171,8.47651890330556,3.570083903582956,-0.4960078845351745,-1.222139187150418,0.8213508319691982,1.720491961438114,31.75981726472432,0.4035842820470066,4.5061536704624245,-1.0894775725415968
0.673362126734541,8.67900244897394,2.089678722744964,11.5463233442172,10.68196567656682,1.0587199176025577,0.1977222996694081,-0.4617408603550643,3.087844890702087,2.929163782047169,36.74870869971127,1.318357165193646,7.689109905574156,-0.9579847400703444
4.633439644285828,6.446253850092923,3.2828210105279254,11.69542583057725,10.897172767671066,-2.9309866622800165,0.6493294428254899,0.2850261684538395,3.41740350545237,4.336944609559168,37.71210411536697,0.5449496844865962,8.06284356890518,-1.5428814398772488
5.3918585644334005,4.579224098070536,2.999614491903003,9.600597781071258,8.971395409589093,-4.195074565596841,-0.4642259887973523,-0.0065146544963567,1.5511226155373947,5.04974364670943,33.52325353714758,-1.347749861955606,5.657748435221606,-2.543271934907523
3.3973498530947817,3.246348394839785,1.1626717300943028,5.8915233492894,5.901771594526622,-2.28837699639172,-3.05279853556749,-2.105077773651601,-1.204610869295948,4.682042889487036,25.09485117853285,-3.1401439238119337,1.8480731323510329,-3.3780615327585792
0.9933653594403336,0.865152578430079,-1.2723823878209828,2.0822687251979914,3.1097147577339683,-0.5590499906772843,-5.2892320525249374,-5.2910743681541135,-2.942915851424175,3.792901066950094,15.516881851218727,-3.591372921853804,-1.1718628613101032,-3.1625952255051857
-2.9375860663841795,-2.274030877491945,-2.7713438070095435,-0.0060108262863423,1.4909744219226582,2.0414134736448943,-4.917615188059983,-7.322498029624569,-2.6008708339911664,3.3377994792029426,8.534072335794804,-2.1130715775279896,-1.4844339861359686,-1.232873046500913
-4.123525166336665,-4.245017115694764,-2.21742500174156,0.5487656509531575,0.9139297914989016,3.236916427350004,-1.1719080596425329,-6.081114494606766,-0.7238742999394958,3.644492604367713,6.091146906385063,0.8714729620274966,1.3924700438811328,1.984841135744944
-2.083541164720541,-5.120463429223752,0.2217033455651744,2.701385800485184,0.4732243002027303,2.4717066122513374,4.295024144588524,-1.6301322321072576,1.008976295907928,3.951790121696376,6.823412781761135,4.107392653047214,6.029173593101973,4.704005682405352
-1.936917995223697,-7.352010189428049,3.0953362719809547,3.7503501051596686,-0.7040707151329002,1.064496071145258,8.316348870144395,3.3153145563481417,1.0729971243258092,3.0516582302890924,6.963705911849161,6.182699036408337,9.775935440799344,4.832178180685503
-2.7884206059732577,-10.679343555246785,4.650592425920934,1.3111773935304996,-2.668463684346591,-1.7566917070016772,8.350644659582088,5.263524569786227,-0.7999009984657732,0.489207460530622,3.240402227407799,6.345263947736612,10.35007390472174,1.8027939881871475
-4.524053834259682,-12.862952914038496,4.0544013918267865,-4.517209937106486,-4.483375937634321,-3.841226422607392,4.273301504702772,2.741742374407295,-3.488951588219493,-2.830924940758507,-4.4699307416632905,4.939644870774714,7.290466516693698,-2.468756688430858
-8.036544407708528,-14.215461126663666,1.867424779835119,-10.883546435901678,-4.927022632899138,-5.063379615352181,-1.5386669208124315,-2.4279424565460204,-5.346968569450269,-5.269698868369176,-12.969194909406212,3.092963754599168,2.197956918443367,-4.748048506076032
-10.231890837463329,-12.990947579670932,-0.573605760471537,-14.35888918409472,-3.63363521612888,-4.761829367062773,-5.916093226383225,-6.566364062428818,-5.372099198340834,-5.774874251926178,-18.2790335859857,1.7859767923691263,-2.4554517740061783,-3.1441907261615825
-11.22759106285813,-8.547316735291957,-2.2501938772408607,-13.71096006679238,-1.7335649385244096,-2.228550591981801,-7.118471927418625,-7.073179545811968,-3.830488682440773,-4.676558114323598,-18.803333863832336,1.000093264052225,-5.023557271434697,0.9893663432245604
-11.320283044719496,-7.6485977774869855,-3.0588558571283784,-10.699984498504191,-1.2504778284535971,-0.9241127668027718,-5.864158245795181,-4.327581947695364,-1.9195709159649252,-3.233300589247449,-16.434309140250207,-0.2693225782690547,-5.545124692924105,3.85108582597519
-9.779982762181374,-10.149052909954706,-3.491761529829205,-8.181324132131465,-3.496924200363537,-0.6094673735738414,-4.386840415786196,-1.0049203505735136,-0.7852507939369389,-2.4145873084248706,-14.675036224561891,-2.965103339115103,-5.161156207389922,2.33150126491438
-8.20391556104254,-11.83873375662798,-3.8628588244125694,-7.449872034621137,-7.73427093066249,-1.4741421409775917,-4.325777355212779,0.421698427198578,-0.6695499437423678,-2.115849494847282,-15.443225634018688,-6.6771470964419,-4.750051588131157,-3.124728828978334
-6.428833965655803,-14.070551263789236,-3.890165297614317,-7.452811577538739,-11.393120199081409,-4.340243462614625,-5.243513178341743,-0.280194390119334,-0.8302971583595422,-1.505197010245297,-17.36978037173668,-9.34322257041589,-4.081116151711967,-8.585341662970222
-5.202572864024292,-13.56102321165882,-3.0033548901010363,-6.483243583283297,-11.919892705460429,-5.22258121793093,-5.065828724805897,-1.2144483089916775,-0.2476017048311973,-0.0313676020344928,-17.08031007620002,-8.52043953051583,-2.2263441468359133,-9.790255009848297
-4.9238210197317045,-9.555199956113976,-1.0108130938584168,-4.370098465446972,-8.814107483125838,-4.222039148034072,-2.0981136346289877,-0.3149668036507478,1.4886506670762856,1.9996703056452247,-12.319671293467763,-3.433683220507362,1.2497156208901856,-5.7287437530257534
-4.881682543466277,-9.837631966259329,1.5447157219907697,-2.738178786092988,-4.088143169193643,-3.0569483488849296,3.136393290964321,2.699741721455439,3.8257029033051424,3.8218837238581775,-4.187264076081021,3.8943037361495385,5.5242480333461685,0.5557983744075727
-5.432803571480009,-13.919466116957803,3.6681531904401936,-3.0712005294261644,-0.6819192299964243,-0.8807493855116222,7.907385054203445,6.04950373277083,5.6667132130453695,5.027124621152325,3.4148205062573997,9.606786838922517,8.940468789985914,4.6794424507714325
-4.026298392118725,-13.09611857723566,4.557945644642388,-4.743821193209982,-0.1726285647171721,-0.7305747195536505,9.243357927834552,7.396456824396267,6.159824182811661,5.819589270517639,6.579158488288584,10.560961671659667,10.230817025091142,4.683562402030162
-0.4217736520091969,-8.34347599433046,4.069987082593514,-5.287744084877858,-1.7394945037016498,-2.9232572459611776,6.251328779757927,5.741254513766904,5.20926087012424,6.419214288609538,4.072554447025709,6.522519334937158,9.38779249353476,2.4320152125297625
4.77740267723099,2.567077142224502,2.6964188381179497,-2.7911986479083453,-3.172666825427143,-4.440379464720509,0.8454258058462187,2.134885698565853,3.386574379840681,6.367378619086537,-2.132049073802847,0.2321064962724506,7.398208469369649,1.4758240551580002
12.345947558795428,21.774527674455097,1.1997202418099846,2.004532738315305,-2.8724414914132126,-5.965640330434055,-3.7186327543614937,-1.248561978169505,1.4584559634235177,4.689772898572301,-8.541406562676627,-4.700445562863308,5.190678597676083,3.543105122675968
16.306499774972853,29.387649081343397,0.2427259695564316,6.16503516478312,-1.0203098176837957,-5.4900459160995885,-5.2504360620309,-2.7742032893091846,-0.0113149598001029,0.9484765240229932,-12.428846959730125,-6.312989747718319,2.9048919855299573,7.006520512730106
16.327318629465093,25.15970307105819,0.1867688854313485,7.259146915889261,0.9515634916328396,-2.363941127139761,-3.990198810908737,-2.379539345157781,-0.7534904604129622,-3.8573078667623975,-13.062514666407282,-5.201449285091371,0.1987891833379649,8.64918228027966
16.148929673052006,20.021373939937718,0.9860225226729398,5.6465500221816285,1.838503611902212,0.3436993501812422,-1.959156221846172,-1.3060112550200245,-0.7183906585427309,-7.615894246156557,-11.457689361770036,-3.332047568126214,-2.841977763760127,6.840261294522861
14.32472801778317,9.47127163197966,2.1094191198884573,4.051593586589547,1.6175891744099289,3.220046692722362,-1.09474958949599,-0.9645452275649546,-0.071282710201018,-8.588035082148451,-9.357559218515874,-2.1290064923027074,-5.312964144056181,3.005213420792757
12.61553793052384,5.840617037898735,2.634361896665183,4.81145838909471,1.1460509643033845,3.733800978774106,-1.8832029300528177,-1.9346501811862424,0.7323033913807819,-6.791409762236924,-8.260642069452246,-1.6606297035116455,-6.172180701882539,0.1229900584923626
11.412395184390109,10.888670350443862,1.6999338128887729,7.515273870146395,1.1518653678066073,1.1276090664412846,-3.495101378516153,-3.770052290135993,1.0155768733522592,-4.006963964496549,-8.789790680762138,-1.42032065828883,-5.3022188036790965,-0.063254861692954
7.663971051284123,10.652723692772769,-0.8225188942195913,9.363266792333476,1.5841926504386663,-1.4961214219809875,-4.923619007092974,-5.524841863951728,0.2364200411942292,-2.355110766684348,-10.402390717930771,-1.508894550094162,-3.7281976415680376,1.6570380736980752
1.7069901394794558,7.953685253679214,-3.9934520438543686,7.8715558519132465,1.803351308472408,-4.933614200335137,-5.834323191625199,-6.444429508779134,-1.5642082010014384,-2.6839397262339304,-11.585477228401118,-2.7247562723046315,-2.6359110720595567,3.2105425601889976
-1.7412210717291812,4.918028855722242,-6.290113162989764,3.2598632922393094,1.2043066409279728,-6.2530606287565496,-6.4342334166209465,-6.358572620078661,-3.6301050008448783,-4.132272003852803,-10.725054021836812,-5.436850843015478,-2.2174475566418312,3.459819205212005
-2.841684443404771,-0.4654082425642394,-6.721170820770881,-1.7640014078868609,-0.3789211090397054,-4.770680474060647,-6.845298890556963,-5.680785642031516,-4.903023990757781,-5.113842975615039,-7.349977806225391,-8.633137225142521,-1.6819124309491906,3.0100592231529264
-3.326268520235258,-3.1682728511833638,-5.6753858999501645,-4.5172099115414,-2.680309259155621,-3.606821210639678,-6.892343436168268,-5.138308883064154,-4.754108823690263,-4.728026993675705,-2.8439297754516275,-10.485754196053108,-0.5164664303450124,2.936020934093168
-2.125263087699962,-3.093282919586134,-4.66343154336105,-4.660085315688498,-5.142989169310244,-1.906246201639889,-6.503845059749299,-5.350752502411542,-3.4784987207221434,-3.3753282940147717,0.1949616572333923,-10.102960028569704,0.4204881062777623,3.0747673520149448
-1.7676796490049511,-3.6011576190020893,-5.033980869583758,-4.149961747212615,-6.992272824420638,-0.95434841599287,-6.041340921775046,-6.369283710638506,-2.116055783122036,-2.2159588016089344,-0.2281054838353498,-8.632632553532929,-0.5961181516628642,1.947993840348758
-2.3973460066610177,-3.6632143367666594,-6.738620494337525,-5.04333181534011,-7.408232126408393,-1.2402037728105917,-5.945914923916938,-7.416137709348078,-1.6734446108192813,-2.125889146600628,-3.799307889496177,-8.303182102626344,-4.306313520970711,-1.5096590734696136
-2.315511416513065,-4.323837930921218,-8.288717096104648,-7.393489889475575,-5.997705241141325,-0.7277742671044982,-6.042544141674526,-7.146127081873772,-2.328725594241604,-3.0660109024676814,-7.759295750855699,-10.093559515737638,-9.14333345749226,-6.348319317317703
-2.090127065014705,-6.042834865742512,-8.026701479850672,-9.254519248289554,-3.3152137560723247,0.1920620000592727,-5.461447340522042,-4.498860675388116,-3.276665384981428,-4.242737075394416,-8.707631413715887,-12.370606943945605,-12.044428209776086,-10.0514830017229
-2.0360860594451022,-6.33309755274421,-5.631203533442871,-8.674766167629713,-0.8273839468363207,1.1582482757396495,-3.5347281062216496,0.3187913527384438,-3.402365562862002,-4.767501372181727,-5.1826582301529385,-12.130006470868366,-10.935621101263791,-10.770371933215216
-2.039438659151457,-5.446743445234119,-2.5087223381569856,-5.680375383386746,-0.0495766701787516,2.459780268744621,-0.8015412984302799,5.526353041230891,-2.281678678754801,-4.27833180213085,0.9179591731843432,-7.915982706310132,-6.649795869752907,-9.05564979263758
-2.909685699329411,-3.2252202586886067,-0.6816375637105665,-2.3551554679931,-1.4131226421269645,3.0532409249135046,1.1232943003808344,8.640238265711659,-0.6632226866154411,-3.156289116424489,5.33638727996005,-1.6127228045771176,-2.409501177765719,-7.204108337087391
-4.779688474103407,0.8810692353911074,-1.1054785395190976,-0.9838646936827616,-3.859600664492689,2.876711701803545,0.9861444617382632,8.127136468139469,0.0642918312337599,-2.242954186134682,4.417247681468055,2.85619387804222,-1.2241262573358398,-6.836532339827755
-4.226207795768536,2.959217268204697,-2.8518763185972915,-2.0172574775138656,-5.618608717297704,3.80355045556359,-0.6656906573066692,4.657104388838832,-0.9191822954075805,-2.2002649325575305,-1.978287539918142,2.9509828305425145,-3.45260225453967,-7.241438686020061
-1.1946736205029846,2.952829670324832,-3.834876298212976,-3.7184285255257943,-5.546011267917407,5.711640191032019,-1.572611020158405,0.8576370863657417,-2.9674278937628884,-2.8947625136832755,-9.831334568768511,-0.0760997630926567,-6.586693626980008,-6.230298776167018
4.692500429752133,3.434848040061219,-2.4423203018903337,-3.766805754689301,-3.86392084924438,8.806390826788427,0.4760874212412034,-0.4523252366447536,-4.23358467674646,-3.329972299605771,-13.35904059244814,-2.1151763702673065,-7.315628974115953,-2.556831106342827
14.46021590808325,3.564735262314915,1.2791613741110552,-1.3367283035936453,-1.7216726703498466,13.562367846663951,5.712579995080603,1.7032996763555277,-3.046907489414366,-2.3789763512112643,-8.980742371152587,0.2891612085865915,-4.06916032420304,2.716091354449105
18.88205092148098,4.479266308566412,5.773069426197992,2.2144387760590973,-0.099970640782999,15.313524797668922,12.03641260332114,5.764854277268142,0.630732816869255,0.1342094158937925,1.9624040788409047,7.014999181159027,1.9313505802246027,7.322891171567676
17.701363414194372,6.535786838435432,9.193600572427016,4.632350094658023,0.9047457371017912,13.902287380604898,16.57204924862515,8.899332182150971,4.911664839785715,2.995289054058162,13.856633256356702,14.595104617303605,7.693420514144236,10.069022652763238
15.363177455959663,7.494640140497417,10.639018509924938,4.842181904705029,1.8981040957594928,11.93733091123367,17.798095933520074,9.231512054225108,7.262151585777872,4.436619116870872,20.53814292496469,19.214922726804787,10.55382413742575,11.739961848790614
9.635616503135283,7.609569269262187,10.504175320764688,3.940160518435533,3.5005727454613123,8.30920584635885,16.50091252250985,7.220270962970403,6.463382059814819,3.7085020146620025,19.425831418590377,19.659831342534403,9.80669042411273,13.733399890739946
7.8467618929360015,7.870163234530929,9.892359857473224,4.203487100274032,5.881375830647386,6.460251569747938,14.903792448440214,5.068941295334213,3.665534190661617,1.9422094430172765,13.006353767289228,17.711489713254764,6.884599216156317,16.106577436267685
10.714061367527169,7.9106868552841085,9.721394193632136,6.998042890586845,8.784716039124447,6.837136711379878,14.823688513511089,4.738011656490869,1.5488063301470731,1.3177411946443556,6.6170770007833255,16.030133479940332,4.183049294559794,17.364882156231374
11.55900858035828,8.484997988873227,10.19691029840024,11.458988200847044,11.746874941353838,5.902722651690762,16.350495017742844,6.30496554178967,2.1547742569875936,3.1401526540020086,4.341253559622516,15.760340036638752,3.44586923753414,16.283045139013893
12.057944664316755,9.751586422682315,10.874664424282088,15.135797482536644,14.179439952279637,4.463028184352189,17.974191849840793,8.051742649904924,5.180668739466114,6.616157172823762,6.247947815640259,16.001140528997894,4.817399035764993,13.663417799746613
10.99798482371478,9.010060811027484,11.093806007628842,16.02777753847448,15.40298157670287,3.462497976955974,17.909041744884718,8.104922655276056,8.26271209363614,9.579824533743448,9.007318685014807,15.276219799539064,7.140881158003566,11.899599155499487
7.368466892764314,6.267668576693436,10.436695485119344,14.18857357478197,14.899527877030607,2.485590849771929,15.501461199095331,6.1147816217551565,9.071269252531806,10.519662558844004,9.092477072583762,13.297150061367375,9.137508210220773,12.595523321024729
5.3351692284645065,2.655530369106195,8.967062417229727,11.482671152150957,12.72426325402654,1.995008342830038,11.621673897163165,3.5033931373992857,7.354650808827444,9.900561376422688,5.722795730922371,11.270086895642663,10.40151793751818,14.68060825234312
4.487079732843689,-2.456597448194771,7.132146761830768,9.772254440382198,9.636266547872538,2.103596208509803,7.775217681869847,2.131232476478516,5.026486740638603,9.42689164773509,1.1341536904388931,10.553107086315578,11.344294727073162,15.08844256597041
2.128054004568825,-5.3934479353085685,5.376057871552121,9.227570200998755,6.666902515716444,1.009212740409385,4.724686839050378,2.613726659031954,4.195251549785354,9.996797906722492,-1.7646412455563478,11.0527885747465,12.25196823144472,11.51018966989264
-1.1308487921253871,-5.818290097570779,3.723984657591473,8.298596452485995,4.449220425782272,-1.298497744919332,1.8531495122650483,3.765896199302461,5.036982545940958,10.515239241118053,-2.02093808600128,10.964009789541734,12.546180656087031,4.6384891162939965
-6.031447524308758,-6.810819799212844,1.714922606128681,5.319430728332449,2.954021508693785,-3.6939028258430406,-2.1103742976432613,3.6219477719602793,5.626858522478216,8.925565338483679,-1.1794906467382305,8.214345830863948,11.158193779048348,-2.231525212407533
-13.07740140252015,-7.493199504355223,-1.1500965851478355,0.2218597545781335,1.868013216782586,-6.567779803635423,-7.606431206948187,1.1256403312801098,3.9472534648777753,4.522518221038752,-1.4742199084085,2.4112357450825783,7.717913374072935,-5.900572669316063
-17.28999171766703,-7.909110810809326,-4.760831362619612,-5.217938559373522,1.138049322569728,-8.07406920982315,-13.37505174359299,-2.9358106738447702,0.1032673688598464,-0.8313854750221026,-3.59968457611555,-4.448375398519715,3.2732208213374463,-5.844400217010559
-18.624151077854165,-8.411480354251255,-8.1764370916775,-8.790091048518406,1.0258286806230217,-7.930098029707966,-17.104576344846762,-6.492608802198134,-3.492888280253624,-3.994562655717232,-6.185147184742036,-9.269298131820593,-0.3624528887426663,-4.460148128154586
-20.65873654737296,-8.610854414115787,-10.170951497239145,-9.614945580740937,1.6093454320921552,-7.326801187542313,-17.147769929559104,-7.737292932799491,-4.232959705039534,-3.261337061539521,-7.264263405176436,-10.204102561682175,-2.1042617215100563,-4.910370825457022
-22.36188736173473,-8.640313999453804,-10.177777789895252,-8.71121970806513,2.3491658460107203,-5.725267117655442,-13.858330307207218,-6.402371962353556,-1.7170526712719294,0.0701464883136253,-6.122465391812128,-8.12207233513665,-2.4586357467406543,-8.545926341933075
-25.22194441853672,-10.333586357245393,-8.819879623083331,-7.9762000394098465,2.308188423801802,-5.642604370573067,-9.408849579708177,-3.840975692215345,1.8407595345726264,2.799902498284638,-3.77992352354039,-5.940524680486476,-2.905284746968789,-14.075450292278193
-29.806239549044648,-13.86222144308737,-7.521797104597738,-8.602972118884828,0.8844223519224954,-7.351878287398401,-6.2743372155559385,-1.9886067274228625,3.5447906516612093,2.5495240050333408,-1.931648721361448,-6.36083906508965,-4.492679210532941,-18.969938446479723
-32.72555807494491,-16.153068754351114,-7.50886897131403,-10.348019331739316,-1.675358188643628,-9.099508569473018,-5.655995486172046,-2.0842874225918706,2.211057121465849,-0.4508411200686097,-1.614527242033141,-9.898738830977862,-7.09514585992595,-21.64521467969384
-34.324975488233484,-17.508558907078424,-9.019999414564602,-12.147740631893072,-4.500879545618297,-11.542586354462872,-7.022171396797518,-4.027828917336635,-0.965501156681988,-4.033421435427044,-2.7765421015809157,-14.760610335869806,-9.934377259850711,-22.462621435638574
-33.74533756448317,-17.31477422492779,-11.304971490205894,-13.29737044329246,-6.80091772913304,-11.098416256135696,-8.881413861325086,-6.617806191870916,-3.8695501825624063,-6.282346880352343,-4.712266601493237,-18.440540313222385,-12.527434685685831,-22.8565619546893
-30.16964285700367,-14.826158455505016,-13.25095942279529,-13.964774454766168,-8.303660155285126,-7.293255752865583,-9.934603857622696,-8.304270818538342,-5.429593669696999,-6.963685414315403,-6.548046308439208,-19.503025563132784,-14.862525774305055,-23.66572595144473
-25.6145380226916,-13.126904099048538,-14.02717605252442,-14.585385573273902,-9.043298630078926,-3.2424044048437475,-9.692895280100789,-7.9510507430641475,-6.181094609977739,-6.968943665125622,-7.377268866825249,-18.12987217598792,-16.702589063499033,-24.356496944069363
-19.59631509786393,-11.950819744055805,-13.316261158962758,-14.885838341969777,-8.866274637116467,1.97922967079696,-8.355903290118304,-5.330891716834115,-7.102013857678504,-6.74430463044321,-6.4320878458626165,-15.359520447003524,-17.11524739084359,-23.7882382029972
-14.79371453801161,-10.126716335394155,-11.201930122987484,-13.720047509918327,-7.351499397143812,4.014836503262133,-6.407768778789973,-1.2816615360151875,-8.157100165749148,-5.654246161623947,-3.643074454739247,-12.08762436439369,-15.14443738013756,-21.591057538047156
-11.735150518645392,-8.213770385267443,-8.034437657183291,-10.102369721444916,-4.352742005997013,2.090790781473828,-4.418522716849747,2.539507243879852,-8.183333963254674,-3.024969589646892,-0.1190551983256309,-8.786557197808918,-11.121798393578883,-18.690902171560683
-7.928465523334147,-5.800070483691948,-4.409885412541903,-4.5285576616434255,-0.6014622956354945,1.227207829380495,-3.054029849221415,4.355779317249576,-6.271167772728292,0.3773534563252365,2.3024832455468074,-5.884281065930429,-7.113501033293294,-16.480262618331018
-4.148276875148142,-2.821095674839755,-1.1039349127015503,0.8272475999676789,2.391946385293547,0.3190348981468935,-2.932951098707957,3.241642861234201,-3.173003180664521,2.280614556499067,2.4643565318957634,-4.015927525109937,-5.6682612247347,-15.524514148702565
-0.2772688836932316,-1.1033532670244146,1.2116913263939075,3.5495812353141467,3.2691636429226225,-0.2635453837660761,-4.156376391144178,-0.1679998268315401,-1.1360103341173886,0.6670351731075908,1.0687148851811905,-3.6381859449702496,-7.773840765229014,-15.08610822125728
3.9301739622978777,-0.708133985136341,2.3588875732196364,2.9901419727709992,1.855286868317119,0.2610598587408901,-5.870297496123655,-3.824640236227197,-2.066079039994172,-4.191726743932833,0.3339086627339682,-4.357971028941432,-11.8943124672516,-13.838623268581578
8.660677910713442,1.369402718443214,2.813009038048268,1.0417938936594453,-0.6457835281998001,-1.228542812192751,-6.471035888248654,-5.395979979108525,-5.63564170887939,-9.435583052196428,2.209770155512075,-4.790113544483745,-15.061073443649,-10.978284175277771
14.070837504038431,4.893796059929781,3.4210759039247947,0.7922467561932933,-2.532881818328139,-4.554784020789379,-4.616346097620614,-3.7544292799832135,-9.174722336379324,-11.538057079722996,6.717256222207951,-3.3350982731180068,-15.08598881819643,-6.702744540313024
17.958373233910947,8.034005996121943,4.841154370940391,4.041733550067256,-2.8465906322646823,-4.931649369809721,-0.3765852435429124,0.2178789841814108,-9.635189886930174,-8.906713873543769,11.949422845033798,0.6155872478249869,-11.956610987432946,-1.811018464459444
20.249603169146024,11.308015662258462,7.12267695434911,9.773219718118938,-1.9371238730012263,-2.6055660308400808,4.514645828665231,4.181118350800958,-6.0055182047147255,-3.0027591711222783,15.680277533810056,6.026097073615219,-7.334558090377719,2.967768424386037
21.45863918741218,12.56526181642917,9.727875396161467,14.909037152984034,-0.9535402394631518,0.6127699231540525,7.741274515073918,5.939238989974243,-0.0839813189626426,2.869686357360031,17.01356953159148,10.728160281666293,-2.8889215687762477,7.24274434144159
20.98532180818583,11.354937598839026,11.913134696832408,16.700867147458865,-0.7912308839924975,5.748207383950387,8.07011612718712,4.933778449121988,5.029605499497208,5.987591151522054,16.594593567541676,12.788794626301648,0.853295126937681,10.773096916154287
20.78807106308695,11.304932512469184,13.120982854478378,14.699089682999634,-1.4286444135012246,6.70170121222786,6.211065460039151,2.491593020231214,7.335284408692424,5.86762052401744,15.432688880308078,11.731117617952822,4.216118509155891,13.286450676704057
20.86711934195545,11.951648550678888,13.106915625799603,10.723975992166665,-2.1309049783166216,2.91031051364336,4.096140686391976,0.6515238166089077,7.12572024245658,4.03617384416772,13.709609468850047,8.71925927324002,7.282791658786238,14.63421663646854
19.43716905425709,12.773738452156744,11.835425734286249,7.117433673461193,-2.211714041671179,-0.6702289065804861,3.1975199898851514,0.541585527957551,6.099109473191049,2.432502865146155,10.78262724078678,5.636015811511143,9.36717699542084,15.078637084061462
16.83677992284284,14.450873938140136,9.391482642429844,5.006495840177621,-1.6440191717578116,-5.515954532710399,3.383279657790382,1.623373463166594,5.458699177443123,1.9171625897298483,6.248761213802304,3.808297410173424,9.638321245677794,15.240355299213183
15.952701867379144,14.680645715691291,6.0601293825436215,4.039933793509803,-1.055925244156832,-7.171925224444519,3.3036468825691188,2.3427791498027872,4.863471284022921,1.9520672421825085,0.8574107948216749,3.2997348973532468,8.142806441970677,15.581904037564136
16.773978504127246,13.44601636413497,2.4568270527678493,3.466894029000265,-1.1945203276294976,-4.656064780974074,1.8718005881739543,1.51195531909471,3.0906379679097213,1.3650877539333877,-3.720422810145237,3.142239251685808,6.032332521183342,15.899178052358614
17.867550823837828,12.530000503468246,-0.5471261950246031,3.166700255640748,-2.311738766210929,-3.3043314708364084,-0.5945290133785548,-0.8058262033165207,-0.4382597135247934,-0.6613270287529076,-6.0915492108189895,2.1648025691500976,4.688797855415743,15.450213814899428
19.905649938424062,11.491306551852077,-2.200571325691186,3.517931515624717,-3.91984402681048,-1.923090966494395,-2.636684922447074,-3.5693722278378037,-4.855809857940216,-4.106391415934162,-6.221260326070002,-0.2165490305654387,4.626300639828799,13.776139062284784
19.02927518127387,10.707033690015768,-2.334161530158866,4.409235919167671,-5.090016190517311,-1.6799794194625406,-3.0420785459457704,-5.756357775192107,-8.510600663244794,-8.223954198694315,-5.458548085782638,-3.684683914748057,5.238479344732667,11.454784286320574
14.821795002894143,10.4640858284671,-1.5344127745567349,4.697472591429836,-5.107981997804217,-3.467231332619631,-2.025954025772343,-7.080567575890107,-10.354434166604548,-11.922230397602933,-5.512322696164318,-7.246955002683656,5.520823997750725,9.866738438298626
10.021328819699727,8.474347393384077,-0.8275155906828857,2.95611000380827,-4.027039500980976,-4.237603210678852,-1.0883152013054485,-7.856789261471306,-10.668780712822056,-14.138470533624693,-7.196520811987526,-9.813187121587871,4.944628523301972,9.926177381526344
3.619661062439456,4.751495659308793,-1.0406340507289045,-1.0725521603038075,-2.6584820753043346,-4.459198067295488,-1.656213243677854,-8.342313792218668,-10.47770043821552,-14.159646290776756,-9.822226255407791,-10.806323511888928,3.716065604749872,10.919405795862488
0.3350900247342821,2.8141180511903268,-2.27709008128258,-5.80022766113018,-1.924942286328104,-3.81558887292603,-3.727750942375579,-8.338533886839073,-10.301334058676725,-11.87896748860529,-11.55047438669277,-10.428572967211792,2.482439364552654,10.809779698077229
0.8277806446618156,2.4030310744043244,-3.87939061748196,-8.754460813656884,-2.0559467982765725,-1.7267535353437438,-5.741769207959855,-7.458368363786903,-9.51694026851709,-7.865367345674976,-10.410093201426427,-9.342578215187856,2.0481384138805936,8.102313534945864
1.7793579874789165,3.4847814398077324,-4.903345618634134,-8.481176322258626,-2.3446993744276625,1.095908855397904,-5.823733070907032,-5.721748609707319,-6.977519084474679,-3.133293439773233,-5.423061394713372,-7.960395641581108,3.286385121727939,3.667057974193284
4.502986162673251,6.896526205308521,-4.756747747203349,-5.71478442792359,-1.7617708135800996,4.977278157567931,-3.355536656875444,-3.795897717134068,-2.3207480909417484,1.2953390002890617,2.6729054251985644,-5.974614879954835,6.849009390667611,0.5943944958560792
4.718979538968775,7.085177504925261,-3.55337926326002,-2.7474456466445574,0.065249727870281,6.719475334831044,0.4654786229913199,-2.5587164643949194,3.2789743442832133,4.76371772473582,11.470054581309569,-2.6872463721950126,12.446881965951214,1.822469030958373
1.834546710494943,3.935292040102052,-1.973639044228424,-1.5589889816978584,2.404405355848564,6.005593778168291,3.540212529170322,-2.342575455665205,7.692881534259733,7.077589498713358,17.847758852918513,2.0316736151554515,18.304184936986903,7.480933943885581
-0.5900843051878475,0.6932972718282703,-0.8023573527155143,-2.37310578383385,3.955006140441672,3.911956014252076,4.4585888872425095,-2.553248305622269,9.346744630033108,8.35146612572925,19.555853629743343,7.059827919551182,21.72483112774969,14.386829174221198
-3.667596191602021,-3.892927582878389,-0.5137801449873152,-3.841341040543412,3.894503562066973,-0.5142062460452546,3.4367954581742737,-2.057252182582168,8.402910531156163,8.794370938244416,16.604186403451237,10.434379936406224,20.809573876478098,18.259987103593915
-5.347716478740752,-6.0510285500210985,-1.1416712932065425,-4.506184168576187,2.481275511011539,-2.07831365527902,1.9056893887497992,-0.0683253223582198,6.609826581394344,8.60489035293246,11.453402032608617,10.708490415996067,16.014648990701215,16.765675837848907
-5.081793480750482,-5.200760560406378,-2.3805909209118177,-4.072739785031359,0.704332805775298,-0.501491472335696,1.2454810303027806,3.1745868877083225,5.935460409853498,8.00978649125583,7.597143238636928,8.140355336636969,10.012561381346226,10.8644189642501
-5.72165860696331,-5.845386455635291,-3.721089039254423,-3.364743646538688,-0.6051259600690209,1.8900303165735657,1.8094793013267925,6.492096717605756,7.114233811665086,7.351711606789653,7.28567129594397,4.643185567873751,5.7330709846708245,3.661204773824855
-6.723540318289329,-7.116065094954762,-4.5412620978989295,-3.22270022206402,-1.3193766117072911,6.430335953851033,2.95897106642804,8.560005094481742,9.26731061869944,7.073419148427359,9.971609473738978,2.4851393769369245,4.210684190689888,-1.8593593928180527
-6.664177692105591,-8.416122719576649,-4.256221321104858,-3.5903233702886066,-1.7695970340695748,8.718494918640452,3.84936137203111,8.813503608053148,10.805987448154816,7.498196508749011,12.71453797913002,2.813066708818207,4.133346032382276,-4.288576160104487
-5.862313644355661,-10.426148209815173,-2.5946231986272217,-3.685610648222712,-2.096893547319917,8.422158193701444,4.137219146935577,7.802154534003979,10.766958880143337,8.505800328140054,12.357446614519192,5.165384648244679,3.416496584934645,-3.796380851124562
-3.198938939334888,-10.351939777726392,0.1513332360720962,-2.934218531949522,-1.950885976044951,8.176947965135476,4.060016249159628,6.772543861309519,9.46959249889817,9.422579669126447,7.878827078423388,8.203880659896761,1.2557542732991411,-1.43910531369389
1.6839114368222088,-8.086574115455656,3.17445367597296,-1.5758974605420066,-0.8530684943936953,6.890473970569357,4.034614295288561,6.805580730295668,8.066399559142537,9.405351003224183,1.1303838065341625,10.845014728694064,-1.2386248972855256,1.3715366412502563
3.429489680960646,-6.674678185054181,5.565096287157472,-0.3087570524214431,1.189096143696374,6.02985338049692,4.2810668549396,8.088581787532263,7.494829165536789,8.16771594480845,-4.59687943116232,12.763799862765396,-2.287145387724993,3.2219059059724984
1.990060380366515,-5.615533758481704,6.804724046446023,0.5666107979696999,3.4933003871541204,5.847697025566735,4.758211477234847,9.766420467900607,7.726026532637148,6.41277518910101,-7.057282346376124,13.985655633641558,-1.2720524724839777,3.251857843596757
0.03980712084165,-5.128869808494315,6.959751908038999,1.508167181778513,5.163781986815588,4.863871343629655,5.291176913365332,10.459835344015737,7.839813345781868,5.399595218352639,-6.682844488681616,14.215937035057738,0.5781580067440675,1.746200368018985
-3.660600019326985,-5.801543457996494,6.4743456255674445,3.187309996171055,5.766566721120752,3.431718002468741,5.660476970202192,9.16880299025934,6.771313699031157,5.824566091992654,-6.152940858794027,12.79150090410258,1.2177673684239356,0.0411911553016803
-3.994388518261294,-4.662049874685757,5.815071579945988,5.638075610733692,5.582456944328941,2.3028880005346197,5.6236740495701545,6.02794570056032,4.135526435882153,6.9896572487995545,-8.268135056325882,9.441653327701449,-0.4741787096506842,-0.5279661585638316
-0.3931698254344823,-1.777884243387712,5.270172569305222,8.03309018741738,5.236536584301395,1.35236647125854,5.000828508736828,2.3792801791425724,0.5606592668353301,7.1612708662507725,-13.74042911327474,5.088950964802111,-3.795485589281252,0.180263452287491
2.703554791915218,1.6835816941195128,4.948385460897754,9.343136359560932,5.105520694644655,0.6755133155819409,3.85198171364247,-0.0059798152680112,-2.674134188450836,4.985123034443486,-20.530722609157444,1.680886647109885,-6.87016062458998,0.986011530236432
6.542441699377202,6.37090513527371,4.810035851886202,9.210974493988337,5.066115460744369,0.4381127944800702,2.5738914004268434,-0.0998587652036722,-4.4439874965460415,0.7605231370761416,-25.199159059172857,0.8753030935298138,-8.165159034132968,0.5631803351631142
7.452077967676068,7.501274677867781,4.649701928034556,8.172409285183104,4.747319154415258,0.2526954938881407,1.744166176399217,1.6883458181187727,-4.465215859703307,-3.611158321674409,-25.26971748121597,2.6015452114525264,-7.5216198194803425,-1.216049338084435
4.545389426301751,4.6214545885388825,4.155706521636935,7.055491339027821,3.940509659235168,0.1949510500876851,1.769382557559803,3.897604309115884,-3.36133670045764,-6.026767320933477,-20.909842509367223,4.875014828591496,-5.919747300358628,-3.1477656570586223
1.742120612010508,1.3389102975827014,3.1531454474745253,6.215869584724558,2.7353887925397977,-0.1183368631624191,2.599162790363833,5.197817749101237,-2.076957251663597,-5.732262193480787,-14.766146344383342,5.245060748056119,-4.405826945144245,-3.9336927821265206
-2.033540411586944,-3.546402677111641,1.8652718541074889,5.369846398723798,1.331626878250372,-0.7845952809387395,3.732604686231884,5.349378650090092,-1.1665280187188998,-3.717327423727309,-10.153096258244249,2.7424706205474383,-3.2992345732753137,-3.51441724865294
-4.466694868077359,-5.537515130154271,0.8621744210342861,4.11117721873158,-0.143592564510314,-1.5071360579696271,4.512793731896785,5.089259811190658,-0.5928188819106861,-1.726477064346568,-8.931244246403908,-1.3706190135200274,-2.348095328788963,-3.095590641043392
-4.873032096937533,-3.864077769537298,0.6075089570428034,2.483587134700094,-1.5508904085474846,-2.4150871672314875,4.501741456889505,5.095035886587613,-0.1412047293147331,-0.8695826393173185,-10.523156215011102,-4.713438701194958,-1.4354476317564355,-3.7954107458375623
-5.619930713535187,-2.393433339976053,0.969821596705188,0.970331635400644,-2.5447608351190034,-2.8801756051637373,3.695444111177814,5.077590271970902,0.105184577653933,-1.033075062002368,-12.601384065605194,-5.739307599764212,-0.8936021509976797,-5.283552683376321
-5.960396905349509,0.1229588983351381,1.2159526239127878,-0.0638232484425493,-2.6609336405176194,-2.8325690148837555,2.4605433934546497,3.9429410284762696,-0.1711021316936971,-1.4178844101541015,-12.811197322962876,-4.786164216346844,-1.0328085172214043,-5.861468720459433
-5.516813415489795,1.4598495783298595,0.5931745620945676,-0.817334451609117,-1.76897873256598,-2.0412275507942046,1.2446691914963353,0.920116677755228,-0.9977248968159244,-1.4774598096597806,-10.310756198061188,-3.414025135075793,-1.499162953071636,-4.051134805914787
-4.457405057281807,1.0500104033437003,-0.9897355431506368,-1.820209494036611,-0.438561778701878,-0.2721036429348883,0.2527284773673059,-3.418360937749547,-1.8280307191909948,-1.3016600730484598,-6.203660385005435,-2.8432626987587675,-1.3714087767888046,-0.2405003145786324
-3.537225226906173,-0.4471582977178361,-2.8326426580314816,-3.2071194317526306,0.3249640236889455,1.4548993052080843,-0.6743868698599478,-7.273457001021445,-1.970482706884333,-1.2043850662972844,-2.7322531393322294,-3.0326347745460573,-0.0893898831741104,3.22656280542607
-2.7895645156670583,-3.854565838944668,-4.0247544863388285,-4.28969009603988,-0.0745838106547829,3.236359536165075,-1.863343187945631,-8.88278172520161,-1.3276048643379426,-1.1316905129040151,-1.8238300070727045,-3.137187505601023,1.7307940986758863,3.748007752057269
-2.993224294321018,-5.295068158214899,-4.2164852021152655,-4.025238851040758,-1.1648997918847073,3.6889703133878298,-3.4270835817774525,-7.886570560798081,-0.5664170629255239,-0.6339235770785621,-3.8901116908367577,-2.6776018259141026,2.582410069564375,0.5355748421442001
-4.467063073064566,-4.679892889126615,-3.873760545150205,-2.090102244678949,-1.700073134121297,2.4498707547711995,-5.035481352789109,-5.623772134151142,-0.4350109842457499,0.5442301047358917,-7.6078952975578495,-2.154147222907284,1.342039902141785,-4.717449041145805
-5.254827614581398,-2.7363689900582533,-3.803065506678358,0.4435851841594278,-0.8091559387724523,2.1316732817914383,-6.10564024046967,-4.086864127055513,-0.963341771431935,1.9374810065990216,-10.837514312302991,-2.540795411915571,-1.6631355700558217,-9.103642230216154
-5.5571819062713885,1.5618661363767643,-4.424851361300451,1.6091868070684576,1.0276304315447824,2.41244582788942,-6.313659667321794,-4.400028434280873,-1.4987996343588603,2.560679463388791,-12.091800782792584,-4.267825322184301,-4.863143033050958,-10.57619015253099
-6.547057815338912,2.61150758603108,-5.47775050048563,-0.012439314690507,2.19193683710537,2.514853440638088,-5.976101215686459,-6.076339393723224,-1.5851573804138752,1.7322989773732935,-11.497942503085962,-6.75356456273926,-6.7485132883168735,-9.16667048754242
-7.925110157864909,0.2210638157862432,-6.377277516842455,-4.039241098639431,1.2866581835767017,2.892036669356397,-5.881147208953671,-7.624558920573419,-1.661446669939938,-0.281817761748119,-10.46546071053394,-8.913041461169493,-7.026577007600007,-6.620590444739394
-9.582524223256485,-1.517079904590146,-6.806903752543709,-8.288900915300154,-1.5277431124364045,1.594996347337503,-6.620585708105121,-7.904886728101317,-2.6885629376757887,-2.46917770249172,-10.275713770988112,-10.08271746706214,-6.598409541467417,-5.073347013919364
-11.67588723000941,-3.816735714682321,-6.935626690660833,-10.12308021723943,-4.462930376350951,-1.5514742844983316,-7.981957049643654,-7.013339393349153,-5.02931955194256,-3.945934431811033,-10.788372998690615,-10.444893332270688,-6.527174455014517,-5.859718500489304
-11.568262622075167,-3.316862486143513,-7.081216891275098,-8.187967477611199,-5.438137287615962,-2.880749535685731,-8.991768469556037,-5.964756602370246,-7.829744368712014,-4.672312136784257,-10.466535721015582,-10.596829045293056,-7.081020707081347,-8.993027428776042
-9.03321540273283,0.776288602375072,-7.210257687850687,-3.3309200600068394,-3.7001256914568543,-2.6416529995994846,-8.658636911175186,-5.590057005319622,-9.672646479631334,-5.364659792484721,-7.780013413909687,-10.762764972855113,-7.6894055981162275,-13.193776395891128
-6.86501201169385,3.244148699955919,-6.815321121351273,1.9039796680865424,-0.3543622049727126,-1.8605436525025243,-6.818264402322482,-5.776472598910551,-9.888769991198693,-6.761906373072078,-2.732528491664194,-10.463527030054529,-7.648551569492341,-16.31391954086249
-4.489048580081862,4.889991775542895,-5.324480422041727,4.825246168778229,2.591901830578287,0.2363138030282521,-4.34546493562255,-5.7657285485058445,-9.154808589568711,-8.966996778587161,2.9258523659160645,-8.980316310554242,-6.766947493379165,-16.26060535463554
-4.0496341943057725,4.660176296859729,-2.695767544690593,4.167649375005432,3.798255918323559,0.0456325806578872,-2.5282781731513246,-5.111430378922263,-8.736013970307159,-11.384575421765852,7.024672464623752,-6.185884836485297,-5.4140392994539965,-12.303287847478169
-6.21380382959511,1.475858303705316,0.313527517571412,0.706538056579257,3.452098616533398,-2.6617734768784387,-2.1141097886554547,-4.2275363375284165,-9.153289370105623,-13.149435565651483,8.601392902207063,-2.9773310452707946,-4.152637309762099,-5.962840115812332
-7.194840838441485,-0.7937180507745857,2.447204091426048,-3.421801759504257,2.808030796941182,-4.941292846195091,-2.7875582842575746,-3.9197527200104494,-9.644571567752552,-13.577136222029816,8.36687982571376,-0.8824187396469583,-3.447157814755945,-0.4900742097671937
-7.558956615737284,-2.6244298430162365,2.662414553606883,-6.1685046185205845,2.94068333402554,-7.596523117420799,-3.434104157332513,-4.385558539654097,-8.943944842382619,-12.349150304266924,7.77173527345972,-1.0730073886305558,-3.6098745407239514,1.1103646057726042
-6.889236877663538,-3.654972348766559,0.8357062972043874,-6.749586494462999,3.830608349984857,-8.00858413732026,-2.9035767516305526,-4.75253998406394,-6.549749956508656,-9.513985881620853,7.820440503041734,-3.459989034422149,-4.720835121089376,-1.82568927094386
-4.43331515298993,-3.0829572883141503,-1.9826645416818105,-5.759353580738782,4.493717848352196,-5.550114656437921,-0.6926753548518398,-3.695785324245062,-3.2014324994753327,-5.483446171283164,8.847465845746,-6.507297111025885,-6.332478472617709,-7.09715647965107
-2.5702281933197346,-2.778960006078648,-4.028398015877519,-4.304356268212459,3.919272858436996,-3.961243149272344,2.8219951218649104,-0.6006007975509284,-0.1468132160678497,-1.01622363675496,11.187004409951994,-7.980184140719049,-7.263073736253782,-11.149544018731609
-1.02475754155286,-2.398352456742157,-3.867038067071421,-3.0371779870182047,1.942377775856663,-2.5708948808238787,6.577512294551482,3.791407363419317,1.9820505328484896,2.950891883435201,15.531129193572363,-6.291026767200057,-6.023995206929201,-11.403185257142669
-0.2107982429424441,-2.315094481299863,-1.419978749450129,-1.9455202159813652,-0.6585684819807085,-2.563907243667101,9.23883065113044,7.81525191534352,3.526332181244141,5.635253338054049,22.13755833300881,-1.661617169202792,-1.946405234958247,-7.645064416737486
-0.6472579687170779,-2.8593524386171323,1.8209257788881936,-0.9191788658272442,-2.813989319542741,-4.7006291987221855,9.695513993020166,9.978896473287238,5.093613201409747,6.704061344377047,29.59034452804915,3.73697550579457,3.772672121852615,-1.7385112102870748
-1.9016350040805168,-3.8353617243119578,3.7337428321579953,-0.3232777857999647,-3.9234806966918674,-5.714659912721587,7.556559580824643,9.803464523680988,6.619507667210939,6.325964544659996,34.76246117714052,6.982158641234644,8.20371627718642,3.6948260589547512
-4.328896393634574,-5.500407616154038,3.084043273120116,-0.8651507653349393,-4.1051930962673655,-6.005192325250835,3.4540090295567687,7.83972342112766,7.25213629968847,4.982666290974384,34.703569373610065,6.304176213884668,8.341136991401754,6.506226663917884
-5.279774136733957,-5.955799203182593,0.4297517473407897,-2.86285278513702,-3.8648256207381753,-6.2556477423100505,-1.1232486701826652,5.054041498215087,6.210341894192887,3.2175660466393508,29.123374997119654,2.354513814504457,3.2921533612116765,5.654271191416896
-4.586475796270848,-5.113069308981589,-2.3739248182495643,-5.694288575789589,-3.620375357316806,-5.882026279162096,-4.544623646213456,2.2138189832884514,3.704177261936418,1.4687437749158443,21.10829279062181,-2.2399087922266565,-4.715755819426114,1.430577973671106
-1.965661575023104,-3.911663600999587,-3.664565399606732,-8.022043462053418,-3.520030372848594,-5.9914208374183895,-5.938335408161846,-0.2887998238877598,0.9262852733428728,-0.0077525930367521,15.019251392864255,-4.842435760294029,-11.521207917191656,-4.523740839023455
3.434945575378882,-1.876630187138651,-3.1698760373985326,-8.618768933781295,-3.575914148963913,-6.574935237866502,-5.640593854637354,-2.243440247796322,-0.8909784561389347,-1.1698717910020822,13.116459527512571,-4.781267555411075,-13.717481570608108,-9.624079628031916
6.008815780546514,-1.5643423358143045,-1.9337698294110188,-7.109047892527132,-3.804111088743195,-6.271940821230864,-4.812572218985544,-3.4396058826500133,-1.3884576517865206,-2.1599077044102906,13.836352340382298,-3.685669686481879,-10.871494055409862,-11.415798713140076
5.752204286890241,-3.2267168148561667,-1.2054362955413072,-4.137123147405564,-4.162206642431201,-5.221248436162724,-4.503291670315187,-3.7481615468709504,-1.1052131949353416,-3.174328802286745,13.317833329460594,-3.8686398443370056,-5.599179690147181,-8.95583928574996
3.66253625795188,-4.03951825225547,-1.412047355960544,-0.9954042121253872,-4.430398569588903,-4.45020081835621,-4.920449833354196,-3.3608943049749587,-0.7783932154242756,-4.289283188848348,8.869546698252055,-6.143166383915845,-1.5163046800521327,-3.5469248538705607
-1.6944044185641616,-4.551537088521855,-2.063204321815864,0.9798946841714452,-4.314909838715151,-3.761326374626364,-5.496998616565389,-2.868880637723562,-0.8025982868327932,-5.386547317005334,1.3074723043258212,-8.993058324043567,-0.7272031074908374,1.9271922664323933
-2.5852963340155384,-3.766869150000393,-2.415756804860536,1.0109836556441,-3.7752511466912657,-3.5344409057670703,-5.628060348872126,-2.987398728972917,-1.3344560512799015,-6.247835765008833,-5.864721706824925,-9.845291029270722,-2.7289241841548555,4.796683925556387
1.2477223651480118,-1.114723058564291,-2.0880839716602644,-0.6888455864975316,-3.2166564176027093,-3.990811683582827,-5.340984563485625,-4.066045374685894,-2.581410841267855,-6.705670028397512,-9.58548330049265,-7.338599313694028,-5.300292992715575,4.29292267094795
5.552071424421487,0.378930662487729,-1.1200927208738622,-2.8992439232990743,-3.230203333149895,-3.711881370655602,-5.243501447890512,-5.745681020356434,-4.5837877876046695,-6.68213536979085,-9.800786844603088,-2.606194061789986,-6.355040878685172,1.8885689333500388
12.142136873746098,0.9825067003455092,0.3069469012040997,-3.9879957230332743,-4.027715875042454,-2.775375818016663,-5.805215925689363,-7.061608727440125,-6.643161777753528,-6.111925500599666,-9.221775991670569,1.5481647408353956,-5.2121542897091375,0.0898159306919144
14.703656351332748,1.995885611999103,2.0221011811189733,-2.905363845207527,-5.116637551608339,-2.167041880287082,-6.698215297883976,-6.998390298879581,-7.347122866809149,-4.9337375247909225,-10.633699878436495,2.8873233724128866,-2.533140958199014,0.6926598865237117
12.439509311536112,2.882711071369107,3.788072280335409,0.0788251607998888,-5.606524739787387,-1.6446125580476951,-6.899006452098348,-5.189550494938143,-5.679741572490856,-3.261616361146769,-14.269540736356287,1.518623422670622,0.61538980286552,3.8454533764878
11.89307281974254,5.37163596023383,5.2740121277022975,3.491293068836385,-4.941349493939556,-1.192090045478628,-5.537114745061838,-2.303836690348102,-2.310918235259692,-1.552961724033412,-17.58029339234541,-0.2380157752561764,3.581968655149482,8.442549131436452
11.594066971271188,9.711961031661186,6.2408682484759215,5.58662698111045,-3.4051818277052197,-0.9499642805531188,-2.7378335008182546,0.2324186858728666,0.4811347684980581,-0.442591341883769,-17.519161378134612,0.2674763729638014,6.254403852863192,13.18972616411665
12.139561870097523,11.860825252664084,6.725289568061649,5.425738214542497,-1.9212517028942249,0.4449610598209257,0.3431434709525933,1.1460829162461654,0.639241950526928,-0.2005157537441563,-13.251895418520446,3.953797475036787,8.671232843128132,17.237316244574334
14.552755939282042,12.004897056596386,6.951320279930092,3.398240237628245,-1.2941736209164267,3.0685112108044605,2.382939265967443,0.3194935607609999,-1.6341825362215796,-0.2798029821949925,-6.920295344602406,9.411814580530033,10.682872537518616,19.95260835050715
14.582366029566984,10.885155580267108,7.061063131121848,0.9815891071777196,-1.534807968351121,5.116951591759741,2.9270636552893188,-0.9241264048385256,-3.726095446158789,0.4534353458506608,-1.864566630461402,14.142092650775693,12.004179238824182,20.455139909668915
12.474350771969856,7.560827554068096,7.023164572917974,0.0016506222581448,-1.8195999973563024,6.824101724464895,2.704901495957636,-0.6980084312990682,-2.7865315306955534,2.775388767380547,0.0688851109691359,16.479980312148214,12.53425376595626,17.834796555856965
11.17917073344806,6.215226683104924,6.84546690473111,1.7534949805634756,-1.1036803750645077,7.750933029486212,2.963053348388987,1.889527815088937,1.649365877839296,6.204220820102995,-0.2178702966709398,16.572482035310546,12.56012202616072,12.167830095361865
9.994380899040756,6.958999514940536,6.767911539906432,6.256610768528315,1.0937334074169265,7.482726371720213,4.400757231165602,5.755966685085838,7.052299421565516,9.07912446233646,-0.2604459434709882,15.702692957279034,12.593568075504106,5.362475644644912
9.443433452281258,7.345498571929069,7.067897270814799,11.962377445486824,4.29799723379638,8.315083858537308,6.606983849470907,8.472039740324107,9.957405093670967,9.768240541881552,1.5329878158015564,14.765976454753108,12.949934221659523,0.6896916421641832
10.01919351771257,8.317120924845105,7.610082999387198,16.28071420753156,7.325882683603584,10.135272066022772,8.439455625270387,8.216785587271719,8.892019995308996,8.06685039033244,4.472003518989364,13.433235973474057,13.451636013908727,0.9035054504133766
9.844324553772818,8.291428299247277,7.709424114429487,16.953130340980344,8.981507805568551,11.1939468691461,8.989802735384911,5.465303995226394,5.614683552823847,5.5389441031625575,6.475162202080309,10.813331348169015,13.582606169342585,6.213201826724122
9.121325794792432,6.961247191547284,6.645425131853052,13.57247451234108,8.755620585028343,11.872129838275404,8.328154511362088,2.823522427301049,3.6600646502028233,4.415817318339774,6.368802844610231,6.918713867653704,13.03309409776525,13.759403404112373
8.332263315100393,6.857907117348233,4.434464115001359,8.104199661099184,7.118459148714163,11.934162850009798,7.446264660301549,2.966698168870297,5.503286320072535,5.935132999023384,5.357281137503544,3.380301899774096,12.164517307478995,19.226380449911304
7.137885824596674,7.665874256260738,2.059316340943482,3.764530983694255,5.255508687876786,11.076809786822576,7.473815649319283,6.389788155076559,10.684246489623328,9.483498411677342,6.17642733532391,2.506861898558227,11.886484122771316,19.58356871684232
5.673814210002414,8.497397269398013,0.7963831789621258,2.884769149111926,4.408083693436608,10.800801456485598,8.791806732415125,10.946874873818304,16.263788001141613,13.16290268019332,10.599723215165051,5.369179676305079,12.899388318750706,15.015718325852912
3.9051699492185623,9.7776431465316,1.1755162497929117,5.350613151816758,5.183270897146004,11.03903419556054,10.716222189823588,13.601129784209917,19.059401364838564,15.184600281654722,17.53731698205935,10.602466452447452,14.870155453164362,8.63633178962676
1.124421029427283,9.324608401808346,2.5209856393396963,8.866517408303261,7.19516239224393,10.208183892668522,11.987380523675894,12.84068429637554,17.84878955775716,14.932492963335037,23.485748215045533,15.081145675387924,16.309500685103885,4.201272941772176
-2.7386842448759863,6.892445078902903,3.512468336126871,10.818338785483444,9.231921974884711,8.514364646731007,11.713199294967822,9.683202533682604,13.972188094563515,13.027617638203663,25.01127638255465,16.01501457595499,15.44069160661313,3.5257441364893403
-5.158650263721123,4.532334115708198,3.2663390529977256,10.166363664982644,9.898857098676949,7.059949208240076,10.075649646344766,6.545532911629239,10.09894128415278,10.640554045039304,21.195757157416075,12.811552019425918,11.52793545764768,5.505867225362245
-6.11582459714696,1.722183429182501,1.9802126678997083,7.841918659632551,8.452011851574607,5.628378142050777,8.250413065379172,5.159426805196932,8.24441508087536,8.752336475743721,14.087818541313773,7.293267808843199,5.652614705700325,7.356709878423153
-5.125748325345811,-0.4417598346183986,0.6208245605429917,5.515028836751666,5.370262949051636,5.065853894255426,7.529467990540004,5.402305704128031,8.50804756221979,7.811168318677348,6.959799144245381,2.238044564956202,0.2320852713947865,6.915733979605053
-1.4215824039512486,-1.5798935042368665,-0.0010278227563094,4.045400642997143,2.235870036001216,5.654922721662558,8.242894887274906,5.870438552839969,9.313344193834766,7.734526262617734,1.9292358275848187,-0.5258114104249141,-2.5214367452766915,4.0854641447292925
-0.4490440754799856,-3.50246360462727,0.0686655265953525,3.047090439803002,0.8193177827543563,4.903484952399424,9.309744620556634,5.383086695631653,8.78258342546447,8.013918915992114,-1.2070748325762413,-1.0835924528672158,-2.1663662013484597,0.3809625812890038
-2.194406710609006,-5.895562673201886,0.0183414433858683,1.73817731824026,1.8247062021254123,2.943767773768569,8.871250869702479,3.922376367273441,6.1287494269845695,7.843280182054366,-4.283060383786187,-0.9625358940680776,-0.4616266126221893,-2.719605741751212
-5.466653210206845,-8.093793264632732,-0.9933651857558904,-0.0634898785292361,4.178800757188777,0.2858885868877407,5.659013272554635,2.284168860645804,2.0750419465549896,6.372658235402978,-9.061885941290695,-1.806226304287992,-0.2372513324301683,-4.95929159159318
-11.628892826532311,-10.340371733300287,-3.1151706238567898,-1.9220364618157864,5.568680759955524,-3.6288554861658353,0.105916075604056,1.0276487746178096,-1.867878255169956,3.1239128772978617,-15.910415894117143,-4.23979838145531,-3.4067573086941163,-7.03310049994721
-13.800516867013926,-10.874722296717138,-5.673275366150396,-3.602679621723194,4.067466227767993,-5.837530487856171,-5.715040163915985,-0.1197975795127312,-4.583431910977209,-1.6166693267069618,-23.638381040814664,-7.634049122849056,-9.521273049260822,-9.423978042625675
-11.715728075124444,-9.453100161851582,-7.680780993298385,-5.538341453640498,-0.2831792891582488,-6.204513401563303,-9.392335405092265,-1.8526287846553176,-6.039196430038989,-6.728287436986676,-30.287955272027556,-10.734366648984023,-15.951319389264697,-11.712487924849748
-9.554860633099342,-8.695120582304869,-8.529624448539488,-8.17510640292546,-5.253637361277677,-6.639610809525138,-9.79606988577479,-4.380539993561729,-7.006044628951717,-10.672187897146772,-34.124617353014315,-12.541688487162624,-19.605816006757664,-13.03798672371089
-5.727682051385731,-8.248340712395853,-8.314928745909391,-10.896550896946264,-7.9418008089123315,-6.455951477552739,-7.789675176045085,-6.981241865531262,-8.141672385246217,-12.24887172365732,-34.2629816855617,-12.780764214703735,-18.939686196540123,-13.052088708416916
-4.321666305843595,-7.600146917836834,-7.594629403361972,-11.995746095416864,-6.958933076710593,-6.559114308902919,-5.5030055805948095,-8.45710667372255,-9.287636203105963,-11.269081119652366,-30.850945687988,-11.743880632078785,-14.797044772004448,-12.218722426741111
-6.011922398433319,-7.220971897926429,-6.860956821295522,-10.165212765051042,-3.5361432220842057,-7.180478291686141,-4.777206977270452,-8.06478170735475,-9.626247228159356,-8.67247437705587,-25.00168560697489,-9.85138270435074,-9.584659552056586,-11.15215686285432
-5.712296961209312,-6.089563655419826,-6.209564792577584,-6.1617074021134695,-0.5793460938318571,-7.183773631051174,-6.007667431250678,-6.098992087145438,-8.562478643224315,-5.940768021816872,-18.55142622666826,-7.443987718467747,-5.564134587937351,-9.832734334125238
-4.358649557426259,-4.208985266419188,-5.468930844983577,-2.750125436970685,-0.3876289086578426,-6.8066374049026,-8.179189573851637,-3.6898878423604216,-6.501201431021241,-4.17226441049955,-13.534284718112204,-4.961552870354407,-3.606652904286385,-7.68382689226801
-4.059558154621566,-4.408364092080396,-4.601202028242402,-2.576970083128838,-2.89765956930738,-6.200320494438621,-9.841755602237695,-2.051789635295448,-4.733765434755737,-3.5063508804745065,-11.355465279186552,-3.1453001785384167,-3.1791119229496925,-4.487688869360979
-4.169004956610921,-6.715591708606678,-3.9160024964648144,-5.792855990045976,-5.889587536091407,-5.207575893390295,-10.078730283574288,-1.7720293728332837,-4.450487377393298,-3.348339207077108,-12.006824975038274,-2.7928722731957323,-3.244144348991359,-1.110316113458918
-5.323553073637293,-7.595154535943992,-3.819801006404023,-9.71551764995993,-6.92282100097859,-3.327183271495249,-8.751221891783752,-2.560856395127521,-5.741291848165638,-3.1459285226368627,-13.897905916967543,-4.074520346575337,-3.142420323508888,0.8735948606125457
-7.855281836648137,-7.4934216130398195,-4.310383982941287,-10.98435040117785,-5.322518951352885,-0.471260933874532,-6.130025173038474,-3.5072330301663497,-7.504162546403698,-2.9470561300931406,-14.61954718209071,-6.014627640312612,-2.8103936594600327,0.4334189026640951
-7.745244538601744,-6.507099996587173,-4.75780141346714,-8.313531618475931,-2.565592084099664,0.6981537390287229,-2.5674157831166005,-3.641173610445128,-8.361947826576658,-3.1870273288770266,-12.3235368517803,-6.805365993527914,-2.4276388840955256,-1.9552870854675053
-4.918149760700215,-3.909461921072689,-4.313281241495826,-3.433672048507096,-0.8552201092928182,0.1051188009155085,1.387355799476973,-2.5358421552233663,-7.770141879470394,-3.968852651431255,-6.89779286372126,-4.977283944766347,-2.041921993645907,-4.584864240865253
-3.241978851191699,-3.1959472204312456,-2.679188314717382,0.4501707481728612,-1.2159977742453365,-1.1636397193824637,4.718574640043878,-0.6597441011619778,-6.360470311044302,-4.6807696821463285,-0.178576552801096,-0.6379711710239606,-1.558367995145061,-5.812987270866328
-1.9589426036709077,-4.359552018483447,-0.5243802806104452,1.1724195043096857,-2.751956555430008,-3.782861364795119,6.131332228034147,0.784207845599119,-5.302074148464071,-4.469844781918272,4.979803045355261,4.250918814864858,-1.0065264877974762,-5.235508572905593
-1.3305792817901454,-3.389121195768077,0.9498258018965736,-1.0024896892019608,-3.601841263825586,-5.077783420023416,4.853970703989137,0.575810688333827,-5.31517553694651,-3.146140787322449,6.289893473804384,6.96909722100287,-0.7068711974544293,-3.757399405124783
-2.034033271444707,-0.8156503499718448,1.012890038143976,-3.936179193002015,-2.6523901640189376,-4.856325622026973,1.4361828502000744,-1.6270589489742848,-6.1609875985222,-1.535914497858725,3.412388522301032,5.872001616883927,-1.0861588543537444,-2.627100164657632
-0.9999189320718448,2.2317874722405,0.0864339963965945,-5.297095460017903,-0.5122379269852795,-5.2136615334247045,-2.322904354003983,-4.872666125874121,-6.90913059248398,-0.7996301222308517,-1.6706031815456033,1.662430378087513,-2.255764872617521,-2.390944022428613
1.6629377053834309,6.460526385551627,-0.5777056566090566,-3.98763152871268,1.0158885882463051,-5.536038168012566,-4.515878926207732,-7.410241299254928,-6.652168983977443,-1.3251543725146302,-5.642623733611837,-2.9239872479158167,-3.7319105889520743,-2.66055825808537
2.107728757005381,7.270220247945864,0.0132538150800608,-0.5643515324818233,0.4411536477157609,-5.798499552800727,-4.5154833596061845,-7.8429522385751955,-5.123128180037733,-2.333950091588872,-5.797689327907895,-4.925262938031331,-4.611948940094829,-2.735228291302504
0.7069661214743289,4.249367897597891,1.72639181810014,3.2551741647817343,-2.189246819055229,-6.227787128616864,-3.4054533894510888,-6.103676553863023,-2.869453358102846,-2.6727663067640286,-1.7992726623979225,-3.192625564255998,-4.167486385930183,-2.3623638834268847
-1.0193719899202225,2.2053185251246643,3.4568580923569026,5.55538355408746,-5.273406802092683,-6.211755630657053,-2.983241729250736,-3.489620014633528,-0.935963139471604,-2.033872516432826,4.029840147609354,0.856401020524415,-2.438940723468683,-1.919459416969928
-3.787317457508898,0.1392642782703854,4.119460358344874,5.236629714982077,-6.791996029540474,-5.781475434954563,-4.131284026614468,-1.7096695222360578,-0.231211924100041,-1.337548188363631,8.29622558854125,4.336903343853936,-0.3417530223614946,-1.945883358730101
-3.825542871892387,-0.4944363937392111,3.5054535720118105,2.6531767669437736,-5.720444001192219,-5.198855774342519,-5.994302308154586,-1.669618735668469,-0.928229722373478,-1.8075538872929384,8.95612787691283,4.9569417687984085,0.8683624133596881,-2.547306574525601
-0.7103891554961544,1.2149269321383132,2.246714180746937,-0.5571853984421449,-2.723233501751529,-4.3471550727490245,-6.748449158840998,-2.905359464774849,-2.318548575164557,-3.619698178563703,6.6850903742394365,2.4366501376777485,0.4172898726490448,-3.224155465932113
0.9488312146751892,1.461072631777823,1.090765458485178,-2.5206327333699954,0.3119116572785076,-3.7505204999014143,-5.319779970344917,-4.046691358851177,-3.3097393103991632,-5.513070443620283,4.051190470338366,-1.662906963016314,-1.47207041795723,-3.234187358859785
1.9451093267449588,0.7339673704467033,0.3496879674178197,-2.4141713525829465,1.567508298629041,-3.47127817656941,-2.49125055028917,-3.900923579726732,-3.2441489147754643,-5.837114664162872,3.1999843882747374,-5.261134890484081,-3.714667451244503,-2.1646157180326764
2.980671198052864,1.1673037090807512,0.0443648548120001,-0.96640392803273,0.5606466405591335,-2.475666644779424,-0.3265582441218138,-2.314615348895179,-2.348855822254181,-4.048836879449485,4.089193350782526,-6.985695001710458,-4.984154555485705,-0.2893974932270655
3.3055579508549653,2.233484557120159,0.369954897526072,0.315172155711831,-1.479263510961419,-0.8346025066309454,-0.354778794767016,-0.1918692041789229,-1.383898109699176,-1.1760522102149455,4.806111549480352,-6.499780447657086,-4.356421626646226,1.5246647527936492
5.3124545406416805,3.334462970561558,1.717797082779143,0.5345432926965921,-2.436925059050556,2.0800108222608227,-2.1352532512736597,1.2813688064918545,-0.8169697101196436,1.2052560673040036,3.5830152457972546,-4.162508766277613,-1.6471703991282518,2.3255686170983534
9.05353470410494,4.729316706354197,4.076385017723457,0.1177926095962131,-0.8521086806936262,6.579724651059019,-3.54580468464722,1.561991217774828,-0.3696503038309413,2.4065143839377168,0.6028977989449622,-0.7302469410403198,2.5561639460971803,1.7186062583495438
8.430755499058566,3.237562584141461,6.497420281741624,0.1642668290104282,2.885769166896855,8.013530771135699,-2.6069724253678217,1.1003543631723045,0.563910991780975,2.9923715013284267,-2.040567892389076,2.6622198893391733,7.034782351933174,0.2134696334821509
3.483405992334812,-1.5125731573276318,7.412365769476789,1.1139510522654756,6.614024645064161,6.253448783349698,0.7454584084531695,0.8720061314826406,2.0516548806558377,3.760972383084577,-2.142334212160558,4.651774717873915,10.243984870014316,-1.070719643528846
-1.783332783961694,-5.357319190942815,5.723993777406067,2.112696651186235,7.78590198993135,3.527846388782828,4.501847136076714,1.496422029099433,3.2677829814710666,4.528907816671012,0.6477187059493206,4.261745715193337,10.855055066303905,-1.2745088702303482
-8.644330522586309,-8.961083929347138,1.708227050345668,1.7364621546418717,5.1980521670740165,-1.2982701062234074,6.155088030823622,2.654172958285245,3.1122714573419,4.110269513184145,4.308218580620494,1.5940081848015313,8.3947259994016,-0.6336514603312513
-11.506532797549893,-10.243215522264784,-3.146414093946181,-0.6824315886607436,-0.2241825321268207,-3.5961644633091123,4.610583490209315,3.2520046119038377,1.2374026128349276,1.5392772715896998,5.734661560301025,-2.186630309026661,3.564086765718093,-0.5141245707898181
-9.395134868043431,-8.216666859802963,-7.2158323568989475,-4.483865203453797,-6.125149276506354,-2.9170236364773823,0.8214594896207137,2.206094121197955,-1.5558527953551249,-2.804523306424241,2.85709185485838,-5.783062215772054,-2.1025766237908665,-2.418857787930801
-10.44192531292074,-8.4910299873765,-9.715744324137024,-8.351487898287559,-10.258391049001364,-2.9600858464487585,-3.2128268508152305,-0.7159599512290882,-3.960957808773227,-7.392219346438887,-3.837651798761216,-8.799890275410414,-7.068863086556274,-6.644551725421737
-13.416433452895047,-10.52721317015009,-10.745288758415365,-11.363768897438534,-11.640449966782151,-2.602905810376825,-5.988715765418274,-4.560115778194653,-5.195171009561495,-10.805430633097776,-11.31774142601756,-11.789244484365716,-10.48776782817966,-11.714934924511107
-14.013601454576987,-10.44955461782754,-10.581298957269398,-13.253751244509376,-10.599256150235275,-1.9293583968288728,-7.189750768434843,-7.587100990844024,-5.409911167387701,-12.662742041458484,-15.58422326784842,-15.15736995016908,-12.251208685247107,-15.190652588286651
-13.326565454434377,-9.081071944216346,-9.150578638503964,-13.77928671391812,-8.039983038153293,-1.3257712417107457,-7.178319281035051,-8.212824297003383,-5.191573671879709,-13.306363740231802,-13.98582338779108,-18.057114575956025,-12.530264373866371,-15.322649968481771
-7.954981636047375,-4.059917725043985,-6.3059144163262175,-12.263943876885564,-4.7920430590333964,-0.0525419696932395,-6.156108064668779,-5.983855722383213,-4.825965226235858,-12.85128817271394,-6.9356601377576,-18.607537109050824,-11.420039607867905,-12.263984252891778
3.0928849362714024,5.500456313493019,-2.547020677795106,-8.182866564483556,-1.5112197898072692,1.7742083441290268,-4.012330134391761,-1.9895515150251064,-4.147489110957132,-10.914562473205333,2.1564155798661204,-15.530631166455764,-9.092291236450391,-7.871411198789808
8.295178033311583,9.59592229510266,0.760074003588191,-2.277201722656764,1.1448099355807493,3.0130702595096377,-0.9140119022499112,1.6601667780084544,-3.016470416802193,-7.415128187524353,8.943946493783024,-9.720706370540231,-6.181575914172512,-4.2675338683260655
7.935867663689342,8.32756357656327,2.1594385459118817,3.2555057587745173,2.5915259294454134,3.670190618738072,2.240279188064947,3.1077410267828944,-1.7067413321641576,-3.3946402836347738,11.01199557337486,-4.027164635690958,-3.757651072638049,-2.3169062491702057
5.93468383244259,5.643667916632931,1.316501103657875,6.167145289312648,2.70965931308594,4.589231716016871,4.235772659018911,1.9849188146777328,-0.6351044657445177,-0.626411126240229,9.563993875935264,-1.089375970343852,-2.641694536524444,-1.181167522866037
-0.3319258534428558,-0.7594423322449224,-0.4744155164409616,6.040826082491138,2.105818640169693,5.534763048352278,4.526325415824648,-0.3128475346799826,0.2665625284156494,-0.1454606999998127,8.567029181164882,-1.0388817002396804,-2.6149394744075183,0.7889465759144985
-1.3460720432286424,-1.4381550938772778,-1.1063934833541889,4.731217699307967,1.8561907166611,5.743359483116798,3.7530449997753617,-1.6266579116824815,1.6972845063070665,-1.1871728826300942,11.810889990873008,-1.279048614353396,-2.378151602313078,4.607087005686028
3.4891070914942075,4.378785475285834,0.7524317501285138,4.705852394607472,2.8741844262176017,5.239295419251448,3.170837339449925,-0.6226675050411457,4.28924587556978,-1.755960103954383,19.976168146830368,1.223545278051872,-0.5242209805424369,9.765789270406662
8.393261256159985,9.664192703902646,4.589352545449493,6.759775305558273,5.375339576447324,5.265330793463873,3.4845529337426475,2.2548968848676143,7.701550699126252,-0.3820340382553597,29.893768714849383,7.087364553501178,3.1957786779785997,14.491880653390446
15.663145588867147,16.679807672807314,8.391155928510283,9.31695004005837,8.728612640395891,5.738078905458661,4.229668410207179,5.215686699854323,10.520852108664476,2.6296322716265834,36.55846838041049,13.725951289731968,7.4359387870608575,16.85009670254284
17.708493241693567,17.95532486032559,10.11854866988588,10.016989033529883,11.637145157473231,6.079163768220818,4.3080074603224965,6.555260861639676,11.259034899399184,5.643661025323954,36.40717838047375,17.42073374439579,10.133431352591092,15.897640941170549
13.46264847609076,12.074457635489368,9.116929516688687,8.024731587725512,12.55121917033557,6.531497480728476,3.157888994764978,5.901026899331486,9.628838851355372,7.309259838390814,29.509171394271405,16.420698282232813,10.0471961062321,12.218792121189882
9.840055684410304,7.387002565846719,6.40570129444129,4.814971990770248,10.36877183952224,5.228832168904766,1.452527513155753,4.317011907241512,6.93476724591633,7.722539203915186,19.260102377104225,12.304327059085466,7.699421671054008,7.647785950029719
4.918874008218994,1.951522443457714,3.7696808795873817,2.748814976900749,5.32269411781909,1.951406512361282,0.6971299100801134,3.3225913665585707,5.191601965635183,8.090833978139486,10.064990899107356,8.504192572267788,4.9620939965607125,4.395715760450312
3.670270615932069,-0.3274043529997839,2.494011908986078,2.9338589257533045,-0.5599007706729066,0.3702207498433663,2.0830671356789625,3.7303187777098232,5.692677410738258,9.389195230755616,4.822998718292375,7.490179508895956,3.677415847182056,3.981336656234968
7.401909242643962,2.12379506926501,2.6911402117033028,4.443195680543495,-4.208261900339007,0.2250513226839525,5.525263795170361,5.202949670388007,8.150191113777634,11.396553805547804,3.855890778758072,9.144756290066594,4.457126504981623,6.426568908429417
8.897123397077836,1.9459409770511276,3.5336062698223536,5.484495872990846,-3.448306031734073,1.5256086586977344,9.571448641544691,6.7042328447665005,10.965024202605054,12.96809669827569,5.6050992411989,11.490308029731912,6.5269566144514926,10.159735850515316
9.466072565544692,0.2858498099284504,4.006807006908363,5.176626042934542,1.1757736195241502,5.144949018954701,12.197184560787452,7.315750673785361,12.302669394768202,13.141361379810922,8.134298128613155,12.68406352131738,8.51609552851918,12.828190128485724
8.442840862246207,0.0183814148520949,3.5738029601005032,4.161331427900095,6.406319925116178,6.0830691368444585,11.96273563806615,6.772491098040357,11.20850066386525,11.9726244398058,10.185836231726755,12.28761206083995,9.382921594698049,12.684953943841473
4.540290343153139,0.0999185582493119,2.3991067383424367,3.631874639431016,8.524349078443407,4.313999774860227,8.86046278312174,5.463237976507056,8.147032683005287,10.408057370872264,11.255222795357458,10.910957030736013,8.801180780733258,9.692193894729805
1.37041049160997,1.350447767100342,1.1337407831946738,3.985908415699207,6.220548461373157,1.632811683007399,4.363779440950029,4.06146899859473,4.737967229183604,9.438609994868951,11.07853456418155,9.067078446950871,7.002452794674199,5.506586005938389
-1.5557871885187322,4.118990864946888,0.4580618446356779,4.5358756483650655,1.6330106507073567,-3.1540544011507943,0.5857615540960122,3.076532923783147,2.8058324249495765,9.329866975820522,9.283497298600103,6.652549422212179,4.504009931267897,2.265925508128654
-3.3304937737015523,5.200929276673668,0.6340495056955351,4.447233095998703,-1.4695066763775797,-4.536413916415961,-1.014546069987689,2.5219563843161388,3.1720426841489577,9.484967914024349,5.575616298194036,3.496862741393641,1.9789562560723235,1.0594072040937208
-3.184348416667058,4.64765829133818,1.3137417383522898,3.750636356628663,-0.84829426071293,-2.1250761936871143,-0.5390947950056584,1.8459146703235132,4.906412836311455,8.899848795949723,0.2149849627379634,0.1230136312933192,0.12812270401787,1.283813329921348
-2.620657372262037,5.735216494528366,1.7495403426193108,3.2826352241189576,2.4603818401176607,0.1977985497619698,0.5437410371175312,0.2605014679223363,5.724538755748853,6.806272077841787,-5.74257473781507,-2.3443969501998883,-0.6246999849070498,1.3923620282904063
-1.123005705085383,7.946528862427973,1.3055941101125308,3.65854072976384,5.29659193886882,3.746582318031653,0.6405531163568683,-2.5709417399930707,3.558545470939169,3.1498966513337043,-10.757220236979649,-3.164181529353942,-0.4421151156256249,0.3663962057828378
-0.9459069114824188,8.054394661637106,-0.0851922300531438,4.46635719727299,5.26064563947776,4.495665625958897,-0.6377135953771058,-5.9190158630534535,-1.6819901252110416,-1.2497820946700098,-13.539253537234249,-2.821411447929446,-0.0037595331421824,-1.3881575947607678
-2.413533619246301,6.35379271386492,-1.87979035836535,4.618489562547029,2.662380265544674,1.7083590524118086,-2.2078797662349468,-8.100248391694505,-7.613877353211961,-4.932530801181897,-13.751928383285918,-2.738405244044171,0.0185991592687635,-2.5097829591065457
-3.660933192754032,3.4723067249647026,-3.3360372522157444,3.4988550597717185,-0.1186953223982562,0.1870983991358655,-2.601113266677347,-7.563367424020997,-10.842829099703485,-6.457111594648552,-12.223956216232429,-3.995465801442094,-0.5074261377931029,-2.073943123828616
-5.290196329292364,-1.2870041549703637,-4.028350168195338,1.636180926338606,-1.0334728545456202,-1.0636227655409114,-1.456575272491678,-4.285503495437215,-9.47594281060664,-5.296341450501704,-10.499077954054693,-6.245762354929092,-1.1739036751481755,-0.6060363769774
-5.145511597405154,-3.323324701960227,-4.040701481071009,0.1264194798831053,-0.1567862551600243,-1.6813336394459368,-0.0191148072568783,-0.2302689650536082,-4.70520809816829,-2.415695797067273,-9.967428092971062,-7.892442247213586,-1.565195848754235,0.2794928239086243
-2.8397239742096896,-2.3708204751241837,-3.7259803300526855,-0.5841965884088514,0.7032358893045343,-0.8821685622811705,-0.0972929080482645,1.8394709081476648,-0.052670141641497,0.0744222952379938,-11.11087870709597,-7.423409973460711,-1.732236654357429,-0.6474514522507002
-1.3694803076009856,-2.915522303370228,-3.3231316562889424,-1.1785947342407015,-0.0426437937469565,-1.1479733212234453,-2.3751978615861704,0.4793197894092244,1.2427495883381694,0.245250127535801,-13.334094978026895,-4.717191140457016,-2.0528626882121976,-2.980349906233042
-0.2449061913221394,-4.008017313390849,-2.8167423851895617,-2.5769660955870566,-2.2711630432519208,-2.23117854793091,-5.62655252432087,-3.135479411175801,-1.3732339176503872,-2.174324008562678,-15.441986030139212,-1.1722635575899627,-2.595925577361806,-4.849398246676762
0.3048883954075755,-4.581129065048479,-2.132336226620968,-4.557693799107346,-4.4606347736658805,-2.312842229937877,-7.589157283492588,-5.973751697574441,-5.495532394523677,-5.377712948281312,-16.377290520259855,1.4141478024587113,-2.7085933454540028,-4.450642026728029
-0.2877434557855812,-5.2306894653201335,-1.3877406548606834,-5.449570951445924,-5.2706365347526045,-1.725225163768075,-6.754970106462381,-5.476223251698878,-7.74042683513735,-6.656387814225649,-15.719526011676544,2.2235095508365768,-1.401371719833545,-1.603384786803749
1.6448344084543711,-3.982246795012085,-0.8657288787199278,-3.4828883159364725,-4.69769132182816,-1.047077272281416,-3.5280035360798183,-1.5312959028606985,-6.280817482771583,-4.413010915419807,-13.734000332594036,1.9274140953854548,1.6860306333570063,2.042416833329072
6.1146044554925245,-0.6291230567379172,-0.6996187262052695,1.3197619827650016,-3.766706918902406,-0.0054397308031061,0.1730894586872762,3.530013480595992,-1.935301589808411,0.551981255192203,-11.115848971126413,2.0154297343084133,5.61325668322483,4.311017658850357
7.798923207123023,0.4225956112155815,-0.633096877083672,6.550479415125528,-3.3086177210989307,0.2803731153944491,2.401757192118771,6.810416324780781,2.8163578899901345,5.544424940384566,-8.66036102759464,3.562452476970458,8.496492631553712,4.153840845330496
7.160280697988712,-0.635850258142951,-0.1992949858188746,8.900722536716353,-3.196919244194661,-0.3269336472942635,2.456886136315964,6.933567267705213,5.80189152453552,7.890610892406988,-6.949445018567589,6.387310563191671,8.761136668708534,2.2717450163861894
3.798372515660869,-1.935965537810009,0.7740425868094865,6.6309280116913385,-2.729539617897067,-0.6724346888197311,1.0275806895845427,4.710103868379534,6.443637896772813,6.739856639017673,-6.086322327375841,9.152644203316994,6.330444652367372,0.3369913458965765
-3.5579354195954007,-4.403789793051733,1.8488747859662336,0.998406170629678,-1.5534890426775925,-1.017230719531862,-0.625783451266889,2.1453534803021217,5.573746114819935,3.3990450331546134,-5.635604321795069,10.25923294024309,2.754849219674933,-0.367585577262135
-5.879822568788184,-5.066796047690942,2.2689530956246378,-4.535407707104805,-0.06188377463423,-1.915711920237884,-1.5957691082311536,0.88739410126413,4.3319279115338105,0.1185043671414951,-4.94614420140881,8.891014326418862,0.125976482547891,0.2361995985187697
-3.0540137504312037,-3.613818697951318,1.6725506018945122,-6.682884327179962,1.06427367720062,-3.25594394862963,-1.6896472036747274,1.3443406552884332,3.286216946895401,-1.5330284622648636,-3.711890468717642,5.529809086529393,-0.3644248905686469,1.217950545423924
0.8320447428890326,-2.321519356747924,0.5320817918720904,-4.477506982253313,1.5166128867720834,-4.284208347879508,-1.223320350830836,2.8256490864212296,2.3970242735006426,-1.4380440946987108,-2.246520662346557,1.6433452949140346,0.9380436907325967,1.4644700622759226
7.898468187246667,-0.4548744201032774,-0.1865990836107891,0.2812924032561534,1.4589078195963712,-5.026731540702535,-0.6499183193385372,4.219661631857637,1.512426815107908,-0.5097791452785492,-1.0913186724439767,-1.2019142037793742,2.7509209878028447,0.4368382789558547
9.293814779343574,0.0185714098317321,0.115359957931818,4.3824130389282026,1.0812045442385183,-5.2810778106433,-0.3217962394828042,4.603665812614126,0.6767396298502231,0.2379265553728515,-0.3063463225504939,-2.202603143019793,4.018773471156793,-1.584596483808708
4.173883749279257,-1.309321921043466,1.1133769859237086,5.25418555716767,0.2881828698050777,-4.8246234683354015,-0.3979273097812328,3.5632185361305204,-0.0598965370451001,0.248313289045587,0.6684028517720488,-1.6453032014511404,4.520211107604512,-3.7885698126770144
-1.1594619858887183,-2.726864607430901,1.859066996474077,2.38158367796035,-1.0315706369180373,-5.431797452993981,-0.8140057530242757,1.2788385588557285,-0.979933938259796,-0.64362584406563,2.157602670802373,-0.6150227810617732,4.4520700076583655,-5.399077076882064
-8.926425759853153,-4.809193978617076,1.634068010233083,-2.62229911977946,-2.5116842429517483,-7.102650278395025,-1.3338235703535783,-1.587319169011268,-2.643955944929665,-2.4646251640790826,3.1667646126106126,-0.3789896275939011,3.62566574235467,-6.155936419812594
-12.862809611720358,-6.601876232388986,0.5188509249802982,-7.157452330778897,-3.322524167159925,-8.154605836870573,-1.7313006407811056,-4.210851035925354,-5.358717993608954,-5.068786737523971,1.4459240522131722,-1.7977207592270474,1.3101337310551155,-6.401599734801097
-11.859762564622256,-7.872932353728506,-0.8273138988321804,-9.263860983183305,-2.8872221544013548,-8.902407258798771,-2.002888647106565,-5.992317944973704,-8.670347622410016,-7.877176355487012,-4.8238878629346615,-4.949158202166761,-2.9812346910801946,-6.7214706262098805
-12.146699788741786,-10.014879225852225,-1.860826132746484,-8.802126024130366,-1.632135423154827,-9.554490694329182,-2.391590060331631,-6.740394343834229,-11.45519024175864,-9.889190248301045,-14.9753870203702,-9.050400754308177,-8.569028069615277,-7.446412793091127
-12.075957157520785,-12.797258377187532,-2.590304503230609,-7.459100902453902,-0.9053527154925464,-9.83946275032176,-3.130543907342868,-6.535594034051363,-12.639370439551827,-10.249506628450172,-25.43072182850458,-12.765742031255185,-13.621426135264498,-8.454901381216995
-11.913342702330596,-14.28802838750759,-3.384283463198041,-7.487285535192683,-1.9456113921029696,-9.44177481855477,-4.116617659959163,-5.499560899666369,-11.957582042186033,-8.9915270472184,-31.67409156343263,-14.875612617415864,-16.27480523773869,-9.410276118018928
-12.444309616510342,-14.537141080927675,-4.446809238610624,-9.957060295332692,-4.74895180094027,-8.247156039449568,-4.858950936058987,-3.788212416467633,-10.090692619274751,-7.196793451099895,-31.2127157598229,-14.96067091636098,-15.904949439034166,-10.110420471779426
-11.018757705873984,-12.874898357274128,-5.51936714018961,-13.809349071106556,-7.877734039234805,-5.5204671712314015,-4.8220533013325255,-1.8024834622271784,-8.074029538546416,-6.219347465371203,-25.130696666791955,-13.574619726557676,-13.421095263297635,-10.53039511204115
-7.810707102206251,-8.707862756281353,-6.054285275504893,-16.55854668716314,-9.458620609587674,-1.0197969999003011,-3.882261799277494,-0.2406900901027802,-6.515772389320764,-6.525842948158154,-17.043923186790778,-11.709577086010714,-10.40939171306312,-10.554764507618248
-6.260503214611342,-6.84811083968377,-5.649857002076892,-16.221384095723266,-8.56472764041207,1.6986408293791195,-2.461846676564781,0.283436843370346,-5.29942344372996,-7.207368328868162,-10.484581391391083,-10.011792533521737,-8.00873264629704,-9.836254420832327
-6.113669203859185,-7.266789642362803,-4.377103085807749,-12.939420092817604,-5.844222959805851,2.6184060146891035,-1.1925974207137855,-0.2095223674364229,-3.967895033654852,-6.736779279927361,-6.875483747335168,-8.47187783218058,-6.492051813537873,-8.109161121969592
-7.037728411368718,-10.41903257116972,-2.78061724256062,-8.896808656018603,-2.930553450955017,3.504720688021051,-0.4275258624620122,-0.9699294392614206,-2.368516355525909,-4.408562072099939,-5.402216131534396,-6.812220619306481,-5.66128280765134,-5.699449941817833
-9.82715381629144,-17.658853641470085,-1.5686271501954097,-6.552360968543799,-1.2030057389366418,3.5426780731974894,-0.0750406808527142,-1.1480394485813652,-0.9408385401315432,-1.1621127409465393,-4.334463944090632,-5.031408029952647,-5.360341825370144,-3.596497990666202
-11.515897070843057,-18.61877737327065,-1.1799001049102271,-6.683273880587544,-0.9332304254676582,3.931425843649412,0.1094613829604513,-0.6243794402838978,-0.3863784708105577,1.0626765964138445,-2.4165163410513184,-3.437199035670246,-5.509321144026326,-2.81667121104998
-12.146728609419924,-13.130347792575613,-1.5123919902760572,-7.897504535303319,-1.3946437582443512,4.824430002539879,0.1309464312468335,-0.1643981248487009,-1.026655391994035,0.961157946967059,0.5678277087327763,-2.184618012942127,-5.825759087575354,-3.56436706685366
-11.062463699689268,-4.423703614514992,-2.053228819921926,-7.950002746306565,-1.636732773421199,4.6202188659578445,-0.2748262500833824,-0.6198151623348016,-2.431675322422458,-0.978498807499442,3.94896320469846,-1.0130552126520536,-5.845005555730786,-5.025548607023959
-7.423721672995221,10.112981205515233,-2.360342086595695,-5.636843498933047,-1.1667926043197872,3.5406347563806344,-1.260409671211216,-1.9248694789083445,-3.672642663183204,-2.9152568967304373,6.5555637107247975,0.3363761031296324,-5.419319730546371,-6.068955273750763
-4.415873820092961,16.154216891364364,-2.476573951155453,-1.6714444517013254,-0.0735577164986573,3.3970948076356686,-2.509408661303018,-2.978624846008709,-4.015549047395325,-3.339756275285696,7.186567867805493,1.4581139071339078,-5.099545674009634,-6.207622249380269
-1.7055410645537237,12.816004590408076,-2.8078421832531832,2.021024126493616,1.2619499834519776,4.060044460328247,-3.332919768918952,-2.673693660811665,-3.470147249501773,-2.4223023041351124,5.30906827244218,1.318689791890545,-5.696350589494964,-5.858583272532137
-0.7902092241206405,10.359812980658717,-3.4884273682368065,3.8075456020561935,2.444118857935455,4.679194654220964,-3.148932469055146,-1.099222208674064,-2.6912741116283225,-1.692679942034597,1.7850521176473286,-0.7076827153062686,-7.184570466334369,-5.628725516132607
-2.489514680089516,5.436168144983683,-3.876970982663803,3.408006032452451,3.1412949404984998,5.61186839186729,-1.8574574370941068,0.3693880707863197,-2.2766103129606243,-2.3151312771,-1.07893943544285,-3.708691041610413,-8.071227089416745,-5.38728879202516
-1.1412318520476634,4.753162610730283,-2.864177948657513,1.8835589038231615,3.112388955604916,6.292381417698774,0.2198194219507616,0.3262012085268004,-2.0785993434843864,-3.655090088655861,-0.6836969213825537,-5.325341103907741,-6.211375278561835,-4.17964207199886
2.9649330239129608,9.931048783372654,0.0804654191480507,0.8102334089625922,2.3363229202429805,6.621634305589047,2.6418649746048537,-1.24634865413978,-1.2238693965614416,-3.6594939931701127,4.007526265137319,-3.3789512418422163,-0.7093614492268827,-1.2094006109629554
8.623244942837909,11.427848563334177,4.060839393652625,1.3048169402417706,1.1415357228856922,8.022451688130609,4.969682154972744,-2.8513515560642606,1.056823707383268,-0.8402468356665611,11.334281875021505,2.185421302915934,6.757495276684743,3.0578775008946555
17.096250831718628,10.91459853204329,7.073006011156537,3.432389020340741,0.1276089678955179,10.442396622056233,6.640960775868882,-2.8591071871865825,4.480300529156268,4.001916307605908,17.68985177021115,8.79880164743754,12.658093957254376,6.907284943920069
20.04172539089372,10.590907164916038,7.466564876127331,6.230622129052909,-0.116752981582318,11.013449940172595,7.001931378761407,-1.0715269608193942,7.585086607534404,8.084829151153398,19.85882614942687,12.880838981182809,14.091693475851166,8.724726008832981
16.969244058012766,9.03199103505804,5.382699664497794,8.338360791844947,0.7405345555944205,9.805374367812282,5.793843073215282,1.088704687326639,8.725604993483955,8.895145175540904,17.225491606871252,12.425799346446832,11.04035784543042,8.507322501963055
14.319176618223914,8.5799358698503,2.8484758418147083,8.919828774152199,2.715608370491713,7.054631111956328,3.729861747306721,1.9611305192335209,7.445259820782707,6.396043249050733,12.122275757446817,8.512098300139215,6.420917207861166,8.023226630247589
10.190853585252048,9.357590961555594,2.2854040823559245,8.27140992788447,5.496909789916232,2.017780728477005,2.383670715735556,1.229984011292371,5.011919015668239,3.136981085928425,8.080625692483379,4.495889607452621,3.834622494228789,9.312940104963516
9.295670854112096,8.906439838930295,4.58288721652412,7.552050206070453,8.315205113230142,-0.726309325527727,3.1144769434924333,0.1528890542212595,3.5279168310365225,2.101856506933755,7.424292153255373,3.5029243662566465,4.91306919144502,12.84816958033634
12.820045394573082,7.6354550447061875,8.33379673790619,7.724699231939931,9.882915262244763,-1.060745316577538,5.797478797851285,0.2569775044765912,4.275308735182323,4.220329574385353,10.02176280016263,6.18072666974562,8.426755104540051,17.06419559743062
13.84631420903512,6.775481383987134,10.897051714323204,8.601591194147614,8.841559406744233,-1.06687439817588,8.59869061760135,1.830740284126417,6.699284437638401,7.763140250409327,13.86238561905319,10.415860383814705,11.67677042025428,19.68854039928757
13.57430951135105,6.001920442347266,10.43361796113842,8.984274684971368,4.776026074037703,0.3589877138775454,9.257657307935526,3.6750062581773535,8.940475237019944,10.070580599405467,16.63705428704474,13.114263676126969,12.739735040050014,19.582339414065046
13.095871735695011,5.453802604428615,7.262746157713762,7.932138344629756,-0.9406421393391252,0.4425925016228528,6.939939230404933,4.288667517821343,9.473289832144143,9.918974464329263,17.011002080937914,12.540922083010338,11.64336249291291,17.414945447656457
11.320231640828244,5.324663830463221,3.4881447903649048,5.974123089676558,-5.4919907766441325,-1.0510808025286358,3.0479952065925056,3.291642731956385,8.392992827916899,8.336085158711347,14.954267369853842,9.402183636665931,9.759709924901212,14.744599744915387
10.578280211730474,4.971684921130387,1.304331300661414,4.908420478632243,-6.347891859046377,-1.998664467694684,0.1769615974984928,1.742122605286591,7.176017818846962,7.240233494754731,11.386962237675906,5.997899338568352,8.300599407262926,12.615834754936769
10.84954855745399,4.4631786790535966,1.4359644601210286,6.124242141135197,-3.210228236286357,-3.043697489130485,0.0112664304511485,1.1092607284644664,7.121094075619268,7.355536143569495,7.62267428243981,4.329874818792735,7.345166368554613,11.03251767337337
10.836814083821787,5.269394085900726,2.913569360583538,8.993567908265398,1.5332777456319715,-2.839697146737096,1.937372330227177,1.897411091871037,7.936216283440363,7.470128933189007,4.768966561206858,4.727642628097417,6.071600382530423,9.543729016345772
10.999065875900614,7.409067639460315,4.153487887745665,11.091073919074953,4.502382598134636,-1.029805885585722,3.5868151131808363,3.1768973481437586,7.878503496503956,5.736721778064989,3.112366409190792,5.91831629009115,3.735583887849688,8.032747937946624
10.42536613904952,8.655760847183412,4.245784475371819,10.347215312798996,3.9448455550472143,-0.3300136896099331,2.8957560426252438,3.4302779451505696,5.438331793138209,1.719923047092239,1.834839925293024,6.226587504708989,0.4540780543177796,6.824844512649642
8.918609375360257,9.20688252130894,3.38010711010038,7.210981972419948,1.0937814341565408,-0.4679512480514632,-0.0338534543413713,1.9769420746091928,1.0385026661765822,-2.818176095117117,-0.4226839828320665,4.837854080752145,-2.775596051014902,6.177533341193826
7.603885719690397,9.453196293218303,2.2875866757327445,4.612023179512378,-0.9610248582154924,-0.3497843766319081,-2.849068529725775,-0.2604401600941601,-2.9369424652274043,-5.203884741878974,-4.224503249643821,2.258966352221018,-4.700825249795971,5.886888506843191
6.249967625060805,8.923334488069402,1.4526189980399842,5.479442727629173,0.0423042329179063,-0.4536410617095663,-2.756064290450886,-1.365285716591385,-3.99494718851495,-4.069086474637008,-8.27164874575734,-0.1350512303811135,-4.563119997477434,5.455329551445033
6.221152005579894,10.458977329614283,0.8546787932468387,9.99010947726315,3.627318836136826,2.0272222221599066,1.211110137840214,-0.0013917020558986,-1.681580564338169,-0.5045187496686674,-9.830580394904688,-1.0026600142263036,-2.509105339905057,4.540112513106095
7.832777077880927,14.202568681669096,0.2978409073886547,15.14698896225348,7.093331346067426,7.428622635892097,7.267569230282431,3.320445046139073,1.9425456590789365,2.8495171957744674,-6.743545361295575,0.1760604507795649,0.4999060117986325,3.1601552218754643
7.039792788319791,13.833522381104356,-0.215957925912777,17.169345930998606,7.929226221322841,8.702890289650291,12.001567856850029,6.425574822008805,3.9844309090955807,3.905776039389303,0.487125461934411,2.773522010803032,3.1729661254249946,1.5516660227483738
3.9780539144224543,9.558568927651375,-0.5287727195164038,14.528529708406433,5.921198542329054,6.082084098478328,12.638776925239984,7.111300818048593,3.059305214083309,2.5705178060947347,8.459844861234842,5.268945269754592,4.513162678963063,-0.0213404203930196
-0.070674959159411,4.405660693109854,-0.6766608799158018,8.903121942539329,3.10136042152677,1.6663340239437303,8.749063121756533,4.953839288349769,0.2134077454920979,0.4095626054817103,12.999914802988432,5.993077901802352,4.284478139764748,-1.3031343452159758
-6.01806076186574,-2.9634855772057467,-1.064221563032942,3.3821661027811816,1.7174780155514529,-6.158922677662485,2.27786975878062,1.7123389313124258,-2.2686305895844416,-0.9110510503232598,12.104102865392544,4.03360505138362,3.0746170767679457,-2.084984408987728
-8.548546625504196,-6.2742432241444375,-2.1775389088090544,-0.1772524516305624,2.183625483054477,-9.008922204517935,-3.885635747375512,-0.1434595352923606,-2.914362145717324,-0.8948388302002135,7.327921584880494,-0.2068500817593719,1.881911069425973,-2.4205057564797148
-7.268862017706372,-4.78445950649403,-4.072564876519607,-2.1725333918794068,2.8689270176996264,-6.341191091167093,-7.643820001294341,0.4018364889269821,-2.078413712717495,-0.2180833614222055,2.4697791941168843,-5.192694555185478,1.4382306194735062,-2.8094637007787213
-6.894614983029021,-5.40713109292433,-6.162484500826095,-4.038903263112951,1.7798307635565471,-4.962933840647436,-8.6223227910541,1.9630478999569745,-1.2103758546366183,0.1844931992570071,0.6483807917858257,-9.114262172773213,1.7145981742294296,-3.942942728659883
-6.236566476575597,-6.730599897763217,-7.574585671204499,-6.395097559958802,-1.5278811534628995,-2.9858053000331704,-7.945520859808721,1.9646199933121389,-1.3572782405353196,-0.1201183601017947,2.159461975435976,-10.877589184684274,2.005110211379852,-6.013863432658369
-6.477407153833925,-7.119441992357428,-7.798160817159134,-8.509665790648537,-5.5284028369245055,-2.319543950389077,-7.243557773062574,-0.9623589803063336,-2.3954384467055743,-1.0453510637147,4.76326595055523,-10.5783321187612,1.577216685531733,-8.223209306995019
-8.366358698983156,-7.506789675059159,-7.034973474722481,-9.389117625222374,-8.008551083212737,-3.9698062265085694,-7.569059331250051,-5.51150608493546,-3.503831036809858,-2.346008473610227,5.975532219108626,-9.19577862676582,0.3782578049950897,-9.1501024309335
-8.98348753191543,-7.133628366378905,-5.915850496151823,-9.038081976435844,-7.754733360964408,-3.4115510671144635,-8.794252651527465,-8.559033587196117,-4.106631083663757,-3.707897810301261,5.307665560781382,-7.802547103926378,-0.83772152678153,-7.871693046288392
-8.732864454757786,-5.929969821722049,-4.86081506343691,-8.420666251923397,-5.206624044713001,-1.2018355139535717,-9.77893913292779,-7.735711188887597,-4.2504805822990495,-4.534228351764002,4.549812950096335,-6.89223905416854,-1.13636036084625,-4.870040090839383
-9.332712399011632,-5.80708106441939,-3.74610195905822,-8.233707453639544,-1.7922078328247222,-0.5631879572642378,-9.22946197688666,-3.5604893839450567,-4.223445497588386,-4.029301834656551,5.923438643814295,-6.285826316325471,-0.2643191496129593,-1.8148952586505287
-10.405080935958743,-6.751616928799529,-2.268693642160456,-7.982133361118428,1.1805403268100427,-0.9209369284824384,-6.761802020311057,0.7101044019496037,-4.09073359300724,-1.9329367169134424,9.751219432385575,-5.624036291268687,1.0400827310731895,-0.3414279057957317
-10.115674604988476,-4.189420270054876,-0.6570661970287341,-6.53311703937958,3.0844433696403395,-1.856991865013297,-3.4476822127674907,1.4603440209759042,-3.775471162504119,0.6824217933882553,13.686020023596,-5.001320725383506,1.5971533045741635,-0.9375791783180976
-8.561082424682382,1.8246039665371616,0.1033830834369293,-3.6807342107977576,3.795292812464621,-3.930866602005853,-1.342829734247946,-2.579221675148328,-3.5268630506945207,1.6187126038693442,14.21466367741667,-5.1501887469220655,0.714473201368893,-2.93829535331256
-5.780585089440483,4.3780215820995005,-1.003402590529567,-1.026034165905476,3.329952656048782,-3.858605164860588,-2.16202385749404,-9.420160709118717,-4.053592575318676,-0.9212956253835404,9.251305898975692,-6.884473571513189,-1.3244069970718364,-5.452396332493304
-1.3009762203877049,4.01275325528951,-3.851034527670084,-0.9909919683756518,1.833973984830928,-1.477486494598797,-5.948424906123435,-15.293559673823903,-5.920266324240556,-6.57082807206095,-0.2403885911412997,-10.130474942327552,-3.5779110236906284,-8.066450784808026
1.496132679287444,0.7192642823649084,-6.696956912352279,-4.607004861787805,-0.1417268934738631,0.5900376200407416,-10.717184692639725,-17.21906168359645,-8.674476225519248,-12.469759306050408,-10.821528874048374,-13.373666635137694,-5.17491840064263,-10.513193141160611
2.5170819280994574,-7.137442420673319,-7.116254650632205,-10.075886293302313,-1.582361035005277,3.0630246438435136,-13.464302105428818,-14.695119649388449,-10.649822024436403,-15.010815907292772,-18.80309166515569,-14.23453201261576,-5.767617946416485,-11.861367021139284
1.910268197710192,-10.624519547361402,-3.813239816213725,-13.635069311626491,-1.5085620154155164,3.492285867846231,-11.998830566226337,-9.495901664192193,-9.918299248332747,-12.465347181615604,-22.38740509068812,-11.05886152890277,-5.4465423165155045,-10.602397015769911
-1.2900216841957155,-9.732736929879389,2.128950353543944,-12.29723324205548,0.2151668634950891,1.3070948680154384,-6.441504527088162,-4.143008873190013,-5.817329654514102,-6.361438917290816,-22.283530328732365,-4.442226776738229,-4.461781636206146,-6.139039650696116
-3.899181732074754,-9.065688429899197,7.674823552567072,-6.329806740685847,2.4431550470047725,0.0483313084674283,0.6264920882126734,-0.4306277012263337,0.1827976051499242,-0.4213819232445095,-20.697841405429443,2.6106601092344475,-3.199354867574181,-0.347563106058586
-6.102841936985848,-6.659407731118465,9.720525762641314,0.5808346438390863,3.2226234804435787,-0.8995382648997574,5.554589885662123,1.0747782737817395,5.119794182427027,2.109473373672895,-19.75204201768364,6.294947060890074,-2.386610842028265,2.81571513859012
-10.1491545391493,-7.631833939629752,7.045258116063533,3.719079154626728,1.0592106068968334,-2.1774685927171085,5.750324968993797,0.688851900952328,6.375083883346242,0.6030127814927368,-20.47130942151335,4.3973346859212,-3.048812054028751,0.0840139170960085
-15.525787228126632,-12.681616742464149,0.9391802913292064,0.5337741034620258,-3.8455673267627977,-3.2346961823130957,1.227220675306059,-0.8753914108584047,3.407374172492444,-2.9322073650487246,-22.706155729000194,-2.2258575025347547,-5.901590034002529,-8.14270295163811
-21.944274798123004,-17.812298748787455,-5.788432152944672,-7.659549742443991,-9.371707008934235,-6.499183933760536,-5.415251560886684,-2.693404737553269,-1.884934713403899,-5.7052765554295695,-25.581323990360485,-10.156644699027572,-10.542315636657737,-17.568540196295313
-29.72240009383728,-24.357425867329432,-10.525176754524132,-16.55432887212565,-12.642580697747226,-12.11498040449618,-10.574107309311836,-3.685701532543431,-6.421447669525569,-6.1785268019615565,-27.94166566283901,-15.51868995027365,-15.26660305204856,-23.21350472390484
-30.62203777979056,-26.19829431014278,-12.069231707120306,-21.537077523228717,-11.890105438383586,-13.571300007469569,-11.76839710601086,-2.923676258332962,-7.886248885608414,-4.732277362513023,-28.654073228117063,-16.179982368587474,-17.976346778124956,-23.397447970832424
-23.871917667489196,-22.3758527370663,-10.74671265114751,-20.33348758898569,-7.6795305161523295,-10.936413612137848,-8.950261469723227,-0.1902033920477928,-6.007619615043899,-2.799495516083555,-26.94333167091537,-12.642581055116358,-17.657742963054297,-20.79940647034911
-17.194424078791812,-17.226645144831046,-7.733035200136478,-14.055038095101452,-2.5221477186322074,-6.889653602220956,-4.220089906046493,3.6700825685111687,-2.4101723666576955,-1.5565948062666255,-22.824873968689936,-7.267997963208455,-15.208752877506834,-19.52958027612133
-8.64643697660059,-8.993666080275146,-4.283097383180339,-6.258930552937749,0.8695691373191723,0.0754372464191142,-0.2470814254714839,7.07520722433119,0.6665405008950893,-1.3047322141749484,-17.354654468875935,-2.6029228829469533,-12.764613285313766,-20.998470302446545
-6.209638488167629,-6.721424796306321,-1.3216747022379982,-0.8060991778798923,1.3377047050713236,2.8403851235943893,1.4813513409122052,8.643865203666145,1.7970623355017563,-1.7314818051716363,-12.31139664489151,0.0303966945887488,-11.93641893112595,-22.576788716082586
-11.729838045541586,-11.51211305660202,0.6325606273878597,0.1694935498823619,-0.2723101169981445,0.7763331500545079,1.4400712206342288,8.106238628776149,1.0459482391221586,-2.4049931732506256,-9.272254508775776,0.9212683119313292,-12.432553552099913,-20.309752063542643
-15.961092481052525,-17.803919696247515,1.4432406017216386,-2.892541817399337,-2.1460429203437936,-0.0452524501054822,1.4622172073573854,6.469639360791616,-0.3638296896752448,-2.9071800598980664,-8.585906410801876,1.3258266324002452,-12.325393624079911,-12.99845483171923
-21.15578645483273,-28.111267409375515,1.318209040453019,-7.617166191048663,-2.975962648324624,-1.2871951586436423,3.258300504215174,5.254910810677171,-0.9937532328539742,-2.697774874409119,-8.997545469580158,2.363067341609509,-9.810755866751542,-3.707934997050388
-21.909232828276945,-29.70566602088438,0.6642327967245829,-11.255095272146816,-2.649626054739353,-0.742811307562032,7.078716569137379,5.350633588000924,-0.0904607157290575,-1.2223063387095814,-8.342011726110442,4.185139472565147,-4.930564513939356,2.6488183241632406
-16.43897185037775,-21.200314720690017,-0.1827460013176853,-12.140145045240454,-1.831855938882844,2.5422215374672,11.394762276894593,6.368703009080054,2.0366821279582186,1.569878964974925,-4.969693354978234,5.919875164848318,0.2892052651082819,3.287314555992591
-9.977220581236052,-10.086290291533055,-1.1374492886966392,-10.221291967074194,-1.138185836450447,4.195029635476797,13.824700780009666,7.030343806583366,4.283168927385525,4.808799821362571,1.0541012286058695,6.397867101662491,3.431181528385288,-0.4867664655347257
-0.6322660082256648,7.113952450843471,-2.2183317683999206,-6.569679740895312,-0.7421732871423314,4.852792420120379,12.759561947813584,6.314619098050555,5.463100714284579,7.048623992351696,7.897628831273062,5.179863678662951,3.611797257796775,-4.723647669184933
6.086121582262954,15.675353234721198,-3.1628001805701205,-2.4444028922966474,-0.5634520088852653,5.146033976917187,8.65643797613012,4.470224792725189,5.092750961278952,7.357719680631378,13.203567110396522,3.156200914689938,2.102671488958161,-5.954077225789368
9.302844218083369,14.026380649175602,-3.2495321084988005,1.350542859014177,-0.5447955039942842,4.319337815933071,4.06072573798837,3.0366950000821427,3.8178624902942775,6.269747694872981,15.773173250698314,2.2042418519067226,1.238319389830803,-3.2027391303123256
12.460130465299429,12.4649630496562,-1.681749578993052,4.5105512534736425,-0.6265788477220493,4.8420138683863625,2.14434383790488,3.751881000831024,3.1630488256779823,5.608244002953088,16.42413760276247,4.007778860615647,2.6747572178845136,2.318674411971555
13.953427984997797,7.180906442912501,1.6725123385751193,6.920095692446192,-0.5882332242690236,6.74371371268076,4.57517041134954,7.1069580704545015,4.5924241769974055,7.102040010125953,17.310781485830084,8.801870816646804,6.431094099638765,8.822832475966576
16.811847346872675,6.5549819111247976,5.871751142554984,8.4357521523147,-0.1542893740953688,7.566669498045784,10.182846706570317,11.67097822418925,8.350047130657474,10.849534477479182,20.162342295845477,14.997050444272292,11.234476664642482,15.133186605301718
21.35815125486697,12.095458255778444,9.336258409928636,8.970930259440959,0.6427780727987935,7.733284381404992,15.535253622839411,14.81541801196759,12.89683137004551,14.966466842285223,24.76577667863801,20.094312506074207,15.527767567005526,20.73794307106347
25.61041544903529,16.10101129796152,10.881512877062896,8.713858094243273,1.323927302416846,6.388341730213041,17.229252542996342,14.437252198906986,15.577945061542708,16.827039537108032,28.894243039627263,22.312315920787302,18.182555460714028,25.278211421997558
30.325288862277468,20.816657903470155,10.491531279901114,8.171550321122002,1.378930476422919,2.9961047093057616,14.308904618777252,10.46207779165561,14.327718122782745,14.95951552186824,29.827432262243548,21.69020572375317,18.581982050660397,28.273556499261623
31.83310927236471,22.407520894539207,9.165382341634665,7.921386149866326,0.8880151701530665,1.6364942258344537,8.940941195035075,4.974888632301319,9.271761326697566,10.093261514415884,26.402924074691065,19.761189222267376,16.470519150152402,29.24403326658418
29.646145466505843,19.666623687073063,8.017481732142109,8.2575900462575,0.6216601855595316,2.2032551850033637,4.721864766672882,0.8054834965127862,2.893069300692776,4.566340563008396,20.069875443296382,18.081063198223266,12.057627483679518,27.90188585861113
27.073388585407347,17.060941065619538,7.485423687410543,9.045379940363974,1.3569031651501806,2.8348381309696125,3.897161257028083,-0.4106136003852452,-1.5913088637464203,0.6491349743711616,14.06826128460771,16.93514038468047,6.347331646602568,24.269983740974716
23.181870491705304,13.388571892778886,7.328856662302393,9.93752984304496,3.0264639121225496,4.399764676642683,5.739354868175228,0.7743261309654663,-2.491550221866314,-0.8522944988299477,11.23095115325896,15.412999896300278,1.2033309640763514,18.92524600218492
21.58819692234276,13.90714019532029,7.277332592483059,10.805311261429846,4.616815366083808,4.738949781863775,7.424690576824955,2.3222561619282387,-0.7008124907361415,-0.7078226091944906,12.036094344170971,12.738704999221978,-1.235980776732612,13.374179153682665
23.039043389249382,19.670854269784265,7.548790579805623,12.019400208639716,5.03609378305613,3.59801147949253,6.635790835879956,2.4965327613428165,1.3748515697505486,-0.2113429229656045,14.480165291177109,9.48305570494353,0.3801128050214233,9.999018545327017
22.84717525452871,24.75347832994659,8.641361146352915,14.262198991618074,4.157040479581641,3.756269548783272,3.609108590697149,1.2419255073729365,2.066005536784508,0.0145333396083398,15.93100347137674,7.346866471784533,5.722175046683843,10.96774894656097
21.928374940971903,30.566979706938,10.59257639503022,17.869517294946704,2.987043584273944,4.788541467420624,0.8166400399732767,0.0284901487784461,1.8104747422858904,0.3632031746252004,15.373780952745149,7.606785631397196,12.677671100509745,16.436463228684588
20.387146538862247,30.196752144870544,12.500600065997684,22.117563604099796,2.7402895899677064,4.931862128879425,0.571946155464607,0.3500806662173961,2.376492184465117,1.563201101206171,13.969594168199997,9.695445718595828,18.192605474625815,23.508149535406396
17.47502198686814,22.121145744857262,12.905819816210425,25.09955283712309,3.6874072455229743,4.530823270761765,2.732418813503249,2.214308065677138,4.712263195163892,3.6747499678697686,13.326006716103072,11.335679628761698,19.66731845729889,27.360097577497744
14.080092197609924,13.990832339381452,10.831648651767956,24.58462286635324,4.911541803540846,2.3843431303999165,4.613644348667752,3.9405103582891976,7.5629494351628415,5.695649379814629,13.160791345319453,10.20038189856074,16.226202416920984,24.300287516735
9.938357753652411,3.849235430033696,6.626706172095572,19.52962329530269,5.226801652309245,-1.949160615432635,3.241577496282612,3.436344903603612,8.305244813571036,6.154959386128795,10.873923179050085,5.650976502880345,9.22664240270736,14.580183349520045
6.685422212780854,-0.5019499369777387,1.8591344104627283,11.198536676898298,4.360870653639347,-4.6297219797806735,-2.0635786828429743,-0.137726905111867,5.306239872309806,4.219949517294268,3.823503368047728,-0.9066792167565718,1.6890528513028569,2.553285894864544
4.553962096530404,2.7022348922047885,-1.7104465021250244,2.8411734758702085,3.2191565009362,-5.835271483594172,-9.085398790390784,-5.694219752898412,-0.4141016636370169,0.3951498735360648,-7.686559514467751,-7.194162672906843,-3.1837258042365475,-6.20773392638881
3.557802681550122,5.433220637546071,-3.282186168155651,-2.149011215217204,2.940504863852733,-6.276967891398831,-14.580851279503154,-11.0253205070077,-5.834768820085836,-3.7737568390889145,-19.72116251216741,-11.599499459835016,-3.7062991676313777,-8.624668443043772
4.278098004386778,9.971438446200594,-3.4014010636859915,-2.3916924449361945,3.66397980138218,-5.071789759904194,-16.85703340397855,-14.341791323363896,-8.341771465078827,-6.741372925609763,-27.329984613481656,-13.827126280641586,-0.6581691043283122,-5.718532578376651
3.1723816406596805,10.892854450632854,-3.32460498103629,0.6472404899289543,4.249144848091628,-4.883189424706236,-16.722139009279726,-15.279534165116871,-7.705348473624996,-7.892657918638457,-28.280699646220448,-14.423577785397152,3.203133271523214,-1.074887946590839
0.2220579567223599,6.767054200282511,-3.9443851319552743,3.812231538781155,3.282018953223681,-5.689536035139357,-16.117937983343644,-14.701313102776329,-5.914424475916279,-7.665575853973798,-24.579253112915637,-13.964573081013498,4.872454608262062,2.123988195254933
-2.45711864243941,3.335394751684445,-5.164374468941258,4.4622763090834745,0.429464556880065,-6.330142405745364,-15.964359278686942,-13.703031250056968,-5.206851247615637,-6.931817046522507,-20.52867922646365,-12.769076563566516,2.968522700791818,2.847171853705408
-5.625738847199505,-1.0447884989098817,-6.177109662171245,2.00477725638404,-3.1507239116958,-7.380306886449501,-15.39368109751256,-12.80904307092178,-6.225440476003248,-6.31512648906083,-19.26297742554065,-11.241521320247106,-1.544463564922573,1.691212787211312
-7.385087488230877,-3.358108341004072,-6.31187501894374,-2.205584274786317,-5.712287839618275,-6.241817602104056,-13.024023785016272,-11.956922368693618,-7.883525999359289,-6.021527199270292,-20.818582599178683,-10.208202903981864,-6.251790065434479,-0.639969468575921
-7.380405098932257,-2.685049079020665,-5.668179561571219,-6.115339704345147,-6.238584558684503,-2.6485073137803146,-8.814103945084046,-11.013318109554682,-8.741823954451158,-6.104674094144238,-22.988101442914363,-10.630017881763733,-9.04079498081861,-3.939576830902119
-8.21252008962122,-2.272341643238728,-5.00233789418664,-8.169654099082157,-4.96265011784187,0.9795543760876616,-4.4857536241909735,-10.115472831882164,-8.342889296613855,-6.6437536130268375,-23.566557483727447,-12.781483196051417,-9.36277037487258,-7.776367487459799
-9.44875917577582,-1.158783422131257,-5.031224593763738,-7.797150848902061,-2.796144168391084,5.2480164376931935,-2.033916098007177,-9.48289110573225,-7.279834155908019,-7.54935659272598,-21.789031756323908,-15.666633114897117,-8.190976612925002,-10.799262158768965
-12.03323998892947,-2.6675117617590085,-5.830694346292934,-5.4253056029634665,-0.4953659501374861,5.867911961294383,-1.8509061413525068,-9.021952357869775,-6.24388423054147,-8.310338411430005,-18.161154769153036,-17.40859766788742,-6.980732556478498,-11.408051062397345
-16.530199858575056,-7.4615512090847025,-6.879927573388828,-2.436139202707946,1.5093756580796378,2.076037201477667,-2.402856407623668,-8.284293055359212,-5.284284366360252,-8.189895942333992,-13.601017688474492,-16.54788684144733,-6.613634033948427,-9.393861527903312
-20.777268738376502,-12.079301311631438,-7.6723073490664415,-0.9069077154722018,2.6649273000352074,-0.7896068313154743,-1.8028627873914207,-6.892494195605221,-4.069263314252603,-6.877840330567095,-9.032616019266785,-13.28355354773082,-7.053324530494855,-6.727087169117558
-25.11881808842907,-17.4313061694875,-8.254648599466982,-2.695282387530597,2.1217757094074345,-3.7910571306652265,0.3225169136141357,-4.965158452078531,-2.6888799539223083,-4.959890828139414,-5.477449208291521,-9.529837803436983,-7.686538860050267,-6.265769112066876
-26.11353391976835,-19.663230838060997,-9.109567142556376,-8.059149922084297,-0.5871683559200109,-4.712305114753585,2.576189672143295,-3.0283263265811677,-1.902961435188712,-3.5647375992699923,-3.8753142709499846,-7.529510027046161,-7.848163434663486,-9.263554281575423
-23.02250413332745,-17.956361484890287,-10.43818304527028,-14.893650470242855,-4.60972473455881,-2.4675098253808643,3.4016641900036246,-1.4670283095879066,-2.379063208280193,-3.334135679521897,-4.3183333390308585,-8.016792020346601,-7.137252908409149,-13.977340154881666
-18.769136825074867,-16.60576599619189,-11.55730154356099,-19.60070643433756,-7.807558933255231,-1.5356168905086518,2.897772483143555,-0.1160859592291936,-3.662407966011368,-3.654339102605667,-5.432411738416493,-9.471295483178045,-5.490730983273558,-16.854614019311718
-12.282659117735944,-14.54643929114721,-11.143015238216222,-19.32435536992233,-8.188176482647643,-1.1851015916990808,2.915076256735728,1.5069173574571004,-4.079319547175109,-3.0131321909856363,-4.90384774898374,-9.233323750034248,-3.155868956417865,-15.423054008070883
-8.274785399075759,-12.54634199271865,-8.320976600713363,-13.95768175977025,-5.641589829693123,0.5718161299445848,5.202646676169053,3.5045451964641217,-1.9661414949114275,-0.3401544674397629,-1.1539869636110387,-5.700671973567528,-0.6189091317719546,-10.37417451646163
-7.406516582895725,-11.245230773133637,-3.722433945673031,-6.3287375418206775,-2.2749088828033948,3.1495041124197782,9.360802225494396,5.1779651326225,2.708500951789728,3.820489528308324,5.119473142703006,0.1857344866197361,1.5508385779301168,-5.00225310067299
-6.431539321108853,-8.891939047049025,0.5456160658170797,-0.3960288873301469,-0.7553206016567955,5.535831343968213,12.679403757234784,5.44575456514762,7.822198885936338,7.453712916347406,11.019465027098358,5.466756962856933,2.9269550592284324,-2.518391171536912
-6.666185935952666,-5.837694389739228,2.2404657891051283,1.1784715529667178,-1.9611519961078117,7.884302861469632,12.236250980568444,3.8568021888765927,10.35807389266461,8.55746060273065,13.379015294298087,7.338413629021223,3.394523134547227,-3.619901521543019
-6.791150258404439,-4.757302626712042,0.6693639378644698,-1.603352282921417,-4.0560177827873165,7.562720749074239,7.472576908681875,1.2745992346457635,8.596112948220366,6.739380198271352,11.130698460036282,5.19836342006697,3.1351683861108794,-6.362562638923562
-6.540432771746756,-5.664216509568011,-2.7015873887810966,-6.4466676441649815,-3.954576267986832,4.076617766535124,0.904484823273723,-0.5373005688076282,3.476537859255478,3.513790286659072,6.169464638669155,0.8979629589507157,2.4360990329656103,-8.221335920904009
-5.816500496518075,-5.490036262324133,-5.330225191005536,-10.29529346518503,-0.0295375636610799,2.601687162726731,-3.7582258947055127,-0.2569322387376207,-2.049656078755673,1.0057649072949548,1.9366637430438765,-2.9113374033611987,1.471239330037876,-8.279359992669255
-4.14778133768004,-4.693668780430147,-5.533518563200675,-10.946057726472144,6.251594781379178,2.65676976510651,-4.492428786601867,1.817732132526076,-5.221768527125031,0.2045509624744728,0.8569337173046812,-4.820649050541877,0.2285724839029015,-7.557070538740226
-1.722720247563973,-2.867341698684952,-3.642363149856672,-7.989651897528635,11.207534876445282,2.442855695358774,-2.352040562321089,3.854461265185272,-5.4364172838977165,0.3240864019236182,2.720039177429048,-5.3337934475012565,-1.3489928257092592,-7.428754658724454
1.747855938869905,0.6299775994175275,-1.3993431059519938,-2.84489635761329,11.668899785574206,2.9306042366371448,-0.2358435731173269,3.92356758667736,-4.36991557609239,-0.1935733900548912,5.243662690915831,-5.734050814858143,-3.112483145554085,-7.9282931886962835
4.141422448160278,1.9435831281724976,-0.1929167754140648,2.060456218396057,7.353925001118246,0.9627237156491752,-0.2445481953375878,1.660465441633118,-4.2216595520266,-2.00741656029365,6.178581045113161,-6.373776442553599,-4.5646123694090415,-7.701876680110481
5.373218828833831,1.1356727059623155,0.2270110189582759,4.686346881705775,1.0433123009610883,-3.7593507933305874,-2.014917918968914,-1.2795175857062673,-5.668902387706056,-4.109701499710996,5.116036064091843,-6.082337803312407,-5.005595232617889,-5.551274035855663
6.350968285643445,0.6612671405254955,1.3681833178147451,4.675089764831763,-3.4700629099337945,-4.814301769859364,-3.398536466211325,-2.452063438518759,-7.339267231569756,-4.669405624468157,3.5971658554181403,-3.2697688717312365,-3.939836674766896,-1.8564789925721792
6.53719650154496,-0.2441261841061479,4.336250333766966,3.591735828597818,-3.964246091110924,-2.553168132259487,-2.670736808553711,-0.5720600162304281,-7.21363385959934,-2.708552703967424,3.636806616644403,2.321465093148316,-1.4902588565861397,1.6212942091721525
7.486538223958076,1.1108690524855964,8.491304484206452,3.638532543997005,-0.9795298873494946,0.081167904978763,-0.1519675799072208,3.442574872333963,-4.623313309940241,0.8957279407093521,5.952349619627064,8.890190346959972,1.4823698233058735,3.29403098022369
9.303406075796726,5.259337319949234,11.725672699588102,5.63498362560007,3.029576154953574,4.374539422402799,2.175604394349116,7.20666269783448,-0.9899970752596818,3.9576207882314174,9.223234267761,13.631721498442822,3.685356914792461,3.029117853850174
10.15273311639021,6.972746597923723,12.157102595485911,8.024451200595054,5.640624541345272,4.465142435379697,2.5499776074357,8.754500712397284,1.3672013935322411,4.607453780769447,10.865568714079451,14.7498854950157,4.000164136614581,1.9733651155010552
10.316900341571143,6.737349952596055,9.725417469858227,8.103146035963347,5.943800371629003,-0.3593534030786054,0.9921573652130284,8.003125116349551,1.2583370571014365,2.670226189123256,8.837122872078613,12.774366468289513,2.1033661714604754,1.345163677418855
9.451731568475935,3.479958399044125,6.282126366056126,4.653489036382547,4.648569681991171,-3.676167068964871,-0.8388192384333788,6.62587329955732,-0.3661028516850262,-0.2530741146654076,3.3587478486772486,10.121350816472118,-1.2147993353620237,1.553653592207489
7.172486088833086,-4.075879146470995,4.129599072423124,-0.4684954831700594,3.0906219634179823,-6.816925335290696,-1.2531326129532392,6.524415553831183,-1.3311741630989342,-2.0038620084863368,-2.6764653522619906,9.259590800903515,-4.282411859127828,2.348289860032548
5.974201696923092,-6.067335136865379,4.2987165956815865,-3.601907716784524,2.1132511054687093,-8.233266620114222,-0.0695032674730189,8.213065098257317,-0.234557128487955,-1.4387245789825904,-5.232544304136139,10.89568218771296,-5.368430330960061,3.4352355281888887
5.810633127710305,-2.4861307182945125,5.975523923905262,-2.5265748801515286,1.6197929709667154,-6.754951427359616,1.2840278931288402,10.424325992228765,2.293697500546033,0.7925493615514778,-1.9083025156440865,13.5073549797103,-3.7427901432364408,4.667233586514186
5.381506656780662,2.3649534839624136,7.392627528857712,1.3652965008831028,0.9167530849755784,-7.367310079070679,1.1333620965710498,11.197311294737696,4.208711143386763,2.8175565766972355,5.987791867969287,14.51312700961439,-0.2699236795026465,5.747156177793915
5.209355403671142,10.757875937684885,7.274434280076431,4.249916260913993,-0.577000557315051,-9.54263884748903,-0.8647125375301901,9.515736874695085,3.977247487804543,3.0460314636367745,13.945855942545762,12.19803795313973,3.0580055843730385,6.139073573080845
3.3973299162605555,11.652112668515237,5.624223159062497,3.432486622105697,-2.7921224888377827,-9.591627709946632,-3.318120199008206,6.161355319986406,2.0491488407598477,1.4848011504345369,17.364840242727823,7.021235022998743,4.499229638529274,5.539620093102202
-0.3189576729769484,3.999456785371352,3.3827410602719734,-0.1827204583202322,-4.966264938091419,-8.179291442765539,-4.2081261495959374,3.112569311985037,0.5097542740316268,-0.1953492184354344,14.971230235621585,1.3847978219301744,3.84337068550741,4.341172416586378
-3.5848379772377856,-1.918685517379101,1.475863847581703,-3.2055618782175275,-6.11446874413926,-5.002582927646361,-2.563186209805357,1.9951291318486053,1.1960565393842462,-0.000751099508621,9.69569890795382,-1.9844346267447817,2.481875501908121,3.3373938729214165
-6.817206790470113,-8.63681683636302,0.144474221258438,-3.328514252520743,-5.73336451715952,0.6504055681140255,0.7061885123840703,2.848023834129455,3.970438861556605,2.63175218245743,6.190463520613111,-1.89792689346902,2.11661366563684,2.845101870683658
-8.253858642143182,-10.919198755412449,-0.9720037141604952,-1.6802157430198257,-4.261668985922765,2.801245674384548,3.5017593695335147,4.191917748065431,6.74057047637274,6.1411233414155015,7.09381430599442,0.549926465590671,3.206670972979497,2.2879064864032035
-7.302299242498326,-6.83428186505198,-2.2373091995424605,-1.5309100933936364,-2.878195866785765,1.2950786540628527,4.182133604991635,4.298165299946499,7.2628532859289905,7.934896345476198,11.218339007523012,2.9324587419470447,4.571353957712916,0.9105678726717344
-7.671470491524749,-6.934446756099139,-3.5230382313043678,-4.689096208344052,-2.65290232689273,-0.464066284655357,2.8067969949617844,2.567897510904505,5.160084696756988,6.502392117847408,15.021541831709996,3.4143756831022785,4.53533822849124,-1.045042051868684
-8.92968397534689,-9.850969350976182,-4.254646182243805,-9.310813118307912,-3.64846350054998,-3.8597373022525927,0.9739145332857032,-0.1063833035020298,2.366913588350501,2.7983402268268485,15.765433785125586,2.1039751919608563,2.5496995667369253,-2.106096515218355
-10.472084132298336,-10.995999344805858,-3.940787211040682,-11.396862762405815,-4.773380638546515,-4.4110299166549645,0.4146541670579227,-2.189656599271204,1.5839976247769867,-0.3686599134066517,13.483957866031949,0.7069654921582433,-0.2408712857674846,-0.835060337603962
-13.004182788069617,-11.99024977104384,-2.7263535990514054,-8.53899681423812,-4.664767771639754,-1.497292987420498,1.5327209664795092,-2.723252437593829,4.04946337975155,-0.5466251805726037,10.293582380013184,0.7868492685301911,-2.0194811276790388,2.478747905398956
-13.875314420030112,-9.51111870710972,-1.4747238571598036,-2.2985858333644678,-2.948553741706819,1.4206923563757814,3.115590504513345,-1.8729482309577192,8.504490801845126,2.363135642341665,8.12511111331747,2.1931811982478626,-1.940091377379269,5.449442710341714
-13.025356644842772,-2.790018268753524,-1.227776074314871,2.986376970754301,-0.7454987459685984,5.534985929219439,3.452446750780266,-0.5149338558173246,12.172957632872016,6.0071366589574,7.160556356285353,3.1239598624523897,-0.8613870445142484,5.2063287818346256
-11.370619264376062,-0.1790022074051973,-2.385487420300357,3.7808297914357807,0.1684754941540731,7.279131960472686,1.8983545257976415,0.5408504982526119,12.869594609405954,7.449112117760878,6.209352214919457,1.8145230862323487,-0.5221701183129852,0.7840410115183096
-8.259447488188716,-1.241189650910074,-4.243381215250095,0.1119954661409934,-1.0613943224748357,6.022886976281288,-0.4770245748117865,0.9186024229740446,10.47336168267397,5.4036609069224735,4.259291936634276,-1.6976841161470562,-1.964965099450681,-5.774490246667204
-4.671237582751492,-2.657365233370365,-5.347636307065722,-4.686661098219671,-3.440024720177294,5.019157049902269,-1.7580685028567389,0.4689810600588995,6.653361760734431,0.9949456790738924,1.4846737101422018,-5.4155073996782646,-4.666731140563927,-10.69762748947675
-0.5896150458856192,-6.14607199346958,-4.5295618840676255,-6.714898990207894,-4.776393998553794,3.296924334215084,-0.8593801527716286,-1.0253131592952367,3.2694784579367724,-3.419701949133052,-1.1748779765410535,-7.041996944798157,-7.117442037289242,-11.257612556027418
1.5304963580298112,-6.661880444031561,-1.8767458329608644,-4.342339765406396,-3.4898839097186736,2.483429921195687,1.445789113505918,-3.7257478855981954,0.9392183792436408,-6.14297786744701,-3.1837426394071064,-5.965641734859928,-8.223949401851796,-7.843840689837882
1.200771537722855,-3.713680844820423,1.168818193231551,0.9030279491963098,-0.0560646267272282,3.076579415812187,3.0911821255815126,-7.264485756087936,-1.033180255976326,-7.0949288996272575,-4.965392210413472,-3.775035134904485,-8.207098181468922,-3.6345210205879424
0.6860521093900712,-1.1034132862462445,2.768615772523789,5.66815591328943,3.210578845683289,2.4445454459001064,2.4413448745507766,-10.493324585535486,-3.498146907496064,-7.271895803570949,-7.270574570717449,-2.88889124535081,-8.220108107095205,-2.0866802071523467
-0.7474771938078545,2.3950566944317417,2.0130021996547582,7.066935029626236,3.953916136679384,1.0125594254028487,-0.3264234943220048,-11.920418088330411,-6.333787579650552,-7.571407848863534,-10.134053838895866,-4.591038202214704,-9.161803988828993,-4.263075497185576
-1.5172840212143437,3.665923239425844,-0.4359536606817107,4.35788315210473,1.694214761419337,0.3256347009431513,-3.4246749171982875,-10.68067588715214,-8.493361508854811,-8.203773826899695,-12.655555969732989,-8.175940054305729,-10.868470514207036,-8.173113663731392
-1.2656367032362343,2.043028507086908,-2.9109520137932368,-0.8382909588166765,-1.7452288226917556,0.0693817778826168,-5.065616968900053,-7.328021480033061,-9.124981712047129,-9.00790148008992,-13.930166279582837,-11.76165576713625,-12.397615670218126,-10.614919545179566
-1.5806138507281169,0.857960149386545,-4.035185615696709,-5.639097433236185,-3.6779081238511058,0.3153494992081232,-4.991453010695049,-3.749586763057512,-8.524648801152873,-9.947075229691215,-14.140909587933203,-13.835203885477227,-12.98450904822489,-9.872908085303372
-2.011135243118959,-0.744603178096322,-3.661951102989472,-7.5364391315384,-2.6594662930763207,1.3448964871222402,-4.494919732458786,-2.1010188141938126,-7.830100217277364,-11.02788500646669,-14.545913815586218,-14.15603403790402,-12.626487877219615,-6.92805443975743
-0.1273298059877966,0.8448560300550259,-2.7240605331462184,-5.6639386623787775,0.4919278995701432,1.6228464019665343,-4.935746808012056,-3.4070100336383344,-7.710078542406061,-11.78414013336968,-16.220203860888446,-13.457107359946184,-11.73518729591872,-4.2354360735668815
4.1488043676959965,6.414704209366082,-2.239449030093702,-1.084962357331829,3.545171313487902,1.1572737111265736,-6.225700686856296,-6.794825753545963,-7.472585585073139,-11.154931500029535,-18.793121571689007,-12.48972301242734,-10.336622804325287,-3.335990312302989
8.780613121699467,11.308534239077334,-2.4231652464699582,3.975435701030277,4.733771030881739,0.8795898918099964,-6.810149233418006,-9.957860685374769,-5.69833518520586,-8.216903306120129,-20.55388237296667,-11.339880104100084,-7.780181005747789,-3.5389077447666306
14.305848339040272,16.47066121486343,-2.651559841565504,7.475738083728626,3.993400783790335,0.4722357634760656,-5.210998617030462,-10.60770821381526,-1.9066132566855776,-3.205211925861189,-19.955048647374795,-9.489843528238692,-3.35442656845959,-2.769019635853015
15.67529988188896,17.56243385110946,-2.168120647366827,8.669133048018164,2.591856961830249,0.162547861767987,-1.6366786651028171,-7.962275286315467,2.4727687358115347,2.232496760677897,-17.099993290789783,-6.4198711563010775,2.773177762898584,0.3950843159532127
12.107769772824929,13.404888789260692,-0.7771706507192491,8.300299170104797,1.713396888582558,0.0546634396952222,1.940430357811227,-3.2650399603496147,5.005861209678237,5.973142864535738,-13.782586011222143,-2.2193402855122777,9.236912769672935,5.451800400135067
9.082048747287882,10.064829961798708,1.0782881531156931,7.797226285893302,1.4421102339265417,-0.0733588967096931,3.368218564901433,1.0150790963589245,4.335594127435691,6.836576530142331,-12.071707470766526,2.2252617059103024,14.125639001755694,10.497794346634798
5.3237783128607,6.319746234799361,2.761012532119345,8.07203181172638,1.0230227911310583,-0.135757326019632,2.0921629534326307,2.7710234501051154,1.4402825491230369,5.304763855623943,-12.792045782300566,5.601793733849444,16.076952974398942,13.797267393486663
4.788718636984486,5.035874996352296,3.849860624060728,8.834066574585336,-0.0799177611572936,-0.6369759910463392,-0.500401818520757,1.5876904757718613,-1.207643362292476,2.9938742116601382,-15.171580352092588,6.918767610059774,14.984972895137885,14.849506835734282
8.65938887035579,7.459938354938516,4.163179007546475,8.918079715233223,-1.5423331897888986,-1.637541773449623,-2.395776123149016,-1.0506522612424654,-1.7901064275478582,1.415535613057532,-17.641545588029913,6.183479158301559,11.945650900620066,14.199787044713904
10.59235075784324,8.956384411332568,3.593250352242233,7.331065116473528,-2.573135988982184,-2.705312439236341,-2.618847332530045,-2.817096252014718,-0.5259272249567566,1.0884238715918713,-18.775085887666133,4.527435452741969,8.671583672823942,12.607823354990874
11.660995901795614,10.50753443766471,2.157559871872348,4.179990926702374,-2.7759994326048023,-3.9679977195097393,-1.739891632434052,-2.1617337383356308,0.958405247092916,1.6351097191283337,-17.62004882975732,3.604250371711888,6.801530128123968,10.655301644929512
12.658153149794064,11.913809687884005,0.3001680135787445,0.7892667049729774,-2.452533109367323,-3.6789686515824784,-0.9460146717565436,0.640779861536398,1.4647466414348391,2.5859025358089447,-13.668683854367302,4.606021419930528,7.327794562805789,9.066981385520666
12.551188239730903,12.470903070901636,-1.001621121611052,-1.0454167134144328,-2.0428419067270944,-1.6127457939267624,-0.7600544654020851,3.813839320191853,1.3320666825339629,4.027786217007648,-7.1041550055869,7.563911872662999,10.204072553013848,8.969744639782608
14.299430068570922,12.825667153340572,-0.7192356567127618,-0.152461315856172,-1.434929997278271,0.3791232108406674,-0.6692465224020552,5.556807063162243,1.7855844480998435,6.4362651605274905,0.6876056755105822,11.398168250965336,14.277715662704814,11.288653609879589
17.890492659015692,12.63215191832019,1.382066939912157,3.2267335522466425,-0.0334473546474569,2.7191201658168427,0.1121242546433194,5.47712953821344,3.381092109810432,9.829221322665838,7.13917172290158,14.617878697019512,17.744756915372704,15.56750080856072
17.404052815591278,10.594280479786812,4.298370685689164,7.401847939380907,2.4108828550101293,3.862928868374436,1.6561372146615767,4.7264481880271205,5.262651482705067,13.102802642157016,9.659089676859828,16.133298758831167,19.05852691436992,19.505342419303155
13.00694597059134,6.530535261406084,6.308191288036049,10.043075987689376,5.134656712889253,3.3831228934386437,3.1426377806713504,4.713704022341595,5.980681147981109,14.38529825541211,7.382291592624114,15.673708019354436,17.773357002831155,20.161542982475133
8.07212335304151,2.576620800762996,6.180938768751759,9.49750169696339,6.701668456002821,3.781628611798671,3.6279174287785736,5.632514144276186,4.941531989093658,12.378852418339235,2.084251195120089,13.684364790583588,14.686185659734036,16.1945003226745
1.379305293723847,-1.5309255708907028,4.096890794136648,5.855378359072169,6.16919139187916,4.658087550933247,2.9520453345276536,6.276517290104117,2.9651325426337785,7.629771993870484,-2.738168612315554,10.917585723519077,11.1210699080427,9.196999410563803
-2.288098430308401,-4.441424646653651,1.4723783889287674,0.9453572796866894,4.006147394024843,4.852093351347149,1.890452818583945,5.353594750225582,1.4414678494251838,2.484274824792734,-4.13547721605612,8.010992898673585,7.919412089087395,2.6708370669368264
-2.1791086817701903,-5.574892327696196,-0.1848100935380472,-2.921588839340714,1.848558617147546,4.69858376923708,1.4386233618091424,2.9520724690475006,1.033131280701873,-0.4927271403855826,-1.658436244747605,5.235156819017966,4.977141241694078,-0.7304840251312967
-4.80980281714741,-7.398877927355106,-0.4253757851782538,-4.584815701432696,1.228359263703922,3.8604823658534575,1.95052757749567,0.6182273918732903,1.2398625075835454,-0.4353602598144697,2.478481695269309,2.4781723535884126,1.685072387031994,-1.303561924523741
-9.13584252414148,-9.469521691189662,-0.068518836408387,-4.673478726481296,2.346336707080365,2.1499356900738773,2.942559093570633,-0.0667219410581907,1.1451816659372973,1.2251201102930196,5.109319582776667,-0.5296556174623746,-2.188377576205447,-1.7748656980528423
-11.87605984379134,-9.966915563287092,-0.365407674789413,-4.657952597723984,3.93208030654468,2.1766754468666245,3.693755850276901,1.051489479132865,0.4539262643678832,2.065648487632,4.405564285782184,-3.8320559534927447,-6.023065794312203,-4.586436750029783
-13.891847442381062,-9.116635068552732,-1.8766724705515612,-5.21921437819929,4.318315848461165,4.022964047026613,4.014366235280818,2.68822865569118,-0.2399984541995152,0.7697486032821885,1.13507513004744,-6.914951847675322,-8.720246087563382,-9.512522364565063
-13.712522830662566,-7.539638338222989,-3.983114580616412,-5.567801064448268,2.8599093152295616,5.108551439607753,4.434569339626613,3.5121821730314977,-0.0971202609207111,-1.8037520649411969,-1.8642262882097604,-8.71577624807409,-9.55864328557102,-13.828216786244544
-10.708807319896485,-4.897164393308699,-5.348951799988619,-4.418640205568195,0.5513267584284449,5.938768522777816,5.649055184176429,3.4490388856504275,1.1838859835612254,-3.4609626895741386,-1.5278891087643451,-8.139195465168388,-8.74718347582456,-14.80721851210625
-10.245720036690338,-4.780438119247485,-4.9049051124044105,-1.6043365608257147,-0.6846927205962601,5.423643895083411,7.755595988641534,3.5582296635812085,3.17248618343066,-2.604752623740886,3.4696827491150017,-4.90276706697707,-7.22607301878347,-12.156598922396904
-12.143343433026155,-7.550604523022965,-2.614205677070593,1.3994370044321265,0.4602355918198348,3.018608498565072,9.99238657664625,4.665869595558668,5.056751939091917,0.4194202056898,11.757236108200074,-0.1628820399708743,-5.985073767083346,-8.202090001556805
-12.928743162481116,-9.45026009335741,0.4510181264149651,2.644539946133019,3.47588176600269,2.113860738624892,11.20039223324498,6.203933599717697,5.990625034485349,3.587432820749349,19.830411654011083,3.692550794441448,-5.543160845816967,-5.870828773561492
-13.619036151818236,-11.291223674690237,2.7021358931681903,1.4096566365127714,6.150052269630505,2.4650247512077508,10.596459970872424,6.472217952755713,5.1964074284100334,4.676233772071424,23.876933600943907,4.243718083010538,-5.941027482575606,-6.4632819625414335
-12.904469877547514,-11.515280727275568,2.91198422683547,-1.2806491328750305,6.034789188576529,1.54581701028317,8.224824126186848,4.13503837312042,2.143268138147452,2.7013300714097603,21.939188267659425,0.5981511678888207,-7.022362425462152,-9.072192516816417
-10.247072910084416,-9.386825344379202,0.8965337352202152,-3.765498338240274,2.2426711798142485,-0.1164735999699995,4.795740139915832,-0.4138723577030809,-2.9371225223812054,-1.659189904351969,15.175209084650296,-5.823661590669474,-8.572110207131994,-11.74268683958489
-8.818661649239335,-8.24282410234204,-2.365212798292881,-5.259145721602389,-3.775092078650968,-3.184745369848101,1.152524168512547,-5.089146602742206,-8.622682267078451,-6.694664257492967,7.308384959487224,-12.040153676000644,-10.212356263032945,-13.021141186819063
-8.317986548461306,-7.607113322713642,-5.262911647928034,-6.226142907217975,-9.102836560631475,-8.146959800103028,-2.153058953880402,-7.616131274240024,-12.737204585226358,-10.69462832223983,2.3998157793595736,-15.410007000436131,-11.374544487796843,-12.64684556590399
-6.727127270479223,-5.653401119184797,-6.465864951084255,-7.388954869103877,-11.27068998034653,-10.372332536622691,-4.896261194781109,-7.300872797014297,-13.72752702298354,-12.70273795375605,2.3189839921914706,-15.279680406532757,-11.610851990108312,-11.25958653457673
-4.532258264130637,-2.8250995468842315,-5.670957847009259,-8.587811903392033,-9.788927562930294,-9.824354304192996,-6.943251484490665,-5.587857638617942,-11.907168098261591,-12.716653450987843,5.729650800694162,-13.08631424743194,-11.02205500124592,-9.75807773230282
-0.5026905993039105,0.9397415241093026,-3.6972200566435234,-8.776204327868616,-6.217162144732135,-10.42447456095059,-8.086869152080183,-4.865176445334297,-9.27500730853765,-11.439433103229684,9.426555708857467,-10.906920877244293,-10.257645627141866,-8.7987562176924
5.791330308135356,5.929214629304986,-1.8594536515758493,-7.137858542746214,-2.8493114282106564,-11.277932471114596,-8.177726963324515,-6.433981820828592,-7.851919906408328,-9.825191467752518,11.01829350010548,-9.77449821094104,-9.873170121669723,-8.468966517994437
8.200721015348044,7.384922666869599,-1.0695947536661734,-4.105861082530971,-1.1292757364994426,-11.758688250938214,-7.438280772862971,-9.34345446155259,-7.99786709157669,-8.615282875304482,10.770191293210445,-9.193896370804127,-9.557188869256166,-8.118199955513433
6.660784365700618,4.978380025537192,-1.3051386440689257,-1.192929158358634,-0.9724710082603883,-12.391201497875803,-6.596500613700194,-11.149179430184788,-8.301539229249947,-7.999174871998658,11.066102413727108,-8.075141939557522,-8.075362988736043,-6.579010255477275
4.268304429672505,3.75271449652324,-1.7846826536178853,0.2136839219191983,-1.2980226702028332,-10.160876917623948,-6.554799392194667,-10.0155057143166,-7.115143038451478,-7.527062370398497,13.983804008087098,-5.97602649392222,-4.243647554894725,-2.9332849147549567
-0.4013580285811259,2.717078116000528,-1.6498105947737969,-0.083185165385025,-1.1054463050942367,-4.839623700255891,-7.711455164157506,-6.358709691889743,-4.191307521779578,-6.376822352046361,19.13250599354205,-3.419606280212616,1.7598626330373577,2.562200537365623
-1.9879581704013491,2.1821168209126927,-0.6100398994373535,-1.1427795419399942,-0.1721697924731913,-2.3037379881352527,-9.464141984155669,-2.580701726696816,-0.8706407255807065,-3.933320311101589,23.658047624945556,-1.161535593012708,7.942483124100146,8.185646461608833
0.1141242010253945,3.015366925717997,0.8994333375551307,-1.895182214073984,1.013511478442901,-2.20580941689533,-10.432666459459632,-1.1090746863430354,1.187093668756923,-0.3808969615998308,24.401839241518125,0.617536445149149,11.528085617905148,11.553216882995002
0.5187304235666959,0.3237937579558432,2.096439969169303,-2.058663008895344,1.7720321159113084,-2.376926883145678,-9.404601941013958,-2.426355417768093,1.3480690411282763,3.1532209409973504,20.364669384886117,2.283464216511625,10.856461776016722,11.087904301410738
0.4561375079955788,-5.859835221841202,2.4468828609750304,-2.109263583126044,1.674693725131256,-4.034893947091751,-6.316093467054671,-4.712869254879315,0.2287441704054131,5.184087958947991,13.486534813299606,4.037524578760312,6.705706830158256,7.124022388422453
1.3097345721819265,-7.143790658661416,2.0574148916143216,-2.4370690344495145,0.6863836448123877,-2.9418325194291253,-2.39650282189465,-5.288580194535939,-1.0628418640396902,4.920733068115247,7.283306518808295,5.492262274956282,1.9352647692358784,1.8523952065553144
2.4393564228165325,-3.979352510043497,1.6286305219520116,-2.6091301894306795,-0.8598123362005055,1.2687860852891546,0.7696451823331572,-2.5998752828986085,-1.6560184474198536,3.0259224357250645,4.58213931684346,6.151669471509649,-0.3724295678559102,-1.8582748525243744
5.655744934601428,0.6544601562341033,2.02018071688019,-1.516956385132957,-2.314417583294244,4.604550552625137,2.5335271662064685,2.748791985942205,-1.0482963584646967,1.3765719663099958,6.025267745592039,6.296897886726335,1.074903499106746,-2.028260435406409
11.225134355394143,8.550995787827308,3.704115268649744,1.674075037211466,-2.8697874738347338,7.997262942293146,3.680259336129275,8.493170174589004,0.972251191256376,1.8266808291621075,10.086753207143856,7.1613717313276055,5.07596432335454,1.3603695880475186
12.86615101923281,10.131092463528836,6.432887090268508,6.595984406273232,-1.9505905453120107,9.610885376070438,5.62036413506425,12.190922229371218,4.065571036306096,4.82670458686664,14.160522450306203,9.917264112381034,8.993846119108888,6.351172925762825
10.562977730245224,4.5744834172953865,9.3191401623004,11.573080831395202,0.3132099547879363,8.683918192903498,8.942817402078319,12.650691717167431,6.983975335295042,8.989242992526584,15.856254386713807,14.290575691608096,10.705544601369184,10.1094055368268
7.229167836824942,1.0182680339190595,11.2815582273154,14.46309914675942,2.952888228770405,8.526316481951117,12.636144441404284,10.509604681162514,7.940421526961629,12.01514277351852,13.970133651457616,18.232473686162948,9.960485735508357,10.604297918848276
1.4044392406615365,-2.671599700426731,11.593081970468816,13.861236482271664,4.642511518109146,8.571892552391029,14.734950412097705,7.736667394576017,5.912664717575183,12.313708355393215,8.972220636937294,19.257397087607885,8.206508723552403,7.894785503422653
-1.8784690322642683,-4.18390541167925,10.20488255231065,9.889394099092383,4.542890848049325,7.454825633237382,13.875884629945674,6.390323091843442,1.8543784737296392,10.065895714024208,2.849367271076275,16.47625551171889,7.156030848210548,4.069458883340005
-2.1171666195126653,-1.9704939096930052,7.667457897411978,4.137421245315807,2.859813836446534,5.605806895830798,10.415695463131186,7.328730001180148,-1.583431712990418,6.910504674143127,-1.8959757824235768,11.507000927633555,7.304214411749044,1.7026391318661496
-3.1943754597226226,-2.872320084893752,4.738810279565428,-1.155378813448067,0.6542509671717056,3.185466930355416,6.140823525749809,9.624727822475478,-2.0120924262199367,4.546414573145839,-3.847603782013536,7.267030773076456,7.564634632424443,1.879533154593844
-3.877525008869343,-6.15989616897189,1.9731322539013971,-4.223843745780016,-0.9319280337022776,0.0464980743598896,2.8357174177526616,11.08505921358016,0.5851197000882422,3.4234179044592,-3.897648982479147,5.543857270085425,6.241848604293381,3.385472672574622
-3.459829790627266,-6.19411622039044,-0.4366100217210444,-4.634189376948335,-1.4033478049916894,-1.4444626736742854,0.9540706126754728,9.620463396042313,3.5645058374859744,2.589494551152761,-4.943124075867139,5.482463338321075,2.494063229757707,3.824530764745333
-2.232471349583081,-3.827770955070741,-2.511840075698707,-3.408941493443457,-1.07495556212762,-1.0629217333046572,-0.4936717898365543,4.645420789832279,3.661563361504832,0.7558785026847445,-9.87377717468533,4.445381069412001,-2.8937551134008714,1.770303980525064
-0.2673028873789629,-0.8208855008059313,-4.228756107390005,-2.290338074591673,-0.675560307317312,-2.690048354091922,-2.8095558268372187,-2.383164557942557,-0.2375361347464988,-2.4013961924195257,-19.161873964323533,0.5621653816824548,-7.984619940323185,-1.9240060731952011
2.5173272994219635,3.775656875640746,-5.396040070427823,-2.531920193980937,-0.7899787205647613,-5.939678247078209,-6.266018860284902,-8.675404549581067,-5.956951862024795,-5.848523003974343,-29.99579362858224,-5.354951053922086,-10.961503374707632,-4.808376597942917
1.5680637792939474,3.42988459673666,-5.76986621363077,-4.02735592208073,-1.5191990008080083,-7.750660660673978,-9.720383793627091,-11.674236663257368,-9.56117927880522,-8.000915700188706,-37.86924373485386,-10.361786734651574,-11.199689981745024,-4.870434891013581
-3.5707745484054945,-2.522565192548861,-5.301385777205617,-5.48388582996666,-2.48135758833763,-8.666919605983841,-11.50054263184483,-10.53356003533159,-8.342060687047713,-7.959464986589701,-39.56790590378208,-11.95072096094853,-9.445286783622024,-2.131683336401757
-7.922200305909342,-5.628621528875317,-4.315792545143808,-5.603860251672792,-3.0952107839693497,-7.930616242186202,-10.797654837294315,-6.595464852139173,-2.8656066179056694,-6.123547500749147,-35.29788239635246,-10.260448258631044,-7.17543683134911,1.4396077783829213
-12.508347004648986,-7.187201762122412,-3.4706846949685257,-4.348264181711421,-3.017458607646738,-4.896825790270933,-8.399614549440926,-2.5706875373402696,3.475504748811545,-3.814649583441394,-28.362044756905576,-7.872730604198395,-5.743634712378828,3.3872142400196807
-12.862270919822665,-6.328598534043034,-3.4566223470233908,-3.140113997986532,-2.499536484994209,-3.587610511577616,-6.16505624782539,-0.9450812832678182,6.925315805416695,-2.4199009648013643,-22.750063720224297,-7.434574619386254,-5.827506519795229,2.292109141040143
-7.730883972589275,-1.3615911227126782,-4.544508356713337,-3.677849435925289,-2.317923605409192,-3.8614137183682846,-5.659389079946301,-2.605557517050009,5.893369062714122,-2.7526258687591465,-20.577138956489343,-9.370463305067794,-7.283739226568109,-1.6047473972057205
-4.829831513003546,-0.1667318533665815,-6.239744001523384,-6.272978393398155,-3.111275121841338,-3.1258329182840963,-7.016654478562025,-6.477428741167351,1.780494527037824,-4.812110572237508,-21.213027277073188,-11.750634137183296,-9.2629253694735,-6.689165856860043
-3.031607752018978,-2.406211384003152,-7.371723435347498,-9.18530302950974,-4.518236789167091,-2.132762644231303,-8.880355473405594,-10.2649617900584,-2.225171168109597,-7.699267545402208,-22.417239277483112,-12.237073004638477,-10.50575616887501,-10.698886255899666
-1.0521378635693042,-1.752407990880153,-6.755207875274692,-9.687580577598712,-4.9780324707667205,-0.9057714449444424,-9.429508218201946,-11.734861193467095,-3.2986588459332147,-9.662386327859068,-22.22667830507785,-10.117421360664563,-9.845040308294294,-11.620865079447206
-0.2246093125695994,0.5040996240422719,-4.094023518990923,-6.123513527669729,-2.748162620163121,0.8581753656187574,-7.697310606338846,-9.806769321118455,-0.5989746639251656,-8.672644975267119,-20.01816931356502,-6.586139965675294,-6.810815086499112,-8.657300593917842
4.12584984747496,5.769536237402438,-0.4236681508207596,0.680066241880283,2.4065715604013818,2.642949325412253,-4.2302980855746135,-4.994194023893822,4.485303746359445,-3.70943442524225,-16.20378011905906,-3.314808738287084,-2.00069244652326,-2.8525572582580203
12.132421046013842,15.244514000786973,2.421557343624801,7.8005510140568735,8.322576216196975,4.527051490832454,-0.672566232873498,0.8813486055102455,9.355254237975997,3.9855088149795135,-11.341239003698032,-0.9723151659161982,3.1076401161875857,3.267835126533317
13.59111418981222,17.427376273312895,3.054365095091054,12.10776344373243,11.469599179348432,5.18059558123838,1.3472320050323008,5.537333522178791,11.729530096601858,10.990280553764167,-5.804679589587911,0.8542328391869356,6.863474423553324,7.147795490267606
8.778650662971891,12.15439953612423,1.5182805105534387,12.202561092435342,9.450224909883246,4.380510240462017,1.2024170622993395,7.318010964977936,10.810916428838931,13.641768287545355,-0.2838988998246656,2.529574248965365,8.24364367800817,7.786786043093729
3.1402391911954317,6.287933805804674,-0.8490051112739483,9.03840113083831,3.043832860775897,2.200013640040776,-0.5108758770257378,6.037356028994409,7.537144631920333,10.652626081101914,3.7776189423339375,3.502296191421218,7.286864238623083,6.13113759723878
-5.464308770568964,-2.7327403299557256,-2.556275780975689,4.983984321834523,-4.00183886945857,-1.8503178705629757,-2.534141354817052,3.0634094689412272,3.904391429753524,4.285524623864667,4.82190087692215,2.797092272811419,5.013337202558798,3.927933356671563
-6.431233817746747,-4.630654979603388,-3.060342952144389,2.2203702327316,-7.4558633955449345,-2.645589865837959,-3.7604420820396776,0.4784938112614441,1.8542919643299487,-1.0699500379599982,2.7100506753259204,0.3983672284166886,2.9794166040853938,2.177921223753849
1.6516969420356566,2.1105242691915485,-2.852720772632232,1.6392603456045194,-5.48497780767147,0.0728698366378741,-3.712142203824733,-0.2086154420441133,2.3899967622251097,-1.9134676078506845,-0.3635751822949729,-2.036421714545789,2.6658331817091323,0.7038383520254641
6.960102365122946,6.801146321386639,-2.590969419966008,2.7963767177924552,0.2795398998577028,3.5546104606183606,-2.48591983114148,1.0905423969499282,5.313469613932469,2.1064421125651407,-0.9652831174388368,-2.1561554280296207,4.825165397765048,-0.8817989227886329
11.960726511800504,11.973040796608098,-2.280780181067179,4.631454938206879,6.180752904158261,9.08027925792583,-0.4171304407397826,3.23571584723895,9.4956577692003,8.318579636396173,2.890480948178684,1.0761772344869345,8.981511849285752,-2.0641395328501986
13.91216433164513,12.71690838204101,-1.3743275034779003,6.2502248446511,9.1819136137415,11.432595207010248,2.1708203972291216,4.849563770889603,13.336103324758,13.131032199280613,9.71100303974329,6.187331711873327,13.427957278329616,-1.5721639359337587
10.684544405520237,7.04020114242467,0.4075721820158833,7.242352201901781,8.651840091988575,10.04468111252398,5.004837682198499,5.245185412412724,15.220507878791524,14.261194747303122,15.252637537600052,10.095208160615982,15.966183601914295,1.2572180061378475
9.762650614200748,3.938953959021031,2.5384862839820244,7.501399722555334,6.172100884085097,8.88441519223444,7.823277301120839,4.6035168520838,14.036400665691389,11.56875049003692,15.7709267575666,10.521618305422235,15.128353204501906,5.387888959093615
10.046027889082444,1.9409763756042655,4.109155323470645,6.913973810621911,3.9107265409734566,6.631142498230685,10.403615617332932,3.495750058929488,9.752632409839308,6.429538496654729,11.131340625421416,7.86993961355202,11.10251210388877,8.589355598954441
8.240163803179982,0.3982326666912863,4.7641663154008285,5.327224088704995,3.044813091019748,6.021734170408077,12.61414917054124,2.4002230888954443,3.7291518420811087,0.6632266222733421,5.020006606489744,4.883571612331622,5.635508306779983,9.215794210721512
5.381593294674532,0.838229209365115,5.059447640744395,2.866958340735465,3.32988085575181,7.672534990341247,14.359395050404745,1.6504628971609634,-1.7119424618619234,-4.118367150072913,1.9884470025073568,4.325310595329711,0.9179590403755924,7.557182890966089
2.708787028864631,-1.3971600440690597,5.733864991684271,0.2331940655037954,3.7832827814554832,9.047942691655448,15.433438084028523,1.6007969204895574,-4.481156251326638,-6.726893676903501,3.874756354567268,6.655522210691146,-1.7361255950840189,5.4185450546855805
-0.0351147516459679,-6.165863170091485,6.621182884998234,-1.5210091816798863,3.630206174695729,10.946072189768069,15.472943808970513,2.517844962145631,-3.9902572819451336,-6.6327150065529,8.628823888549135,9.657889162388985,-2.470453323097616,4.316483239874657
-2.333207408774851,-8.437904182935378,6.451176665988129,-1.7845831815408817,2.7159683651389344,9.940911530563268,14.151808623880584,4.1451128270489335,-1.5485077272107617,-4.346533467541548,12.338314537450714,10.233401643471325,-2.4483827238323954,4.027827545619033
-3.883417453709831,-8.851947506414614,3.957520210146953,-1.127377930506583,1.25354498848057,5.451525967342958,11.488271439111656,5.488494603457724,0.48454422378461,-1.5058872355075437,12.456126179524516,6.7730296689942975,-2.926983544544868,2.857699710716417
-8.46725267210903,-8.95038620282885,-0.6767977261001761,-1.1370209368108135,-0.6313133278025873,-0.25236476529751,7.956600046672406,5.327316311591943,0.2015659324345051,-0.2111991707469371,9.427949943751486,0.2170759361287366,-4.592636509819613,-0.6545149352727151
-16.16836892941939,-7.8376046143344285,-5.499729428653524,-3.188963193809201,-3.028339960633588,-8.193550898905862,4.245993456979306,3.1955721894171347,-2.757131130367071,-1.8145480569368715,5.657293743028532,-6.798883580565729,-7.440647214208752,-6.179563038229276
-18.333643253388846,-8.2874751929423,-8.079011350145947,-7.085974995342667,-5.9230753850523,-12.259289531222242,0.8575981457792636,-0.0780799174220305,-7.180481150401306,-6.002417473339619,3.197654530722957,-11.746668278374443,-10.934411641860947,-11.563458235019198
-15.167816384246237,-10.537100630225767,-7.3482168654294355,-10.903000559683164,-8.77714023316446,-11.793250233495971,-2.094225818084169,-2.912114403893554,-11.157423420317002,-10.918407140074862,2.434765457112689,-13.504166639545758,-14.127746464522602,-14.280321899187868
-10.793785304748038,-10.154772064527323,-4.392698579943328,-12.438287241560772,-10.508799005117623,-11.183238441973414,-4.7016153445985935,-4.199281686899866,-13.131568127522542,-14.265708556421488,2.7043078686000968,-12.449624766299507,-15.80590787432496,-13.126720797328971
-3.327306207003116,-7.557080500588929,-1.5173744132040952,-11.116085879038964,-10.074405198403554,-8.83755547848212,-6.898544726415764,-4.092868741526047,-12.533954439645072,-14.571037138119664,3.767508350693447,-9.720491836426731,-14.912783849030744,-8.894940965285627
-1.5096095843084072,-4.948209223815084,-0.4748564935079571,-8.55277942338546,-7.316024976496294,-7.531123947728648,-8.286732320961562,-3.6131404540000176,-9.837492764550175,-11.778009754104062,6.343716633588031,-6.443674679939534,-11.23481387955934,-3.74304788795763
-6.332658297502013,-1.559402687394168,-1.371455418274195,-7.104513815522296,-3.378083212297213,-7.843393743239845,-8.34960582000241,-3.501655228002789,-6.204009325227219,-6.998755236236548,11.073822461378768,-3.418168879584414,-5.830236393554571,0.0613170582897169
-7.64708991193681,0.0459235898666701,-2.9966821597266744,-7.644732820125114,-0.1821484832145756,-6.8384263766556375,-6.893912105354048,-3.497239714886973,-2.950993123187573,-1.8710213112426568,17.06079208501518,-1.1777304258237675,-0.6742295608325435,1.1568857410275657
-7.341262402020806,-0.5955955147391281,-4.013050445903247,-8.6843295667708,0.8286497483415189,-5.2503015467736,-4.350198783924014,-2.7604997057680407,-1.0283776496076769,2.0092671989845314,21.68462791878912,-0.1034281422556091,2.395586268401644,-0.5357386539672007
-6.923649730105816,-0.5100220533783031,-3.870404234812128,-7.765204573222775,-0.2627717569738763,-3.971952144527189,-1.6651794446070485,-0.9936541192912784,-0.7039960342970346,3.504839420801176,22.17178263008236,-0.3758669325422659,2.679922476587848,-3.988440482160257
-4.822858834524244,-0.3397953401319553,-2.8540039119977223,-3.8871127472534113,-1.958219008482331,-2.716391703401724,0.1632049213787922,0.909271516894364,-1.6180348913445073,2.337681935115256,17.65951925492618,-1.809121562278733,0.8165808874863387,-7.563509544741862
-6.109383218953912,0.435996071593197,-1.580032845762787,1.3244268107561652,-2.656262828465742,-1.629644770072156,0.5937435682233172,1.393950942071399,-3.1571109814140077,-0.627002480223382,9.96108195871642,-3.7626959567530207,-1.852409262131914,-9.680542659676632
-10.919265785556064,2.318140985791189,-0.5691144872110954,4.862941155940064,-2.0708259230123645,-0.8475096689456787,-0.2400394583930847,-0.4627180622103992,-4.840018445511191,-3.591203608142564,2.392912866604036,-5.30419428264247,-4.078378393134244,-9.476820794318314
-10.662827606209152,2.8512164779306306,-0.12665312763977,4.895428925546355,-1.4148977095464377,-0.3584595505127341,-1.7035459377792108,-4.035201225724222,-6.3884688076961424,-4.694355413613323,-2.3076117040067743,-5.622451525804934,-5.035584129415213,-7.168377683581355
-5.884693015831966,2.184784620849469,-0.2987638549944336,2.3134851934201777,-2.069620787553106,-0.2665510617067965,-3.05005521953072,-7.409350368446667,-7.478615653996172,-3.09401777768926,-3.3337560706876843,-4.465016313367073,-4.216286965017815,-3.860902150439074
-0.1045169318671616,2.044044749667994,-0.7269193195366483,-0.0705910248925079,-3.954175271577583,0.450135738912531,-3.7474142102688575,-8.630427655149106,-7.544028193491158,0.548848320953141,-1.6494111786861936,-2.2797306010553484,-1.4080320649221676,-0.8765755406699896
8.409969433125697,2.0255864733976257,-0.619277469460144,0.1154098310614131,-5.250929865494413,1.8344309112662824,-3.596887012842785,-6.99252323215444,-6.008461581546442,4.5901013182575525,1.1413805203836205,0.0924104389739568,2.98925960670374,1.0006347799234732
11.752248326728418,2.901176396013065,0.8402696462973722,2.9864084926400665,-3.934703468289655,3.2107732489423366,-2.696009902354348,-3.46086805768752,-2.878057996467163,7.506597647423575,3.801763556210176,1.9666693001331053,7.701201482682961,1.9040956412571572
9.083315493956103,5.011379818001569,3.766414362893613,6.569894952362432,0.2365367813391117,4.816156158323839,-1.362203109462257,0.0007536369858485,0.857808092084781,8.702186460878181,5.735496072861196,3.1677420516344057,10.960083573113394,2.688992986424495
7.943247460651645,5.668724621995335,7.164168786383385,8.570184631888822,5.199021333104838,5.839152592792969,-0.0448528977740352,1.6829617877040732,3.548591402332562,8.4888240220221,6.710347700561869,3.9100694241703593,11.518562136414005,4.28499321198936
6.489688497484977,4.988926251959731,9.38437327762574,8.081654727980975,8.15114312946588,6.143722529253146,0.8223512268530442,1.1334944545665735,3.865090996111349,7.4858026366506465,6.552323800975387,4.380064174192995,9.52183109564342,6.926822776866743
5.837865728610363,3.964265181002338,9.249732109642936,5.935664182471527,7.839148125630601,5.2229191275281615,1.0050673135393993,-0.700205042851195,1.7283711768199623,6.09837540797983,5.112675553458843,4.486021383419626,6.417680555954775,9.691778443727316
7.129987344593552,2.0240720128889977,6.962280456037206,3.719638158293435,5.466044958673962,2.730078874805482,0.5502117159307147,-2.234021393346524,-1.5887015454803477,4.47174245660463,2.453895108546334,4.040844349241752,3.9022938048677247,10.758457405429766
6.385645778731659,0.6318810780227063,3.9802172155087874,2.528246897574832,3.42617655122703,-0.8520154759874504,-0.3342538641814485,-2.385164172945366,-4.317096259969617,2.7525222624953187,-0.9669982191427664,3.135711652796488,2.771054300877381,8.50004017750183
4.074905998621047,-0.1032442175871102,1.9157503217040384,2.419752633118051,3.1144367760471567,-5.819959810729465,-1.4881162052450918,-1.3004538942829242,-5.340796167452723,1.238593277519655,-4.307284915005184,2.20866829319894,2.6016789005445418,2.882033319956392
3.414379308369826,-0.0823216516634528,1.367394753216601,2.727883306031657,3.862978810953024,-8.048930654247128,-2.8490767815173683,-0.1484421157289119,-4.74707431056315,0.2378784282392558,-6.603300468463118,1.6385619073388966,2.418165297962773,-3.9106908107261233
3.9383500547295816,1.1516547279857516,1.6560324321982165,2.7280707649065903,3.887251949860115,-7.163924537916152,-4.258621282165692,-0.1127357448124826,-3.428014285925784,-0.1642469026744066,-7.185138969415277,1.2897222220776854,1.6461550825715818,-8.44251361178975
4.15549971940088,2.2840914986796887,1.6230520634124872,2.1248682720018763,2.190792495294076,-6.1218582439994735,-5.2626347983024,-1.356417905309527,-2.1930785499615126,-0.1382873894927456,-5.989326299165327,0.6095468982574914,0.5342133703033483,-8.22687638500257
4.571351504178647,3.473125916028458,0.7279718077943187,1.1581143764167765,-0.4331255373570002,-3.868874068183304,-5.241278674862855,-2.811159764195864,-1.20424859464147,0.0945111192678354,-3.5384153064402426,-0.6617180807848655,-0.2092075338005514,-3.5650279399196023
4.7313329515583415,3.5109284269957524,-0.5201227034119071,0.3817496284687536,-2.169993654482802,-2.7555333050199544,-3.881261990272733,-3.026909832886432,-0.1585012749021217,0.4651637841638134,-0.6024077964340506,-1.868744078526511,-0.130770161322566,2.5667814086176435
4.436881867979624,2.015335586565941,-1.1036437930839185,0.256134577255338,-1.8726523880585333,-3.2355940612544005,-1.5699792885458876,-1.4258453634316195,1.0856083302224562,1.0220442081497296,2.1710044207975585,-1.7179373122045192,0.5480646638358095,6.659944044926824
4.952701641215733,0.7462230269899555,-0.4457492353724319,0.769355066760923,-0.0490196817232089,-2.630196756726294,0.740908555368776,1.1040497000020792,2.1221785160889937,1.6906840404524246,4.361348442560853,0.5453096683765892,1.1169093275827535,7.140396350864364
6.191363020364314,-0.6650292860949161,1.089217620772505,1.3737996459577495,1.6712894382033738,-1.5338039108804913,2.174859874531407,2.839452886641123,2.250958768499178,2.102600468118677,5.60766372761087,4.0681863506049964,0.939580601408938,5.122376886432942
5.288132524093813,-1.6503487551520837,2.513105347672049,1.376237683573727,1.957608754110076,-0.8498839157222562,2.52147840616286,2.593619314475937,1.11661477769443,1.7233320503468548,5.4444586220202,6.575106645392246,-0.1296364987221707,2.9436082831100414
2.244188276951637,-1.885019078691145,2.9759838856300576,0.5220812683121867,0.7482963697480267,-0.2792957843849973,2.2399583664770715,0.6737450730403429,-0.8935114357134113,0.2242566402658248,3.405273116254641,5.919804377013162,-1.8214039981791217,1.9587006958680464
-0.774853055871847,-2.222351656834324,2.29692398328893,-0.756750449457761,-0.9660801904112432,0.3002722906528336,1.9102059418367971,-1.3896288399837928,-2.8739617106504145,-2.197245954906721,-0.612074193068251,1.823072115986442,-3.858400551881102,1.6171028195251296
-4.3536633813487375,-2.422461131452036,0.924922310796748,-1.712226388551879,-2.122481139011322,0.7910390836574368,1.7084294018611974,-2.076346810982144,-4.02487821755261,-4.814529820687714,-5.977168338985691,-3.692799354611388,-6.166898801097178,0.4879843196405566
-6.606315746724151,-2.395844828156233,-0.4648238335621126,-1.9451368506120872,-2.331556951520092,1.40990014802938,1.4149674398493255,-0.9971842634228169,-4.102674594199359,-6.702471880386971,-11.26295035728693,-7.622501735510243,-8.575789435099528,-1.977303066622662
-7.064127013846423,-2.221093344322177,-1.3349821258411083,-1.7139222071187632,-1.8497711552312277,2.171510781551593,0.8586013983686769,0.9819984884390428,-3.3659595719732494,-7.194930434086501,-14.668097105923628,-8.043583988631262,-10.35150715767456,-4.726358396058124
-8.711652543166036,-2.261022334157507,-1.4405806926951712,-1.5970604269567517,-1.0919763908034312,2.669510234589858,0.2308012357679096,2.5370516176434244,-2.2204225711064005,-6.224638220798486,-14.875212453734116,-5.356387249344699,-10.3279006754328,-6.055191440849768
-11.086240033154589,-2.561638438783691,-0.8794754329928978,-1.889683999053254,-0.3326571464083656,2.9268219139613576,-0.1145220103614867,2.7932955867135334,-1.0004969932427557,-4.391843683221204,-11.968046319896011,-1.8541315122685087,-7.897992155591829,-5.212620182860867
-10.290645572376036,-2.5769004340842696,-0.1111755389659094,-2.351627242328398,0.1935398490372435,2.912706861231475,-0.1300380720549014,1.6779707397038237,-0.0255814624671586,-2.703455939854713,-7.758172303302558,-0.0594838709998128,-4.049215032665373,-3.1041005328197144
-6.476165185900513,-2.3823129778911767,0.1970685604167812,-2.4918039208791924,0.1731251581735549,2.523669325423075,-0.2075603017327623,-0.2518442638166362,0.3670811672632936,-2.0332745652178943,-4.993947068201216,-1.027869205749063,-1.144287148556515,-1.4780430321782063
-1.628485247655058,-2.122527148948824,-0.3953141825492849,-2.013545849158696,-0.542467556677515,1.6409821878784532,-0.7193762133736072,-2.0842015457185425,0.097795930486825,-2.547563227438338,-5.659185886853791,-3.670093614785287,-1.1231110099316268,-1.3900998070099533
5.077092020326109,-1.7043180800129163,-1.6527618095475065,-0.9962078536607776,-1.5367568672618577,0.1858226140915936,-1.4189401617615118,-2.7815692246824213,-0.2829795950277187,-3.519893966650379,-9.48325494470204,-5.447717343769448,-3.530366815761837,-2.3342806652044885
6.873628603298124,-1.6671509052136897,-2.7203047303830914,0.2003207184591886,-1.8936023198544876,-0.5845854250961104,-1.4311740232034609,-1.5989233691480962,0.295154676730796,-3.830202866561145,-13.964379840607153,-4.06083240105945,-5.424479253194555,-2.774960832344135
2.9705336831415607,-2.057466262364625,-2.857185555672828,1.05635188636451,-0.9649225695233952,-0.6238809847413466,-0.0309869225519534,1.2669995249504922,2.595806018628032,-2.9009849769617237,-16.157357528063365,0.8035070648382572,-3.744069123946112,-1.5826207118693103
0.3184673830218928,-2.046069547984859,-2.259373268710746,0.9845889780250304,0.7976657055980425,-0.5923464124328172,2.4488471605063964,4.366510430702782,6.129002009103296,-1.2857423353243504,-14.91421165429866,6.817747567856891,1.7422863778792888,0.8830724787381001
-2.679811687296431,-1.7212557860705116,-2.064942520842358,-0.395845494106311,1.9333331504530091,-0.1821829076926037,4.527129055014974,5.707434626001692,9.08983532337804,-0.2391347964292052,-11.662666397389197,10.196224339845394,7.718478484684418,2.9952693842361526
-3.9766107064439087,-1.6499733476285308,-3.314647184938906,-2.7849723423177224,1.1942758168518353,-0.8952368013354043,4.57976370199524,4.298284672856646,9.555109293832466,-0.4945229715011408,-8.95918416438721,8.277089332081502,9.845753998676166,3.2401359116501
-2.357187664628191,-1.7102885958240974,-5.771699753843272,-4.997875339609415,-1.1341090505111922,-2.893779609869013,2.169090335373319,1.2377235534509765,7.099468166111542,-1.371856310451676,-8.071317833288525,1.7701972840549305,6.49464482399388,1.595401975546764
-1.6080211908409785,-1.0917619497111062,-7.856932873879366,-5.556067775574057,-3.2188590589769106,-4.184398679378651,-1.484750845463438,-0.9135894472161112,3.404064051746424,-1.221463199133268,-7.82698598805289,-5.257186624721037,0.3335257718424458,-0.3191928268089725
-0.9246650426470204,0.195345034274351,-7.959792689309502,-3.874948124280301,-3.2500965763132896,-5.06192059778097,-4.373997700335032,-0.253955153184215,1.1726991574534935,1.0308666234298656,-5.854913833098671,-8.058864055797024,-3.744950071055321,-0.5343826025807914
1.1860430323343492,1.4784129609964105,-5.93779260878862,-1.017157370376161,-1.232115752788843,-4.204711042707347,-5.183958973020239,2.682479117057504,2.1549410165819083,4.683005123368936,-1.06997935257548,-4.700648691580561,-2.556309835323212,1.6022974493744613
4.3294781653994585,2.915483685012977,-3.274316062558235,0.920641007940688,0.8315099132641919,-1.0927244799037303,-4.081956226408636,5.295843325419995,5.906824276863489,7.7009056847047646,5.007053409938763,2.455047663871234,3.035566507122269,4.860736044566217
5.8790019878329804,2.27446144072454,-1.6431196572727274,0.5284782011225744,0.7890816732947599,0.4688077136316078,-2.1698065006046647,5.313299427261008,10.28643630246836,8.554826130537649,9.460889526222624,8.621400847259736,9.25371105000552,7.199670193994457
5.795371302542979,-0.7735703594198237,-1.2926002045787257,-1.548734078381102,-1.3828629217645556,0.7422740782483339,-0.2422007516598867,3.0336733083974963,13.164445886300904,7.716780552470261,10.648135119743827,10.346113670096251,12.700183000369613,7.514091515204264
4.500945710299592,-2.050225924693837,-0.9375575629055248,-2.973120395347614,-3.1356062785289964,1.4301618970068104,1.8481462773982853,1.1965751426504667,13.83214986990552,7.258770815711735,9.742029983339483,8.0154962274107,12.723675524290094,6.447563500923103
1.2612743598350271,-1.9323682220411469,0.6652034260367756,-1.7083099390633834,-1.440092673692341,1.813018388901356,4.576540332335775,2.4159713450622675,13.001006195235703,8.78745649086919,9.545076326027022,5.039930067230969,10.9916652519603,5.529136104956947
0.47992638375987,0.1325259241297542,3.0726838659524773,2.0206698590851104,4.286934368081333,4.501486722354168,7.59586560919012,6.50172902471887,11.64148748425142,11.648474149345065,11.581596317348158,4.563092741974778,9.194751602431602,5.504821979671142
2.308052274016595,5.144281950516629,4.236551197428632,5.615549356404465,11.101383693756604,9.84397504855076,9.426420225427556,10.251388286988274,9.91835738573566,13.203234396450654,14.27640311793617,6.660154166234875,7.406272079096809,5.520173181020674
1.536431689529446,6.313452451169642,2.4037894194145366,6.121819046632076,14.485625272724732,11.297240177356064,8.574211015601293,10.084102530247542,7.24055599344895,11.06687520053707,14.16422224985623,8.434820121941598,4.602766233672632,3.979950098597591
-1.082468937475884,3.649200037748104,-1.9559812442511413,2.748333221563854,11.855268402530877,9.086290186254605,5.136861020012454,5.243576110008107,3.275597586507942,5.320445449920648,9.232921601085735,6.77510781194627,0.4697316389561194,0.2526525899628993
-5.5530697981370905,0.7466714700691192,-6.139052882525178,-2.2984034123360075,4.692337253231905,6.688106168955849,1.245102576138159,-1.3080731198677211,-1.176894832617826,-1.3132986883811029,1.3269261591170505,1.216167784938584,-3.6461266375565273,-4.462047769929477
-12.902129282192648,-3.87890015917894,-7.276849659285268,-5.491094849772637,-2.512034710150949,2.7680150281623286,-0.363328388725904,-5.172452825359798,-4.4205864134267685,-5.504981796735734,-4.803593386242383,-5.591355806986691,-5.72976677136208,-7.968516330741998
-13.309216777278207,-4.570622962567921,-4.668186895455726,-4.828541213261531,-5.636200080108225,1.4944067303298432,1.445556883868207,-4.040247985405074,-5.100311245985402,-5.785221391891341,-5.200283272418638,-10.067603604125589,-4.989403295944115,-8.805412314594065
-6.315722312402974,-0.5833295896997674,-0.2908441756259563,-1.43438573402549,-3.858180449304516,3.521593982818936,5.165174939521151,0.5349532376936814,-3.353059474044734,-3.3870257075644545,0.0573386655134058,-10.471328820367994,-2.642920082244366,-7.212905029399188
0.3300581975034261,1.0568131576401931,2.922487018354648,1.4924313668194955,0.1422505635239339,2.651483415535496,7.776979982467179,4.533931364160225,-0.808560196422345,-0.9423592797757046,6.933545043811513,-7.8306004010577155,-0.7711594279258485,-4.503695242740445
8.801853464252073,1.5713756203757678,3.4674670669510377,1.498513956344507,2.6380536395666105,-0.2719081142624886,7.096316085859399,4.727098545943164,0.6090013951056079,-0.3421287414074676,10.732457372033764,-4.457386959173313,-0.4249397742302214,-1.651140717244175
12.174894663984626,2.322634575110123,2.25405279406726,-0.964088538508868,1.7799780391996125,-1.7469203100304178,3.3209880344724816,1.015856580129853,0.0625911196313815,-1.567648734586868,9.650988053682047,-1.7048143878565796,-0.8936140610675203,1.3421347664627383
8.822029050234669,2.209296777195332,1.5035256802271562,-2.905116254247844,-1.3286028877150835,-2.641677456251415,-1.428060117711485,-3.910486353350276,-1.7842695133825863,-3.214882522599435,5.585708449571527,0.8338680700960772,-0.7666640064593118,4.678471775680745
8.458347172331294,5.924941346148796,2.707435219576292,-1.365579572344224,-3.965467968785552,-1.7246853379870213,-4.938859340083077,-6.978856792834291,-3.56653817063372,-3.9363748117384105,1.870265479371087,4.079637175516591,0.4487156161484567,7.622951002162644
9.311782569214127,13.763213226898223,5.454230800029205,4.017326525984258,-4.11242579061601,1.6575606724420164,-6.386348446510462,-6.986519649907567,-4.39776626404546,-3.4619519114634443,0.3582805498883488,7.683027255487239,1.87339507157982,8.532640807468763
9.663124930418006,16.944362368321855,7.96300234359268,10.592259281585472,-1.8179720376747497,3.28529614452112,-6.329580484361927,-4.984562423291182,-4.36311890891063,-2.5127228860482056,0.5040103590607883,9.734189274143072,2.344352781334222,6.350528009909753
10.977266491400297,15.999145855683262,8.633797817009718,14.694572828331244,1.228413745090573,3.4026799648762824,-5.641362280313515,-2.9223402874534905,-4.030839654289198,-1.9693273814730483,0.8426574848399984,8.418616599576355,1.7647975811747267,2.1011310455916634
10.427614881199496,13.411409572178682,7.219171987093972,14.351203580722132,3.189842122699765,4.714579411298559,-4.667200393654805,-2.055957475772183,-3.658340132668346,-2.1302653853887774,0.9451626168870022,3.994081016750188,1.2226407178926004,-1.3680136835899912
7.994542601418678,7.288248426401663,4.787034134099246,10.53482168079601,3.298646423237251,6.484086204005431,-3.3716125512522552,-2.410638584257048,-2.974307855300476,-2.5841590793536797,1.7621767770362693,-0.981386768263103,1.7700130018849811,-1.500899946905898
6.970098734891096,4.499615361218047,2.754007738462638,6.1421909671313895,2.0298758718112877,6.379222238517304,-2.0046760131264563,-3.330414171177809,-1.7107221780314088,-2.6231656642986634,4.193816431487331,-3.567292080949584,3.196897081897659,1.8557704392400591
6.955805104793443,5.3947770934271695,1.9012754458752663,3.713283543127545,0.4504875540047948,4.510253891993519,-1.282179866038394,-4.234664411195874,-0.2243660152713382,-1.8053193473034368,7.608696568080056,-2.7836947130140928,4.119221317001052,6.365767573248233
6.511147377790429,5.024610657076849,2.0603605010494084,3.7520779377617286,-0.5570171318691077,1.0647310680417346,-1.735662450704167,-4.8714346638843615,0.5523869765012517,-0.3103670536195171,10.01148270052252,-0.2223563684087235,3.32211984243368,9.246586024886753
6.183878013040867,4.920459248962489,2.50304785860399,4.815733804314661,-0.6970909838531263,-4.563719646111318,-2.950772774470842,-5.122265183955614,-0.1194788058517861,1.0972076090154363,9.805799624001482,1.5729159416515015,1.0299943372255065,9.492884791634932
6.4844181316699,4.483869281871167,2.5953206811713567,5.0355245716902015,-0.2282305049438751,-5.803585180477112,-3.655662347519376,-4.827121242929097,-2.010269556949193,1.5132754642394437,7.454777294786101,1.3739731768549177,-1.128161501603186,8.256603715589288
7.3549739667272656,3.1532886459688982,2.2323719068367875,3.6869363903520975,0.3265718323028874,-2.2665605147385754,-2.7505696915251487,-3.8590562972256617,-3.9017966266453774,0.546939201923351,5.396497871431151,0.1172882113841424,-1.4253566007302236,7.297703239652261
7.791133882077702,2.1404499541906694,1.8245794492421328,1.5993864783671334,0.533892520820725,0.6688028769829557,-0.3105555123573715,-2.2672641462251946,-4.39462029441369,-1.2427368984680989,6.172344447005539,-0.2579822188934386,0.5665597546931327,7.290830399477777
7.825040569392012,1.1522417628447252,1.914523779577589,0.2929338512944923,0.3082335752838645,4.487309241728375,2.475275219753854,-0.2625494210610739,-2.8753780443047,-2.534218513035576,10.330102983116715,1.3092418807005473,3.676580384746238,7.662715739591253
6.699421480535966,-0.2437705463103665,2.7298839836596187,0.7365636215667628,-0.0595575497217524,4.9281288968976975,4.409149834709673,1.9077009794356317,0.1262739222496662,-2.054581715656255,15.837297405307035,4.181082553731667,6.108788556010346,7.801275285637644
4.070029001414489,-1.944924395131328,4.003167268621464,2.7153406051728446,-0.13847434166804,0.907433185897108,5.310832965789611,3.988954537196353,3.386725065935277,0.5286512108251635,19.440138356577712,6.82332589340621,6.813776912762318,8.000970115033638
2.133477058768994,-2.796564222626944,5.174861418749085,5.07399907770391,0.2852694500053978,-0.3931349589019963,5.888741562003876,5.609412337891008,5.770358440537379,4.3159021389112695,18.83613167287153,8.217661772867679,6.145305794929357,8.960345583820708
0.708415945797155,-2.756170640705178,5.775642720061402,6.392947968586345,0.9828434787283022,0.0196336564850982,6.59365134720392,6.224924423762225,6.706973617107451,7.701481699258384,14.002195199340328,8.45840548374655,5.350801599575927,10.43065221682048
-1.1820811595161338,-3.00980795305547,5.645421971638594,5.5977945579387445,1.369904248803529,0.0001256479583735,6.733790896019912,5.309441021277038,6.140261004501642,9.280713797207524,6.845091155684429,8.11845692929101,5.397537018170301,10.710290453704069
-3.141168548680857,-3.32643408488382,4.853384589990721,2.3940450132404223,0.885669051125678,0.7195693177008733,4.954419547347598,2.7366121280928866,4.244622552901557,8.476882069020263,-0.305056595035623,7.262780324739143,6.12382650719486,7.861845723267123
-5.052960804025077,-4.896741466863163,3.520375418846122,-2.420166781270336,-0.5461137270481125,-1.9388589067712567,0.7783033402233208,-0.9174044965634564,1.3204492207541063,5.598720953005376,-6.089676661387824,5.256933244464808,6.387482302652956,1.6526806711718365
-6.961795559728228,-8.042533315345512,1.816413046836093,-6.9986676128358205,-2.280595655826776,-8.37958186399024,-4.321854151555648,-4.416475881253486,-2.071727308308809,1.5367774908287686,-10.468034338435558,1.5854050487155291,5.045087051708311,-5.712556584685554
-7.368109962317999,-8.799424064733879,0.1084923494673155,-9.232503757866612,-3.20042343401396,-10.509761372607857,-7.590781160892433,-6.325845776313592,-5.060929619777141,-2.5742250248139555,-14.038732563065636,-3.228443418400716,1.915725192815856,-10.97075559500218
-6.092050909073716,-7.266530211209303,-1.059380375642352,-8.11735853856305,-2.454701424679495,-8.828906920716188,-7.071419924665925,-5.727707039159679,-6.785201133778038,-5.646731802159284,-17.10141452084907,-7.649502714172243,-2.071880841564422,-12.19785148640982
-6.011851481999059,-4.666550953588722,-1.3339648380665068,-4.703176332028853,-0.2581198672702882,-5.168341805224971,-3.350917445677741,-2.835660859435613,-6.931091780247218,-6.972618509336055,-19.253686408387257,-10.194003600421304,-5.629213553601783,-10.147492739488651
-6.90225542992884,-0.0837293924154709,-0.9779795602502616,-1.5793407183567751,1.9588228242443044,2.251889419133766,0.6330980474086338,0.9062360122995088,-5.996825834400976,-6.529039228733922,-19.78196210483148,-10.55505879733941,-8.067677498409445,-7.437865093712734
-8.973170767245135,-0.6065909311844921,-0.826731992678237,-1.0148768408758784,2.443972682310129,3.927084025779292,1.7030977856356095,3.4583334000428927,-4.955061143360904,-4.980527487108358,-18.47735040977054,-9.744066718912835,-9.649405347115325,-6.447184763004206
-12.917481343123042,-6.790296031510397,-1.635626327596011,-3.2502244757058847,0.5569045924469869,-0.6430187113945804,-1.1980759015752191,3.318553469719099,-4.550281198570602,-3.2426753493071168,-16.18532250630186,-9.165771286221895,-11.096568124200932,-7.802023797355844
-15.578869281138273,-11.622383907881792,-3.359496013851796,-6.50226875875417,-2.4876945916374,-4.851961241240069,-6.278770402729279,0.4804799386055443,-4.835713305029255,-1.906072777955924,-14.547172551103492,-9.536171767787293,-12.77004724853116,-10.541063010046996
-17.076191409823657,-16.645553269638487,-5.107434970335611,-8.712771222836498,-4.451630469813779,-10.89147504908907,-10.327184583421946,-3.480093343591381,-5.334812535181921,-1.0344451654750877,-14.953116652477974,-10.57937316773123,-14.261699283988811,-13.368875641881626
-18.029452605004977,-17.954874961178007,-5.918466404031495,-9.395704427067953,-3.985066508480383,-12.434421855746828,-11.101675422925162,-6.3512292262883,-5.615213842654786,-0.5025913405705893,-17.403901584684228,-11.57107564925404,-14.723239459315298,-15.604429540032644
-17.716041291803,-14.085151932309271,-5.656659154101188,-9.842708088733175,-1.9425435850932475,-8.247901925503562,-8.81534445576835,-6.679530301164135,-5.70353117453358,-0.4548838646020918,-20.24614661338743,-12.014876386808098,-13.61404343272292,-17.138036411102696
-17.420183936516437,-14.340731012468474,-5.139740522170818,-11.566755436465543,-0.7567581881779653,-5.754949509853367,-5.678638032090898,-4.660301598039084,-5.980156216239596,-1.301437179179345,-21.215971333089406,-11.81597132477258,-11.237244741806176,-17.936834625196454
-17.04146343535915,-17.81838453315578,-5.344693702030707,-14.5724742306803,-2.2770313852191464,-3.341033084183737,-4.031568435511858,-1.897047862484392,-6.721633914800897,-3.1745231633906243,-19.13777975186648,-11.017731940769211,-8.644248768325745,-17.955248473110377
-16.552759253665815,-19.12267335703633,-6.4664421153926686,-17.147981155545473,-6.015444238244202,-3.5056431676051325,-4.622148977941752,-0.2131851885266726,-7.760264081482374,-5.425360785004532,-14.907132666837803,-9.617141217122755,-6.988070570728354,-17.4982559178967
-16.221296329635088,-19.7277570968196,-7.7693270009808995,-17.348627895751463,-9.47059350672177,-7.612430750520544,-6.322612040956511,-0.3926773470134268,-8.570393669463995,-6.816170381618871,-10.842942597713996,-7.726346126109888,-6.806149880179191,-17.31498650545815
-16.469425970360543,-16.742620023307985,-8.37924887899551,-14.754678800482496,-10.278934429901843,-10.375602397031852,-7.326674677393061,-1.786370065546043,-8.693267937409567,-6.412793670225982,-8.886241664805002,-5.817593475509961,-7.753253858840397,-18.005454549854445
-17.48079572590949,-9.154207884774156,-8.218663806020622,-10.921459167293984,-8.23752980071867,-12.65624562891094,-6.698881615789055,-3.058229697431793,-8.147711012537465,-4.442712828213175,-9.187243042960889,-4.650518265163708,-8.972024631071935,-19.31107672353542
-19.33715111993318,-7.47263789531155,-8.146386846151172,-8.209645022503269,-5.407046476029885,-12.404068522220234,-4.997540397691935,-3.428766872751604,-7.5024054407483955,-2.313414466644266,-10.27958585615897,-4.855998434816335,-9.81059033377469,-20.213409950380115
-22.28250794798491,-11.458154699345014,-9.154270121077108,-8.081260376648384,-4.316006992602727,-8.477956618340222,-3.595889952108452,-3.323032765103844,-7.515193202221766,-1.6790816152915795,-10.5689055740095,-6.5216546465437535,-10.317415084787768,-19.91812971128328
-24.98002196584883,-15.76204000225422,-11.388965254739423,-10.235716868647245,-5.928737087220678,-4.83727792526981,-3.428534843259409,-3.802391642110818,-8.528599347405015,-3.24705755580444,-9.681927688922944,-9.087703045273472,-11.099623194714368,-18.70422029152746
-27.462656734792105,-22.600963694604232,-13.903897918847033,-13.072331368853266,-9.029789944409847,-0.70278137197164,-4.238518837392565,-5.255202703960856,-10.021031713884506,-6.210818696534221,-8.463117606000687,-11.548305804805636,-12.635367119469793,-17.628297183687557
-25.838292591416646,-22.188473129231284,-15.323006197199106,-14.863358426822822,-11.267279681024675,2.1118006862013425,-4.814517663291155,-6.594834488692358,-10.701488352647742,-8.682508002622757,-7.756305092078293,-12.783991212089862,-14.584510316310878,-17.2889369198828
-19.361033273545964,-13.26887057070543,-14.777742777621713,-14.65467944289252,-10.788433777686745,2.805167117433572,-3.8575937021613775,-5.86447282670848,-9.2179531070609,-8.786613420730024,-7.209737103002117,-11.936641383227157,-15.670717212337472,-16.938517696324844
-11.475630142484938,-5.139845522949664,-12.336766446147724,-12.406947669715333,-7.264505315832754,4.818875187034671,-0.7755888099325365,-1.875777924221674,-5.069887967852533,-5.729410987502942,-5.223199025960808,-8.801963994897967,-14.296336928948932,-14.949903293012666
-1.0201077359385895,4.603179914804269,-8.72549975947566,-8.600365075304332,-1.8821576999592848,7.576827710948276,4.003661011744176,4.535302753330045,0.9285049496785068,-0.2871844023592249,-0.0994985611964596,-4.076956429352939,-9.540246688957309,-10.276423911902569
5.745982264406203,10.219413617490666,-4.768222459106549,-3.80954887404392,3.3900001493553136,8.740661977916595,9.183146999388008,10.814115311409918,7.010717812907831,5.4966554085988255,8.49026164805743,0.8241447146067822,-1.939483751529591,-3.536661348107569
7.908295334657916,9.936928646432207,-1.0779061259550569,1.472627405574154,6.778339103748991,8.670426785010095,13.064322746210928,14.365868766072834,11.401100266736693,9.278286825549031,18.789030769906503,4.459725577056367,6.436508234992745,3.2830156282213454
10.442814833422936,12.39398379969894,1.9028789051619857,6.810524465937767,7.55699527374144,7.092848897523447,14.251299959674734,14.2114809651247,13.178418133379164,9.628348301540427,27.53027297030737,6.172475009630396,12.779437818615063,8.229022718187643
11.636418269962938,15.9681065340001,3.810263241989567,11.741544344166153,6.432912791273689,3.502185783880171,12.418727118514138,11.326299235662557,12.552222772488603,6.861598000223978,31.61699223259093,6.4216278381439365,14.937059356778663,10.685727409214415
14.167888716958194,18.542090503800715,4.486024208717812,15.70314317862328,5.155638832925038,2.8018557116785483,8.711257754756105,7.621152010563296,10.556071724908415,2.912125324145918,30.05386118056197,6.376218928048699,12.721433502681556,11.595090839887352
18.690781993678424,21.31621550212841,4.240407129124478,18.056472849192737,5.418810815586846,5.147977963276687,5.328676089999754,4.660727733978299,8.51465231882091,0.2053873089903486,24.933479201292524,7.126401834163225,8.270480213774674,12.57468531001563
22.868668420421127,21.78027896024804,3.9235418020700505,18.35696008872967,7.725779089168264,7.653623120987959,4.352362030887882,3.1706402165648337,7.574280927941221,0.2092108000023858,20.55335988185776,9.152785716425164,4.976034272323068,14.73041908054493
27.5070258005042,19.691452392734902,4.601006762175219,16.875270537517306,11.105778970617306,11.463974309612022,6.5346109871465785,3.36344409980181,8.33833909215568,2.671830298600597,20.820526983573124,12.355860359721444,5.415034917645821,18.028110219273856
31.42855693972357,20.78791277338431,6.969713882135399,14.968831108377582,13.964794275518445,13.03107708265448,10.917093632777805,5.282951877691379,10.593210871709172,6.056428211272453,26.47052447332061,16.366623677176655,9.59754723042928,21.535395789139045
34.34561645590352,24.87231625315168,10.88012673490604,14.704865413292358,15.358934036372403,11.839589015806425,15.52524643962832,8.573450232427694,13.271415881329007,8.715268376273999,34.16541056163649,20.65970731366206,14.855066361326076,24.192032575094053
37.92753818343962,29.674884827825355,15.274855889645242,17.60424098501103,15.551021952628124,11.34735365021937,18.54148941799633,12.001663021847111,14.865184091326066,9.798487758599205,38.46298955009917,24.37331646803357,17.60553295322657,25.48328308757112
41.88863849753679,36.449174679717686,18.61018277290848,23.288601532536404,15.375954819347989,10.673017159496547,19.082366687577828,13.60303795895113,14.239526492067856,9.298546456696856,35.51772146199964,26.25679948579377,15.800528626529806,25.59125378771547
41.92106313524535,37.544242046712,19.578333763326683,29.23660342884237,15.111598434665142,9.748001745742144,17.212782387428224,11.8051098760039,11.394561332277126,7.544905661272144,25.8622645827438,25.183987456547463,10.291820560656534,25.05486126390633
37.87387291931304,32.24122338218064,17.796964803583016,32.143438247251694,14.063343352617276,9.009616873542608,13.54359803999508,6.771506804165452,7.599713586130687,4.905696883296593,14.121464394336725,21.067621309537184,4.176359833641085,24.30159888573159
30.68648577949707,25.07112868726749,14.097193809101556,30.017979071964746,11.347527813761092,6.417395160626011,8.948997469791964,0.6774722287180719,4.684499390911634,1.9743292882945616,5.793813067586006,15.374768822859096,0.719360092033904,23.40424444797563
19.147002968088024,14.000122602589355,10.16524640605964,23.435105156332227,7.088859424526489,1.9509256959872248,4.510652490396021,-3.6375506963543938,3.88149628549131,-0.2627077785633913,3.499632921206241,10.521294066247403,1.4334434644641636,22.164915140706647
13.84285470584819,8.136582958094442,7.621214754244755,15.037218537385565,2.7455877323558573,-0.4355762175767981,1.3428656590009114,-4.736462577587461,4.998050937359596,-0.8719294107612559,5.48943565739625,8.327656384321106,5.565935800118878,20.402322484671828
15.429419787105749,8.497032542065469,7.032612426788827,7.815943355338765,0.1130670038420111,-0.8994535718965935,0.0613896091519956,-3.6498647340037342,6.525713195986029,0.1550936251570576,7.399648556893863,8.676171863525209,11.028643668018498,18.23574881520144
15.56847233556649,8.18350702732176,7.551946228832151,3.544582283789514,-0.0902009955806573,-0.4951001498567914,0.2304332466512955,-2.939432625414562,6.658181030254326,1.5476599510429256,5.719250124965891,9.553757243001598,15.779847028057626,16.17191530231039
16.69204994307087,9.52923300658991,7.5430323838521565,2.3025268885384254,1.30581738125976,1.688365306089734,0.4443858720839726,-4.495722887343806,4.529103561977578,1.5851985641345436,0.2288001155934784,8.589841850609496,18.62204155822145,14.859047102340496
13.81334709169879,8.183887718809311,5.830431660981674,2.971873915713481,2.792741884069244,2.1950640132318764,-0.7372318994525422,-7.97804509614088,0.7882611067606708,-0.4124094413974282,-6.312895097998124,4.90058955056594,19.15410692577974,14.56005050009568
5.4954476869343685,3.140659134122497,2.632361783187614,4.000968331724776,3.429650179520177,0.885539355482998,-3.654687695432962,-11.251812632426176,-2.9002204624718013,-3.323032683389064,-10.666527237517352,-0.2694714949934624,17.399591302146117,14.70231266929489
0.2432081429596183,-1.218385768891134,-0.6081142180265449,3.9788766816804273,3.205524638764011,0.0764339825928678,-7.245959559197976,-12.354157056751754,-5.050178911863497,-5.072096985065853,-11.59437672169924,-4.6076174101588006,13.718623329897786,13.999138391764912
-3.175573746209093,-6.1303735554907375,-2.3990627930256103,2.054405225196268,2.347162480674584,-1.001620370135206,-9.958464683541283,-11.14392159671532,-5.327456388441577,-4.453431153656247,-10.414523221634088,-6.553722395047906,9.026386891176244,11.28667174939994
-5.174602055633121,-8.141943299002897,-2.399677521666016,-1.6993600472076429,0.6224759718914132,-1.6854870579510497,-11.100894904564994,-9.18259903868023,-4.584322854301366,-2.244931684126276,-9.495826700939954,-6.363610739481123,4.790028746625646,6.534289685029059
-4.177709175246694,-6.4193214491332125,-1.606609604958411,-6.169453760624883,-2.3752038272617764,-1.7017558546725489,-11.363032995231848,-8.12446123697734,-3.9966905040147793,-0.510105658477003,-10.207645577793503,-5.642369429155613,2.3989256424012027,1.133876630448623
-4.838079597668218,-4.273447060408979,-1.3784760780788048,-9.627121740127006,-6.264179367969111,-2.521200544777086,-11.98642938361438,-8.241091741507514,-4.055687377847942,-0.6747722619740317,-12.014658202354006,-5.886117763923711,2.2373508581961987,-2.930018255485903
-6.908554969902303,-0.6570185983018412,-2.198731118841561,-10.617648529952078,-9.519258239044817,-3.988500247713262,-13.391732160659322,-8.400707855759084,-4.243562871849297,-2.154325021640801,-13.209077045699212,-7.289077616412448,3.33110376009381,-4.427278523454501
-7.214036310017243,-0.3897230991841172,-3.297310934085946,-8.800626016470542,-10.456363908430284,-5.314097109675746,-14.629754058582876,-7.318820258055566,-3.616381160732555,-2.8268841341625413,-12.419381289588449,-8.701629749026795,4.088004304372661,-3.628582679802816
-6.520553340714445,-4.261491781361065,-3.436995172652489,-5.196187431444508,-8.74308171241397,-6.72845757765886,-14.216336665800236,-4.764426112941589,-1.7535512914053832,-0.9466516739495034,-9.637634084819936,-8.637723249021072,3.6162875600381774,-1.871669376853928
-4.070193274036746,-6.169643431097541,-2.1035504603599904,-1.7067076374919274,-5.856198025995859,-7.070936743421572,-11.54116054106263,-1.6721832532148504,0.7608835638999993,3.215981029140989,-6.135227808641272,-6.484312864641411,2.42651161714577,-0.4504902787063551
0.6808970891721656,-7.241424819581239,-0.0274207850131151,-0.2124600232232625,-3.8873235090206775,-6.1247086687328505,-7.499900962981157,0.7129172449044194,2.7453270118714714,7.448625248579326,-3.5371145363575485,-3.0346713855719525,1.8039545315510908,0.1328934669705104
-0.4106001530615052,-8.374769213538903,1.3603672284288546,-1.6800291150609403,-3.8106048401639647,-4.934294229430937,-3.805475204885452,1.720339637997074,3.36070611949869,9.290660275476602,-2.7896315002549743,-0.0238238833677661,2.411605331147543,0.0128166801612925
-7.695175859228125,-8.628106234792279,0.9894110837626666,-5.653188827886262,-4.895943283165578,-3.16831184736758,-1.713998218808995,1.4610856454950962,2.7486981111488573,7.8814507999706205,-3.661691960521314,0.9688477264691592,3.4718968373582086,-0.7001908820559497
-15.459073021115469,-11.898231673515664,-1.156259522506971,-10.391556171294924,-5.738916400325981,-2.382733693070068,-1.3369489916215986,0.4511905901547228,1.7950049997656432,4.469569468125599,-5.018017902854992,-0.4999651626865455,3.339787647730218,-2.274147018009784
-25.57516327724484,-18.353175027035054,-4.131169376916455,-13.733335110672478,-5.713832795655728,-2.8319804668198167,-1.9638358477561777,-0.7885966023012991,1.255865626546396,1.311804753173706,-5.648238206707996,-3.500616425916628,0.9379415047715076,-5.035912908116845
-27.683693745692203,-19.57798128686637,-6.644188039352732,-14.335935938321082,-5.324930654228666,-2.428877867840721,-2.792927545510512,-1.804510456561432,1.110789274287017,0.0181398191093031,-5.088820890676945,-6.328961116742751,-3.27151670736202,-8.750270204545952
-20.19854864471112,-15.8529757499724,-7.677349597626,-12.502182725724658,-5.222039230241418,-1.525267408063968,-3.2596071736639285,-2.084893353885064,0.7936823507225244,0.6957988035080587,-3.850773144003156,-7.470734361952495,-7.599924639509633,-12.370541879852126
-13.372171576212844,-10.567968619101528,-6.828061862545074,-9.867100024049028,-5.112465148641378,0.688636541776847,-2.8565338793300383,-1.0850310776318146,0.0457811191736841,2.383292590381936,-2.895613808894196,-6.302891186309012,-10.347390643726351,-14.481886760703812
-4.53305014242045,-1.8771101236448724,-4.401789389183099,-8.045626084106342,-3.8777313640744193,4.669760024023665,-1.0360800911640655,1.4534975227341893,-0.5766103014260042,4.102675446896064,-2.833971278292012,-3.225326582451542,-10.85014752947518,-14.152390257923887
-1.959903072940138,-0.0245434014960326,-1.3246111494065311,-7.32795264366902,-0.8701979554080665,5.184846818740121,2.358033030298902,5.1031204790327385,-0.1960896248930237,5.454833202115566,-3.5654352882341573,0.6278503031644987,-9.648316359634157,-11.57263146730654
-7.786482367251447,-5.9764991870730695,1.1608488477830687,-6.638235548840174,2.9478648472392086,2.166980859083269,6.476273889004784,8.665673947992234,1.3281331386869313,6.33217706843145,-4.61983657161133,3.79801320353662,-7.905861908504093,-8.029010138069527
-11.83187021423258,-11.028662800022412,2.008750216417374,-4.884860291093439,5.312787943935158,-1.3896913372901256,9.498434222841553,10.649784343986068,2.9467049333885047,6.325877602628157,-5.731039220505791,4.930642160690656,-6.676164805198793,-5.2504671997249375
-16.46631866839474,-17.627144220505933,0.8745281596281338,-2.433677724317915,4.355761332155462,-6.66328411065985,9.672652176953578,10.14495860103708,3.2151921323078727,4.72552810560753,-6.970151132376703,3.280032571751574,-6.447443262777579,-4.58960577523035
-18.483490218698787,-20.429206765673023,-1.7103419244448834,-1.156579637938232,0.2762950884612918,-7.939869839363633,6.684201414310286,7.524204779316975,1.6556598138850147,1.2990306947302708,-8.34768944890974,-0.8128257959944905,-7.052504265743536,-6.528030092619304
-16.145193036676694,-17.880848882028896,-4.616244255714373,-2.7946458769597955,-4.520834178114303,-4.465738023610649,2.1528709174946488,4.368146701852254,-0.7090899032940641,-2.970413271442095,-9.488142975830616,-5.8528720092242565,-7.883110649566113,-10.64068475828386
-15.3726927443941,-16.46443916721694,-6.650634873320424,-7.085932126118066,-7.096712033873397,-2.07416494063444,-1.3353297224165757,2.499558011500989,-2.2827534281578505,-6.19936732012656,-9.925974535236806,-9.83488507880623,-8.330721046440212,-15.78916613208828
-14.993025141335735,-14.573544879621751,-7.035328655775819,-11.513851188655869,-6.197626812060319,0.6141961842998347,-1.9980750758327728,2.750995294193021,-2.407176513115704,-6.995271278154169,-9.766114958889688,-11.3487144680931,-8.25338199273752,-20.32460518670972
-12.521069299141317,-11.980283771470123,-5.655354328793152,-13.102832796479449,-3.231231000244313,1.490217778236749,-0.0143730712655369,4.418752407063436,-1.9275993252282344,-5.718621383459768,-9.845424502767376,-10.367826548344606,-8.110183099394165,-22.40621876823974
-8.614399987867628,-9.493344402871324,-3.0756279591627,-10.743863922490164,-1.150755366692339,-0.4794454748382497,2.8497364473059505,5.878798232203564,-2.2302415654062435,-4.288430418927641,-10.951188469011132,-8.061828260160361,-8.540812167119817,-20.67900476236263
-3.9366602037649994,-7.4727884944339324,-0.3317447793727517,-5.980088986803215,-2.081285013982013,-1.487897663818312,4.742144346693379,5.871369288111478,-3.757637778543308,-4.509316786754738,-12.756766748223054,-5.760979691713306,-9.657527972088264,-15.1725152919554
1.820421704896744,-6.279028801766635,1.520031586099884,-1.6041667155681814,-5.583708072243695,-2.2612970193043083,5.007610540785315,4.362896583441504,-5.556461192649103,-6.434961928239988,-13.696263672412176,-3.966561410015188,-10.714663230496562,-7.73269509076855
4.06399644836692,-4.131924818005007,1.9555910470914184,0.5747286720872484,-8.980493900278923,-3.221068304589998,4.213052914325272,2.275921994092667,-6.33989818185899,-8.412055097567064,-12.238381317129504,-2.286095282621728,-10.61315842005945,-1.3278247064648492
2.280576101094416,-1.192081153527641,1.2676314442363292,0.7957778646949007,-9.507010481535149,-3.803544763793972,3.1222936053124712,0.4294343480485603,-5.964611138423641,-8.859404682237248,-8.562074321019576,-0.3190350457856539,-8.932569728198967,1.5923170552871526
2.0092305587448225,4.010736610376265,0.2691948198970806,0.5239848140983581,-6.549993888362176,-4.569615999617223,1.789832282600737,-1.2336399553760329,-5.76262499682883,-8.027022720263377,-4.964021694610224,1.4094328290834015,-6.560019900809465,0.5682156671607634
2.2520503740511626,12.01943329006774,-0.4240790701540344,0.8311965445473026,-2.1547613558104053,-5.4072496897926605,-0.2977136042072361,-3.36745705306999,-7.300347557406768,-7.859462229123944,-4.28167751563253,1.494771508894793,-5.194164428743287,-2.715745610544813
2.557414700127333,12.85249280534908,-0.905564360069878,1.6013043204009652,0.5993808931596454,-4.771559363609482,-3.2728010888501573,-6.204526164884504,-10.713834072880765,-9.93913681493267,-7.442084229468415,-1.160073966160562,-5.98001898153198,-5.712807843167498
3.841089602900757,6.1974984751373015,-1.7651870195125117,2.056410487339788,0.0228807344847035,-2.5711646978995577,-6.247985927788497,-8.894219989153516,-14.237070528095158,-13.5238997915331,-12.246591368437006,-5.987403185873259,-8.417855879473569,-6.689561596138194
2.723678521064446,-0.3509978455204945,-3.3314857266168483,1.692233261317726,-2.9056953117206867,0.4515795858899249,-7.786767577137082,-9.977258456159602,-15.452748046242077,-15.77881886742475,-14.640596170195558,-10.548827104430917,-10.584438716640742,-5.54410010114858
-0.7930631780326579,-8.966650830067529,-5.137367013351092,0.5403572387201203,-5.3758087440886975,4.711236907325916,-7.109708371864156,-8.634724229425302,-13.208318319125414,-14.204390780227438,-11.645042304961754,-11.95062194472459,-10.593648707919272,-3.3628620322777896
-1.389295450521537,-9.914423613502752,-6.190787369392082,-1.2560562476008088,-4.95203070716064,7.362680266356012,-4.854742376805111,-5.515188069439465,-8.537149168600164,-9.011674012493426,-3.6529763179494417,-8.935066160205153,-8.07831652843237,-1.3410368312566954
0.5769708314998231,-1.314292658704016,-5.815747774386895,-3.6661697724255298,-1.372674190041555,8.145293925939328,-2.6090862839289524,-2.292623065850381,-3.8241553571548192,-3.099394141783481,5.756789000600912,-2.969710003501422,-4.40071152485437,0.0067832287188092
2.5399023064053057,2.465376003480309,-4.240620669550599,-6.288702277462129,3.4136660500291702,7.724647321739544,-1.6230957269824904,-0.3423084421961493,-0.9873433494170558,0.4587685762904336,12.329177828932748,2.665321362369676,-1.427708042687354,0.9101109861661816
5.524756915732146,3.650846069111665,-2.3776738814505225,-7.81426744534969,6.864543916265986,5.240952730208832,-1.8966824281956536,0.201490644993753,-0.2236700585564337,1.0883371050888275,13.971588657439204,5.180968486543251,0.0048939110245131,1.901094294256675
6.046764228734814,4.538264111910681,-1.0550467792776272,-6.489968493622837,7.729905025243138,3.2035421579206123,-2.435658627471806,0.1356374225903751,-0.2608193601498665,1.032890446653968,11.799052450699696,4.189973842672608,0.5866216683436347,3.337943880939186
3.5951811649313425,2.686459200371862,-0.4521464972509628,-1.6209358423095566,6.733218303071519,1.5552001654707042,-2.34623399463585,0.0474802108922944,0.2906490057564994,3.0378691596310867,8.83767884311401,1.735125401870019,1.6620510837740945,5.180314726856087
2.440127697425181,5.514142281340276,-0.1847531223576402,5.232315436083325,5.658050394167876,0.5862919673009752,-1.685723324751592,-0.3845123422835734,1.747233869830764,7.593420433864622,7.658346212593913,0.4787025699457432,3.910808003803994,7.016406243448717
1.798703399768581,13.139670080415083,0.1941369413849298,10.77206934696678,5.757217266100291,0.9589815433051154,-1.295034505674872,-1.875987117396984,3.278027580803516,12.281017830483892,8.785398815513371,1.5680498915991157,6.758840527728697,8.21710633278785
0.8854386862556426,14.246849554420171,0.8224463600689029,12.088308825204637,6.853784557497781,0.8300816679998386,-1.8413210002224016,-4.373685326803464,3.836643798309897,13.763038970927989,10.808752866329938,3.875796751478651,8.884059988373188,8.138689626692635
0.3482498577895614,9.708791872615912,1.542979826301227,8.685383389925095,7.779912322202581,0.4664081856408451,-3.026602821293676,-6.568202935394987,3.1726080865601443,10.587184051026172,11.745955777686012,5.122551551750371,9.21435984986529,6.372460453672209
-1.3627414342898834,4.787091726168025,2.115570332059158,2.7185979404548384,7.596036353637464,0.3209773365717219,-3.738449630550407,-6.756731788573615,2.0546759392083587,4.402918742956188,10.497295044447212,3.859868481078065,7.600151208077502,3.0263077984897238
-4.2940610853581385,-2.650115057806728,2.34380342645202,-2.634205106513483,6.413087138924979,0.1056042587614436,-3.0408144273567177,-4.329687753655219,1.587041957538239,-1.2770077963481663,7.498087117108436,0.6766462188365487,4.828735043337567,-1.0964893809791345
-5.864100040669745,-4.884716803459172,2.077394703111421,-5.187902125606354,5.115181752840028,0.208409424088136,-1.122297043182332,-0.4625020264034738,2.243948083487891,-3.580133844812688,4.3594038355388784,-2.286053991232171,2.1531661376791984,-4.648386309942088
-6.238966265744689,-0.8208699416933449,1.2397204941607294,-4.654912872584182,4.358287212553754,0.6444325881672036,0.6897945472768887,2.683480813517084,3.4291279210003283,-2.051860167838056,2.837569528956247,-3.034889240747483,0.6346840851838804,-6.325461518319735
-7.002354510854685,-0.0617863811091812,-0.0608067210956697,-2.2041566051106205,3.885911195023554,-1.4535902348415888,0.9614176915234212,3.5585857603770026,3.927692335892029,1.4292120858045894,3.738708029792968,-1.2299781027433383,0.5694387768217686,-5.631882090896456
-7.689404719226517,-0.9022617419490616,-1.463380074601749,0.5086963859414073,2.846381090849807,-6.27651047848554,-0.5871053009287173,2.254795124187576,2.918497762995594,4.23188683391783,6.4074032858042855,1.6778362556190665,1.333644311309116,-3.2509107594077538
-5.940620055455315,-0.7995223498173376,-2.454424658848552,2.09975111520889,0.7872028667047548,-8.368044332360762,-2.681674616954329,0.2213644732307451,0.7599206124776832,4.765559035276741,9.185897076126082,3.709422429726701,1.9110702773067043,-0.6075567903019259
-1.7002492115592949,-1.1648554634693642,-2.5750712842625965,1.950384741831936,-1.6821198271716384,-8.079668052211469,-3.3692557595202137,-0.8910842739108915,-1.1138452128816754,3.3224270909713747,10.616704516321407,3.9527705169055096,1.861274934395992,1.157218093720961
4.377914166187064,1.1508669280023247,-1.5701980582220827,0.5940979804762136,-3.261386453859996,-4.542824872701765,-1.482301846207498,-0.2189494245171814,-1.1834722055785196,1.599007092213938,10.52987568295466,3.2345642733939752,1.8855403362941248,2.001557120057238
12.94214892818997,6.459171843493442,0.5763060291168083,-0.2751425468091932,-3.0588352697956496,3.654421603014579,2.5340616641005784,2.115206506304146,1.0044434838931036,1.3729497445102392,10.13123209062794,3.413640078822284,3.2661034915774563,2.8887528020773843
17.073903969869562,9.608388045314156,3.620985645972432,1.3548666382349217,-1.3778375023587277,7.448353675419648,7.099498888448705,5.393742623612996,4.437200065416598,3.273011652128474,10.992150574201634,5.920749050010474,6.503226670660039,4.858291883182386
16.249798870241115,11.065072980294108,6.993093065700968,6.315585057644737,0.5778292569478198,6.938970026408443,10.765462540959817,8.721107656782817,7.329960570663418,6.454068137224345,13.800498267477725,10.650491265910174,10.483710458446724,8.070537752678936
16.201147102494733,13.15266945433057,9.81491391761872,13.222525150817996,1.809882527689756,6.140466762751602,13.07409184961812,11.206099588878422,8.381907143671881,9.32779299649833,17.915022959234335,15.924758296177265,13.214989378309893,11.615382357318136
15.306918559553662,14.944499560999324,11.205417756543069,19.01468087538345,2.3691678353069587,3.0435060256331594,14.314450658546736,12.097631418802106,7.61900533797489,10.714422645060711,21.95124991441143,19.436624139010203,13.59537274021821,14.162734573624256
14.557727613739342,15.350301367587669,10.811420326027342,20.92436446422844,3.1060436137128704,1.9309794672679716,14.656140757439422,11.0968732232354,6.209124769897567,10.480811784532392,24.66064448644553,19.509243824832023,12.443395903702468,14.84780621541248
14.7159200144449,14.403072053903754,9.162147261109364,18.380563047180207,4.581569740933352,3.2292669116838835,13.755158335807115,8.687090201204535,5.463684515046314,9.237423795778428,25.27669568393464,15.96169515100403,11.584568802768182,13.729617670646276
12.388653939642271,12.455080600281311,7.426696479639551,13.302704750488877,6.268825083494518,2.8152201367871523,11.32113147591745,6.057443104704092,5.844299159743336,7.561262488002186,23.32789545207476,10.19894029294673,11.810895750956195,11.637662123536774
7.865023079768637,9.21270351783489,6.621364205252465,8.627646333402929,6.930312265108006,1.6175455839506725,7.958700234254523,4.445370995393255,6.724229268772357,5.623021438198386,18.63104119987305,4.535172388776589,11.886034886566003,9.672182251219448
6.089002927903847,8.420475769894127,6.868537292145373,6.379537851610362,5.8775147124768266,0.8436358214238486,5.160359728689555,4.295651378988285,7.0344092863918455,3.55867401871677,11.85445930183273,1.077761546249664,9.85625431126182,8.698584382154019
6.816940925542275,10.396777006759846,7.36818406740263,6.766988371426829,3.850779012682027,0.0095411475663175,4.177598187982641,4.928339597222755,6.232978187897162,1.9919074399860088,5.023066238001183,0.7060392892861176,5.495047523445596,9.0071662106482
8.12551196305785,12.118300031219402,7.138715417549308,8.661599904571748,2.517660567949112,0.5226326146012052,4.77253506139027,5.043514104205276,4.776940399012027,1.8345672779477733,0.9117137153054083,2.6822321406812475,1.2696044516836826,10.184255024171582
11.079029718683582,14.4931507201728,5.851055402248329,10.629512412241668,2.919599170083645,2.633439014097025,5.167187410308522,3.671134093046131,3.660027848242358,3.2895832422285314,1.202820718605745,5.12195101800361,0.4570883749041092,11.23728646226153
10.559390478817855,13.333258219582744,3.978374592205172,11.55585205051321,4.328596039185591,3.488416600762531,3.439371465778404,0.7931523749959724,3.387272226923716,5.062346579246606,4.780701289945361,6.042741771708563,3.9171824846812737,10.99303824798189
6.0956398468786,7.891356916465779,2.170540651254948,10.691612425327484,4.730166167899756,3.309567908050022,-0.8102646678742682,-2.7955568129462263,3.350909502234663,4.891962220954719,7.936724057811479,4.349698740024735,8.669660856056197,8.658951551496454
0.6405571350920775,1.427355944606313,0.5630169561621092,7.630660359794245,2.648462289479207,1.421551339220022,-6.032523222061556,-6.115153960117056,2.336706842496884,1.328210286385909,6.829550459926761,0.2200252134386366,9.985969623930394,4.298173567457161
-7.15839908788306,-7.283354585853532,-1.221983555042963,2.583763095147844,-1.326124418611776,-2.908098167215088,-9.938900745820456,-8.495121477532049,-0.152102115045174,-4.711284592715384,0.4344328193578306,-5.181741114870246,5.387795341878223,-1.0475439655808922
-10.960927283458693,-11.384305010496822,-3.4180519290792764,-3.3277197084096666,-4.808150532395348,-4.812472816302934,-11.244192539470848,-9.62645839987312,-3.015384134972809,-10.172861940344774,-8.520495172686541,-10.316352835892571,-3.0538363992496365,-5.717785850901905
-10.07852391890094,-9.987386384558068,-5.599865075934137,-8.33016607847388,-5.581470179666651,-4.387743718571525,-10.414239737538322,-9.418393254420108,-4.195793732257541,-11.979784308883222,-15.59441392777918,-13.84517959647166,-10.331396722309757,-8.183086658412757
-8.773043481351692,-8.229406729302287,-6.968637622997125,-10.929838263077604,-3.549297912110309,-1.723761018681194,-8.900716806649807,-8.039187598769818,-2.5248223930513958,-9.3770672994747,-18.05982828416592,-15.050299324709943,-12.647048592019196,-7.866760483290522
-5.372758405247399,-4.264065648009492,-7.164715384007819,-10.914358277579844,-0.8969134906904463,4.447997361093117,-7.755899606895783,-6.113407605509169,0.8734690520012842,-4.54136710674482,-16.873967692521454,-14.11917817190396,-10.359629954918104,-5.594810472928749
-4.712809568588925,-3.268236767062179,-6.676342371622033,-9.588767568003249,-0.2799380768470452,6.172597208521122,-6.9694082794721,-4.65927580424867,3.125254016861269,-0.9518534149224998,-15.581803473615556,-12.178362179166726,-7.173861578320762,-3.3239541962327555
-7.502226218241756,-6.123008348488616,-6.331592283380012,-8.945644711426448,-2.627331687824091,3.325057296791464,-6.000114481524665,-4.53347824133902,1.8781947936210672,-0.9112441342597476,-17.168715879964275,-10.83157030410208,-6.572475343517572,-3.151159489945656
-8.99009261045541,-8.80335365913411,-6.419592112178517,-10.301987643865248,-6.470395148711413,-1.082125147386534,-4.738857846690363,-5.756574330583308,-2.6364940781963675,-4.194521070858062,-21.577516861454647,-11.199941528891785,-8.95218871984319,-6.073302837673133
-10.372268465576523,-12.765886310567868,-6.456742159813827,-13.362102051883593,-9.301572382267413,-8.985030049087355,-3.788601000533929,-7.397439198812559,-7.67226369755236,-8.658506037221098,-25.925457664055504,-13.013655585031536,-11.953223787437643,-11.231438728279937
-10.296579824030172,-14.871819060572529,-5.892402374694543,-16.370857449512044,-9.667896724615796,-11.318443701311969,-3.7799973191558873,-8.254681256597287,-10.20074811043594,-11.967704064298294,-27.07632182841686,-14.568640125608264,-13.204301886809024,-16.202921808438248
-8.004748631883452,-14.539389141153716,-4.930158756204315,-17.265231056226185,-8.15609321651756,-7.413514824365285,-4.5261206054328245,-7.781442559740872,-9.346061026777225,-12.923014852987396,-24.257058632364437,-13.850116939978651,-12.495721365541367,-18.31536400255513
-6.549853142452564,-12.719964178845236,-4.440163371248247,-15.069777691018038,-6.551677599289036,-3.7019172116826304,-5.011172768380792,-6.409061952238385,-6.857930429632018,-11.615194374899058,-19.50561427726351,-10.1002042662585,-11.343823060276712,-16.264688334524873
-5.489086767934602,-8.365506913059846,-4.961576145269335,-10.621440773984729,-6.115242214547341,1.991662241135272,-4.310524652217998,-4.984898231193696,-5.278914600250954,-8.802837876025766,-15.71390362032751,-4.527947839331002,-10.797258123940122,-10.978925871204003
-4.5692950999300015,-5.789799805325614,-5.905214185683038,-6.119824642540536,-6.584638622937447,3.917648014715108,-2.5176261256201773,-3.9043253315374624,-5.568542161734296,-5.353133382798099,-14.117271858485296,0.5468541808266218,-10.055348755471467,-5.035206601469021
-4.334099785825121,-5.079458150525247,-5.954996431053647,-3.7333936752651606,-6.682877644844671,0.950048999460214,-0.6974832044462467,-2.7972101446762867,-6.365067470875884,-2.088798918353508,-13.467304501463191,3.449239163187819,-7.367017981926317,-0.9299051810500902
-2.8395293447963965,-5.2726288405029855,-4.379900379647303,-4.131169569869137,-5.481504934387406,-0.2646135323120664,0.129291502140953,-1.0508190817079657,-5.458698756572975,0.257011626061713,-11.52101661391731,4.270753122409634,-2.1395547383100078,0.539405765930745
-0.1040946953669966,-7.482528270651358,-1.89755828251619,-5.950447357326862,-3.2853045631556643,-1.198438136051322,-0.0325879957626717,1.3844750054735755,-1.990683993021042,1.301579490145178,-7.352687419466983,4.392009957767669,4.0366377274452745,0.4787035330682414
2.097053845719206,-7.22879557119894,-0.1038660863689777,-6.677916942219783,-1.2948120385769517,-1.262641897705522,-0.189224945049439,3.7234758346489016,2.680955272710348,1.3164889276365184,-2.28576395334561,4.96720444458575,8.496218952935326,0.5273869120399972
4.091375073977092,-4.419122615967487,0.0441876083958678,-4.455301467395952,-0.4850946547676393,0.5779115130508772,0.6312694486306807,4.891742440286247,6.140953830906248,1.1147195968644397,1.3885023451925846,5.8989924838399865,9.579194589184471,1.2015708371554368
5.2009045997283865,-1.4534837198390065,-0.8133607061091084,0.4560827918082175,-0.786570985665211,1.2722044977406104,2.399148052030082,4.396658915167073,6.88630240812245,1.4163364816452209,2.591817004649286,6.244796230477117,7.684613966219281,1.5775935017469784
5.043419979266405,2.680322585754341,-1.0246306176177864,5.731352734092235,-1.2522003009529057,1.1941392200619954,4.08823084207445,2.7532791949541178,5.275960813281273,2.208008579190441,2.373805303354853,5.475917065864383,4.523893565506233,0.6504559150892124
4.974679498309836,3.705979112864532,0.4939147592432125,8.67589924764288,-0.9400737854986332,1.3262553479351955,4.637265417299387,1.1184925498550218,2.7944746999201358,2.750812978521745,2.699091186324768,4.172884018768009,1.590010231635295,-1.0631252421972626
4.740973812267745,1.0910983903903944,3.203703496401367,8.322139758942125,0.341665585850361,1.1740234836637402,3.938259161939788,0.4730719722411507,0.6151375934582681,2.303839929281104,4.40207978912516,3.4495124219751467,-0.6360502696815828,-1.5027273007332518
5.303371637493514,-0.3591308579037074,5.397929941321788,6.1989669703356505,2.0265708488811427,1.195620585125141,2.9505147041612183,1.019721756337109,-1.070996615887502,0.896586616432856,6.415749960406579,3.820590728535585,-2.2929958264116834,1.0888919354608149
6.979125530137113,-1.6076939736560385,5.6928132775141815,5.006868899094387,3.379979469993831,1.4491943070860993,2.882262030151299,2.206264380413643,-2.538489394489961,-0.6185298486915407,7.004185318478848,4.772024463271707,-3.393661217369683,6.15800329193576
6.679594711106335,-1.7263614229240376,4.162366853830003,6.215297427592374,4.0636511288994015,1.9041940115552345,4.192248627323286,3.2378374311377343,-3.712860569860332,-1.322547567419825,5.61311343113454,5.412192657961956,-3.697557682354237,10.738796663399246
4.525935785767688,0.1556854438545668,2.150703853286577,8.664570531426875,4.21032694771105,2.6965167109816903,6.233638149665261,3.601540145733539,-4.105740071727375,-1.0837099035221511,3.351655137326844,5.346623600267215,-3.229937334768066,11.583866614490605
0.5565352243940492,-0.4484297865182889,1.0514915320540847,9.495288901352154,4.08118046477369,2.877193371610094,7.756921812108748,3.2323347986979045,-3.507136699616832,-0.6817168117432724,1.6610631693332991,4.765717586048212,-2.651447234554597,7.720361006283071
-6.0080534721890775,-3.2876018696526663,1.2041456380292015,6.683433892518391,3.739738584500136,2.4201498992686457,7.806631611948855,2.332273220481218,-2.485959685654061,-1.0706156395775146,0.7224362489696929,3.7828044336192246,-2.887565469590516,1.2130019939070884
-8.431910304222912,-4.137713719894923,1.815644966717897,0.9554888292209576,3.060639182380978,1.3773853877960442,6.314201132699587,1.1352074567358166,-1.98559496079719,-2.470947084176545,-0.5859878305579436,2.016532411284949,-4.329113904263526,-4.443006604933974
-6.449891400953268,-3.6403245742121935,1.83180942125326,-4.63812258347558,1.9969458511470712,-0.5207766989854021,3.993434267467908,-0.1382811759957896,-2.402012880530769,-4.132820230728438,-3.1275982830776776,-0.8936383937064498,-6.43823100899094,-6.83486081393734
-4.725853211674643,-2.25707308403457,0.9001805854265026,-7.115145874697731,0.7797115614194148,-1.330967181737756,1.686616639576453,-1.17380374933016,-3.176572184896326,-4.958831493576749,-6.117345379220208,-4.377579220389904,-8.171417034960964,-6.011887210073766
-1.7334762603318308,0.7960314480292732,-0.3959028710007217,-5.815343128805516,-0.1745835436589971,-0.9935590270805584,-0.2869939580878338,-1.5505443534349157,-3.3801036219576,-4.379226184928692,-7.546253597411155,-6.842650196381523,-8.778559649457463,-3.878597297401047
-1.771616492607092,1.077515430619145,-1.1442838302441487,-2.6531991954525544,-0.5613622768019013,-0.9280445924983336,-2.23593079195312,-0.9811831577701646,-2.6619068139583,-2.6962038983952823,-6.084666655942652,-6.842539447846651,-8.200611781039989,-2.415857190358519
-5.709364362585645,-1.5817629822866237,-0.9577864081602634,-0.3873903230221174,-0.4063452762448278,-0.7133596152860056,-4.549389022584897,0.3458300682788575,-1.55164255814827,-0.6814390782926587,-2.455703377640308,-4.498536136042571,-6.782335319433365,-2.2689326988035994
-7.929924487484461,-3.552041964169587,-0.333829549663605,-0.5705975114675645,-0.0082873156651537,-1.417851739987521,-6.977344957419376,1.689290572425227,-0.8279740395072519,1.0852239680621558,1.2480384089475969,-1.6589365045081583,-4.737013223046738,-2.672468054945518
-9.487453093762708,-5.766987308692233,-0.2402345616209231,-2.797320371360924,0.3241593137981109,-3.3070997066777483,-8.45682610027261,2.174188930376742,-0.6609302324446755,2.504168757502571,3.652111658346117,-0.3984168937879602,-1.9694764863485528,-2.5040342356492715
-9.50607993688654,-6.00978088754659,-1.2973643380662896,-5.46508017547772,0.4823463579219833,-4.131154470478407,-7.803502699974283,1.4985636355721592,-0.4190132225208351,3.723923029445228,5.377564302793413,-1.144905285679604,1.6130609383949892,-1.427774929238117
-6.960015165372415,-3.573520461838932,-3.237423048391173,-7.043180025469889,0.5221354028068603,-4.090447796540122,-4.800665584190353,0.3484843112900915,0.6983051661616955,4.785588239593947,8.066531364581188,-2.246712235346603,5.694071784544089,-0.1506615859959446
-4.50233449409444,-1.2220726987904886,-5.07043128886257,-6.84370483624201,0.4550058120878635,-4.539045188288016,-0.7443134179456301,0.0324322081085224,2.8455493059561263,5.567366068780711,12.095369375182404,-1.534445088459602,9.465460226384309,0.3553133274097622
-1.623684639036682,1.7426338543212871,-5.805747633325336,-5.104079943566813,0.1367735572296844,-5.111211675443101,2.1529392944321657,1.4443045442438738,5.271592346136716,6.004106490899719,15.443204443799653,1.4618036532516925,11.915673538915,-0.1227096838108892
-0.2842574158051294,3.504687761996899,-5.148792156165285,-2.7469595711764185,-0.5621811668858498,-5.609983442742617,2.1655585574254843,4.127511667139682,6.789423651439595,6.209902722553785,15.174592305722252,4.704370518771384,12.248643089684547,-0.7945528863475069
-1.0929432542760598,3.5319099750333014,-3.656210615773002,-1.0376682106267374,-1.4521942034029571,-6.195850054934691,-0.7699368920235656,6.321170853569566,6.572791316457449,6.2998284912131055,10.34267752916444,5.129243399051266,10.23690521709451,-0.686124275292677
-2.928274839487565,2.6891834131372723,-2.285956360835325,-1.0417392566137949,-1.9687934010044368,-5.207501083547316,-4.991571484747375,6.17048610490815,4.732705077105816,6.156968499500724,3.480333731886404,1.2450813956447462,6.452847215793799,0.2863249375693009
-6.548953178668932,0.2843331562980599,-1.727720542250509,-2.921377129191871,-1.5781273884222389,-2.493349301141975,-8.17891449789527,3.261504100962359,2.339735432344483,5.523355300729282,-1.019949586274386,-5.389329341716689,2.287416990676018,1.1417622734677408
-7.009395571326622,0.2066564883268701,-1.989422776521888,-5.546657388947303,-0.3591992129894628,-0.4172347574272036,-8.748252732011828,-0.8055365408626187,0.8619990918892686,4.396472800536188,-0.4028968517197171,-11.137467067678354,-0.4393870325612035,0.8584260789677494
-3.9464314428141742,2.680037375375173,-2.458336411203142,-6.954322490540879,0.8477990154920754,1.3229903538238206,-6.633857806410852,-3.426434903232451,1.2793197062816688,3.2576108303712026,4.198174379519877,-12.925256539409425,-0.3095399676280124,-0.3836871796196384
0.3405749013684152,6.369215065231926,-2.316567523945327,-5.562881627172924,1.0560435788237612,2.468945954488154,-3.0530950290745587,-2.881826435666717,3.390785187223056,2.757254427014047,8.812338237912712,-10.32938198057207,2.8191305812878724,-1.0874443790748174
7.17557465198041,12.324461068116822,-1.020619768789306,-1.2940625016189031,0.0970748263576446,2.509720805052952,0.4276287182426337,0.4220993255756582,5.865926308392982,3.100755729448114,10.008695028590964,-5.423833045436854,7.547566513334136,0.248721494157639
10.27478140095414,14.233862739734487,1.408692432061553,4.320190361239309,-0.9687746380361552,3.232020761710094,2.8310335003275675,4.391923628880093,7.161779576186135,3.805770299246213,7.547639556414353,-0.7151355739084089,11.61241769424218,3.562468263458591
9.1176815287261,11.682173677265691,4.404184467956622,9.172609472254582,-0.5545800643750702,4.469726968505878,4.139745313754741,6.94444939574193,6.702694860781595,4.169953989250328,4.078446092556472,2.8404108496490394,13.1338609339807,6.972368859661536
9.305627837428997,9.936627461170536,7.142990326742726,11.92395197765887,2.0784777346615364,6.442867362022231,4.972450385674755,7.45629895592225,5.326783691369812,3.987721044850289,2.4542448213363475,5.970150246642778,11.603506128641497,8.233319511896095
9.415130146697878,7.578894564942195,8.936404501950168,12.588006307404331,5.94648182158382,9.557436373094417,5.890304882670016,6.767589401964152,4.492588137035643,3.705900563729085,3.2536948560365198,9.47057611603312,7.98389917055394,6.647792160611093
9.622867439588685,6.5788418243515805,9.483876268429274,12.004927015559574,8.841274828939763,10.091212352030643,6.858384890525311,5.945342752481693,4.841525506779345,3.7898625077148296,4.5693526493918775,12.649935720478378,3.9473480394700218,3.66246416074922
10.683716727631982,7.789908227196555,8.858488267407793,10.84191612134306,8.919304348259718,7.946741662136066,7.241657289646467,5.150720862361261,5.431853501671387,3.996359734917984,3.882802517912628,13.527630998459962,0.8328807022164746,1.5597261151383393
7.163971875704734,5.612465595558208,7.319993854507274,9.113191556414275,6.11224150070036,4.514708551046776,6.324848364235772,3.7237979014427847,4.482549755366168,3.453429530735482,0.1702383062021368,10.705698563858478,-1.0125008718225246,1.4514832781859752
-1.0810159440334486,0.4446484177017,5.192205188546701,6.608360019238077,2.189381356958897,-1.143606561128364,3.9740018419044496,1.275854981132774,1.0881569582664898,1.6023873760689824,-5.399915181927764,5.117576826197421,-2.1617083176419136,2.4678704337105835
-4.378114303741305,-1.6261058839617537,2.913854333381476,3.6508503550226905,-0.577131056430721,-4.155917111844938,0.9495409162830004,-1.4707172308313012,-3.65528382496856,-0.9655370067398276,-10.385675044799346,-0.1268172993190575,-3.425947076476156,2.877656110674362
-3.304860778864061,-1.278894912887686,1.091879386123091,1.249463578321743,-1.0462902092591566,-4.170162658647826,-1.3945524805375236,-3.0700314556046404,-7.281961438338435,-2.7817351562048405,-12.681573426050424,-1.8732773461224763,-5.060718135259517,1.9601678568387408
1.6035585590633143,0.5825280395498753,0.3041850936634258,0.3480576619442423,0.138156390255185,-4.485634773291737,-1.888829299819589,-2.6402029689137425,-7.936842887783024,-2.777446767720168,-11.762864027547284,0.6852131511423032,-6.448100822984275,0.6774143401373642
12.671604726443649,5.205100201681799,0.6838812443953621,0.8949153386275235,1.2758125353933156,-3.916500434449469,-0.3254199393682206,-0.760080786179989,-5.96285427514735,-1.334958282533897,-8.954386874381544,5.353076262159117,-6.525168614208837,0.4453397505655534
16.455006788115217,5.41682154407986,1.687926664575281,1.76289811649397,1.0040715361832897,-3.116268774571285,2.3043041436261404,0.9554675322026468,-3.5845118191869165,0.0245122650675035,-6.5905556564253605,8.59634938465927,-4.636950415488917,1.375071481635283
12.71883024758352,0.9056827331530158,2.422770659895706,1.7419778457479502,-0.7723490304117924,-2.385920043467146,4.35845111353872,1.233548119021071,-2.8862909601491697,0.1245847732059424,-6.426632620571254,8.241678266196917,-1.095860774417842,2.03318254520285
8.076864455250167,-2.4337865453259337,2.379261330078473,0.6757928309237702,-3.018086352402592,-1.4692608295555194,4.596429828764267,0.1822428429683809,-3.920960512843977,-0.651693677487474,-8.248745461713549,5.103944134963539,3.0355691718427416,1.1555297787502168
-0.5914722124132038,-6.12887816201389,1.915565221688226,-0.4285622072770749,-4.470785157755108,-0.6404944662942083,3.022892087591208,-0.9475654281684296,-4.753756929780621,-0.6987791067144542,-9.83942673612213,2.2545719724479127,6.69152790469523,-0.5503232790143286
-3.787365342779785,-7.235467764102831,1.9336602379274932,-0.4783321388571293,-4.515115577803282,0.2872455302525292,0.8655893015520593,-0.9837452167852908,-3.463536615481531,1.1379225202216263,-8.663072152317639,2.4605214544255416,9.321726974740075,-0.7639219089772045
-0.4669403985295645,-4.681126244009429,2.9363062569900453,0.5307216248239097,-3.439779634445034,1.2348838513879845,-0.3608074597953838,0.1306430902745177,-0.2182246233370803,4.153778972289835,-4.127468064023287,5.7925112496403095,10.71398979132738,1.921037060615311
0.8031608773234616,-3.934439006296213,4.332872077976663,1.4717777364170948,-2.0700253317209443,3.9321722829876498,-0.0055772142379275,1.3750513607380863,2.613606299300015,6.097349382409271,1.565514560222086,9.375239360932582,10.486721496884403,5.898586836967697
2.2596241886933037,-4.190389513284369,4.755150034579184,1.2306983054429832,-1.1789666506538907,8.55190415516282,1.2782544105502271,1.594561804426915,2.5255398260503643,5.053726024710512,5.002149631063148,9.623427678220065,8.063133087007103,7.457738036028187
2.839993038628913,-3.1661379851294367,3.2421884577296254,-0.16249651061662,-1.071408332078514,10.058911098590965,2.161184729376817,0.4144221143489286,-0.7816152543082566,1.2097994735553286,4.411139724896225,5.254106765258582,3.4179150268704435,4.283692428673644
1.353621197470359,-1.6534747459393622,0.2749421679517212,-1.5869726433961588,-1.4863546565798451,8.515430644407703,1.777508990337591,-1.621188154953023,-4.988046754461168,-3.145582324660668,1.282801457200387,-1.4133305460694618,-2.117114047978113,-1.8024447676064133
2.7885913828968745,1.3913730481580358,-2.344780631217766,-1.9697260452473595,-1.7781645270617616,6.359303479596688,0.3912659646541669,-3.628486900652266,-7.08553958953131,-5.431701725596426,-0.7872433477976433,-6.054645395617179,-6.065308503400633,-5.850752165249769
6.783888119273703,6.302163226212312,-2.807122416462864,-1.2790513522630036,-1.293022978607269,2.471354581799179,-0.9560681234167028,-5.037441594792217,-5.867181281413554,-4.79751314049668,0.942412807049088,-5.6183625226725376,-6.289944407913094,-3.943887342861776
7.183107046206526,6.771412598317129,-0.7545946773428991,-0.3725016773540766,0.1795954914016722,0.578887867927872,-1.4537725282171472,-5.787581998587669,-2.735488521692785,-2.621491334675092,6.2208882165755455,-0.6326117139738976,-2.704971058321094,3.284910935523703
4.492223044330347,2.596837241654101,2.344699740742005,0.0110503233241416,2.120028915024028,1.114509059982741,-1.274137629593941,-6.081075191086002,-0.250828450933878,-1.1904651169612013,12.277565168667142,5.270671395741744,2.3061527793629484,11.07230843534973
0.5234571775744258,-1.056492631783585,4.244589612114276,-0.0847336815994026,3.4398565025941945,-0.3214887570945265,-1.4212557946785411,-6.084403296695216,0.0700065068002402,-1.8490416590205765,16.2098789297564,8.074850609745441,5.3312509949368,14.431035583988413
-5.993009428023692,-5.527679044900862,3.525383355014365,-0.2555061809748107,3.1398509096759133,-2.940340495173372,-2.822659265103341,-5.879069747825664,-1.306828539343531,-4.195474957684728,16.933462839114664,6.05243638189477,4.215166238601388,11.873476711927852
-10.57986322527324,-8.175315695128807,0.4677685465823566,-0.694750333120159,1.0704295366761905,-4.848943783184701,-5.437572618647906,-5.61245030491039,-2.8489513440774994,-6.77051962157285,15.091760216803372,0.422230395046034,-0.5899693269840274,5.737364220830406
-12.96843768237157,-8.050539565187439,-3.3989733834640448,-2.454208122771889,-1.8307629988103928,-6.617833797108353,-8.135362360980663,-5.593277735372173,-3.544807323339037,-8.35581813274779,11.55994750378878,-6.112240161409325,-6.6121394028287135,-0.6533933597101318
-16.654672965116188,-10.75369636538586,-6.538823407176597,-6.468699632677328,-4.121211937514229,-7.053318316746175,-9.49278564024233,-6.171948286801763,-3.578102214273475,-8.697487519955562,6.513921863128928,-11.421004742422728,-11.259982726599116,-5.890107400211773
-20.646653204736893,-15.640132592176451,-8.370692771524997,-12.18454293431465,-4.852897977977756,-5.790179653389697,-8.936644754876765,-7.488927751860985,-3.685169076608512,-8.27580812963119,0.1125109157793238,-14.984594066802137,-13.411922308505002,-10.74572883779555
-21.186111449152776,-16.046319755620992,-9.314215661155506,-17.252414314448437,-4.166446554790364,-5.290348966655438,-7.341898591058325,-9.306964319040944,-4.152893436079415,-7.665597024472596,-6.234697854362985,-17.466268388585505,-13.5535720770741,-16.057999966153183
-18.28955698512785,-12.44727154813595,-10.14070144380712,-18.901784408545385,-2.997868151588213,-5.29007375912934,-6.534437118875725,-11.067151399176048,-4.583373096101424,-7.186087111656996,-9.923938509293995,-19.576818498948096,-12.737272216403191,-20.834015500992955
-15.71394601804341,-7.266284112968487,-11.291358553322898,-16.032421901124167,-2.230166466984972,-5.983264138069188,-7.950692940939117,-12.130411603055968,-4.525856848298661,-6.975920834373485,-9.064016142809429,-21.29209650657271,-11.594238649618582,-22.705534072407414
-12.754696466389555,0.8766358375859002,-12.593785028070531,-10.227429965232997,-2.101096194819112,-7.913804092871928,-11.413369075565234,-12.049954468048693,-4.096527519784157,-7.116150066337568,-4.543304497461495,-21.92249051820594,-10.26703062799042,-20.266431577439988
-10.694425444844068,4.643317774251587,-13.359488241010402,-4.671181308981634,-2.323423012385293,-8.29012803614606,-15.002439482712656,-10.731508311232943,-3.80934415326256,-7.509134821812157,0.0331085914469895,-20.76692133749225,-8.966065394211725,-14.825268966351198
-10.318778429398895,3.363332792355556,-12.693828247146469,-1.7453326000167966,-2.5870877760041413,-7.177395747461386,-16.226872363777503,-8.425639899279242,-3.8227234273110495,-7.691649861570909,0.95533965216765,-17.71517877548613,-8.195057481827698,-9.658059632134632
-5.072655541449144,4.575514091727596,-9.965139012358588,-1.3053919304945438,-2.786358616559365,-4.271653133934108,-13.694063230948515,-5.587673668726573,-3.5271088501086485,-6.981696715857632,-2.5760156222632347,-13.348460843715184,-8.229665366539633,-7.339698225302001
4.942924629666328,6.676872548018948,-5.365072705737724,-1.1360486538828187,-2.794193723602288,1.1798961598421354,-8.065109591751698,-2.695902316861696,-2.063592117138564,-5.03435066456878,-7.79759568672614,-8.576162856062695,-8.499155207672102,-7.671659863993559
8.991629029949205,7.169782217190153,-0.2268429935277911,0.8045645259448548,-2.2804361780957123,2.975641997159576,-1.63771625236601,-0.1316061175863261,0.6598467082591295,-2.359809735452833,-10.778284965356503,-4.211922276411999,-7.823249175919624,-8.205219164426454
7.714845800293383,6.968499060400784,3.3586077699187182,4.364321149087738,-1.0528227511568815,0.9889213479586932,3.0642576611614363,1.8255757918381068,3.510037785934225,-0.2276997186246205,-9.726834196417016,-0.8317682449455397,-5.549599812219537,-6.858047313715739
3.4867770932053634,3.922620923351877,3.679856664818846,7.251816731631264,0.3610415052991911,-2.1599673872400467,4.666329928335058,2.945771789328301,4.833984721473046,0.1484416002742943,-6.267758118376182,1.1401688185818095,-2.4940172845963358,-4.06747372113616
-6.101108188756174,-2.442675735963518,0.6312114264507596,7.14970763522992,0.7472811397546177,-7.979936154989069,3.468924245912266,3.0872930643379064,3.8286389758338206,-1.4204749529509968,-3.691565262338852,1.4605303182188738,-0.5455595411958498,-2.343104553172811
-9.039674458037863,-5.068052659828783,-3.943639723888573,3.974020267013449,-0.7611406388672393,-9.017857293615528,1.0398854354793166,2.398611408557146,1.3826861117499103,-3.795120018810227,-3.952762083297412,0.3714997920636698,-1.0661869543873692,-3.6209455969064273
-4.770441648597279,-4.059327430371904,-7.222605385974122,0.2017014174265945,-3.451968229121261,-4.637367424454435,-0.6662123798150237,1.5149019851596144,-0.4319703511778154,-5.226893045439201,-6.150731737373244,-1.1411778581334318,-3.5282196233666703,-7.024082637184755
-1.343631339524207,-3.0238275245062134,-7.1135176362288135,-1.0717169740015056,-4.992684515313021,0.153094291542918,-0.1850210816432902,1.4101862827303755,0.0751035797877346,-4.630374320176209,-7.648504908340048,-1.6499259579262535,-5.775733271173138,-9.314539832948933
3.991252110041232,-0.4332472657440936,-3.5178336198190223,1.3419937545742044,-3.0847962880619093,7.223887774491048,2.8236194135000066,2.771626499938145,2.7880222027802244,-2.4240360643576206,-6.562708121213481,-0.200502119435697,-5.814461165686353,-7.736825165326234
6.031868112254598,0.6979520690069866,1.7089476576080056,5.779188245828888,2.376019101178297,10.316229001263531,7.338370933474884,5.289870260481488,5.659484908212832,-0.2329616443431188,-3.35239945496397,2.8315119355382947,-3.5571891073964714,-2.6021245551940737
3.5771380169237705,-0.0864416629239428,6.006740674627952,9.09516795281736,8.626770325351517,8.475846372865123,11.35485917051607,7.596944727781942,6.112646700899022,0.364754420854311,-0.3110566641018675,5.802308901578481,-0.926405940373364,2.858837644819745
1.8567062527457248,-0.2923475426188925,7.669933535803965,9.122367059472932,11.761630603059563,6.318935846408443,12.941721792037898,8.200487379735154,3.060995564371643,-0.9191431136211144,0.360560533818008,6.950200464996268,-0.186099135725211,5.294058697359487
-0.6101051825886196,-0.699202850835902,6.708292778507614,6.205791656019262,9.64281881993425,2.1053710145864555,11.517849016221689,6.817291081705346,-1.915409742314388,-2.8249569910268253,-1.7473670875151566,5.80575778304002,-1.9560966217374036,4.124734154341224
-0.5047192925911829,-0.7623574438876661,4.563452834687132,2.7252037487416736,3.5917641915078318,-0.2173890934714892,8.446496863921224,4.89448778364495,-5.252660283941401,-3.460812617264178,-4.954682254388082,3.683362580729488,-4.616428847807157,1.918491308681359
3.082867292785468,-0.191097353327472,3.000027124246607,1.1690400383427215,-2.6045575342407794,0.0165550944712447,6.281852204866967,4.619915302249563,-3.7193209474525535,-1.6602186511560006,-6.598572007392169,2.761402401193356,-5.576605658296588,1.9728298434967704
6.730393536590379,0.3060197816432853,2.965382829380108,2.322872630185005,-5.550398646778209,0.6062894103937028,6.985922033486752,7.07687217041105,3.1219210342618364,2.2400987228383578,-4.715558427925618,4.418161967108855,-3.31411847518053,5.353841921328876
11.468136800416946,0.9389132409070498,4.143317455913513,4.853095588502491,-4.570455834822242,2.7332006413185894,10.383577097533522,11.132605463344683,12.1477189990663,6.694339943728624,0.6946031863260433,8.12689695856692,1.4809559482867023,10.028727240322548
12.677733951871987,1.4423146401104323,5.4030479031435945,6.429305550441963,-1.684745013818114,3.671474234567296,14.1176119665992,14.140075383222104,18.414944405876223,9.972818554263892,7.516564571228855,11.794309057224702,6.492559606821004,12.760791261693624
9.55252144728546,1.7230990273760194,5.724051719710383,5.465528573306367,0.4751251508650878,3.2270787255877837,15.26591510785888,13.938785260515676,18.37552089932242,11.131655210387011,12.645359342190773,13.295159148458728,9.509483155751008,11.980699339953553
6.857851805565804,2.634968289948363,4.894602959445345,2.235894521708639,0.8063705139062218,2.1809541546340205,12.450645013073212,10.458996818134231,12.260065792064196,10.343545683372492,13.860818371627134,12.006714970041468,9.882981811608625,9.08725478755754
3.3750176703666668,4.147869070979596,3.5193125353118955,-1.3662469067086611,0.1416377979092127,-0.2080675458993475,6.843184108881221,5.605330934409114,3.793855123426864,8.544925744041342,11.295270725944205,9.144320811402944,8.652580488176014,7.106784836448817
1.423784530167426,4.269292207983742,2.427883443363265,-3.2043152863688285,-0.0939801814848051,-0.5466501036268137,1.3160141863902777,1.6546174046878273,-2.563613195317118,6.768682524375541,7.352561077070394,6.661124126141642,7.429949272170855,7.953473615070838
1.8485570397193376,3.012385970875923,2.009152720706973,-2.4181868955050287,0.570850917499043,1.3020871165589631,-1.58064532825275,-0.3471108933883311,-4.685433562292298,5.607153954373753,4.928719915748187,5.659649792369394,7.073257506907922,10.684329637737536
0.6768227664895089,0.8122695415410821,1.99085871375612,-0.00936908914601,1.3779713039634591,2.148932068722669,-1.2799422891663257,-0.8870766669204491,-3.764842964369464,5.073838847935576,5.203301450252376,5.667298637758442,7.208332374815218,12.239761118142908
-1.4235433462230178,-2.8395211200200583,1.79234390102439,1.9203564322591504,1.3660997376404025,2.6622179102230548,0.6960633196608681,-0.9950672323854528,-2.626837478683157,4.8659151374623,6.8467406244194375,5.356892597283041,6.846184201697092,10.053765178558107
-1.6399232722987127,-3.7282065635121526,1.1188124538245008,1.7178190686174508,0.4691125200636996,2.0637416701341484,2.1509688725267813,-1.0895461216703524,-3.0159610304168867,4.781884943752177,7.433247289468692,3.9792392238791248,5.44783574335275,4.373720321046892
-0.3782812888192068,-1.58718888968696,0.2872421170109751,-0.6115953728029666,-0.4273137089950953,-0.2344541287398853,1.9638548483529163,-0.7477264606105694,-4.244623283617641,4.935540652361644,5.878230501146131,2.13084906664286,3.5139756133462434,-1.6384803796220746
1.6569930851495498,0.7163440714858165,-0.0053213323126444,-3.398052961320471,-0.3936129384598512,0.7677505058594749,0.7898460976453547,0.5334983777204299,-4.217752862097105,5.560179450322879,3.637827306878627,1.1487963142332849,2.2519751028685624,-4.168016927630443
4.982185049751941,4.199166562385154,0.7010848811909494,-4.483039096622632,0.6846095598519595,5.061968052209221,0.2150887569127366,2.4700981738704977,-1.6862586127355303,6.582109404727388,3.4137515676615173,1.779783899895742,2.634685293322126,-1.622121041405693
7.098014674668182,5.860183248110411,2.1505758942430564,-2.717354915466446,2.100719266499493,7.89309852709333,1.156606963917155,3.941062412669417,2.408889957696542,7.440240946074688,6.433424135865405,3.4639687202421925,4.610871302838812,4.1447153008942905
7.825260339382398,5.177729095629569,3.4875123333115443,1.2594545390547918,3.030693780434092,10.143573533906302,2.93929515453402,3.8607694586567054,5.664443256614964,7.473354400214213,10.855896026831452,4.914172501368613,7.0805120393047805,9.240774188260286
9.241469626307286,5.490979535095879,3.942110842307637,5.447048780816041,3.1861941891960086,9.452966870606982,3.902475887855106,2.1873049911900977,6.248906581142094,6.618006357223104,12.966047481939034,5.353930977226672,8.669860169002568,10.689793990399355
10.78038431064321,6.050375975688765,3.529409103993413,7.774181462587406,2.898537760626711,4.746285285803355,3.0152068427113203,0.1160235209818223,4.371954782934267,5.701755653306537,10.272226962479811,5.161895416947836,8.746288449099966,8.58710516796413
9.78409295117829,6.42348088157249,3.119414292456921,7.375890027626883,2.749779815487804,2.587388682303052,1.0000305809379315,-0.7916917653152038,1.9496926420792156,5.847759095259006,3.7761507355964583,5.336025749532606,7.899149003749397,5.744072001836297
6.231054060366734,7.051713077713916,3.728496126681757,5.048670323483666,3.164208044073993,2.4167374610175725,-0.1764528863843257,0.1473884218684511,0.8872952377654197,7.35419753345842,-2.6901582966445896,6.377675306918925,7.45825615190952,5.140326942245522
3.709271979989442,6.507792368593576,5.57019299548652,2.6280229669598567,4.179709751630504,3.0781980023071096,0.8914387672475956,2.169339225951604,1.550658854411874,9.08421739049104,-5.587554747893133,7.6898365599374845,8.347015855116933,7.322715166863578
1.8035616334201048,4.7406820847993645,7.675652354789175,1.7114424530513963,5.3773158724244166,5.926902180822526,3.564218418116341,3.652864007849885,2.693449219303475,9.125851096448004,-4.5885153581371725,7.997596674681852,10.165338504183907,9.956617211113688
0.9212959187061888,3.6500617703450864,8.46900464005081,2.56362213659144,5.980269558233855,5.069654424424508,5.442435094705617,3.370233213536925,2.7422571964507303,6.355992564243689,-2.792215224516124,6.345149300299465,11.329254924273002,9.91349797963332
1.873901663952938,3.0219775414033143,6.901846636152612,3.9453095145010018,5.233548516338948,0.322429194072688,4.308620933022164,1.3698093555817392,1.200239814192241,1.5870438813976817,-4.083968607156012,2.8205849523576205,10.278089727173334,6.069916411417693
-1.2596129591323968,2.9215271374990697,3.2680078295194166,4.018822877526386,2.993675226868735,-4.296709552896654,0.0575903360835958,-1.17396868090721,-1.0414135043413424,-2.825465848079406,-9.901152679841363,-1.483504832410082,6.796632452284507,0.3342246346303099
-8.530655502971424,3.7643458932388394,-0.945546172397176,1.728837841904058,0.0939781902444316,-10.071225016706396,-5.119300693909507,-2.9194613666757565,-2.630595932209636,-4.736496376209652,-18.068568254536363,-5.141927467024246,2.2869298118833594,-4.020645311691578
-9.995867834974264,3.290562737702232,-4.055585101799271,-2.336351656799943,-1.9865110812728288,-11.096041853460026,-8.489869922196107,-3.303660390148427,-2.9830241941734554,-3.8921336446701353,-24.512042121533156,-7.198526240414145,-1.3116789518102028,-5.184243181922087
-6.285991290112403,1.5130496642848377,-5.243195079292839,-6.2687106312146685,-2.0850585381100792,-6.3757955062071,-8.916397072840565,-2.784196073809092,-2.693469300571677,-2.0811335347703723,-26.26067593863665,-7.60043600895899,-3.014165295949727,-4.166289790822892
-0.4431846500377793,-1.0330181750107306,-4.875986256171967,-8.126570324387158,-0.2234366511830323,-3.278854422829901,-7.4870707312144384,-2.307379727027059,-2.821741228196254,-1.595180453254251,-23.27285263635128,-7.020901744376223,-3.3329773561820533,-3.433193279783868
9.64877385728116,-4.900519720311657,-3.935149958224521,-7.206335794989069,2.39318438136816,-0.3972419867011307,-6.1719714904824095,-2.483008856533504,-3.769917173894001,-3.3049557929830358,-17.869166490307183,-6.216047466519154,-3.41386213370522,-4.212059940428668
11.240867111594849,-6.326379501828569,-3.1429249135606154,-4.353298548241617,4.287645303506019,-0.2001746101319315,-5.8636318524850655,-3.0772635339651337,-4.811353270948653,-5.982808368281603,-12.653607444186642,-5.4203686055646205,-3.7068535511587344,-5.212721305822152
3.344714949116425,-5.087748916200524,-2.574560501722249,-1.1760133145791354,4.734417358220643,-4.16157221291967,-5.696147946868237,-3.1879448409024302,-4.727983931870661,-7.411411821460755,-8.863843042645303,-4.31368210042702,-3.586484891547702,-4.155976294614323
-1.0472733374996182,-3.69970107076727,-1.9913032631864145,1.0905901616014342,4.004770055650742,-5.211558466508187,-4.271048324838058,-2.0275005490369065,-3.007555982063796,-6.2972017037792,-6.333179823122686,-2.619382193874824,-2.3237010054983003,-0.6311698146952143
-4.643230092390553,-1.2630221035895126,-1.399184964005797,2.1523813304777786,2.7234249966884434,-4.091475127451267,-1.5408840003301592,0.2073502164002034,-0.5227935749994019,-3.380461448143824,-4.597437450498233,-0.7439149912820966,-0.3266725374710564,2.7216203001347026
-5.105504999481918,-1.1873965845390846,-1.1651325888607378,2.358583482449464,1.0966230659231408,-4.042687513605747,0.5895756506642735,2.105751546203698,0.9756230052121682,-0.8629916238439179,-3.755082462927602,0.2779434657716706,0.8011318370681817,2.2230991569402256
-0.1360532484443667,-4.0067561952470045,-1.5792638840173971,2.025331253983784,-1.164417738715314,-3.9046814338729376,-0.2926057964377149,1.8609020730660788,0.2073959854285041,-0.6600829919005671,-4.224869233025277,-0.3765424406881204,-0.3719294607502634,-3.310957151699764
-0.7682932343936927,-5.743154011801419,-2.4102455454168847,1.080603470182247,-4.195760200114659,-5.300587088256752,-4.833157817454261,-1.27133173346214,-2.548799920408319,-2.878179269093676,-5.815758942243327,-2.4618825332541325,-3.616345016028863,-10.909518894928889
-6.295573429181128,-7.207508268261099,-3.014677097944717,-0.711338978919593,-7.393113811999432,-8.679664082440395,-10.919064353844355,-6.010080186528447,-5.559478336199812,-5.691355490599755,-7.225825680171194,-4.696636561559193,-6.961683588806643,-15.475569188442348
-8.66144556824727,-7.673519073471929,-2.921235696827189,-3.2762672466120364,-9.62951448788094,-9.019332039735716,-15.019069738867556,-9.581751286410237,-6.886069663258403,-6.709734409879479,-6.637538846751845,-5.753784580055563,-8.184902659707596,-13.854812668878168
-9.625382086881856,-6.436730935366952,-2.2628116453728246,-6.01969883820425,-10.159601069369089,-6.461123274236645,-14.813639470854806,-9.607555210817017,-5.775196933618212,-4.826308646758555,-3.0290360660638287,-5.306475187979045,-6.494866023301106,-7.323558449363342
-8.440948065615215,-6.711403637822364,-1.6113496581447446,-8.099539624783908,-9.3150580119807,-4.611341334713146,-10.893576742802386,-5.957583439679711,-3.0884732328743176,-1.1543149651796938,2.8353182633278395,-4.1530590775224585,-2.930756927434629,-0.3462313113059521
-3.740560403788272,-8.26001571622378,-1.444554917328447,-8.977302773956126,-8.247461365142026,-2.53255861804473,-6.130589998703465,-1.0146774332474229,-0.5138733513297709,1.7151422756898906,8.560063694980773,-3.3726926340210515,0.6655537157538598,3.094843598653924
-2.8005901254940277,-8.208158074191289,-1.83362266671214,-8.828572740853323,-7.915134995075136,-1.832579974542835,-3.365105215853978,1.98309778247968,0.6860822564090778,1.6641273213817378,11.442419748952895,-3.401761511210047,2.9460622552171287,2.2401246063560745
-5.461412338506419,-6.994448805720211,-2.595762387759909,-8.474585855879312,-8.27361818269649,-3.1611809891097806,-3.425060378441125,1.2535511939649897,0.3575937864902698,-1.2698157670095007,10.187775453101452,-3.892425002550765,3.5155744223399887,-0.7799114634795687
-6.334851626327426,-4.513383389546122,-3.579175265923394,-8.790885322915347,-8.425750746022192,-2.339533773375916,-4.995577154076347,-2.3745512253665098,-0.8167700089500016,-4.87906795644172,5.907418370650772,-4.314124007586406,2.5723777918158426,-3.431471688031447
-6.755082020673708,-0.1863859356190622,-4.659972208468179,-9.91680986058584,-7.535926637973106,0.2836601501928111,-6.114460961662437,-6.277545262024336,-2.0538375647566403,-6.548504903987912,1.6248495375016527,-4.502711777701325,0.5538066408304987,-4.714811914895202
-4.430609850888378,2.397893040807236,-5.496441721973905,-10.846938744776349,-5.596090590746086,1.9127124161092857,-5.76496674043098,-8.021158190389873,-2.913128127881412,-5.357988956048656,0.4394970829057971,-4.548142518585076,-1.7621366931737263,-4.931940776615252
1.6335028476957378,3.2094917026906,-5.474612074224188,-9.871553169604596,-3.3486863877157984,3.204238040150937,-4.273111149626309,-6.896455748669246,-3.1940178546132394,-2.6860498907651147,3.510040878288012,-4.269754921528756,-3.156129448924916,-4.18921843265338
6.447064314628623,5.138538435858422,-4.085302276784054,-5.764940669455667,-1.5420244355060673,3.4717666707925616,-2.5251255367225927,-3.973373470918885,-2.6758950258288454,-0.7701622296662478,9.334996070787753,-3.0702048103438653,-2.524631270604809,-1.7651004705645097
10.64580397899837,7.484583387655477,-1.4409416163670867,1.0654124665891596,-0.3074419905094929,2.2182389806708245,-1.0266441377244009,-0.9542133549614475,-1.174404495362972,-0.5939243394550617,14.945460480576354,-0.5596614826330155,0.0852772711313889,2.7753423483224218
10.534358644392432,7.71634635627808,1.590728338109864,8.429990019059218,0.7635418610449438,1.9132161366531288,0.3162397055865602,1.036889554280453,1.1002405196126048,-1.1586778884843785,18.091792129170894,2.602851876787649,3.0116526852917183,8.056521586968751
4.739780101880372,5.983772480083828,3.814628014713917,13.505957180802485,2.0078817651171263,2.3648922111607105,1.7153069003361363,1.822535553564516,3.346056134764501,-0.8565918901378904,18.60952880609265,4.660089378510432,3.885658058990219,11.00576757161072
-1.0867199219832553,2.476871384625784,4.367891757427893,14.517811782431414,3.212154308052927,2.085665982433082,2.9879999145487126,1.713982209368062,4.48850012016595,0.473425991822781,17.847085201584182,3.8894247193458753,1.4176211006290202,9.037349196980148
-8.154667246598782,-3.442121125076809,3.125995095483991,11.68014456178616,3.745921026417178,1.4834517668889082,3.5465401049480687,0.934483569917368,3.841997327223747,0.9979293335875444,16.824096941357073,0.1087612586994897,-3.4700186756121485,2.463454347517998
-12.254295165105423,-5.984991348170957,0.6555281324280458,6.733020411750065,3.169915375295969,0.9381251985879062,2.843532145880647,-0.4629373238552312,1.5784260390159308,-1.42100426932907,15.00138561353821,-4.8534456083681485,-8.298926604882137,-5.266464173194608
-12.118778930081572,-4.859447872497322,-2.136008836387251,1.603310403501033,1.736993832025258,0.2949889506637112,0.8583542892022527,-2.226318219546803,-1.3663844082022916,-6.861157503533461,10.944005839477226,-8.388325905697112,-11.02705228281349,-10.04439512723568
-13.941329249524811,-5.130108667979668,-4.397016583017259,-2.603620750906732,0.3125752231045968,0.4109831131141429,-1.721633580414666,-3.644008922146764,-3.8398123369920967,-12.673682918220836,4.260126091921061,-9.14941631524259,-11.626197524504098,-10.314103952172015
-16.5107181674485,-5.555959445298405,-5.622050467920981,-5.58094060618561,-0.248452478340317,1.411493467687328,-3.718294506747003,-3.842541932190488,-5.054389507915007,-15.3392215521074,-3.159126402199746,-8.106272008646886,-11.793218979895205,-8.230675205194203
-16.929756587084956,-5.537080879150067,-5.780267811314145,-7.185471555164038,0.2288032231178141,1.7197989206650073,-3.999105151344093,-2.4914271912936523,-4.8624128373054685,-13.26143408595441,-8.002124247560928,-7.549151193139867,-13.045464385303958,-7.71534145627245
-15.88980896325998,-5.712303335155318,-5.2428355297405735,-7.15056166402994,1.0679298261050176,1.4785742352269706,-2.138978914515327,-0.2680728337752098,-3.6598969692693215,-7.994011366639611,-7.9160717514651076,-8.842865887625702,-14.988453426531208,-11.027833101397349
-12.589102616035644,-3.357241644554441,-4.510847535124955,-5.518333664151068,1.2273067700478126,0.4557362417143736,1.1528969904908792,1.4583606383243666,-2.061110988217518,-2.840319840046994,-3.3330150524860755,-10.974881922448208,-15.439758635812847,-16.72328803451683
-6.470357576787428,1.6696885766429312,-3.877480188832923,-3.1555306461673727,0.0954385586986736,-1.7281053365577772,4.257053146661411,1.618101402571433,-0.5400513162307785,-0.1491784364038348,2.862969077457656,-11.293991760943312,-12.387125199143808,-20.643173534978366
-2.9482233691117443,3.0587606529213,-3.268685796438427,-1.488194345016182,-1.9954744695852489,-2.740903328753173,5.605996678361049,0.365040983262114,0.7787694154024631,0.2893648472983132,7.480095388299723,-7.829251493700799,-6.028448063787764,-19.08419226118987
-2.0689195958931696,0.976700498488266,-2.4187325906963704,-1.4479551539806943,-3.926168317357988,-2.617586358156581,4.830778719684237,-0.8668741954372159,2.057400442983816,0.4884552618987978,9.07039968284584,-1.1179551742162168,0.9833624474470914,-11.623573379593712
-0.7850865732224684,-1.7402893113776077,-1.247737221894905,-2.61884988796558,-4.51567984111728,-1.9179449467459355,3.1635840124565053,-0.3497584126401349,3.448387941966777,2.0710296087099893,8.265548787398977,6.04673963156884,5.359916434190468,-1.5020629992241332
-0.3038646939762602,-6.470035950252794,-0.0714827624557505,-3.525482022554618,-3.3052622120077206,-0.0822838089399562,2.601380117951714,2.5753876888423406,4.810404393002735,4.738221074354083,6.500159347935817,10.640278877471651,5.510960012609178,6.575094643365091
0.5375898588677389,-8.07462124336516,0.6321544089486881,-2.884271299302545,-0.8597020409791574,0.6583574656719542,4.368230329684996,6.808919324820982,5.718894992148823,6.698803891479233,4.630751487170505,11.4266527627436,2.481536734984803,9.492555947533573
2.023874113038828,-6.007119922212754,0.740311618779895,-0.6499077135315439,1.606960471289553,0.234787575948714,7.914596327165164,10.088980082190384,5.798557284573947,6.463876909823414,2.7141513139458557,9.432352699899448,-1.094778519112272,7.46069404910237
3.793891472771599,-4.258734008230026,0.7501228484508378,2.082975014036265,3.0101253069855822,0.1602426820776622,11.304941390354047,10.504113070398487,5.056565564063039,4.220335731307186,0.7392843138114138,6.803202845888746,-2.9609686072532817,3.3769079158105804
6.2437116952443965,-1.549338798717659,1.3914491433275114,4.06334239228568,3.0404045283825845,-0.0495654958971054,12.641707171612532,7.7879614502659855,3.8403987295780375,1.5359056834157858,-0.9295051754685524,5.190856795013538,-2.563916088268176,0.5009995171784531
7.006591712279997,-0.7243412483140579,2.832360699461105,4.667852501749124,2.2437476481654137,0.0810803950094068,11.295574829751269,3.386728821731872,2.423539423461316,-0.2078441340528494,-2.1132385311572985,4.856206940020602,-1.0345029443408649,0.2444010431796535
5.976529665467202,-2.4418392355232936,4.27023074692158,3.830280370624205,1.5047236111657725,0.7465772870481815,8.0115345347661,-0.7143082697564322,0.6735537997017707,-1.0825824673673772,-3.657640387487916,4.873192416497936,-0.2214442408035513,1.6188642556457555
3.07556976897041,-5.312310670548393,4.485725034150399,1.5783713209407395,1.3424821984232782,0.1425111599765481,4.088968693607319,-3.373740832033076,-1.7335090456247135,-2.357078686121861,-7.179072579641392,4.064123399063046,-1.551493799930597,2.529623222674587
-2.410977849195894,-10.307985617327658,3.0098818277659625,-1.9272602103679295,1.5831206831494118,-1.6947046084751698,0.6001276085035556,-4.710652097294897,-4.639905723821387,-4.967713532724932,-13.405107121092062,2.0150367970853083,-5.182427047327207,1.703026572714636
-3.426607751338516,-10.745658272157812,0.8053865543320846,-5.749787194729738,1.6705163480396727,-2.7467046030744435,-1.729435969772128,-5.330025025720451,-6.9635978685403295,-8.178532495858295,-20.560494946483544,-0.436754544971377,-9.662193480083497,-0.3169340371310056
0.320644402688505,-6.132095666930339,-0.341245681412694,-7.893327556480487,1.316228291793596,-3.282588410600476,-2.3076836309835382,-5.299407626726865,-7.152597647480102,-9.763536207573498,-24.745787490092457,-1.6338926081880685,-12.380440597571976,-1.7735892247386058
5.7271430433311625,2.126642793911163,0.6730447219139144,-6.2931166675368,0.8463322917416161,-1.80098802102519,-0.8417239547303677,-4.0438668125656605,-4.433299486034086,-7.717876041700776,-22.652823846711527,-0.3481425968406331,-10.988908543687216,-1.2546837289827195
14.588078603591338,15.99862640469681,3.199630526346535,-0.6366134446825136,0.8642689112536761,2.2674599614364155,2.0550234949643595,-1.319742547257956,0.1295458836206222,-2.14439875054612,-14.608450861147952,2.9482935020333656,-5.236189457276399,1.0987197694787127
17.674278631915843,21.86336097296344,5.251868771186075,6.678894128563674,1.5376210454537924,4.819847928963513,4.637804618671328,1.8241849102357983,3.8482636730845954,4.299776021159687,-5.1768482010894985,5.9117394049153,2.15505835051259,3.609228889696999
14.20175688466957,19.069281668820203,5.120030946942906,11.771240447209902,2.278777267509032,6.167692828532411,4.937849098559873,3.3524682397725574,4.065124354021563,7.950319309400619,-0.3628076167850587,5.755905377288766,6.730573739157102,4.213266405040558
8.933713509668898,13.777037880962814,2.810770485199692,12.064669013343693,2.2688726385959006,5.7639572209339045,2.3836270366518644,1.8532223181128809,0.1454035809346532,6.670472839774959,-3.361742253987405,1.442451317988768,5.272257695342095,1.931306874872453
-0.5950782963069309,2.515921430681934,0.0875738782515203,8.352413023950184,1.3950299985283705,2.604361311922652,-1.3411541925247574,-1.951079129144324,-5.768846328784177,1.4964510716393074,-12.172919507511,-5.109859067959411,-1.61211951812105,-2.275672598606733
-4.27141657725779,-1.434933827336016,-0.8994627530872883,4.194387293196564,0.609512820367673,1.5625719196394623,-3.3127405530229685,-5.355156977458484,-10.003712578507816,-3.939675810619167,-20.953673531630372,-10.012645476311192,-9.498732155428325,-5.841646245904004
-1.159198917764031,3.0113943383171,0.7412956787594442,2.9973313158400394,1.16634198431513,2.428225940358682,-1.6839988556736565,-5.618268296229879,-9.814879787605992,-5.90289245708575,-24.017593948720677,-10.079439538604584,-13.058049361153792,-6.071753413460748
2.94774608052048,6.8833403208462425,3.999327454601927,5.258963629004335,3.3193201048492664,4.0884289071037205,2.6565630897458217,-2.133872456246051,-5.273067391874783,-3.1300033572918755,-19.44164146810308,-5.180121576554022,-9.733564602692478,-1.96305916933101
10.712674646391903,13.445625718947582,6.738938578773933,8.37907203610197,5.763175357526917,7.630665959366161,6.648922232774426,3.0661617467986684,0.841991173981703,2.49609773272301,-9.839724682905644,1.6172361179062469,-1.3152653495957978,4.897635716478367
13.516564679695447,15.111007089568098,7.239787768110739,9.143286099273624,6.540648304493869,8.150167909620352,7.466504489241231,6.923081439544526,5.052428692732125,7.670877890870379,-0.1895336403047665,6.301703980968162,7.75945651510466,11.246917322644268
10.407718054452792,10.491858677922655,5.35397683257728,6.592377362092772,4.749153010981966,5.440202571529352,4.709447262985177,7.670288961318358,5.579008280134201,10.320695400510935,5.405351651683706,6.846442095482368,13.857083762730548,14.432930516232984
8.406370007805947,7.456618140132009,2.49541534348414,2.736903475871176,1.4948418977359683,3.4214165982395133,0.5478568345936514,5.913711014471463,3.3583232778160346,10.9577343402943,5.857846091057112,4.547984669381215,16.50282012046408,14.320129177513312
5.3951840337776495,4.043956105388216,0.560648280638127,0.6419254129644925,-0.877856701933704,1.0525436731314624,-2.15229170152176,3.7372017533507975,1.0192375392761397,11.691751573429451,3.145445412906742,2.7945946667791604,17.90876897263899,13.11058278272411
5.545428714184163,2.636893004408261,0.6259809516340156,1.7776611552287067,-0.6825512153268001,0.602961042323688,-1.9782754279720915,2.842388674112083,0.7108319305145061,13.93672946671699,0.6540720705782501,4.301222683189529,20.41198736938173,13.129204424627956
10.005922720434238,4.507224249970198,2.345260449102658,4.996692423448327,1.7600775023942663,2.803545327106192,0.3377778262942237,3.3810324904795435,2.479884570582257,16.94102299223872,0.9584794759078292,8.990005769446267,24.19212922077597,14.583576046307735
11.871063683932933,4.150453551115193,4.361369333348399,7.790496413226988,4.50012352822513,2.4732070658637064,2.8984588228538013,4.247652168909185,4.381625203402752,18.3975377083208,4.2448148301048665,14.085799265602178,27.14175926584236,15.47072436919835
12.158882104170011,2.3041187386012734,5.277596782008689,8.391900186906348,5.644136616511148,0.0846883309824069,4.086232892361541,4.213349339081693,4.1330443011877405,16.451608635635058,8.220709723797567,16.20821871468663,26.766069511532844,13.761057578121124
9.992465675543116,0.6537807929596544,4.4428556134389074,6.804849387910964,4.768128305023833,-1.680660085009518,3.244158392845142,2.7572413363052197,0.97258441050586,11.2571161013124,9.646350376792656,13.756114812674644,22.32214342683132,9.66096094486075
3.976367319902778,-1.6932253250525575,2.136106132067823,4.177764040591648,2.856500514169728,-3.6981174074157126,0.4525488123629659,0.0828462093595785,-3.6827339232754737,4.822893413069546,6.635808408227964,7.835040146475338,15.414642740700426,5.571572121642044
-0.2862186696460765,-2.877965668075656,-0.7441286210528073,1.543501018477242,1.0523778373478887,-3.9134904816132767,-3.857134988049059,-3.2834250060872856,-7.212753196519472,-0.4984809071221825,0.165931336753518,1.265149437759593,8.734294195069685,3.673003105605869
-3.213767525103972,-2.711090194188721,-3.162769552918957,-0.762973981614655,-0.4054086939756889,-1.8400423809103128,-8.897526340647833,-6.710564611948473,-7.612337590166349,-3.4760405180339973,-6.452503417170494,-3.3453798912630948,4.15661817549111,3.5825677845973534
-6.059273819003923,-3.192991199033633,-4.405876785312339,-2.755962668558703,-2.033712888300161,-1.880468300080736,-13.387594289417253,-9.42731615317836,-4.817971813954357,-4.356887357557496,-9.93175336511442,-5.009745772264093,1.7461240299005407,2.6087741748436875
-7.681555848972994,-3.9407734978676703,-4.423855051583733,-4.321540974856655,-4.072523551047073,-3.673920185385362,-15.87674695100818,-10.633356643123774,-0.6613722190572648,-4.196511362564028,-9.434247283350292,-4.486955821442869,0.2525819980659225,-1.4611390228264778
-10.402301838149755,-4.90974311778353,-3.8960399179860072,-5.331316673408127,-5.817107451790568,-5.32922976862503,-15.582029394011943,-9.962675737061309,2.422564874252167,-4.009443707128908,-7.089610772751241,-3.407577979426144,-1.5766083162271975,-7.765882892530175
-14.180642933708612,-6.4297927845477565,-3.833618474465297,-6.117033332679833,-6.1244971638810135,-7.6595353769308065,-13.03678581873547,-7.918840726657354,2.993405300078276,-4.38674892386657,-6.125386905965561,-3.212631724443346,-4.034061314434533,-12.671703335565814
-13.887115106344938,-7.238326533022249,-4.840124055966738,-7.488260440966172,-4.606875492654517,-7.957618586284671,-9.829543658812169,-5.707482365484736,1.4517946949599008,-5.529045215060986,-8.152155267583915,-4.496971270238664,-6.474571639759024,-12.871834788695306
-9.569711845666497,-7.363371786690769,-6.557463946872174,-9.968043112647967,-2.24458371152636,-5.861063980526752,-7.512920064575537,-4.404997191083133,-0.355130518293608,-7.271693016522146,-11.865374616249625,-6.859114466872022,-8.048753412211688,-8.380699842504134
-5.789659445565283,-6.94660799141538,-7.826235424189312,-12.918146935652748,-0.6975522509334962,-4.849839798647113,-6.558836868476195,-4.106581917973385,-0.437770684879192,-8.945989985417096,-14.174425046440676,-9.112134240807569,-8.396189849690472,-2.546529917418344
-1.6019216577404665,-5.679323049226727,-7.521199471262102,-14.560544481818846,-0.9012576527435724,-4.352839163062148,-6.204647246587927,-3.825492657326128,2.02198411679192,-9.38560511682485,-12.672261204033177,-9.76853598792482,-7.770244598518714,0.9185926193820696
0.5928816815743417,-3.68934838191707,-5.3979219445777815,-13.130430285103651,-2.266596646890916,-3.021559359494637,-5.2357875288170135,-2.2887874642793182,6.212400211986775,-7.434691110994901,-7.312958254239632,-7.750250033190641,-6.637048765435713,1.033865370458491
-0.1960690387516498,-0.8548368840169195,-2.25363344893708,-8.285510309292398,-3.2313951255207094,-1.3517551887886246,-2.984855437249351,1.013155004383023,10.338973900718738,-2.8115724019791024,-0.043199290374627,-3.086501856470896,-5.182955285215709,-0.1019754598121238
2.3944902680802684,2.5458883260295204,0.6833395256217827,-1.5726851122819951,-2.6257318369577654,1.8465033555725183,0.24054688245754,5.384035193297788,12.847647686156922,3.353149049122038,6.993117302056284,2.856977577826278,-3.1498594036471097,0.1950363875529319
7.823975422465793,6.531986434295629,2.575310315879051,4.47263828440677,-0.5873888717757261,6.817795702297423,3.522040512252655,9.428171205178447,13.326545222553612,8.930767537784181,12.947496974455792,7.962360290181067,-0.1162446720050027,2.496544022696863
9.371035070319955,8.60251641836781,3.372487769390151,7.901981076511635,1.7317748017273829,9.248275998561496,6.0915399275210085,12.074589803005928,12.51292412943992,12.055098508607411,18.285578066663756,10.556888814173902,3.985066964150065,4.991797075696184
7.776333497475213,8.438449633726743,3.615087999980872,8.44463590893837,3.251527203823976,9.14465615072855,7.885629236517047,13.29418895201506,11.563844346736444,12.335274483886565,23.663635995943928,10.441223130341545,8.495947688147211,5.67726248794245
5.037247657605374,8.125410063203164,3.944816478586951,7.423922493963438,3.7566452638462335,9.997285097316716,9.506008901738928,13.94994420741012,11.248847048066924,11.036146203496315,28.941694195492563,8.91885628588658,12.125383392596394,4.585243204800396
-0.1299926667534258,6.9949000694763965,4.71239110346967,6.690358419247172,3.748070953408394,10.969458921622996,11.619194957950045,14.905357751755409,11.6122643991888,10.023760895644564,33.22145133279288,7.701592434826765,13.537636293142231,3.756077136515227
-1.168693495868026,5.847293416435146,5.83971943969204,7.351714748138914,3.699539022010544,10.899846418926456,14.22154209182396,16.118436816276255,12.15071865321368,10.28675368877072,35.66737193216378,7.531348480406358,12.117039047812716,5.067963341446173
2.4586640641303763,4.954540737861012,6.889067981237659,9.086555119027532,3.579684956070384,10.171883604853043,16.364010436903214,16.51015443569304,12.195686429703592,11.205243189960974,36.20012578176917,7.708657246814305,8.409322516902556,8.179883730625892
4.0933932368100905,3.2753481964033937,7.2685497193879165,10.41059917210026,3.0698326280605386,6.513542993339172,16.68806410877552,14.81843536079963,11.238035862834565,11.129192566794972,35.46898314910009,6.988370641215063,3.909040542586247,10.627299175991997
5.138313070410131,1.0515786098500504,6.533386817578148,9.708686471035197,2.0957220262089784,-0.4548676660538764,14.50097170626498,10.81655169501171,9.145816722622712,8.780982241514259,34.27885981010837,5.024878575543042,0.2925997254092465,9.931112267310784
3.65481095804894,-0.8461272170876194,4.691808309900381,6.386936458117589,1.0047271635285,-3.758274567682229,10.550146254726728,5.854430076059039,6.276657732720771,4.37256933646195,33.02177314801816,2.921250884875363,-1.4300585512820376,5.711179201573579
-1.6011868612601818,-2.4700289211996487,2.3251676138158786,1.3726599262977288,0.2155585317042465,-3.515474556492271,6.727345890065305,2.116003474132011,3.372634911862587,-0.4196168231318076,31.44520982451921,2.209004960300394,-1.3433206554097552,-0.0508657731826573
-6.802992187435435,-4.419532874811897,0.3545314823851377,-3.435572663966717,-0.1958994291488842,-2.85960359451828,4.765173553433634,1.0384010818261196,1.1465774788144252,-3.6137729246875354,28.75961786162453,3.148810246874703,-0.4436696912765718,-4.664152088993383
-12.745962061457323,-6.530596817227542,-0.4973346050730889,-6.415521610843349,-0.4769284329276146,-0.2402292391327203,4.918872570011956,2.142321339262349,-0.2531852883275967,-4.383393475890699,24.02817026958035,4.075279539022617,-0.042746140661535,-6.752074434121802
-14.907471782249186,-6.929745785192747,-0.221002900656849,-7.23038380500309,-0.8128659315374414,0.2696509636952005,5.757665564134108,3.311955794892917,-1.4538637901310023,-3.751787901365489,16.814167945721252,2.6370046122701467,-1.131549346055209,-7.012056914819713
-12.258559731963857,-5.501260066992859,0.4062683913167184,-6.808482373938013,-1.0958138893786575,-1.74998689859214,5.296213758756014,2.3996351839807133,-3.438580681291519,-3.941647235087324,7.82593940280438,-2.0623932174258,-3.995330226071083,-7.290908168755379
-9.305578184639565,-4.984975374200909,0.3504271678989106,-6.360663523780854,-1.1433180183514509,-2.750931795697935,2.5469289000247954,-1.118745404678002,-6.71142570592724,-6.725968519123125,-1.030345829423922,-8.421549080878926,-8.162106513330652,-8.882472105613406
-4.69244739486077,-5.063411519987872,-0.8750636516194135,-6.348944584722478,-1.061487982904012,-3.679629301726545,-1.7704460721663755,-5.805771092094243,-10.711849805062094,-11.92414137983397,-7.599177771811885,-13.460477626927837,-12.615105579302623,-11.4187113865666
-3.5430185966951937,-5.786270330654753,-2.785013275380159,-6.331538974176496,-1.232677952661586,-4.640552285590616,-5.87080293607626,-9.506876300844675,-14.047521305152324,-17.248243093759243,-10.97250050116299,-15.14473157774806,-16.167231472421136,-13.181835821186189
-6.829040872631023,-7.741444138099694,-4.321559908365472,-5.731708325642408,-1.8690836159076056,-5.207455968165439,-8.274218018444376,-11.080592512510574,-15.47859981775525,-19.8200231962848,-12.309077116296432,-13.850356401880813,-17.910915158010514,-12.602161346814988
-7.6241271549422835,-6.956840006666675,-4.819911439162901,-4.664522899967306,-2.6609538892292264,-6.512487955957021,-8.788605390911037,-11.124860670105434,-14.916983993177077,-18.36219845781584,-14.065793201151958,-11.788337359124942,-17.63129257119518,-9.80119154416074
-7.145621513450119,-3.358247836569176,-4.688576950734717,-3.943338210389992,-3.0136358336845,-8.501946256138517,-8.460029572476877,-11.156023008428942,-13.594968221641388,-14.359923251341208,-18.099424752967828,-11.126682347959104,-15.998004549554995,-6.899528629223564
-7.570749973899244,-3.354382680612213,-5.096408759774416,-4.294781129214705,-2.7072755658133936,-10.271563609525453,-8.727764464202659,-12.114342575008784,-13.17579714548892,-11.12844004651011,-24.23967089256486,-12.562883965150895,-14.335028730999586,-6.651136366544339
-7.918127336283748,-6.474514476649954,-6.84419417487382,-5.673818336575614,-2.280616611063433,-11.9958610825407,-10.516985106621048,-13.631210678105134,-14.468197598938856,-11.36107192015069,-30.582482026754597,-15.333901528556812,-13.936864901252717,-10.310790961865123
-11.620506791591312,-11.2202793687954,-9.439097486802316,-7.427617651349083,-2.6720408093078003,-13.360388319491816,-13.821746659160242,-14.667381114262916,-16.810918320402976,-15.052003284282698,-35.14176967608784,-18.135262421478405,-15.225573794662225,-16.42694240646038
-19.138732838494334,-18.964715436765832,-11.309234478165363,-9.051653484168718,-4.411091114363993,-14.175983432541605,-17.821552353021513,-14.742831844791738,-18.670961452657604,-19.479817786817154,-37.24394416981457,-19.81600484302343,-17.301951328707474,-21.661908671924625
-20.338909703025976,-19.974826464911683,-11.07074835863314,-10.563127207598772,-7.110198407805692,-13.19964732768733,-21.25303646638419,-14.414785530719872,-18.93349490004551,-21.28427358146911,-37.44725974998941,-19.46745113551584,-18.338707959947428,-23.10237377387197
-15.359326916838793,-13.58957211890712,-8.736462999173181,-11.976751887035624,-9.692361783601626,-10.11530162557356,-22.80824978867544,-14.496658385236469,-17.712038832059864,-18.951293360114335,-36.37191039556788,-16.48090503030513,-16.731096846024705,-20.22913088941554
-9.28271039569038,-7.501594205085083,-5.7537975164882615,-12.546993812441515,-11.082025193059016,-6.830238694877052,-21.52846240980161,-14.886013820670964,-15.959889662754088,-13.737051829361832,-33.90945565032161,-11.067247225752393,-12.296317482924898,-14.993667987556831
0.1126410574332018,0.5435424267252247,-3.816781446895345,-10.933565870757992,-10.743605004476953,-3.0028536862006816,-17.21728022089394,-14.338376077993722,-14.337915653499987,-8.434571112644754,-29.705179272928905,-4.769988263209717,-6.623723580217121,-10.081066235252084
4.153142198815706,3.726446321158177,-3.5025779537428097,-6.500224104305652,-8.749330055524988,-0.890884786431841,-10.73605433119882,-11.562724366347908,-12.53393008274274,-5.176518321743194,-24.263733127003132,-0.0094088703971753,-2.1897627865687115,-6.937484372424908
1.7798548339204654,0.5017768211276407,-3.901240464508369,-0.4972580425620405,-5.570577907728208,-1.0528007595219715,-3.893394309783712,-6.610305412073796,-9.73722036814305,-4.108426308398791,-19.24027184815044,1.4879580245234214,-0.7530191119883387,-5.151119188071876
3.189390121209089,-0.6527043140346536,-3.4835805015845054,4.361981808847696,-1.9312939183366105,-0.0438717730432731,1.242278198307404,-1.1472691767344978,-5.738716350935173,-3.806738193029735,-16.32368886329326,0.1609444470263494,-2.14200234626876,-3.427944980182467
6.494568717876376,-1.5564678377724297,-1.4045082197145389,5.911255158938912,1.2397215274805315,1.553846911404088,3.375807025629685,2.7288340308244408,-1.4558704571624634,-2.761601298196136,-15.688433378883232,-1.522365300460116,-4.332491602967081,-1.0403443646091413
8.312412843774489,-1.4485256223174068,1.8216775705774,4.334167443224084,3.0138655799248726,2.2433595370899724,2.749890951481396,4.054386765173986,1.7023244206679125,-0.5275384045184417,-15.603822240980104,-0.9772150586250804,-4.801858293937229,1.561501193168814
10.032225829343991,1.0206701675389998,4.71153144811235,1.932429226527253,2.9465973252757465,2.4799809282791667,1.0486406623695954,3.5426182406197064,2.9862197607688934,2.249212239433735,-13.762541425821126,2.3832717556749845,-2.2240358088683445,3.3425816376067665
6.7829759311306725,2.2922588423979886,5.865071263404964,0.9913346832985628,1.5228112113029812,1.730043527701852,0.3767801202501566,2.7352850936791704,2.8234451265136187,4.588103473901526,-9.238660755901073,6.74089656489326,2.678881298473748,3.782024473471157
-2.180886074823022,2.899553723095763,4.891569563963017,1.8274513422969711,0.0362391427469042,-0.2487371630384205,1.9310846810541944,2.682308288696426,2.278206551753982,5.873742442948078,-3.33664951421607,9.55358246608986,7.698587689921037,3.480548448041759
-4.1443397889058105,3.589484809258585,2.6332440256137595,2.929276076423772,-0.2366430451321619,0.1276441177781533,5.265174348610138,3.3472462535749834,2.1310346424443054,6.0664380937384585,1.4376909527284596,9.768801180972028,10.677754933437605,3.805263212347548
0.4726162666673842,3.806081895275147,0.6185296221125043,2.9118825562398314,0.9927572907225192,2.9610366470295864,8.662760998744389,4.069496156446569,2.520729901935184,5.615078609136894,3.398297098963233,8.562035704935841,10.91776367398124,5.884717506143449
7.254996612613002,3.196219902976165,0.1183359185768466,2.1400614503886928,2.7723680414119016,5.174577257704232,10.34804803720203,4.395326223166478,3.318049046773613,5.338616853808127,2.982414240166904,8.042602609443037,9.48711214107172,9.72370813904977
19.044082749372578,1.6406851888438514,1.383026162087269,2.323449834006695,3.701665779533776,7.504660040849555,9.673840885667069,4.413855450126867,4.559896729011395,6.163346150177571,2.304275225109848,9.262782161603248,8.284503100981894,14.101039484324083
23.288374789468893,2.248085102414392,3.540178986802012,4.6193234980067786,3.1365857584269747,8.56989934037703,7.483675855554537,4.412579687882484,6.3267362524667305,8.517778107387997,3.41865867783455,11.3885777678152,8.60799267084316,17.349130949152013
19.057641865503957,5.145692336939853,5.23824876202638,8.33011221174403,1.7300428746909375,7.788997450134841,5.46524549121358,4.395686310829575,8.262098328854492,11.70028505449958,6.7553953600664585,12.660747076441623,10.305003498851733,18.45287344129091
15.320691942276714,9.743185702744215,5.604569596972276,11.524908314983804,0.8182970991493335,8.334429736493036,5.0149537224304765,4.065746088190139,9.492745329102064,14.001159382389233,10.93323799019,12.089679413617532,12.094352398147144,17.633520924303717
9.077204779221232,16.919602792639157,4.810778795675375,12.800240559636698,1.253867374718325,9.847280840275722,6.4010367035508935,3.2996182937565663,9.30562365398341,13.91986007568356,13.97741097814643,10.2842214246987,12.725732425979942,15.984878454630184
6.418333572296062,18.531818132322957,3.798115305003975,12.27687079386464,2.7745081919016457,9.833420932190272,8.716741533309118,2.57130969144442,7.999755630337056,11.635368972727605,14.862200382250968,8.77273727745834,11.993384310974156,14.535443352834813
8.734939747784555,14.083122320490856,3.3913297921682712,10.938395463076091,4.3892792743639575,8.695310778302517,10.525967086512232,2.7671007295985106,6.931904696661981,9.23183289714448,14.12045628835044,8.57814938768361,10.77388894574858,13.597884619117252
8.758768295808833,8.377782190384421,3.5686574391316555,9.28357045172335,5.237407781219382,5.808710047978155,10.6878024771432,4.406680274615127,7.452224148483424,9.073520262439416,13.082728431748189,9.353598649682487,10.109969242801014,12.922217809045364
8.106928621696074,-0.6186097923228582,3.548441917963956,6.901000480915947,5.049525205867269,0.6222006239324046,8.856122891708324,6.924545277497664,9.577453446046938,11.559276276748848,12.463142389920606,9.737931523525653,10.199199225903875,12.311566033694524
7.350703532537225,-3.586166171779775,2.6270993146120034,3.38232350201163,3.9779713115635142,-1.7227005833513307,5.495918042995086,8.766282484455886,11.693261147882687,14.400318370916295,11.584147273543792,8.505396986167156,10.223991652863909,11.89963969916296
5.494709821186749,0.6000124996514178,0.990946607345748,-0.5806853330943937,2.3097083828017304,-1.1679946849264684,1.5948431779429058,8.436192732494789,11.756420172722414,14.383119832265317,9.03154348989314,5.533024219154598,9.1783643202655,11.746851779039176
4.85837049775189,3.6270007438036656,-0.3009517434069195,-3.273221752066597,0.5096991539062969,-0.0633694545477108,-1.688186584796732,5.746913925857072,9.063528881946326,10.231436797871991,4.291105303633707,1.900662701825567,6.901028692664013,11.289097537043062
5.347493872599896,7.803543810408744,-0.2269973084763208,-3.2602338894905287,-0.65302694960792,2.800437663400868,-3.358404161133251,2.1738071998582456,4.999201804790644,3.9731879650699327,-1.08202467770127,-0.8449338111116589,4.314388511498216,9.45174796007604
3.79663702934266,8.532322703824082,1.1855108707392077,-0.643881510561954,-0.4464512677332308,3.932206650946173,-2.94220358572111,-0.1546006057831945,1.9851885050378184,-0.5453809568105044,-4.036505208248798,-1.6969243980363586,2.622314692053372,5.546634179174468
0.4316121160961694,4.374894781661837,2.7022449003961317,2.930249940978662,1.0740270944763992,3.0052906775059114,-0.7958239121040762,-0.1192214917741552,1.470892140855895,-0.7585546417108873,-2.23855509137848,-0.8204123995844625,2.23051899007811,0.1359738165118145
-3.3151847955462554,2.336741461540154,2.7979663259930305,5.454302326095821,2.743799426684284,2.446187474130374,1.884972202301853,1.469837920800359,2.7418359058611514,2.624708353271977,3.715976033916824,0.5468623865305773,2.427651339824912,-5.072711205132364
-8.060511775227706,1.1341282115666207,0.8873426523448984,5.801714585096413,3.059095563958273,1.393879602170726,3.5658783016000086,2.559440674088165,3.6475454796205824,6.408362247999413,10.054856343835027,0.8507643772428679,2.1170059995478567,-8.340511964440147
-10.264894224499624,0.0024681699946797,-2.1942499555190835,4.083889454767252,1.5452972702453636,0.7236974260606354,3.238215685483567,1.6360965930567204,2.6182474545046333,7.635337343720501,12.136973437294934,-0.8224555018278465,0.8563152437761516,-9.06790315203915
-9.503254505607634,0.0314235532315942,-4.848281132449827,1.177256413821567,-0.6291414768373969,0.7008514873547805,1.1038336011837089,-0.914439131462899,0.1466399975984416,5.793920756731183,7.808488848334797,-4.184949869816911,-0.8149528890627025,-8.016747230152767
-9.72044183622584,-1.331739134856878,-5.887182852614636,-1.870472775228322,-1.5835386908635627,0.3545247869934114,-1.4742846031373418,-3.080238612222878,-1.6207206600179376,2.7402329708619817,-0.755469132881295,-7.954382213697933,-2.034485613458536,-6.512859962622265
-10.114784582222445,-4.002004794177974,-5.222665354297398,-4.127864607557235,-0.4362148079895362,-0.057822623657851,-2.8288960716957945,-2.9311140358153835,-0.8207348601805435,0.7461892956582616,-8.292057896035345,-10.677235117281676,-2.52950747961345,-5.483708816870617
-9.883847987213493,-4.170236724172937,-3.629341527799916,-4.9497065528222,1.8659813827246765,0.1888764896939009,-2.091068033231828,-0.289440301013343,2.409047443159416,0.6293607219282862,-9.987640277170604,-11.552867490009604,-2.811871450520158,-5.176099956884052
-9.575721852840964,-2.062386105564632,-2.013127935565336,-4.282663588073184,3.457673564175046,1.055749304384884,0.264765420738243,3.0999415968706856,5.977330599660217,1.535497621169931,-4.714649474260945,-10.654190090074628,-3.4531803609725102,-5.538005483710478
-6.751175349116039,0.1717787665965858,-0.9075381095454844,-2.8606108982419443,3.330440678467156,2.7779855203191657,2.8403553331246414,5.058821782404994,7.603759732497618,2.2116311344636443,4.383949283831171,-8.486080914134902,-4.224045228859332,-6.5420094302563925
-1.2095796618742236,3.255382012594948,-0.4557984382212403,-1.8160869753050264,2.22764796965609,5.57301836728251,4.359402977029653,4.814271350867308,6.728111671809842,2.278116786377389,12.227067475403167,-5.437513799466014,-4.0762103279752,-7.955436012463693
1.39625603241616,3.3358448665538685,-0.572028069354122,-1.7899172397584984,1.808651549242956,7.190303729942992,4.521797668189411,3.5590639802688884,4.8785060932905004,2.266760333986511,15.139261993279163,-1.7382965501881102,-2.122917830750559,-8.918068714427033
1.2584712734863148,-0.1848727232895477,-0.9558908165133636,-2.364222768293949,2.956935158596359,7.5864370301240385,4.043601115568958,3.250125940522828,4.192968778938145,2.61613262616774,12.794692703018494,2.089244463613241,1.2753349599295412,-8.124513454224786
0.5506231207598129,-2.5467641005382387,-1.065886693886334,-2.5268615872911404,4.907696314420821,6.98285439773435,3.959777674425929,4.759426890432959,5.437341409993721,2.899194693941485,7.7376941891374,4.965964845828392,4.440890639166426,-4.813074846016065
-1.971692384853664,-4.649248289164413,-0.3582041289840099,-1.8017289635840328,5.994445056338449,4.755787975314862,4.849367757418332,7.083699956250518,7.326588612731644,2.2344228474700643,3.3497046396947567,5.795585545717195,5.572320295278448,0.2687935528544969
-1.845407557978156,-4.765348970580585,1.2506384555921797,-0.8242482492214087,5.21286533268802,2.902121161005354,6.588513494198997,8.323824298538579,7.795206341529738,0.4721274575776562,1.924886218935482,4.547410539065211,4.247340251930325,5.022782005443629
1.2981761133946843,-1.921481567444178,3.1782110998809348,-0.6312851382894458,3.0783699205682358,1.3318091062883322,8.647150002430614,7.471101451043552,6.068892285491685,-1.204813789506746,3.855924421480657,2.7928999567809445,1.8851794545319969,7.413096398094895
4.202591572082027,0.1291416222178414,4.579375879467269,-1.3777039295501412,1.0418006644914328,0.7030788366800473,10.443164532292828,5.282542975683565,3.572359587700804,-1.1383202191976576,7.830683073751457,2.8342271166290987,0.6631221042193545,6.975121639728158
7.938625316961835,1.99891436533762,5.054336123421423,-1.966226263840379,0.1415513154271481,1.5642296509360556,11.376535167233332,3.439052264181901,2.6965845387903213,1.1283539056661347,11.523226649570011,5.840373027134079,1.7424332112228598,5.035253304576518
8.546572029592765,2.520884524957051,4.942065412081257,-1.166267909257079,0.2078247144200418,0.8073541861273117,10.717333714810223,2.872083771659253,4.447123164655382,3.9992419747934833,12.56155032863659,10.55608735614956,4.297828922436956,3.442370616339165
5.332312660564321,0.9153296186741092,4.87045596061884,0.8960588906069228,0.2661143040730276,-1.394090327093881,7.824910189478158,2.9367510968138406,7.171584979705411,4.839570584726875,9.723745332223938,13.9126869017833,6.161792295383542,3.031003245133124
2.3568598602605446,-0.5745170446192296,5.046660079980034,2.564662918370875,-0.4055288006799862,-5.193116337990002,2.7959895018903262,2.217341086281899,7.717947575095147,2.15449126116827,3.890056133805956,13.269719204411569,5.507527115881564,3.2215661299804346
-1.4200326243802652,-2.461892221315178,5.071954791222338,2.177981169266793,-1.633624678395866,-11.35382318995506,-3.046273477484535,0.0944349917910645,4.152403547983097,-2.9803881032952733,-2.1310236583019764,8.490845090949156,2.173004513543222,2.9453861385774065
-2.7145980383091395,-2.723902824874132,4.477325062731307,-0.1734626803441541,-2.63497147703083,-13.565435493787206,-7.557716705240122,-2.537332966876364,-2.384097981403781,-7.606347557599215,-5.262609764630241,2.095204602346484,-2.349686569475952,1.7835345419910291
-0.6739794978802324,-0.8511575285175075,3.354723970776961,-2.4920080012876493,-2.802646498834388,-11.649143782405345,-9.086226607314693,-4.123985331542176,-8.44303913536521,-9.195187256160889,-4.33687780067994,-2.63851069542517,-6.061533959983231,0.1719229491647507
-0.5219903011614705,0.4878489945590026,2.3430012289187605,-2.599215775593267,-2.189844465527873,-9.693492025238209,-7.743862616165311,-4.023615255610748,-11.068879786216163,-7.629536302274261,-1.0166947210533843,-4.003236252577914,-7.732233761792324,-1.3246311547274825
-1.4358946285015204,1.853256136241647,1.9530538869357537,-0.140658142398685,-1.3374207707031491,-6.280829524330441,-5.499197286937257,-3.2392202014986182,-10.16717536340672,-5.1751431663067216,1.4865112466484156,-2.7585589930905297,-7.442772138301391,-2.678432840159262
-2.4387859847009783,1.180358061089494,1.9672589953573207,3.0172592350639924,-0.7624436860382424,-5.642365932320514,-4.84125481174658,-3.569533968583089,-8.356946136591565,-4.531105268941806,0.9173865957406964,-1.080330112292209,-6.268795054208299,-4.236900632455457
-4.388154594787865,-2.149611482433268,1.5834802693429315,4.328675996853992,-0.6395181981752884,-8.544666945644659,-6.985765680746386,-5.927552634437289,-8.51572925629383,-6.674589547865839,-2.455717263723015,-0.7009427682564642,-5.5277144968199465,-6.031694673983626
-5.1821198645768085,-4.216260672289757,0.1808795980022175,2.593048947929642,-0.87636067529888,-9.759386262646482,-11.027106202695643,-9.352665241524353,-11.289661099270434,-10.290039502506168,-6.530707950145535,-1.8430251709773025,-6.060624840880223,-7.492906697498086
-4.781288850051547,-5.522830187784726,-2.063180558197036,-1.2905250307417582,-1.3758372388174998,-10.308198563162694,-14.690825084943018,-11.646337569105892,-14.771273488188625,-13.10748710457465,-9.520781411475928,-3.597025294417552,-7.83074762441511,-8.00765717499311
-5.668431598372952,-6.08554674936606,-4.299094541903141,-5.280160465762297,-2.1899295594021275,-10.133822793095348,-16.066661822307765,-11.16394819896108,-16.47586997488041,-13.839203506222042,-11.442087233619857,-5.067276613203699,-9.996533448124858,-7.739737066836046
-7.526008482505819,-5.120965732269823,-5.699709454375093,-7.776176758044112,-3.453075151090246,-8.380537680764071,-14.966109616164328,-8.28603520899362,-15.659418738616903,-13.02362895988056,-13.58713954316051,-6.118635594836132,-11.48997022701029,-7.734973072445488
-9.0818250484653,-6.088336566750715,-6.02490644448514,-8.432626756773303,-5.167994820935377,-6.971614707370459,-12.90076355632552,-5.299931287594813,-13.836869381050938,-12.201094593972387,-16.685950376778184,-7.17507827600986,-11.81491865534391,-9.02722394046596
-10.719018575251328,-8.92460516776803,-5.58348258650425,-7.771389763856732,-6.986867234106892,-5.647889317107425,-11.770249397566095,-4.688818650330198,-13.15783645395808,-12.361372922464447,-19.73531332086287,-8.506037733186876,-11.46842570662723,-11.526687040931918
-10.317400428536777,-8.83589686942418,-4.784476515805896,-6.328958996882211,-8.154261256278321,-3.668755555030736,-12.311756306539326,-7.147653148682394,-14.301876663640533,-13.146099230873675,-20.7435216416544,-9.83498564711357,-11.530588543383896,-13.810629567523232
-7.505495341716914,-6.227904591104218,-3.829616550022351,-4.287592687772143,-7.765677319846553,-1.3107388632785322,-13.492816384937786,-10.932158451524892,-15.886274374513144,-13.427710863576422,-18.67217564347424,-10.632336796228778,-12.654692863780983,-14.162504745319204
-4.699425076395113,-2.0207259376117856,-2.8175055253417867,-1.793197533231602,-5.323488377145971,1.0966004631497572,-13.277344618677692,-13.10229916343108,-15.81776575541165,-12.515000330888244,-14.621966785309697,-10.670354601495312,-14.319239479097613,-12.010886162757972
-1.3584323018401605,4.808263040008867,-1.982981080441558,0.6454646049641326,-1.2578205217893377,3.581464649180802,-10.152173729424526,-11.672280137204783,-13.169662220646298,-10.697339851239091,-11.009809862813997,-10.142252548562809,-15.067307228684156,-8.443641269553456
1.662192450968059,7.211463087914218,-1.63492863773493,2.2960244187846754,3.074287303994588,5.332916956369946,-4.265465469503383,-6.954666295552208,-8.806734783577923,-8.631164654079697,-9.426415273942212,-9.164252155151368,-13.576591594462933,-5.233418148006063
3.921621484625295,4.769724582973434,-1.7638299989944493,2.7929780717437573,6.09464584746409,6.178331668233334,2.615061108605797,-1.121386801847546,-4.352616001914502,-6.34950836411479,-9.160211489706512,-7.255891773223794,-9.62183003015798,-3.1907475430112058
6.608286058342715,3.104452505426032,-1.7875485483549625,2.505336317291132,6.982447521136226,7.426863108765477,8.190574517764563,3.4713934216542555,-0.7200804679829993,-3.098349241610272,-7.78844056182059,-3.5723101829383843,-4.1183272752713975,-1.3840142699955005
9.3778591201694,0.6237414866344595,-0.8844142012704914,2.207294353397128,6.153567462982501,8.888448961268214,10.907473414558629,5.720734227014656,2.3169880133446306,1.6924111937082458,-3.332510128676539,2.0626896300901656,1.6600549842825387,1.928355930065916
9.96319425094642,0.6410888524764562,1.2256619996382303,2.3445119909379386,4.821238923776484,9.111734227622598,10.578537343150824,5.947758981867455,5.2711498540225,7.282005226120209,3.928498792354088,8.24046717884914,6.85709846479493,7.392897567853303
8.2479062856822,4.14848836249717,3.7605813802540986,2.655369120565844,4.010199661708818,8.19851519148787,8.130520512640967,5.028885068241852,7.91322045007999,11.624507588304157,11.510321287984905,12.268947534732868,11.138235719672114,13.44539352964512
7.510119880212304,5.816062964579332,5.233637699691794,2.550736144260412,3.877467792972322,6.38515520933514,4.889875332108268,3.530787895995953,9.238764864113811,12.745601285711649,16.457174563887392,11.824150003715282,14.280127058232754,17.170290425333114
7.368571550899798,6.517955579107663,4.559735041741838,1.8545171638601656,3.881977956747086,3.3378516195405465,1.9740400986887645,1.5976111830741822,8.448936464272322,10.354179831702908,17.21294254469037,6.778428864985344,15.946087489360089,16.571458639291386
7.491554071209569,6.464061447800343,2.045441766324,1.1238543246182182,3.536312070943428,2.0439638144065526,0.0592107673749318,-0.5872171691857346,5.894130206710965,6.231108334035231,14.259235392440829,-0.3501623123803838,16.01981549886951,12.349051374001714
8.5424092282849,4.723884357443706,-0.6208444790155454,1.198189364205657,2.953118218343576,2.6916446795373736,-0.5767789971989927,-2.4858010243479,3.0171895067867283,2.994546407451644,9.428166714355685,-5.862869268385694,15.069984415787356,7.603812990456307
7.418526728771721,4.334290493124832,-1.4984120133911176,2.4052666510221137,2.657246599875183,3.073879034091953,0.0273654396294666,-3.455860228584207,1.3581836764338675,2.253874378970845,4.783339220625766,-7.222243622868195,14.198033900600343,5.6177679147519
4.068215849002046,5.176312021558991,0.157617330980571,4.177805715567766,2.897932179820618,3.89410802310376,1.516283399791906,-3.2815555580651967,1.5300739475268197,3.632238677951115,1.851342630024693,-4.512805432831204,14.132255280652064,7.470671685245012
3.3843429931647777,5.517820276848012,3.249868649483332,5.431676935574838,3.2051308054288405,4.008571053051927,3.2129132568697454,-2.377780874730965,2.973734454379345,5.327485309766553,1.278710803999905,-0.0169245626547009,14.371137796738497,11.356974917866127
5.000558363538487,5.922426454991052,5.554847539412538,5.372524980003481,2.69728155127026,3.089802499182831,4.281487144754106,-1.4179224314890533,4.533483929111753,5.6192926814792745,2.6845532333819406,3.581753548671172,13.387771781902948,14.066305130858812
5.5810415804545865,4.786881078233321,5.33624175097537,4.070932788028564,0.8938796441326353,1.7364495594745986,4.128734507750499,-0.7458369244267278,5.277433814089783,4.099687263074403,4.775422076329628,4.898459651751853,9.987488849796147,13.401984950256647
5.944713554925839,1.7758629095894514,2.6611132063113025,2.3946603934008124,-1.747692770512943,-0.465368338475573,2.8537114382046376,-0.1565399055928189,4.982295639505326,1.7909145856203406,5.996453677280862,4.296447152842676,4.680956860405269,9.687099456154092
4.643803082689955,-0.0031392837337502,-0.6240657377188015,1.4085958980176816,-4.133242339304541,-1.2507374908461066,1.360639683409742,0.7560182541047027,4.105691753529408,0.2409976578628683,5.568549982389908,3.0742073229072098,-0.3137192099269672,5.319045729593892
1.0430113911144452,-0.8456746042055283,-2.314300932943804,1.703376314364741,-5.44482592918631,-0.4695786688004115,0.8738426323909367,2.0732243517452904,3.4210773531608094,0.3873359950795425,4.141536897708244,2.303931015311486,-2.671456029470253,2.841530072346925
0.7100404529249481,-1.2485788332583423,-1.5921003907851077,3.085065170636784,-5.827686266590812,1.4676116818575882,2.069383625386565,3.417402846293788,3.585216641118091,2.014844452088317,3.359250463842694,2.253982918504412,-1.843780032425836,3.044112938007803
3.4868800190719407,-0.5745959951802929,0.320185793617842,4.749623165181223,-6.190520332719197,5.22097868626198,4.473961478155089,4.348240553623406,4.825193171220534,4.089667259415133,4.543780904358072,2.611753318066137,0.4889418775988616,4.472563588588867
3.4056996776087054,-1.5697793657890446,1.1955576873509686,5.742722172623649,-7.282485587024043,6.0585627652066005,6.689156530180496,4.838528521127833,6.823123638105379,5.576892135732807,7.5773312663951,3.010696478682221,1.854297815056121,4.626202990448423
1.2959307850489377,-4.306410891447607,-0.2952783434062689,5.394359765928374,-8.905206456538158,3.761461580491948,7.3436978978900225,5.2701355111458845,8.80367083398785,6.045649268517543,10.94646528714252,3.266401228386771,1.0254882870279949,1.887039574810117
-3.329672136380703,-6.493178255705278,-3.4379602850795283,3.55169129744208,-10.000107666201584,1.5995440034871409,6.027455613368328,5.922855212247263,9.793913530012004,5.646592779411938,12.883594466281576,3.2072414517576093,-1.1645148288584752,-3.252904471809434
-11.73085992317236,-8.677058695611873,-6.102090069842701,0.630731266136638,-9.538070848979558,-1.5135267459371702,3.4706230274537138,6.5351083079617736,9.014618643603402,4.657605263398592,12.608032927589054,2.497334158805555,-2.8534237826355096,-8.524044914227524
-13.872439329689149,-8.514002530465637,-6.593127660821453,-2.4576471400943696,-7.411838443401386,-2.59821028818776,0.91404010612003,6.496554735291243,6.317990366234363,3.1771924738660817,10.688082747807222,0.8473361531190697,-2.915590656716087,-11.464997331410672
-9.538583599337,-5.4347648020616175,-5.06902419516311,-4.574626804308322,-4.57435219563847,-1.0594932427941233,-0.7105832093874893,5.54487712895133,2.479111898126934,1.316699688850945,8.385223753088322,-1.4944775214701842,-1.7919757688765894,-11.059435159153873
-5.208876890288241,-3.077253090443142,-3.2668448936976624,-4.890814221141776,-2.3700111134279664,-0.6354773257153934,-1.1499895647502336,4.219240528222796,-0.9293701757702242,-0.3784942426501634,6.654661321394017,-3.539382526858416,-0.7734195893068982,-8.241457316284784
1.3321064296752962,-0.8583666421574433,-2.8598470777282285,-3.495376380566502,-1.658732352261491,-0.5850841635609095,-0.664602596091616,3.5002269385182787,-2.221006880914875,-0.9110326760381338,5.596200247398143,-4.071516577561303,-0.6472749178265171,-4.99108775073073
3.5280743720004444,0.0348806086261106,-4.013015805503788,-1.5659308463597972,-2.3651187432880865,-0.9479582476121612,0.2821471141940188,3.91093638350344,-0.5887991874998004,0.4999560572311994,4.628587284731593,-2.6127569551768293,-1.0847565344360492,-2.8406048924313376
0.1585874902092852,-1.1822351235360922,-5.434647165866405,-0.7195689110219448,-3.61804161682388,-2.327565770642798,1.168619487702896,4.977826221176283,3.215756595169533,3.5519990914472235,3.0616385627002867,-0.0021339594634062,-1.23256032093588,-2.028386706758452
-1.0588146518986028,-1.152054547608654,-5.736144429777288,-1.8393529195850329,-4.2303714408035615,-3.31701923255728,1.483522727212688,5.642209261376991,7.10680081585899,6.679841372850333,0.5485566028039717,2.061285552567338,-0.7270958808599071,-1.89312558722734
-1.7644848303173022,-0.2829368447942759,-4.691678634871316,-4.298377968490269,-3.231628129398397,-4.092722218831431,0.9555860810529424,5.263524028332535,8.82091383484423,7.974804325335387,-2.8228858445542464,2.282867227111192,-0.0251195142180842,-1.930262217296088
-3.06484779080308,-1.0841156766985118,-3.2199399306662726,-6.347621345764518,-0.3334248923632694,-4.658089019673979,-0.1180995608822979,4.238050001256263,7.321939995560503,6.605567962769883,-6.657206842615869,0.8275844297368131,0.2357151640845609,-2.3267658206892747
-3.8988902168395807,-3.140254307960896,-2.274503092791372,-6.468937439744218,3.763038040329538,-4.746876175593652,-0.8468462409875448,3.617359570588635,3.4829140414140074,3.5553051167701453,-10.353019422894842,-0.7762526258611535,0.0854493544588939,-3.4116724736481663
-5.364978476791847,-5.484096986921829,-1.8996252705732,-4.5903152540992895,7.442208204561701,-4.481711901443601,-0.2937484359808247,4.0741533865607,-0.4928132845008761,0.9474849256380624,-13.175713955525405,-0.891129408270734,0.297573360649972,-4.734396909860642
-7.357107196486186,-8.502417786175851,-1.4124454157575554,-2.1263934335703008,8.838097743450739,-3.7324441713141225,1.7101901131484851,5.189226351634238,-2.5571396006785765,0.4246915078062576,-14.51151293653673,0.8191348051932952,1.5240738705525514,-5.033946339145388
-6.35003358293605,-7.330316762708417,-0.3924928751734464,-0.8274555728192343,6.924425340523894,-3.1583997751524,4.219461148269929,5.739034692031652,-2.1560168557368997,1.913452876014638,-14.325294722313153,3.0223405442865494,3.3545265500570016,-3.4250044294711195
-2.179984448252484,-1.396984044653376,0.714970700901369,-1.433809795335362,2.385486663918828,-2.775393067808793,5.771130403044144,4.7638902510491565,-0.4246481058039917,3.8257280638505646,-13.398571957102993,3.781509109042924,4.378175952203267,-0.604726232330262
-0.2426697570920687,2.8429324702173844,1.1146488858778874,-3.2091983767927834,-2.4626517663907226,-2.7156255941470384,5.571042205189267,2.508716890803374,0.9026508090003916,4.510089179635431,-12.848087264932952,2.2451312510250023,3.4218962809300555,1.4519238510523331
-0.0055358558612929,6.398556162396377,0.7458594684565467,-4.593889395694733,-4.880208838295404,-3.180833895000098,4.265598935969909,0.4156580931443425,0.9694393081621372,3.661387214841658,-13.082240991818969,-0.4368642710596875,0.8983877952839654,1.3463598102188683
0.3304697041286034,6.652073492599859,0.6685305380681044,-4.326582342233538,-3.365519237435965,-2.443846816133911,3.512107488838785,0.1112926966719474,0.4036948973984247,2.4491045215809644,-13.164426934334994,-1.8370138715893152,-1.1427477881619357,-0.1535040673651817
-0.2529744593768076,2.123774249664143,2.145567616190528,-2.199162110397572,1.3703201602653683,-0.479782186927612,4.57790053314293,2.1368916703975724,0.5298367674670166,2.3049922074065394,-11.480796764474665,-0.1632024119301558,-0.609260523465549,-0.6463297383418123
2.253660932661766,0.8214766779696292,5.209785375785114,0.9086339150039082,6.863829877532494,2.482238335706552,7.142077405220324,5.401946651971085,1.9307268877498045,3.529091769340612,-7.396274783490824,4.142806920520044,2.6487852936828986,1.4897224822967976
8.211855724317742,2.037016614301504,8.179624044875704,3.522514256416895,10.505599816070935,6.908420296850125,9.41194494642408,7.809833985332582,3.740318811938488,4.989031761454575,-2.367133032215121,8.483047045079172,6.313794901946658,5.17559677998181
8.506352572292139,1.9575015888850105,8.793143204725013,4.2445024508744975,11.118601980449975,7.949248734245565,9.537138961838515,7.616177457743504,4.36451619301168,5.117423651663176,0.7904011270745812,9.889904760739622,7.226527680567368,7.308821213659499
3.483842457743021,1.9665871128574373,6.093640657074712,2.386292918711388,9.360949158467912,5.308270276101749,7.099578994051745,4.53074025708891,2.923046509489958,3.221720139350891,0.0728555755604727,7.12768973714622,3.8994031201714874,5.571694646387049
-2.425630275145611,-1.0795825512454706,1.4098134050328284,-1.5833915419814772,6.78684589716964,2.133670717936636,3.3495270014640357,-0.1986280676842735,-0.0120339077046711,-0.0584819226404143,-4.007031204838823,1.4556538583222576,-2.237703438585986,0.6658107652390584
-11.110692963099318,-7.818454449622133,-2.487847980184457,-6.021674705274694,4.50780169970929,-2.7595648537819604,0.0175456510706562,-4.68134654755093,-3.0598167134585426,-3.401250058509648,-8.764042838810292,-4.4253375290705765,-7.9253415033966865,-4.222000258954292
-12.429322140984254,-9.102332703940386,-3.3892613214122957,-8.751743951122531,2.6365274193657298,-4.458976210830428,-2.128940137557993,-7.525359589223924,-5.301108865634217,-5.800738772748462,-11.394439088273288,-8.188970275822616,-10.494669256108216,-6.159836543263809
-5.155112442237434,-5.172131895536499,-1.1660263960083137,-8.221625865642352,0.8382971970813129,-2.264599161261504,-3.631796211171734,-8.444603629357726,-6.834920685027472,-7.021177334043777,-10.861670670785909,-8.950545807059346,-9.551207675794496,-4.742669390278751
0.0376410822466414,-0.3644668480041265,2.3508615831625628,-4.5242735514486245,-0.7993513655241182,-1.246552127862371,-5.3865440787776375,-8.087696319078137,-8.162975308803766,-7.3294140930951555,-8.105631663085049,-7.034987946272044,-6.71356501004953,-1.8885690420631835
5.510025194706561,7.275646512001901,4.882441233867093,0.5068670096439654,-1.61976638328236,-0.2029063849253864,-7.479535409971251,-7.412493838670474,-9.271807390119877,-7.02313724970488,-4.803148426615953,-3.201226846644963,-4.010982095109284,0.265487509282555
6.892853265101843,8.916189651011077,5.276363889904147,4.355024527139297,-1.1486251940540964,0.0042105822919482,-9.03182819435976,-7.097873679957934,-9.546812299066424,-6.264994862285841,-2.112287902481298,1.6436161512944834,-2.512723127652349,1.0812939848784922
2.1427658987008997,3.534538093929424,3.962790794182377,5.367094892715399,0.1345946614665827,-1.4196052128097076,-9.136969031500197,-7.278839377021866,-8.59260304562845,-5.218562261843002,-0.40474828429228,6.139171219181027,-2.147462908924099,1.2565333841592323
-0.4901030544005927,-1.2987743629465571,2.186298122351182,3.6886506235124,0.9758744716295172,-1.9065557405244271,-7.844190793826946,-7.63051874280127,-6.922439764641439,-4.152652296980124,0.2997129588447346,8.442906631577397,-2.373986508070812,1.4501570923347875
-2.4399256185635765,-7.777269048597857,0.8877588840614532,0.947917243188249,0.4422896815552675,-1.8321494258776825,-6.167345545182632,-7.693172449373556,-5.6262299384084535,-3.3488882590239037,0.0768831284208708,7.141448514634468,-2.774602349531103,1.4582217735078906
-3.1327464320071337,-8.424954868211273,0.192461445946789,-0.957942544909129,-1.1347730373379683,-1.6682241098962356,-5.163561331917678,-7.255795517554761,-5.340803466865546,-2.9695332504763616,-0.6965076381338591,2.555336622502716,-3.132743743233138,0.7263624537315314
-1.1053327809923448,-1.6450781789368216,-0.2648208652042858,-0.9876268916373664,-2.368576748854464,-0.9931823483902436,-5.043583525290813,-6.55154316399974,-5.683920279078511,-3.064768011585585,-1.2223194331604663,-2.940187653284945,-3.297873101651234,-0.696730805664797
0.8896356413467471,5.527595533807632,-0.7063163159230434,0.7403390315625176,-2.044304931179014,0.0854631117679078,-5.132169498910164,-6.07801758811972,-5.787645618911252,-3.6516215813638335,-0.7513782942145291,-6.304903778878551,-3.235354924061509,-2.0650749670843176
3.498508851651419,15.27752212621336,-0.932343922475475,3.391276710232753,-0.2042742481473531,1.6473617204158892,-4.583339205110431,-6.134736113067553,-5.30380365213964,-4.680138723039356,0.6817451410392295,-6.02671692708478,-3.165504072931376,-2.7984806573323198
4.160859727927173,17.72794335980427,-0.5847553156231944,5.990754664286592,1.9309978570702893,2.4127916939246687,-3.098691035564795,-6.4713496698306265,-4.723553566216342,-5.8953104942414445,2.120819289860373,-3.2464896296950023,-3.417222561414284,-3.148925111854316
2.2763085299684365,11.206639874940668,0.3967736744407213,7.685265533551247,3.08741605349881,2.2846669603872827,-1.077672719300336,-6.413816720738208,-4.659470934816524,-6.827203732057178,2.5129015784445823,-0.7503418656455896,-3.9950921497927823,-3.759636864858245
-0.0844518918986078,3.8326309110908894,1.5844255998774672,7.7798386241758495,3.0106376650841224,1.7366695007087891,0.7346389707988472,-5.416710490876234,-4.940827324423221,-7.049201069025227,1.8122428432367244,-0.6746726405026662,-4.4003320433160376,-4.637750139130348
-3.739768883646039,-7.184373560367515,2.285854545386232,5.894894644900479,2.5118520353494507,0.4065853397818663,1.6813636879403142,-3.555813159153125,-4.604811451241458,-6.514475828012975,1.2399131141738238,-2.939078515364171,-4.142651038905846,-4.920917700912848
-5.637973276998751,-11.325990879165383,1.972063437884036,2.3105044978072717,2.541605546869635,0.378469128503377,1.4539333241236196,-1.4958199290611538,-2.8737689207932684,-5.624233157420808,2.299250276291008,-5.692342409825434,-3.567773686947579,-3.961535658477803
-5.37798336324423,-6.898568511598183,0.6009081144848187,-1.8476930202887196,3.2399810503491127,1.7887664853392702,0.213241047192223,0.0406258567294686,-0.0972688914063788,-4.908735468767166,5.3782203159901565,-7.148544452154155,-4.001530619816046,-2.570989896933356
-6.9880498637418285,-3.742064921945735,-1.333627463285852,-4.952321577380277,3.8564909426002103,3.1405185065486387,-1.3822020157076351,0.8060053840622092,2.381569390308401,-4.573860935798664,9.269881715621068,-6.978793329120988,-6.665763752095022,-2.761352473723249
-9.834988853540882,0.9211534171900732,-3.0213677078912013,-5.686762566292051,3.5564362678730013,4.925866547101136,-2.363715329807936,1.0925079614168631,3.3872519262325853,-4.2840175989116425,12.154089639046306,-6.063837533433057,-11.11666396944838,-5.799139918236899
-10.596136871260594,2.6475650609205306,-3.723372966813196,-3.802864609091803,2.2982629583514056,5.348721920929172,-1.948290380867659,1.331143993669921,2.992529646755388,-3.3447033598838543,13.196428745998324,-5.162612333463249,-14.7811513972573,-10.396269121780804
-9.680784502892612,-0.120549157525709,-3.1646772585362903,-0.2692522092235938,0.9287676524631168,4.090922088158839,-0.1158223899447352,1.6568418682582142,2.456357464743673,-1.165183484599429,13.271144545562391,-4.08075548484636,-14.454250886978386,-13.13155687127853
-5.629482276853207,0.055280810538588,-1.7243866640168397,3.305406826068772,0.3949700410633214,3.3477562819502307,2.2114991080094377,1.839576926854953,3.050707274853956,2.248278588835571,14.082708304708738,-2.2114983572055325,-8.815641395272891,-11.157649686983808
2.4364771057461714,1.9326065907904648,-0.2577849125067466,5.563335761439239,0.8125767633775149,2.6821430973882614,3.666202129385708,1.5852891647755565,4.870630598762244,6.027550607887054,16.47656937904299,0.2905527856721144,0.1673387756751529,-4.847500515438854
6.6976814697659925,3.0718231013670256,0.4106270272715009,6.006970952764084,1.293419262221124,1.840437555927368,3.3268841674103222,0.8728415478883564,6.731535177560939,8.643607867930289,19.54335830961092,2.1874979259530263,8.340064594496424,2.1973388659153192
7.24131463489109,4.529795824199272,0.0264893817244034,5.002737779333307,0.7454156775182961,1.1489096479410097,1.3244313883234584,0.0159899575890603,7.23590131249607,8.671321434692555,21.409642293858024,2.237519582248697,12.215241508557863,5.985842810895001
6.894890415282704,3.639761832148519,-0.907778843740504,3.327274213941545,-1.065561938694029,-0.6862532348997943,-1.3282519242953523,-0.5642771740030041,6.017929875006024,5.828749327169057,21.013048372134502,0.622256483105391,11.272346034960275,5.322536048403498
3.844407311904977,-0.0120438641268743,-1.4671719867884692,1.686442245656706,-3.194881290794505,-3.7034555341466895,-3.533690380755017,-0.6251551453833029,4.04720447515189,1.5611890074094168,19.191758742235308,-0.8651335717849014,7.902630456858314,2.4811786181546656
3.045447700424882,-1.1716716834993683,-0.9514704433802514,0.522734827618871,-4.281274528437323,-4.677591196309644,-4.863601986188072,-0.2180437948226212,2.7641267919108587,-1.5347445984786925,18.007947815859175,-0.3018775220451444,5.276911304331613,0.8883572050699238
4.771305966258812,-0.2343475585132124,0.6066607157614254,0.0757680300701912,-3.714358439505,-3.646809184748376,-5.6635236425580535,0.403498870052243,2.862097146348986,-1.3831204342468348,18.823476604985004,2.4864215972324555,5.070618803887712,2.104580174195922
6.530717320202981,2.237312179286689,2.4400608277931144,0.4324265879760882,-2.140886731944763,-2.3702096949808733,-6.488760575392809,0.9553919560601684,3.769470322548409,1.909244255994575,20.79349473446425,5.456108937731671,6.774084878125848,4.863045210029437
9.530884334732365,7.415922835729309,3.561056581096185,1.4202738151995122,-0.873258009558191,-0.146982173417427,-7.422893145944089,1.237024146242519,4.187036673984235,5.829657726275935,21.14727205556698,5.889956843646853,8.696941233032945,6.77162501140262
9.793062927356898,8.825628236655701,3.426360464484806,2.5034959767977383,-0.7907917994306399,0.6294509958007777,-7.892157142190176,1.1639910851603514,3.1441026724875525,7.157689036427315,17.18018875453724,2.7428083095406897,9.444537976891986,6.749091080374153
6.909407742714572,6.292513285902623,2.272536435431592,2.9523098286676195,-1.7329316904776504,-0.3831699661027788,-7.122203652948172,0.7841308394125326,0.7372519429451199,4.463727536557974,8.485082721625634,-2.1963309123360237,8.698391955558904,5.81873408034537
3.4585440303399184,3.1644939840773154,0.878844447109115,2.3022908826835446,-2.820976320144159,-0.2065012977089322,-4.825724235637788,0.3108491446768673,-1.8908286040728308,-0.5821072245775589,-2.3302461124141045,-5.383334733950152,7.106476330172746,5.748983721917684
-1.5881571758773654,-2.077075135947971,-0.0532348302779031,0.7534163454386178,-3.259625990363181,0.631139176401936,-1.5422113200722487,0.1066620522064627,-3.208227619492937,-4.295795730543469,-11.148058818111355,-4.089423142093926,5.771207397179814,7.154659299875867
-1.792230635579647,-3.534202505141916,-0.4085410316455631,-0.8897288644517531,-2.8576288216664585,1.635601374250396,1.632326619423002,0.5235204950745207,-2.1803944891095206,-3.7437625616376256,-15.122460997050968,1.480507095279013,5.707355053465385,8.966120808392379
3.6275339961359,-0.5340541130507429,-0.6437491200071863,-1.7525742448082084,-1.9583140591807964,3.2750872828229967,3.6990147724564766,1.6351940708960804,1.0328402922941056,0.971938292858292,-14.697734287794534,8.149828642672816,7.292620419604859,9.586910408151724
8.12278701376723,1.2661372115250775,-1.2682110032352676,-1.471614345588056,-1.0702836717664903,4.058838924275099,4.317918319281761,3.070300034509386,4.951408376482137,6.740992379267022,-13.20412869546074,11.903085875243733,9.81609575909936,8.409684677016394
13.225235419756713,3.253720936720459,-2.271069129411724,-0.3535851272556627,-0.597468634838783,3.937413285118833,3.9262023164006017,4.157872760698492,7.454819452886958,9.751219216386255,-14.173541151602874,10.679895840580894,11.571929310905832,6.255780662457883
14.133163539120638,3.136226047388987,-3.0058812203359677,0.9509240388846004,-0.7385823237555675,3.217738626588897,3.382505763638307,4.356102001436428,7.049629217711111,8.218218119462406,-18.453875607062717,5.810822653982385,10.815748491229098,4.568580940305785
9.423488565164677,-0.0882990766907098,-2.671743998510692,1.9035532597167653,-1.3990890140810253,1.5062372881267374,3.3833840295359305,3.643895278851991,3.92364228871039,3.4373461897023128,-23.562666181244587,1.0346579684103696,7.115642407953399,4.328442049146744
6.905478201850303,-1.601622123028872,-1.0245024553736215,2.2884077032085406,-2.114989637945732,0.3091733819596383,3.998905939942306,2.5274742423802232,-0.1021969713051551,-1.4755164527107905,-25.926218450789836,-0.2069760713622175,1.9682443837831505,5.590922390016028
5.293767828075157,-2.0590009812367667,1.2682444391106342,2.1448604663390727,-2.215711792178181,-0.3589901498735171,4.603353375216814,1.6315597066402652,-2.843717696925852,-3.936835646008915,-24.09368879336612,2.768026425542134,-2.075560936334611,7.690470181115147
4.3000968278914815,-2.151442107662744,2.9705991295045706,1.6551274961244888,-1.3186769835330607,-0.9181353524624568,4.277232111016421,1.225506128778953,-3.286336034689223,-3.4512664153514354,-20.05496534378088,7.455982687689646,-3.2500767274216398,9.616939735918104
5.288584543817832,-1.0172283044420256,3.1275332601597405,1.11998669224689,0.1893600163110642,-0.9984755065649188,2.470781553492886,1.1006140216725275,-2.113554945644218,-1.397392832354479,-17.478073414306003,10.051774828451002,-1.8769218974835156,10.308242313635242
5.1827089950830505,-0.3800517667824693,1.7969723270583189,0.8820136948946611,1.2214872369157566,-2.7185235086109647,-0.4942061145725178,0.882959006808849,-0.8551522953085988,0.4023984213607599,-18.516194909324067,8.206967215410797,0.0014965159113392,9.011874167241167
4.3037495787478734,-0.1500008883294892,0.0567601525087606,1.046307642107951,0.748598719097922,-6.202649953068635,-3.457698513607854,0.4594706433207609,-0.5361080177499997,0.985205165809394,-22.09779953234637,2.627419801514717,0.3333054845421037,5.770286050834158
3.915528163572552,0.0852552281033496,-0.800073524104099,1.189140443322473,-1.2968007861793338,-6.764289939319697,-5.010667750348848,0.1097367823887033,-1.0599587090419575,0.5253734040994227,-25.08758916893806,-3.5782474508192936,-1.3767193258202322,1.6482840650600783
3.5304289141256864,-0.024824445381006,-0.2900365687660922,0.5013773703558118,-3.7765430122097055,-4.569712457280711,-4.255895775364319,0.2418179432862661,-1.6925382987196866,-0.2721021570744757,-24.96067782536195,-7.173783379394429,-3.912142710224472,-1.725975929286755
1.443471413843799,-1.1400403232278704,0.8766734500842501,-1.486994504163143,-5.070962287755119,-0.4980214194960132,-1.248129413896288,1.007076008007004,-1.910682459869008,-0.8860448174708768,-21.42217144695197,-6.926943860617013,-5.535622843820104,-3.142311330254779
-2.4293654222707053,-3.408339911213716,1.4371114728380938,-4.150314086986682,-4.240503020800059,6.5754308191292665,3.0972038553093806,2.1546765493794933,-1.7090497474205786,-1.203200359005526,-15.79549610553576,-4.088444768190077,-5.335556687101826,-2.551422792654336
-5.639082783030666,-4.579024234739912,0.7206547250126323,-5.857430994264014,-1.6880903638776976,8.505116128369929,7.446461862821561,3.232078378520169,-1.2603176638917295,-1.2670192116459522,-9.355107054930292,-1.0803827055810078,-3.629023933943242,-0.9542327888736172
-8.482600382430034,-4.706159127124477,-0.7519974488296397,-5.170607759133819,1.1892920614129463,4.8395828190403005,10.51973382849202,3.9144738597564954,-0.5685884748142396,-0.9805308968448152,-2.585829597043544,0.3842547068878098,-1.3708998435937776,0.3902474421930725
-9.826179539052216,-3.2568208858839847,-1.8153881526241729,-2.267470206018028,3.006186197128519,0.945082784541945,11.43159134460524,4.165494109373558,0.3947759192098794,-0.1231429146954066,4.072357573198353,0.2354133430553066,0.617779584283265,0.6902833073584509
-9.038810166735972,0.4180549595139725,-1.851542234106632,0.8094153604646172,3.18773967433688,-5.118510010966956,9.92872176907916,4.130667910939961,1.3302248157266194,1.3261295491409189,9.327108161732191,-0.5308395804950246,1.903470297748168,-0.2319218945612442
-8.589268648441799,1.8661187449428136,-1.43323419625888,1.5948939200637895,1.9907122740121344,-7.424731825056528,6.527160748200659,3.924259423655285,1.6448837959522749,2.889065429921808,11.510538945573725,-1.1566763280109464,2.255268862584656,-2.1828129733469246
-8.067161652047949,1.146389912218472,-1.7091443854808217,-0.757184840649194,-0.0477280601565797,-4.984350524480909,2.4096435960032565,3.542277127088412,1.0232404382007667,3.679199099432864,10.259480972755023,-1.807600864886328,1.5736845713311896,-4.7157473224541935
-6.869871627612629,-0.1852970772329342,-3.0935281640942867,-4.689624218331474,-2.542141470001062,-3.790957764338473,-1.0236245328540527,2.972787145581413,-0.0535919093144183,2.965167524428153,7.5818815913736355,-3.013698145276656,0.1562819724805386,-6.98917110632253
-5.365355906305542,-3.1552124545834164,-4.605677861598815,-7.550427983591865,-5.146487888784616,-2.3227687062116846,-2.7770769581834145,2.357830003362935,-0.5157688280630222,0.8546473496140186,6.810076423833155,-4.568614418130991,-1.1227461007328785,-7.783552924991
-3.7091076955343754,-3.702516078163345,-4.63787500776807,-7.864250126633777,-7.179829618225958,-1.7047536877596678,-2.639566343616399,2.001625226825223,0.3957690190267842,-1.505915935128484,10.0149118209567,-5.21470891296559,-1.2362430890585223,-6.08647858702076
-1.9389361051258929,-1.5550426198770189,-2.497277048823645,-6.455370599767767,-7.642643409825295,-2.8218923240142604,-1.0491514220909752,2.1742195090861163,2.3370972518738498,-2.569941232350118,16.16534383569688,-3.676398844089187,0.1200663352131972,-2.0046279178015407
-0.8093708382483318,0.3701549073405079,0.7842160508055043,-5.382589734364366,-5.867403587445338,-2.9003147245082523,1.3743043925543774,2.864809121694372,3.974800977513361,-1.5361614840255662,21.831755748545536,-0.1363425270216467,2.037620502551527,2.833794866251693
-0.4802190676062413,3.0208579819793067,3.237502163120871,-5.77375639925487,-2.2725265416921285,-2.4050521910133926,4.139303368176716,3.706054039609554,4.010920241948993,0.9080162300457316,23.93850649027356,3.4188298613919725,2.965637132730465,6.027419623584521
0.1649128326985637,3.92955458914965,3.6525142263486954,-6.706531301502979,1.6025484734084126,-1.9177456124639607,6.766218593567518,4.158213490838856,2.279804183367752,2.9842390703169226,22.170796916641144,4.615494195937293,2.015943334200347,5.982547839936737
0.93623116524126,2.5764105495452907,2.5786913397595743,-6.195089735245715,4.022687877464823,-1.0254723972472906,8.523574240286989,3.838942072492444,-0.0369281699972452,3.174212754729768,18.97312344128892,2.7710843589356293,-0.1583329407683908,3.1318190648195974
2.338164247049763,1.2436483513278844,1.6826225802309676,-3.223845629621196,4.256685200705279,-0.3589538092869528,8.562058183959671,2.781261150289507,-1.3043286524226567,1.439773201292898,17.282610110156973,-0.278559822322439,-1.8038482513574463,-0.297736645795708
4.620448141469096,-0.7794180620121427,2.118106372179874,1.213458607827131,3.0329253544538304,0.0677137486039578,6.5907842822529705,1.457910016648962,-0.7217412186981997,-0.7516224675077563,18.10173794985064,-1.5032971054836723,-1.515964291154301,-1.912989852508347
5.575258799729659,-1.294792891159083,3.509373706288277,5.01462427155302,1.8603780163533865,0.5581868446383513,3.514957534105043,0.547531665762538,1.0664268010499065,-1.6481362763829257,19.954571263813204,0.8870547660078363,0.5886383608860672,-0.902917319944204
5.250654701803176,0.1352274577325338,4.498910283748162,6.789441733324477,1.8196706857686615,0.9776103243188368,1.2139342373487816,0.5467450071973672,2.5485322018303287,-0.6379707866521391,20.421825315897102,5.962771385847972,3.01421033905028,1.524984035884981
5.303540289166878,2.406438014960312,4.231015065377671,6.791098846289842,2.8445130118174458,2.2686373741144656,1.3046815859745815,1.420289331668659,2.6146144096020705,1.3289715535776674,18.17095685505139,10.766291091217784,4.161572739432362,3.320851239212088
5.323545958892073,6.239181808107402,3.230526766625686,6.234477782710622,4.00317110981726,4.535983070233463,3.781210344405828,2.513075410335454,1.4249481119347944,2.6208588423991244,13.763328644196545,12.513011957590988,3.562296232259889,3.2823632495673136
4.589818374307574,6.898676149040516,2.796097823905216,5.953065373328171,4.398936450125552,5.360193036745826,6.7779278152039,2.859732056293737,0.1533799233435713,2.287230557448788,8.872857378742292,10.46335388424042,2.0474950271335626,1.7949988939483186
3.2614742073573444,4.018543141940021,3.5635050706976186,5.827083218472115,3.8677703238893058,4.810384508722984,7.852949023682745,1.7821230669109096,-0.1161766462215161,0.7501407054199176,4.913966902056787,6.108341496270497,0.8664967311314022,0.1442413517194394
0.1284857904551836,-0.0682668807126959,4.736844628725916,5.353393582761273,2.967147052729358,2.857640137312507,5.8114297280000535,-0.6137470789284294,0.6653884053455481,-0.6764644303976954,2.255369979826773,1.806732276434216,0.6309255530376908,-0.762478903352779
-5.064193458047114,-6.626662727396721,4.793113951971945,4.4537901896215,2.411291710380887,-1.1360064323924608,1.5225288717256926,-3.462486840341695,1.5198675618321835,-0.9450960798647888,0.3594228245926851,-0.8622886581996572,0.9204266394950664,-1.054489443017724
-7.302150628636553,-8.686069310520347,2.974197880702408,3.5460515237250587,2.499385568246552,-2.7329767694347256,-2.9398625703505497,-5.739122007338347,1.2960013025733446,-0.1237560550869161,-1.6018293486803294,-1.834351751353536,0.700166214024524,-1.518206844769372
-6.547084494460382,-5.612325762676003,0.0947749161802511,2.94824328293806,2.966634768186458,-1.845296307385534,-5.975819597475234,-6.966936883374798,-0.4335237530326901,0.7221798800640169,-4.167925473465886,-2.1086272208013974,-0.8848831009079012,-2.7626544229709693
-6.044079747261024,-2.8039569619983054,-2.11998372140083,2.502863627427581,3.2819260261748253,-0.5521461167938482,-7.420796451256239,-7.400897034128471,-3.125972749184416,0.4678284674288795,-7.217347397198926,-2.711577405508925,-3.8569343094789743,-4.737145069973597
-4.709322071189388,1.4437433027003057,-2.527337406601106,1.923047322967983,3.09273112279029,2.1990744253499197,-8.077216673672787,-7.515274339520086,-5.703084240060829,-1.095834426597912,-9.844369898714358,-3.9124521694296783,-7.216950813883107,-6.8570406387409175
-5.150236566774236,2.1460547885088013,-1.4957792279967277,1.33683555527845,2.469148827662092,3.172877616948805,-8.54528351876006,-7.337683771569322,-7.20328687369906,-3.0401418086649428,-10.695645809029717,-5.163160406942119,-9.367002432685396,-8.441819254141732
-7.926322751534511,-1.724242800013945,-0.4660756459263564,1.178747991557062,1.7909175055085484,2.0569097711150888,-8.651862689610088,-6.394188107990309,-7.238968721440761,-4.013126169812693,-8.892073334429622,-5.669246426874987,-9.080168829520955,-9.127894672681732
-9.131401937023943,-4.398560545383838,-0.6320227776351879,1.4235856539454292,1.4045917142343682,1.2164536856036663,-7.955701714074918,-4.423755342475852,-6.143375355159242,-3.313365596536098,-5.0611453605118815,-5.104019978463652,-6.545764806648675,-9.128366050447228
-9.36464744359462,-7.18995761184058,-1.9745960686988624,1.1499244025667623,1.3476078025828395,-0.1430705107248615,-6.583269879124431,-2.129626771054652,-4.815193144010276,-1.4395633535224324,-1.480727027774524,-3.9351628133712286,-3.650678308083002,-9.242054061753974
-10.2734176747136,-8.682275208540398,-3.460100707846106,-0.7531887948211069,1.3673092262641977,-1.0093930876693458,-5.361539444581643,-1.022611426454258,-4.2428330053332415,0.3314318857896263,-0.7464115140722392,-3.135153826510911,-2.92510277149211,-10.433719311961951
-11.29814021680842,-7.906431827307594,-4.115638728270376,-4.235528199259492,1.1936550322425117,-1.0818443109883225,-5.107190429092115,-2.2445447160975687,-4.838128947234182,0.9517343101967396,-3.705655734007333,-3.503258551352628,-5.632497284793108,-13.036315673734476
-13.214547694263006,-7.730952883793899,-3.951847542238265,-7.570091559758113,0.7896843363401707,-1.2850129415078473,-5.911758592513214,-5.380120562608126,-6.034516011559283,0.3052744561397569,-8.428901217742116,-5.113187922207185,-10.505655070650576,-16.13571016686781
-16.273378737626672,-7.561235706961388,-3.918258048227656,-8.52655548931562,0.3444151942804366,-1.29495717192083,-7.20988631259901,-8.479661399607414,-6.634705015760888,-0.9689155866980066,-11.432638708854077,-7.293166169943681,-14.43914497129986,-17.860663853668427
-16.102799412077623,-6.199738580334352,-4.968628644854676,-6.333756615207131,0.0550563991956292,-1.0621402173131482,-8.451230107825245,-9.46231501809268,-5.809796776713897,-2.251269621065954,-10.411471203610924,-9.110849575046808,-14.848515000090163,-16.645355746929702
-12.587850119326715,-3.9447941489370137,-7.074899814197466,-2.5142173940863177,-0.0329107675039321,-0.6424424843534404,-9.488130790282325,-7.718720641310726,-3.905588347599181,-3.456370774371699,-6.154530535516464,-9.934759849663411,-11.73701832579413,-12.544796700602342
-8.369296779345742,-1.5232437482576655,-9.048275943645518,0.3707168494009383,0.0406178028588055,-0.800385132827854,-10.192833379903544,-4.463623101202117,-2.181948927032584,-4.734403237666091,-1.83159701070764,-9.631216447661789,-7.53233475380517,-7.420569701495592
-2.437597375758899,1.183493000330532,-9.346641551532478,0.948613747408531,0.3083747038312388,-1.6177238145436723,-9.858856316840695,-1.548265935635835,-1.5697066768535015,-5.713879091953819,-0.2014415010538144,-8.338190922806692,-4.741408183310197,-3.7123847026692784
-0.3149601806443652,1.962519057749365,-7.260806259181098,0.0688336785982519,0.8651839995360937,-1.528103298593008,-7.367187965422658,0.0939407187797976,-1.606160547857563,-5.241712647018048,-1.3080414560976514,-6.173601379243283,-3.62913504060468,-2.769758314970088
-2.730087626392472,0.4359144904996399,-3.5840974523995257,-0.3714081578605059,1.656560101669471,-0.6341229470233425,-2.3049180479265163,0.9070668452889028,-0.7253369063079356,-2.181853496462936,-2.8143309817004294,-3.2801868344051845,-2.2251558563751392,-4.095247516125578
-4.567695044316622,-1.098191065182653,-0.2556117092906642,0.4227570127610237,2.3453598969454137,1.4525142118296028,3.987838773355477,1.7830097093419357,2.167581903132602,3.25869815032871,-2.561289689830081,-0.1967875567595343,1.3074147260693785,-5.991246469501743
-7.220702153839236,-3.234571828862485,0.8065553902059818,1.2571256439602596,2.508388186756571,5.149231021338464,8.72849725593207,2.8520325805062265,6.255724223476925,8.939200808229764,-0.7512830776800341,1.928409680496289,6.346160177151708,-6.891301712953135
-7.59356800509137,-4.464678940064615,-1.0736213545912283,0.2595050466850968,2.0325508344088217,5.960725714542126,9.491957199790718,3.2999201104083005,8.982232976991373,11.747211558302183,0.4028364790858472,1.784569776935185,9.980258908499346,-6.245481403694927
-4.7595707028170064,-4.34467249051891,-4.837470641517537,-2.9672930791937864,1.2867133197096652,3.766649354806379,6.116347883734748,2.3518513946072703,7.913053247831428,9.600657461166117,-0.927299529753757,-1.09518882189482,9.60639790769727,-4.455931524229903
-2.8843556705619093,-3.4577992106881994,-8.254723516090932,-6.6029973089724665,0.828044908186682,1.3369036446016622,0.9968627636978288,0.2984680202677244,2.7913490600072954,2.959320560693492,-4.33814625496705,-5.584408333504992,5.350087823689951,-2.245834300409272
-1.0632053133281256,-1.2148135595851457,-9.225322042417854,-8.09669649780442,0.8930267722621257,-2.354829318189608,-2.638667636980566,-1.5825439902337424,-3.9794568961440975,-5.394032827906239,-7.819342301930085,-9.348158548245332,-0.1252328289975088,-0.1430763140053841
0.9301134470930884,-0.1951040912819882,-7.036796261908078,-6.432981562270525,1.1677007002508948,-3.3162014745425794,-3.081727391213333,-2.154833561467949,-8.8821417058146,-12.13954766966826,-10.060259222252858,-10.365724296848075,-4.135769445393626,1.616526277170002
2.5080623880449955,-0.4714262884006061,-2.7847163591951203,-2.9693195797482126,1.0367102810817324,-0.9495439369849752,-1.157631779305841,-1.428672114985248,-9.633577212850234,-15.354447305731256,-11.8146903827372,-8.462401936124929,-6.149275989926671,2.9421952504569844
4.8496148697902814,-1.7608956482968017,1.3375865250148038,-0.1204515212969865,0.0266796678923715,0.309914421176037,0.8506123792992124,-0.4109558588312521,-6.5169556345517705,-15.182289419479217,-14.756171393844037,-5.467457408529473,-7.453066030709676,3.778940793985157
7.84616068921283,-4.772909730919198,3.437459020141172,0.7050906299532755,-1.9594988053662683,1.4201020472016987,1.2676625571590838,0.0049686377644466,-1.8137301099411949,-13.013684443854192,-19.05915644970281,-3.682800112109863,-8.969570707417365,4.1108234634482095
10.184976531884212,-4.088786402945952,3.083784038141641,-0.0670714200842388,-4.6798412544772745,1.9003265182913096,0.2278824284536784,-0.0758093641839801,2.002338215665868,-10.158296573479229,-22.430950576575203,-3.89302645463704,-9.84485172805608,4.00166924654331
11.972950647147956,0.5207034636381433,1.4623614662907145,-1.125963364608003,-7.609619160090995,1.0298145243502828,-0.8604619334141719,0.1993898083057133,3.818690494964729,-7.150180131048992,-21.843795853400227,-4.678422113890052,-8.42176594380149,3.651834897589136
13.805675645208677,4.172742558591162,0.4732496010913122,-1.7172996891588896,-9.898182397506908,0.7420725006886918,-0.8144950327621094,1.3532120589841854,4.150080178648643,-3.984830117883515,-16.33694606933559,-3.68585153167564,-4.400893672685532,3.508683072132979
15.431894613221644,7.984055933738237,1.4522040749016856,-2.005833418593613,-10.482549901695773,0.7341557528558131,0.3559911810464842,2.8531099607182124,4.2529064643072,-0.7066253098547355,-8.05895962422832,0.2664845584590236,0.4080075007602604,4.351357526885885
17.26217210730491,10.214124585570747,4.394967603803262,-2.18087271613691,-8.629972787341543,0.6241072431445247,1.7497599263088204,3.5394147768719044,5.037593870525652,2.340962358341034,-0.4770089756851359,6.138319559404295,3.7585420633221744,7.107413218037279
19.3675888683467,9.96046412026048,8.114505535284852,-1.5725871963443177,-4.653319119594067,0.7094803565658201,2.5852121635734413,2.7997276059607987,6.597713407087552,4.733904321289013,4.477324563121921,11.562483884615302,5.3057705909375725,12.26405126417265
21.470586048294585,13.90374011354046,11.076668238061568,1.0176481539508224,-0.0630729027186243,1.9634985904062388,2.8439519898730103,1.301053828431774,8.434138679357574,6.2897391747148905,7.571967956022165,14.782963636086798,7.001168766783188,19.15986322970081
23.686835972342745,21.779630880072247,12.271223142617746,5.978644503382612,3.2845303842115285,4.534877430088398,3.0613984832680194,0.5160151221135771,9.904566387767224,7.157693178498241,10.804366322255657,15.85491417947329,10.967848330429604,25.797997177246863
23.154898268427026,23.752554099366805,11.596295672018783,11.925174321146176,4.5055550480429565,4.938949987952659,3.679927698007983,1.4575585272071154,10.498302244432782,7.67611870635503,14.980851182186369,16.130724464605244,16.98641976697285,29.630488426769272
19.571561484273037,20.49335252273871,9.668975220537202,16.208445582188908,4.264958489016522,3.1887574813466983,4.644654518343969,3.787651056797679,9.94361429819416,8.179384196386257,18.80541289636673,16.694000776002202,22.199363554750956,29.017446715492504
14.884663735362874,13.94433461819933,7.358445693741125,16.612413190651054,3.927111094907489,-0.486938727715873,5.485900703450083,6.087418204219459,8.33240523116153,8.84576365665464,20.23868304507489,17.302419428355396,23.42345206631321,24.369141412459896
8.323780616506971,1.9146734614126169,5.415187470956258,12.875215361327063,3.991405328645465,-7.028582624808781,5.638632695964837,7.003188129042266,6.231047988993089,9.590381528238073,18.60012193480352,16.80036319860864,19.89747454845316,18.03614975804444
5.941089922705533,-1.7320366951397734,4.3512232134131095,6.873349003133409,3.405312369024135,-9.211005730734064,4.704292457177181,6.254494599558107,4.52850057640019,10.077632125095422,15.31847250307974,14.531806859186336,13.957102937209664,12.916117934350575
8.453032299238417,3.7578373202639455,4.441929455077185,1.4344245313295798,0.6459425171512474,-6.762055616514968,2.617200974206639,4.718745530678855,3.944570131537476,9.967178105588603,12.751345570468036,11.36268424620415,9.18512734920414,10.769401949900596
10.522415449335387,7.852554342408014,5.639499961870506,-1.2832367990376463,-4.317357732295088,-3.9486473231947135,-0.2230295481373674,3.6531445432349376,4.538983473118062,9.290686318344385,12.371371913236588,9.29148028986415,7.838055774282354,11.451161850316868
13.672105170093502,13.689112449848489,7.395015074325192,-0.796745600657307,-9.176046354274131,0.9303370937272136,-2.952243232040537,3.759273345191791,5.686066156480396,8.571553359328892,13.973548476693765,9.885064952695451,9.670467402362132,13.458131549261896
13.457448304693626,14.3064520283997,8.660729607217753,1.756760835761572,-10.71035769484143,2.453099577862615,-4.558642340637438,4.761970792290432,6.565200082409177,8.38811195938834,16.282136759999624,12.821989374964788,12.681579773696583,15.10655071636122
8.824107987834838,7.855228517249133,8.334312685278014,4.487501943549308,-7.48041447878355,-0.1535851784502824,-4.464622298163157,5.670084380764029,6.691572212558264,8.648730783541055,17.969969795092034,15.796541108530809,14.6440726695144,15.314577980369798
4.595686284688034,2.891248290683167,6.005041458951098,5.821716902055936,-1.3591249447716018,-1.2419273633218109,-2.968863939999986,5.426902395055295,5.997933762181574,8.33754156034568,18.069082662725293,15.976256881895845,14.10444043217028,13.611397423332868
-0.5103590488822802,-2.5694829003313453,2.425164000882989,5.196203656458164,3.668168702656864,-2.115426748486513,-1.115977745616363,3.5350203608011634,4.523674129702936,6.237210018582442,15.82914483401914,11.973214687256531,10.609297711047663,9.859667620734449
-4.154717679532432,-6.298557607291573,-0.8266529963579832,3.0896158456815237,4.556203267982337,-2.143586288575705,0.0107742485197688,0.3596109999143477,2.2256528302230976,2.17661692969074,10.823199672219658,4.859545362137496,4.727916999036332,4.318003415410101
-5.522420598904116,-6.881291838531118,-2.3991879987403566,0.4820003881402455,1.4794089603914822,-0.4549705655394385,0.0516863963213136,-3.017679177293637,-0.7826507336628605,-2.3844151062135,3.592236691582237,-2.528626558945635,-1.875036834940701,-2.01114729520512
-7.0354345185701,-7.348361758488454,-2.159089018873691,-1.8539033056404917,-2.609987392845778,-0.1677640513886685,-0.4395652211112777,-5.35593074551976,-3.898343328101257,-5.235957663029309,-3.941763935917926,-7.46342242459628,-6.819928895440176,-7.42065416137442
-7.880522120528459,-6.670549417017717,-1.2713589732425374,-3.747136142988661,-4.610044521400449,-0.988876001516882,-0.5484425379543966,-5.969031849551137,-6.1950044552624,-5.21654279564962,-9.220545363762746,-8.98365331424133,-8.260788196784342,-10.335114421374936
-7.525555654507093,-5.648284695360231,-1.229980233515716,-5.461048214539726,-3.637498053101312,-0.8469543905281707,0.174720502392772,-5.163528967936298,-7.137385360256434,-3.329963954285946,-10.712850049293753,-8.182528977334503,-6.321708716840968,-10.41759118063774
-6.094389600121811,-4.562702702637504,-2.5946402197742264,-7.130075461635647,-1.1378569174020663,-0.1969313392475296,1.3403077374849954,-4.035155442143624,-7.133126027789984,-1.989996934326936,-9.02974169173504,-7.056448009499893,-3.2723200962870798,-8.88467407255363
-4.206275653020821,-3.866119075813317,-4.474721140910356,-8.286310938649843,1.0049358956957524,0.9618967949265778,2.132073183577908,-3.666876859883475,-7.181668849989356,-2.87207817911242,-6.274844603004756,-6.906041277484234,-1.8116324536372463,-7.557943371289157
-1.808796490033998,-3.942796868979596,-5.2129322867676375,-7.942041382402594,2.308057808752593,2.9651237756979203,2.1279889919843784,-4.272145097330743,-7.778329704536373,-5.255682745719302,-4.104870739829182,-7.50603497731764,-2.721447210969832,-7.393755315936914
-0.7041522492744555,-3.3980045674046195,-3.741682557041045,-5.306611944550166,3.754094833619262,3.386779728717496,1.7529441377937207,-4.973209185911892,-8.148592578246582,-6.454409989414144,-2.3618133143090745,-7.561092103706226,-4.116701326769756,-7.81587584446006
-1.2274939567774847,-2.4472515473089835,-0.531394007451979,-0.6749226924106697,6.284084074387398,2.147826775906825,1.901789782269804,-4.468298814246355,-6.755715989873887,-4.093954083402861,0.3465603260476815,-5.958356893422225,-3.2454951466273894,-7.468127430091394
-1.1821766079878442,-0.7933122162060487,2.6309790696158077,4.269155032922477,9.43063059279062,1.2830691093252804,3.0591232294988915,-2.1178939333310574,-2.8241839488261986,1.709063457480669,4.700762099393663,-2.794386563428245,0.6895821368960808,-5.669415497699811
-1.036774199478475,1.8453696229604943,3.8715588958345775,7.2081619678155455,11.485019806145647,0.2912558627395399,4.758101708902133,1.4211301578381437,2.48658581841483,8.179910275088185,9.353063795346992,0.5682211853459811,5.383650630497009,-3.2108209520131843
-2.904081842390404,1.5244492401738243,2.5141177456881163,6.676818479453692,10.964514449289483,0.6075492891685548,5.944411878239956,4.567716958936842,6.481901724051465,11.872690375010457,11.630632888405136,2.372325083928903,7.173646354488948,-1.778635380282136
-6.667556754335654,-1.927961538911035,-0.5514336551093619,3.2046711820810785,7.914785369047415,2.661398775641168,5.948068586914592,5.936436477530213,6.774414912140535,11.098172935404705,9.66180896734772,1.5680711493855348,4.142479382996385,-2.5561772445835187
-10.190276881836915,-4.496899738480732,-3.632715602333749,-0.9122735440655464,3.869835745057332,3.8835463211106074,5.146839147497378,5.3188065006977165,3.1141340271579625,6.821090536040367,3.9711724499513177,-1.6177610176619202,-2.2495069632415645,-5.2500264682146325
-13.80050838758521,-6.961498492835344,-5.44772621685173,-3.2211200629037924,0.6238310063894226,4.634306848527027,4.652187655540177,3.746918137204288,-2.315663905083121,1.5258527356635296,-2.8645674330483413,-5.920082943703344,-8.424427398465143,-8.338631657171472
-14.93667100296894,-7.385379951648168,-5.819448431537453,-2.890971761640224,-1.0180930013112857,4.590255337846393,5.270232374616699,2.620798866529646,-6.404305877673524,-2.718798417590064,-8.122211374173386,-9.777631870435313,-11.57892315476557,-10.268887617869613
-12.91704774793257,-4.894359655855118,-5.422122757808206,-1.1744235976119106,-1.5009215331629822,3.2220735889876235,6.702044022482182,2.642522149461328,-7.229722890078476,-5.3376703233724125,-10.734693751859536,-12.049830147616255,-11.603919702028389,-10.588462102682346
-13.452073801790943,-4.82007245808969,-4.987626647629176,-0.1494294737660295,-1.7778788280758484,2.282041076829752,7.756379551717869,3.414368395089617,-5.164667503577724,-6.874483111972102,-11.602418134147236,-12.375594603378344,-10.547447002220316,-10.13758191284196
-16.036700977172547,-6.704965541538032,-4.749060838367392,-0.8858534679427983,-2.3685521815158,1.574412562799565,7.4047655248146675,3.954188337343375,-2.251181943089903,-7.932782806873977,-12.40328378554274,-11.159897465192657,-10.446560592146705,-10.212374452543465
-16.13105789119568,-7.381038221627945,-4.522393942235468,-2.700004619816041,-3.019709609973536,0.8913005938129519,5.700380330550606,3.59545406920566,-0.5169442374356252,-8.578483397089064,-14.066821670041804,-9.310766389904536,-11.639384621359197,-11.394042449010836
-14.551565692434108,-7.7178123128173475,-4.155424494843911,-4.093146081380967,-3.119297824013788,0.5672453035542995,3.679330026824364,2.4641059907144074,-0.6391443373085235,-8.597066389453722,-16.14365497552554,-7.816178444032205,-12.922577269664927,-12.972183718893492
-10.370869353252532,-6.78358945287371,-3.786688966306478,-4.327701907148508,-2.3759775764184647,0.3712495777692071,2.311954256277477,1.1742413734778312,-1.8960084875664127,-8.056349938339412,-17.39579796368942,-7.260706813787412,-13.07921389425636,-13.442128072321545
-2.6614116855782357,-4.067967965823549,-3.674543540705322,-4.033258775225605,-1.1549204088974283,0.4029701345008378,1.5022255740737973,0.1341859650300301,-3.175915065548747,-7.439945437269307,-16.915421496543626,-7.510785904612848,-12.142686106321191,-11.740504523544288
-0.1701428317560503,-3.795542323846542,-3.8625677306767416,-4.318658425472171,-0.2386258429234908,0.2297250392170557,0.1481765457679573,-0.7977025649507338,-3.984795556256601,-7.225318253585705,-14.775066006838893,-7.832709897996924,-11.227778457945131,-8.271343615059031
-3.045596944359139,-5.888494743448788,-4.099352847257759,-5.452244481764189,-0.2629983804480473,-0.1856449880208514,-2.7083636915908644,-1.9584191662620332,-4.588005925134789,-7.420174623394063,-11.778209923016233,-7.444301064196667,-11.240309618427904,-4.8533024561669365
-5.380901231450549,-7.399776980850302,-4.103672562153943,-6.576387142655939,-1.2837479145791475,-1.491340031574386,-6.715269049892044,-3.231309038552577,-5.364242257752994,-7.574913179879323,-8.729789995650961,-6.105944304200077,-11.832707414192068,-3.5160693844018818
-9.06567761034627,-9.14417779910257,-3.864312233982527,-6.728999874459472,-2.7608463720722054,-3.892158386963998,-10.223441436526684,-3.870248939822402,-6.191199178146707,-7.243104671252717,-5.986844931186905,-4.253634007652221,-11.650137351711908,-5.026791652170788
-9.94555778397251,-8.543194122237143,-3.615100534902103,-5.961894280898908,-3.913653447418554,-5.366092302167825,-11.602993161817812,-3.119787931194107,-6.527296393295156,-6.401119835708348,-3.607676756160728,-2.5725418811134526,-9.595150111763605,-8.324426259924245
-7.019204189606154,-4.965197183449529,-3.488941021376743,-5.228648419436773,-4.171963364045444,-6.005498803322437,-10.684160227862904,-1.0965917059128387,-6.032380289493691,-5.424877339915227,-1.731569591754898,-1.440384457307375,-5.845617084121869,-11.345569346381982
-6.034754700116931,-1.836135628559316,-3.2360919908684704,-5.118907339263787,-3.4549363019664074,-6.18565110820904,-8.929371426422154,0.9962204355381692,-4.987091163956779,-4.703745452661725,-0.6568475572624095,-0.7716925811606878,-1.6633919017310683,-12.556181924743768
-5.933422230996983,1.5379881082517173,-2.38257629402278,-4.9144666527468175,-2.164995927258813,-5.439622407758796,-8.115054878086923,1.6946545357858849,-4.03076659632438,-4.308744457208526,-0.5620640874122458,-0.3376189077094427,1.7115932577144766,-11.88874750687392
-4.229183767312615,3.601227674283519,-0.7679802223562504,-3.2135229478205947,-0.9388273492307404,-4.991565300184613,-8.746802581421608,0.4837079883722937,-3.5191709953824235,-4.014466163288004,-1.2875534451801798,-0.1169312781386144,3.8995939460011657,-10.320738137133972
-1.6299324731346512,3.656506677243459,1.052121346560651,0.3531242949612121,-0.2854136227476392,-4.810780799170485,-9.695961186732728,-1.731722592696059,-3.222412101079146,-3.5838261891712966,-2.450555633707417,-0.2371623056490239,5.176045606865957,-8.5849808300715
2.14687860940808,3.255531755979846,2.046478860942507,4.176548251163746,-0.2844102201563661,-4.285490187338912,-9.34994416145308,-3.3906386823467694,-2.686808199424537,-2.992603164300232,-3.6491108838816047,-0.5845640775849095,5.659688761583363,-6.311465181072986
7.473216719741701,1.7555713969512003,1.5377309649717472,5.783016978511658,-0.5326776611061197,-3.657397869065546,-7.134103122946307,-3.613968811143768,-1.8390465235566795,-2.391339905950082,-4.390479536307659,-0.6047401863498809,4.982938931861956,-2.4813909128356304
9.18799790834842,0.1191491741201851,-0.0705738710188539,4.169111599693329,-0.4378818384785128,-3.4958337089333145,-4.013945800122292,-2.9025156268074515,-1.152386259204235,-1.9022947107284631,-3.902648445900908,0.3384505707724443,2.88719570256548,3.210496928939822
7.018887108991846,-1.5176784419439138,-1.428038947942483,1.0248287631920183,0.2730278911017287,-3.824091543712498,-1.6664643500869976,-2.585677613215041,-1.188684750596194,-1.4938573246582885,-1.4200422642818982,2.284659235455111,0.0065295262575535,9.411284470647717
5.637038150226046,-0.8892254195737512,-1.2935221797098295,-0.6347571342602327,1.2020649418754314,-3.847422435038456,-1.2117947123304986,-3.572929313463353,-2.002198177428082,-1.0510815588234363,2.9174959593590843,4.334346522424939,-2.231084646030169,13.58756099514306
3.936149517754333,2.555964930657216,0.322471176274246,0.6432002702031037,1.4475326196066525,-3.668256433769168,-2.566955046378417,-5.551085250747951,-3.016904427764229,-0.5326183781905236,7.410433699943031,5.073331434481735,-2.706980900876652,13.656572020777118
2.7980347110371877,3.930895969511658,1.994822116108696,3.135329459827432,0.2801971152140665,-3.2229983264576885,-4.702343281728006,-7.276517483255015,-3.477629430411779,-0.0217479515715997,9.51012818669042,3.535744545383314,-1.6501051405964509,9.48005430770032
2.9813308594345145,3.689372784684621,1.983489054834095,3.3871771622156968,-2.1652300601294847,-2.3414787240689647,-6.343904877756883,-7.599303162367888,-3.0210228198351903,0.389584198488615,7.84453835469546,-0.0143632935199971,-0.4666347185991988,3.064840593423863
0.4784027286556908,-0.4903431139125158,-0.2724354355756215,-0.4355192647025587,-4.80906520584128,-1.731014658021435,-6.618360658436847,-6.296731679028653,-1.865926434633959,0.7479063776091861,3.907017881046558,-4.097938983004779,-0.4059105731420942,-2.5985111437000947
-4.493919434337105,-9.93499780811757,-3.573993870635472,-6.447297213328137,-6.338423354781733,-1.3542164692273075,-5.464895256756495,-4.11233626907479,-0.5460235401689486,1.22979789354906,1.5404489527435814,-6.851314933376584,-1.3258916597826058,-5.12381312221046
-4.772925481300712,-12.061697667217055,-5.840403127501752,-10.337402575084262,-6.184208699463375,-0.3439116562379735,-3.726530525077309,-2.1452004924533137,0.5027942794402884,1.945428956103692,4.1305799914664245,-7.088824509565271,-1.773018777608855,-3.699862646192937
-0.5878694374104326,-6.96287299590555,-5.687891041846745,-9.01096462072296,-4.915406654335401,1.2197425401924138,-2.708232645160308,-1.1657525262423645,1.1753300837122462,2.7410712418773797,11.675914544567332,-4.864664515580074,-0.3146160266773687,0.9254057892642916
5.35592064336488,-0.3348467467394939,-3.3304428377579525,-3.244687355935,-3.6506396479724574,2.220305849639137,-3.189368309885708,-1.2809467923694406,1.6811969831941718,3.250735325929357,20.356592308543075,-1.1936610741524274,3.1503554046334683,7.103480923256081
14.670030999159456,10.654767788456772,-0.0878478730127407,3.0895253177571687,-2.97769923169152,2.742311081146673,-4.508928323383048,-1.9752189190288063,2.3948643600807964,3.2405238049501137,25.216727830607446,2.770446612078377,7.314858768428126,13.043314041732494
17.616099741340015,14.04924802979486,2.8993109585223964,6.447028013967893,-2.386735221548702,2.7771779593380925,-4.690680601816943,-2.365631258282052,3.658586289803592,2.967587191431712,23.8461864247522,6.412896669603095,10.600492757373754,17.360393970867214
13.340856414703278,8.629862757694614,5.454141845138335,6.444044269672655,-0.8142298378514712,2.05512355971747,-1.9034407538184568,-1.589366575559748,5.54485432158627,3.1476411288269666,18.02315990857324,9.67437550755664,12.338380684780269,19.35452008996068
9.727065571007463,6.508034118164172,7.950348915151125,5.553880330459176,2.141448001091037,3.1384710374337006,3.76217131272913,0.701923182217976,7.639892030182542,4.393557815450194,12.042121726318888,12.502404739009084,12.890759146385369,19.01345692136298
4.439693403718112,5.008940461706166,10.27583637283552,6.203344676700233,5.484104773310784,6.138577753847418,9.845220934675876,3.9380155447903338,9.0524515294592,6.50006731266561,9.297796908209548,14.36310320647686,12.76286142250417,16.764623098665226
2.4771844949375965,5.131618889819863,11.408085466174782,8.248580570625052,7.376484142013931,7.60679489164013,13.090759317264164,6.703746174122406,8.835979036585487,8.251212443057867,10.056280732085256,14.395300244365991,11.789003552850527,13.141406403572589
5.196010251478823,8.79740646722427,10.201846743360688,9.277290272144832,6.638081535691967,7.95858355953358,11.91888441633244,7.5019424682288225,6.704807194536606,8.134096538151299,12.07051337828021,12.174526300663748,9.335446936113843,8.642813733156991
6.274451093599664,8.34314574766568,6.6845634783153525,7.312109588467417,3.890277318531302,6.104791357562547,7.695970185423352,5.839385866628727,3.5371410087221093,5.582854567092118,13.065384901099728,8.40268031724841,5.310018079797739,3.892893492114753
7.131272168641037,4.233281500778176,2.513391998496231,3.1393815284639586,1.2547801231847897,1.2072258842245394,3.667941059765125,2.786394950244138,1.104702385252248,1.7624492942257266,12.602356677294251,4.77900867140351,0.8242864889810075,-0.1803356698023233
6.603139595518454,2.650906886605903,-0.0378504615768795,-0.090616827958553,0.7544597082529263,0.0457879253370447,2.4658566134290454,0.3842970506672736,0.9804730802756484,-0.92902808818891,11.76206390101325,2.9596453900418185,-2.351451994376676,-2.5677230289280377
3.667145320282236,2.434406845038582,0.2235506371080768,0.3389134420769517,2.74808572366189,2.5536415477310936,4.321249803493871,0.1938298101298263,3.336138180782621,-0.4917619113379672,11.40577551185718,3.360803768859621,-3.1460895515295317,-2.8203919559912443
0.9284548213606924,3.137534762533711,2.52996945211382,4.157151836310968,5.748257695814597,5.734997750942661,7.384830266409734,2.117390414094648,6.654347706272923,3.08795055617719,11.129124378449344,4.8377638803624485,-2.0474318056850542,-1.525400061526991
-2.1895022579392927,5.809028327582571,4.87952139504874,8.193031884922746,7.760476528331536,11.108178290606048,9.586337910387837,4.522362945138585,8.786872346508048,7.631719021077482,10.058482788083246,5.639691852278309,-0.5790315603117886,0.0235750606236884
-3.539878656404821,6.889335512275186,5.679494202313079,9.03944444922762,7.925567809365074,12.101569339064806,10.199070100651944,5.602759034434583,8.637053073254382,10.28253578350866,8.437617347933354,4.939213446228575,0.1174477264974989,0.8462132248585892
